0 0.9711572360319269 0.8515047662485746 0.95590848004561 0.8180170672748005 0.8852199578107184 0.8493456841505131 0.902498448118586 0.8800889042189282 0.9711572360319269 0.8515047662485746
0 0.7308728175598632 0.9376623295324972 0.7253014310148233 0.9740935074116305 0.774189984036488 0.9807516374002281 0.7822632805017103 0.9463619087799315 0.7308728175598632 0.9376623295324972
0 0.6938582736602052 0.836176677309008 0.6879601539338654 0.855904882554162 0.7337056385404789 0.8712204572405929 0.7428805952109465 0.8446941664766249 0.6938582736602052 0.836176677309008
0 0.8167942633979476 0.4801395518814139 0.8408051117445838 0.5054629737742303 0.8790041368301026 0.48439174344355757 0.8499299007981755 0.4556483797035348 0.8167942633979476 0.4801395518814139
0 0.9583871094640821 0.44906035347776513 0.9465100057012543 0.4349229612314709 0.9083048700114026 0.4662828095781072 0.9185610159635119 0.48189861573546183 0.9583871094640821 0.44906035347776513
0 0.9874553329532497 0.4914974891676169 0.9605173990877992 0.4587736077537058 0.9422867662485747 0.4764002143671608 0.9635826989737741 0.5054872748004561 0.9874553329532497 0.4914974891676169
0 0.839310550741163 0.04565174344355759 0.8104764720638541 0.05503846864310148 0.8202323637400228 0.09340349144811859 0.8608733204104904 0.07850137856328392 0.839310550741163 0.04565174344355759
0 0.11922747776510834 0.3941027035347776 0.1615928494868871 0.3799459064994299 0.13293362143671608 0.3055838700114025 0.09477718244013683 0.3193199623717218 0.11922747776510834 0.3941027035347776
0 0.41189503876852906 0.9865679977194983 0.41149977080957806 0.9502108221208666 0.36261290992018247 0.9435512736602052 0.3571276271379703 0.9823866043329532 0.41189503876852906 0.9865679977194983
0 0.09636303990877992 0.5737121550741163 0.061687044469783354 0.5885416864310149 0.07169508665906499 0.6172121071835804 0.1063772668187001 0.6091243945267959 0.09636303990877992 0.5737121550741163
0 0.05643974344355759 0.7643314127708096 0.056290676168757124 0.8137408129988598 0.093968165336374 0.8122737274800456 0.08833697035347778 0.7642141163055872 0.05643974344355759 0.7643314127708096
0 0.8544668882554163 0.029101915621436714 0.8406273990877994 0.03743054275940707 0.8658043033067275 0.07325179019384265 0.9256758848346637 0.039511864310148234 0.9183478734321551 0.03469077765108324 0.8544668882554163 0.029101915621436714
0 0.1431471299885975 0.3932184492588369 0.15474575598631699 0.45139603192702393 0.22033139338654506 0.4374826898517674 0.19651974458380844 0.37585567160775374 0.1431471299885975 0.3932184492588369