0 0.36973340706955526 0.9232163808437855 0.294469 0.9206127844925884 0.29754907183580387 0.9906991984036488 0.3699368734321551 0.9988108939566704 0.36973340706955526 0.9232163808437855
0 0.8393995279361459 0.23602073888255415 0.7860142337514253 0.23405733181299887 0.7820434549600913 0.27176995553021666 0.8338607217787913 0.27322097491448116 0.8393995279361459 0.23602073888255415
0 0.7591960421892816 0.26701386545039907 0.7233289452679589 0.26353623831242873 0.7207893922462941 0.3285582588369442 0.7552184287343215 0.33866085290763964 0.7591960421892816 0.26701386545039907
0 0.27469642531356897 0.09684521778791334 0.24700847890535918 0.09442691676168756 0.24421829988597493 0.16601167388825544 0.2775860684150513 0.16723889623717217 0.27469642531356897 0.09684521778791334
0 0.08113668757126567 0.050137904218928164 0.08320910262257697 0.1577816510832383 0.10534059749144811 0.1601923078677309 0.10810840478905359 0.042770904218928166 0.08113668757126567 0.050137904218928164
0 0.20846308323831242 0.6709233580387685 0.17492653021664764 0.6708941094640821 0.17154868871151654 0.7085756590649943 0.20373058608893957 0.7098650307867731 0.20846308323831242 0.6709233580387685
0 0.713763858608894 0.7998171037628279 0.6627719703534778 0.7989189566704675 0.6641977582668187 0.8601595142531357 0.7180116818700114 0.8656741071835804 0.713763858608894 0.7998171037628279
0 0.8886965883694412 0.18968191220068414 0.8479216795895096 0.1897362930444698 0.8508186316989739 0.2336385952109464 0.8865907810718359 0.23533437400228052 0.8886965883694412 0.18968191220068414
0 0.8288384971493729 0.4089182234891676 0.8116440136830102 0.40535385404789054 0.8096333797035349 0.4804682736602052 0.82570965336374 0.4808180102622577 0.8288384971493729 0.4089182234891676
0 0.9358539418472064 0.3747346818700114 0.9205301448118586 0.37226296807297604 0.9223951995438997 0.41919530330672744 0.9373150319270239 0.4201986465222349 0.9358539418472064 0.3747346818700114
0 0.19144712656784493 0.07828922006841504 0.19146935689851766 0.135438251995439 0.2290515541619156 0.1376368654503991 0.23043452337514256 0.08458083694412771 0.19144712656784493 0.07828922006841504
0 0.4346181527936146 0.6102541710376282 0.4318971220068415 0.6490935564424173 0.5192670684150513 0.6593975895096922 0.5258273568985177 0.6257159019384264 0.4346181527936146 0.6102541710376282
0 0.3606552576966933 0.5968676807297605 0.31949872862029643 0.5924765678449259 0.3182054937286203 0.6699347799315849 0.3641867035347776 0.6734769122006842 0.3606552576966933 0.5968676807297605
0 0.3630087012542759 0.8119486476624858 0.32136651767388824 0.8096655267958951 0.3172990889395667 0.8569087708095782 0.35959674116305584 0.8582641277080958 0.3630087012542759 0.8119486476624858
0 0.2696172189281642 1 0.2733441220068415 0.9559496157354618 0.2321260205245154 0.9566233523375142 0.23318029076396807 0.9994299657924743 0.23668567616875713 1 0.2696172189281642 1
0 0.21402916191562144 1 0.21543952907639682 0.9571990068415052 0.17562585176738885 0.9566068825541619 0.17391498061573546 1 0.21402916191562144 1