0 0.3361677331812999 0.5016933443557583 0.35439051425313567 0.5331982326111745 0.4471807708095781 0.4940121197263398 0.42824641505131134 0.4650618175598632 0.3361677331812999 0.5016933443557583
0 0.2671319464082098 0.519945078677309 0.21833198289623718 0.5427250843785633 0.2552106784492588 0.6110912508551881 0.3058724572405929 0.5885542086659066 0.2671319464082098 0.519945078677309
0 0.1038351835803877 0.5698167274800456 0.2095948859749145 0.5226706180159635 0.18004595438996582 0.47178643443557583 0.08189399087799315 0.5160705233751425 0.1038351835803877 0.5698167274800456
0 0.28201210604332955 0.37867433181299887 0.29684960205245153 0.4114421151653364 0.3753929692132269 0.37985944697833524 0.35524112998859747 0.3462097981755986 0.28201210604332955 0.37867433181299887
0 0.31618744583808434 0.4517952451539338 0.330100984036488 0.48292962941847206 0.40851438312428734 0.45379008551881417 0.3929807548460661 0.42055275142531356 0.31618744583808434 0.4517952451539338
0 0.12518433181299887 0.18799198517673887 0.1598279817559863 0.2604185952109464 0.21317738084378562 0.23614940706955528 0.17673808095781074 0.1607084789053592 0.12518433181299887 0.18799198517673887
0 0 0.21227478791334092 0.05871201482326112 0.18520237286202965 0.03844272976054732 0.1540602668187001 0 0.1721962257696693 0 0.21227478791334092
0 0 0.12828543101482326 0.052207120866590656 0.09884601824401368 0.0429977913340935 0.0794738825541619 0 0.08797355302166476 0 0.12828543101482326
0 0.4347930262257697 0.10666063740022806 0.44042357696693274 0.12006855644241733 0.5262953979475484 0.11062875484606613 0.525741212086659 0.0937748449258837 0.4347930262257697 0.10666063740022806
0 0.496127842645382 0.13280811858608893 0.4995233489167617 0.15027648004561003 0.550569810718358 0.14216545952109463 0.5497152816419613 0.12843403876852907 0.496127842645382 0.13280811858608893
0 0.05440615735461801 0.6422684344355758 0.07976351881413911 0.6887034777651083 0.12786734777651082 0.6654539247434434 0.10583816989737743 0.6221380171037628 0.05440615735461801 0.6422684344355758
0 0.5457960684150513 0.9328853329532497 0.5568478551881414 0.9555125917901939 0.6214184754846066 0.923624818700114 0.6142580342075257 0.9039021721778792 0.5457960684150513 0.9328853329532497
0 0.7308566351197263 0.8020420273660205 0.7389485176738882 0.8125536522234892 0.771055701254276 0.7972492531356898 0.7646085450399087 0.7858719578107183 0.7308566351197263 0.8020420273660205
0 0.9747908768529077 0.8247216818700115 0.9710468802736602 0.8490168152793615 0.9853407023945268 0.8540936385404789 0.9910780148232612 0.8275980456100342 0.9747908768529077 0.8247216818700115
0 0.9432905610034207 0.8151342018244014 0.9385077844925883 0.8372133922462941 0.9571262873432156 0.8396365849486886 0.9583134298745724 0.8161822713797035 0.9432905610034207 0.8151342018244014
0 0.898417015963512 0.8021023580387685 0.8953491128848347 0.8298920661345496 0.9293292668187001 0.8335585233751426 0.9351249190421893 0.8089107491448119 0.898417015963512 0.8021023580387685
0 0.8883811265678448 0.7224746225769669 0.8738440456100341 0.7192580820980616 0.8691760946408209 0.7419198152793615 0.8889417730900798 0.7471411527936146 0.8883811265678448 0.7224746225769669
0 0.8981949384264538 0.7169426077537058 0.8952921870011402 0.7362384994298745 0.911559582668187 0.7421414241733181 0.9176426419612315 0.7189722269099201 0.8981949384264538 0.7169426077537058
0 0.8845046191562144 0.6869729669327251 0.88181148004561 0.7104589714937286 0.8966103295324972 0.7087905005701255 0.902620023945268 0.6883638141391106 0.8845046191562144 0.6869729669327251
0 0.9166115028506271 0.6716670342075257 0.9152158460661346 0.6924845655644241 0.9299946556442418 0.6938411208665906 0.9346793443557583 0.6712573124287343 0.9166115028506271 0.6716670342075257
0 0.8984368916761688 0.6528405815279362 0.8956292223489167 0.6757455769669327 0.9132123101482327 0.6759537651083238 0.9162768677309008 0.651274976054732 0.8984368916761688 0.6528405815279362
0 0.9338472451539338 0.6296437137970353 0.9274492770809578 0.6496205974914481 0.9461792428734322 0.6526253945267959 0.9483377217787914 0.6341681767388825 0.9338472451539338 0.6296437137970353
0 0.9135339076396807 0.6184849760547321 0.9110824937286204 0.6401109954389965 0.9249419498289624 0.6398332588369442 0.9278601402508552 0.6175132360319271 0.9135339076396807 0.6184849760547321
0 0.9492850775370582 0.5970332656784493 0.9411352212086659 0.6173490900798176 0.9588146282782213 0.6211645507411631 0.964958464082098 0.5983162132269099 0.9492850775370582 0.5970332656784493
0 0.9279499304446979 0.5806341550741163 0.9228476134549601 0.5979413295324971 0.9412200877993159 0.602226936145952 0.9452924606613454 0.5858282873432155 0.9279499304446979 0.5806341550741163
0 0.9524190410490307 0.5571445974914482 0.9462628004561003 0.5752614971493728 0.9616093090079818 0.5795304275940707 0.9657907377423033 0.5605892576966932 0.9524190410490307 0.5571445974914482
0 0.9329135952109464 0.5470385473204105 0.9207986784492588 0.5687299646522235 0.9359003922462942 0.5748594766248575 0.9438236624857468 0.5533779692132269 0.9329135952109464 0.5470385473204105