0 0.13265987457240594 0.09093873204104903 0.11255589509692132 0.187858086659065 0.1440698654503991 0.19116086887115163 0.1662898540478905 0.10416699543899659 0.13265987457240594 0.09093873204104903
0 0.47536258722919045 0 0.43222916647662485 0.004566299885974914 0.42500951539338655 0.038335363740022804 0.486772330672748 0.049279003420752567 0.5027137514253136 0 0.47536258722919045 0
0 0.5096564036488027 0.2453988597491448 0.5283894686431014 0.17385446750285063 0.49254590649942986 0.16450929076396809 0.4761186955530217 0.2304732622576967 0.5096564036488027 0.2453988597491448
0 0.07343821436716078 0.4271165427594071 0.06382103534777651 0.46815541619156215 0.09769056214367161 0.47116739908779937 0.11205598631698974 0.4371317468643101 0.07343821436716078 0.4271165427594071
0 0.8949364903078677 0.11653764082098063 0.8837393409350057 0.1690687890535918 0.9228295997719498 0.17562405929304448 0.9337642976054732 0.12826343671607754 0.8949364903078677 0.11653764082098063
0 0.8708838335233752 0.2933540741163056 0.8640101220068416 0.32508138312428736 0.9234171904218927 0.3363142736602052 0.9321894469783352 0.3005741151653364 0.8708838335233752 0.2933540741163056
0 0.6382520763968073 0.3353616202964652 0.6297986362599771 0.36639030672748 0.6637405233751426 0.36999161231470923 0.6711785860889395 0.3380013774230331 0.6382520763968073 0.3353616202964652
0 0.38184791334093504 0.7172575849486887 0.3663669851767389 0.7836075484606614 0.4636229612314709 0.7961705438996579 0.47614159977194986 0.7324779623717218 0.38184791334093504 0.7172575849486887
0 0.13102792018244014 0.7426783979475484 0.12552379247434436 0.7611871448118586 0.21304065792474344 0.7821150136830102 0.21808856670467505 0.7647626750285063 0.13102792018244014 0.7426783979475484
0 0.16912037286202966 0.9871442451539338 0.18025210376282783 0.9486963557582668 0.11304084036488027 0.9372268563283922 0.10971858152793615 0.9734926830102621 0.16912037286202966 0.9871442451539338
0 0.12841181755986317 0.6336627594070696 0.11755133637400228 0.70598792018244 0.12955315963511974 0.7063073352337513 0.14671441391106044 0.6414496510832383 0.12841181755986317 0.6336627594070696
0 0.516463086659065 0.9731737457240593 0.5553562052451539 0.9683793797035348 0.5373794538198404 0.8755627286202965 0.5000225678449258 0.883137473204105 0.516463086659065 0.9731737457240593
0 0.37868987457240594 0.6038282177879134 0.4951699726339795 0.6243624857468644 0.500384251995439 0.5986210912200683 0.3809715142531357 0.5810113318129989 0.37868987457240594 0.6038282177879134
0 0.6745359418472064 0.45547724059293043 0.6667843660205246 0.48735012086659063 0.699692322690992 0.4922747958950969 0.7091260741163056 0.4570500501710376 0.6745359418472064 0.45547724059293043