0 0.8826131071835804 0.23383568072976055 0.868038677309008 0.23682161345496008 0.8929503215507412 0.3228975575826682 0.9104680798175598 0.3195486545039909 0.8826131071835804 0.23383568072976055
0 0.8343481356898517 0.1619947092360319 0.8196289863169898 0.16380199315849486 0.8692348129988597 0.33418280615735463 0.8825933329532497 0.3331407958950969 0.8343481356898517 0.1619947092360319
0 0.835729724059293 0.2653152223489168 0.8385512565564424 0.2643705724059293 0.7935812690992018 0.09282076624857469 0.7753308278221209 0.0950616385404789 0.8250713101482327 0.2714111562143672 0.835729724059293 0.2653152223489168
0 0.8955097696693273 0.43833672976054733 0.8957294811858609 0.4380106488027366 0.8691665416191562 0.3676924663625998 0.8565756145952109 0.3722294823261117 0.8812169669327252 0.4463728597491448 0.8955097696693273 0.43833672976054733
0 0.8471363911060433 0.38295981527936146 0.8338837799315849 0.3869798677309008 0.8515333557582668 0.462579937286203 0.868994511972634 0.455949409350057 0.8471363911060433 0.38295981527936146
0 0.8244960273660206 0.4078734344355758 0.808229086659065 0.4116653899657925 0.8298119840364879 0.4706308677309008 0.8378610125427595 0.4651560034207526 0.8244960273660206 0.4078734344355758
0 0.8003078722919043 0.4347717251995439 0.7919733876852908 0.4447682052451539 0.8077818335233752 0.48589821664766253 0.8141223728620296 0.47913760775370584 0.8003078722919043 0.4347717251995439
0 0.7814189828962371 0.4610193477765108 0.7660292554161915 0.4670964321550741 0.7767733033067274 0.5010715564424173 0.793440874572406 0.49752951425313574 0.7814189828962371 0.4610193477765108
0 0.7442974389965793 0.47993431470923603 0.7311187377423033 0.48454350057012546 0.7551514275940706 0.5683329566704675 0.7641750330672749 0.5657310490307869 0.7442974389965793 0.47993431470923603
0 0.7199943477765107 0.4912932850627138 0.7067417354618016 0.4953133375142531 0.727966921322691 0.5854311744583808 0.7442740855188141 0.5861208472063854 0.7199943477765107 0.4912932850627138
0 0.6902681607753706 0.49255036602052454 0.6795160136830103 0.49745981641961234 0.686810023945268 0.5276710912200684 0.7002605541619157 0.5269168871151654 0.6902681607753706 0.49255036602052454
0 0.7224718779931585 0.36057952907639684 0.7086299407069556 0.3646719407069555 0.7357137434435576 0.46842587115165335 0.7465192485746863 0.45842509350057015 0.7224718779931585 0.36057952907639684
0 0.6973710855188141 0.3654545712656785 0.6849266202964652 0.3711715974914481 0.7068736636259978 0.4671813181299886 0.7227896202964652 0.4622360387685291 0.6973710855188141 0.3654545712656785
0 0.6784614971493728 0.40127765336374 0.6652104367160775 0.4052975142531357 0.6858124264538198 0.4757494013683011 0.6972794549600912 0.4734441140250855 0.6784614971493728 0.40127765336374
0 0.7758175952109464 0.3229210592930445 0.7605921163055872 0.32060462371721776 0.7691177958950969 0.3608342200684151 0.7835727890535918 0.3587602656784492 0.7758175952109464 0.3229210592930445
0 0.7395348882554161 0.256189149372862 0.722461543899658 0.25828549258836947 0.7400685427594071 0.3189355644241733 0.7557468802736602 0.31461924629418475 0.7395348882554161 0.256189149372862
0 0.7100876955530216 0.26459048118586087 0.6987462257696693 0.26957229190421894 0.7085213614595212 0.3102466841505131 0.7234349179019384 0.3069200068415051 0.7100876955530216 0.26459048118586087
0 0.6599749372862029 0.3042448301026226 0.6434272611174459 0.3008911744583808 0.648203015963512 0.33978657582668187 0.6663000342075257 0.3411553694412771 0.6599749372862029 0.3042448301026226
0 0.6306722736602053 0.313823259977195 0.6149296419612316 0.3121669589509692 0.6238277537058153 0.3505577730900798 0.6403704184720639 0.353011582668187 0.6306722736602053 0.313823259977195
0 0.6109030695553022 0.3377861356898518 0.5953792588369441 0.3378991676168757 0.5975837377423032 0.3753156567844926 0.6172281676168758 0.3746966750285063 0.6109030695553022 0.3377861356898518
0 0.5771272645381984 0.34014023033067275 0.5679242713797036 0.343063267958951 0.5741257274800456 0.3692228027366021 0.5831856031927024 0.36900612884834666 0.5771272645381984 0.34014023033067275