0 0.4799323968072976 0.619083086659065 0.4049609794754846 0.6016266887115166 0.39824740022805016 0.63605986659065 0.4700323272519954 0.6549651049030787 0.4799323968072976 0.619083086659065
0 0.5454036602052451 0.6576138802736602 0.5088499543899658 0.6492355381984036 0.4925715222348917 0.7229637628278222 0.5270982212086659 0.7345581322690993 0.5454036602052451 0.6576138802736602
0 0.525133755986317 0.7894476009122007 0.5050435541619156 0.861148385404789 0.5180166362599772 0.8657301368301026 0.5404302611174459 0.7945216157354619 0.525133755986317 0.7894476009122007
0 0.06922975370581529 0.7287059156214368 0.04102037172177879 0.7132883181299886 0.012366231470923604 0.7625047217787914 0.04275786545039909 0.7792966921322692 0.06922975370581529 0.7287059156214368
0 0.34219164538198404 0.19323148232611176 0.30315176054732046 0.18189503078677308 0.2875033261117446 0.2612266875712657 0.32108043557582666 0.274440259977195 0.34219164538198404 0.19323148232611176
0 0.09694379247434436 0.0821469361459521 0.08940374458380844 0.11762006955530216 0.12215438768529076 0.13187359635119725 0.13113846408209806 0.09245510262257696 0.09694379247434436 0.0821469361459521
0 0.5809386168757127 0.2722384481185861 0.5326149703534777 0.2549782827822121 0.5251123591790194 0.28741950969213226 0.5743547890535918 0.30396444583808435 0.5809386168757127 0.2722384481185861
0 0.7673051037628278 0.24256752565564424 0.7194475222348916 0.2290517092360319 0.7093776488027366 0.26216287457240595 0.7552625803876852 0.2773839418472064 0.7673051037628278 0.24256752565564424
0 0.8134498540478906 0.11775280843785632 0.8278599441277081 0.058518484606613456 0.7936278358038769 0.051242225769669324 0.7763153968072977 0.10985963511972635 0.8134498540478906 0.11775280843785632
0 0.54979382668187 0.03436018472063854 0.6305838494868871 0.055788126567844924 0.6394379578107184 0.02059590193842645 0.5632832462941847 0.00228097149372862 0.54979382668187 0.03436018472063854
0 0.9541304070695553 0.28774639566704674 0.915026921322691 0.27609291676168757 0.9044357514253136 0.3230721858608894 0.9416921277080958 0.33038425883694417 0.9541304070695553 0.28774639566704674
0 0.8107111242873432 0.35602617673888254 0.8055403432155074 0.3974724355758267 0.8687837001140252 0.4109152257696693 0.8776072166476625 0.37510788825541624 0.8107111242873432 0.35602617673888254
0 0.9346205826681869 0.5148592862029646 0.9229454709236032 0.5555300216647663 0.9565968038768529 0.5626828335233751 0.9654199965792474 0.5268770239452679 0.9346205826681869 0.5148592862029646
0 0.17480321436716076 0.640225488027366 0.1912153511972634 0.5744280547320411 0.1749689315849487 0.5709747719498289 0.1626578038768529 0.6346056316989738 0.17480321436716076 0.640225488027366