0 0.9496094036488028 0.6823307787913341 0.9448250125427594 0.6481131664766249 0.9043196316989738 0.6590163911060433 0.9114215838084379 0.6895424948688711 0.9496094036488028 0.6823307787913341
0 0.7707078050171038 0.6967209692132269 0.7164271904218928 0.7160484116305588 0.7252449646522235 0.7514308859749146 0.7890155438996579 0.732839164196123 0.7707078050171038 0.6967209692132269
0 0.5710664994298745 0.8160191470923602 0.6077498209806157 0.8109911721778791 0.5954591801596352 0.7512460843785632 0.5594336077537058 0.7622708358038769 0.5710664994298745 0.8160191470923602
0 0.41207103420752567 0.9020945598631699 0.452776007981756 0.8940374355758267 0.4435287092360319 0.8403798301026225 0.4012839851767389 0.8508603101482326 0.41207103420752567 0.9020945598631699
0 0.36529801140250856 0.9362518050171038 0.372260598631699 0.9677807708095781 0.40750877537058156 0.960154337514253 0.3949885689851767 0.9233852770809579 0.36529801140250856 0.9362518050171038
0 0.31388815279361454 0.9266314344355758 0.32568634777651084 0.9450621676168757 0.35030103648802735 0.9341709407069555 0.34265845610034207 0.9139022326111744 0.31388815279361454 0.9266314344355758
0 0.29853866248574684 0.8993168757126568 0.3026965359179019 0.9166722531356898 0.33826349942987455 0.9046331790193842 0.3313538665906499 0.8919480935005701 0.29853866248574684 0.8993168757126568
0 0.19949000114025087 0.912949007981756 0.10444041049030786 0.949321511972634 0.19440007525655645 0.9619645176738882 0.21695470695553024 0.9486662850627138 0.19949000114025087 0.912949007981756
0 0.2602185450399088 0.6770913751425314 0.26423994412770807 0.7082054070695553 0.32214376738882555 0.6993608004561004 0.3213171037628278 0.6647132508551882 0.2602185450399088 0.6770913751425314
0 0.06741433295324971 0.6709594766248574 0.08118356670467503 0.7052406556442417 0.13847991448118585 0.6879196374002281 0.12942121436716078 0.6521183055872292 0.06741433295324971 0.6709594766248574
0 0.20581603420752567 0.47117384606613455 0.23717572291904218 0.45281901824401366 0.20265224515393387 0.4126262508551881 0.1726320022805017 0.4299717331812999 0.20581603420752567 0.47117384606613455
0 0.12664331356898517 0.09166016989737742 0.10235965678449259 0.11939419384264538 0.159092677309008 0.17648614367160775 0.18817187571265678 0.14876023375142533 0.12664331356898517 0.09166016989737742
0 0.636459338654504 0.3549911904218928 0.5918780798175599 0.32236920410490305 0.5608367251995439 0.36832286202964654 0.6007718358038768 0.3998737445838085 0.636459338654504 0.3549911904218928
0 0.49490688027366025 0.25722538312428733 0.5303282770809578 0.28676285860889394 0.5667646351197264 0.24508445838084378 0.5394915210946408 0.2215629897377423 0.5239970992018244 0.23795359635119726 0.5209544526795895 0.2297392622576967 0.49490688027366025 0.25722538312428733
0 0.22880775028506273 0.8835257172177878 0.24391797605473203 0.9167977673888256 0.28534605017103765 0.8971961174458382 0.2640355553021665 0.8675116955530217 0.22880775028506273 0.8835257172177878
0 0.4283293546180159 0.295789574686431 0.4413336145952109 0.3269700524515394 0.48016346294184725 0.3066687388825542 0.463822441277081 0.28002111174458383 0.4283293546180159 0.295789574686431
0 0.4153386966932725 0.16637687571265677 0.4070448301026226 0.1741955598631699 0.447668267958951 0.21576946864310148 0.4582572816419612 0.20655190649942987 0.4153386966932725 0.16637687571265677
0 0.38962986431014823 0.19570778221208668 0.4302820729760547 0.23496628848346637 0.4426563124287343 0.22584499429874572 0.40640456556442417 0.18728382668187002 0.38962986431014823 0.19570778221208668
0 0.1520342896237172 0 0.13678909236031928 0.015214158494868872 0.16195710034207525 0.040915429874572404 0.19501317901938425 0.010490161915621436 0.183260661345496 0 0.1520342896237172 0
0 0.3568544652223489 0.2881411961231471 0.38233288939566706 0.26895981071835806 0.3493525541619156 0.23698522348916762 0.3305712280501711 0.25329888141391105 0.3568544652223489 0.2881411961231471
0 0.49173409236031923 0.36939260889395664 0.5227331220068415 0.3408051915621437 0.5038659258836944 0.32786596123147094 0.47422965336374 0.3531562622576967 0.49173409236031923 0.36939260889395664
0 0.6201584127708095 0.2107358449258837 0.649395291904219 0.18189919612314712 0.6217105564424172 0.1548959315849487 0.5947427206385405 0.18679694298745725 0.6201584127708095 0.2107358449258837
0 0.6533343101482326 0.17945801824401367 0.6283798301026225 0.20769892702394527 0.6721170114025086 0.23780552451539338 0.7021862953249715 0.20303478563283922 0.6533343101482326 0.17945801824401367
0 0.5886288871151654 0.12364238312428734 0.5622509965792475 0.15347884492588368 0.589833370581528 0.17053354275940708 0.6074447286202964 0.14121329076396807 0.5886288871151654 0.12364238312428734