0 0.2499508825541619 0.14723471949828965 0.2984200022805017 0.1519911345496009 0.3076645997719498 0.11811211402508551 0.24919970923603194 0.10949152907639681 0.2499508825541619 0.14723471949828965
0 0.6664021425313569 0.5898175564424173 0.7189133466362599 0.5908859635119726 0.7353375039908779 0.5594343797035347 0.6737695461801596 0.5590469954389966 0.6664021425313569 0.5898175564424173
0 0.6004796488027365 0.585906031927024 0.6549143717217788 0.5907967229190422 0.6536851870011403 0.5594082702394526 0.5995241516533638 0.554711755986317 0.6004796488027365 0.585906031927024
0 0.37219901710376285 0.593734598631699 0.4101326602052452 0.596599212086659 0.42178738540478905 0.5479632907639681 0.37605857924743447 0.5428128996579248 0.37219901710376285 0.593734598631699
0 0.2603375245153934 0.5644604697833523 0.2968646145952109 0.5641644834663626 0.3013133637400228 0.5206242953249716 0.2621398654503991 0.5156774367160776 0.2603375245153934 0.5644604697833523
0 0.20568591220068416 0.5613362006841506 0.24340266590649942 0.565967236031927 0.24231978221208667 0.5187583774230331 0.2063097947548461 0.5124068962371722 0.20568591220068416 0.5613362006841506
0 0.15884970125427592 0.5627560741163056 0.19994821550741163 0.5642178050171037 0.20629322805017103 0.5125418198403648 0.1579238597491448 0.5118450091220068 0.15884970125427592 0.5627560741163056
0 0.5918536533637401 0.7097513500570126 0.6470237810718358 0.7135374937286203 0.6491145496009122 0.6843166727480046 0.5967803842645382 0.6744983717217788 0.5918536533637401 0.7097513500570126
0 0.7193708916761687 0.7576802964652224 0.7237413454960092 0.7367018631698974 0.6711577810718358 0.7362227810718358 0.6715634549600912 0.7524069156214367 0.7193708916761687 0.7576802964652224
0 0.671051054732041 0.7858122177879134 0.7028022052451539 0.7903089783352337 0.7084191790193843 0.771358510832383 0.6721966545039909 0.7716100330672748 0.671051054732041 0.7858122177879134
0 0.6504514891676169 0.8269096602052453 0.6993654036488028 0.8329155336374001 0.6985789179019385 0.8149608529076398 0.6501905359179019 0.8095468745724059 0.6504514891676169 0.8269096602052453
0 0.750510197263398 1 0.751051457240593 0.9868777137970354 0.707595645381984 0.9851265416191561 0.7076369726339795 1 0.750510197263398 1
0 0.45380053249714936 0.27505707297605475 0.4446919418472064 0.3492405929304447 0.5702903728620297 0.36406393158494865 0.5705591003420752 0.28879501368301025 0.45380053249714936 0.27505707297605475