0 0.4734035929304447 0.6468801755986316 0.4673386978335234 0.6773619703534778 0.5347710045610035 0.6943924275940707 0.5452312371721779 0.6621780604332953 0.4734035929304447 0.6468801755986316
0 0.2651018141391106 0.6025149657924743 0.2538413671607754 0.6373338472063854 0.30587365564424174 0.64720051995439 0.3130076499429874 0.6133074618015963 0.2651018141391106 0.6025149657924743
0 0.28882262713797036 1 0.29260591220068416 0.9648007810718358 0.2614185017103763 0.9563934595210947 0.24890911288483467 0.9894736191562143 0.28782131128848343 1 0.28882262713797036 1
0 0.07413257240592931 0.5611075974914481 0.06105057126567845 0.5948034275940707 0.11206212884834664 0.6094664572405929 0.11858157696693272 0.5749882417331813 0.07413257240592931 0.5611075974914481
0 0.20384472405929305 0.5666684697833524 0.2281113888255416 0.51299669327252 0.14970511858608895 0.48799436374002275 0.1377439646522235 0.5452357343215507 0.20384472405929305 0.5666684697833524
0 0.21075041049030788 0.2370141482326112 0.19301107183580388 0.29045955074116303 0.25589661801596353 0.3133929099201824 0.2780586670467503 0.25899882896237175 0.21075041049030788 0.2370141482326112
0 0.7418229726339794 0.43926412656784497 0.743230677309008 0.4795754914481186 0.7938292212086658 0.48241135575826677 0.8035009600912201 0.4531372348916762 0.7418229726339794 0.43926412656784497
0 0.9066755541619156 0.26019552109464084 0.8896674994298746 0.3005558665906499 0.9251913591790194 0.31405088597491443 0.9405056259977195 0.2762261961231471 0.9066755541619156 0.26019552109464084
0 0.11800073432155074 0.2010791755986317 0.09661823489167616 0.2522769144811859 0.12220711858608893 0.2619882291904219 0.147513094640821 0.21251398631698973 0.11800073432155074 0.2010791755986317
0 0 0.17836353021664766 0.021907649942987457 0.19695526339794756 0.04430321208665907 0.1662612212086659 0.006560816419612314 0.14027508209806158 0 0.15139461003420754 0 0.17836353021664766
0 0.0006377525655644241 0.4912627936145952 0.002190344355758267 0.5357231938426454 0.012590687571265679 0.5426253683010263 0.028869306727480046 0.5068964253135689 0.0006377525655644241 0.4912627936145952