0 0.8150971140250854 0 0.7989204709236032 0.0230182417331813 0.8441670535917902 0.06376103078677309 0.8804889076396807 0.009324161915621436 0.8652349201824401 0 0.8150971140250854 0
0 0.644933425313569 0.012052055872291904 0.62338313340935 0.0651950125427594 0.6576953272519954 0.08305528392246295 0.6831467936145952 0.02927144127708096 0.644933425313569 0.012052055872291904
0 0.7609020091220068 0.11932167046750285 0.7474105678449259 0.15566708209806157 0.7800222930444698 0.16771594526795894 0.7948333500570125 0.13214754047890537 0.7609020091220068 0.11932167046750285
0 0.9667181835803876 0.11204498175598632 0.9586452462941848 0.019770890535917903 0.9062413922462942 0.09915746522234892 0.9598074161915622 0.14006485632839225 0.9667181835803876 0.11204498175598632
0 0.934740795895097 0 0.9275333033067275 0.015936635119726338 0.944938968072976 0.024546143671607755 0.9522340342075256 0 0.934740795895097 0
0 0.9397975245153934 0.5238677571265679 0.9185917457240593 0.5537343010262258 0.9510814196123146 0.5708599954389966 0.9667367856328393 0.5459460478905359 0.9397975245153934 0.5238677571265679
0 0.8708733283922463 0.9202912189281642 0.8739399612314709 0.9349233751425314 0.9048367274800456 0.9200018882554162 0.8962219749144812 0.9037690672748004 0.8708733283922463 0.9202912189281642
0 0.8813405587229189 0.9378520136830103 0.8887499509692133 0.954488298745724 0.9182892234891676 0.9381955336374003 0.9103867867730902 0.9221984025085519 0.8813405587229189 0.9378520136830103
0 0.5659294025085518 0.8581636693272521 0.6381509589509693 0.8941608141391106 0.660753732041049 0.8653640843785633 0.5810192337514254 0.8264449931584948 0.5659294025085518 0.8581636693272521
0 0.5568613375142532 0.7749169122006841 0.587907141391106 0.7894868472063854 0.6013482531356898 0.7525482519954391 0.5682486716077537 0.7417356761687571 0.5568613375142532 0.7749169122006841
0 0.6591460034207526 0.7325911539338654 0.6409749236031926 0.7222605564424174 0.6109226248574686 0.7856836316989737 0.6291763124287344 0.7983926419612314 0.6591460034207526 0.7325911539338654
0 0.6479765461801597 0.7001913443557582 0.6338154777651084 0.6948740798175599 0.6086591402508552 0.7393922542759407 0.6234186100342075 0.7530014184720639 0.6479765461801597 0.7001913443557582
0 0.5127846465222349 1 0.5205575655644241 0.9861049407069555 0.4789468517673888 0.9665007035347777 0.4604736921322691 1 0.5127846465222349 1
0 0.21193471835803876 0.7049630524515393 0.2503825416191562 0.7224599350057013 0.2666358677309008 0.6879589521094641 0.23154339110604333 0.6704665245153933 0.21193471835803876 0.7049630524515393
0 0.10644887115165337 0.7243241744583808 0.1462778734321551 0.7303758768529076 0.15725315735461803 0.6930585644241734 0.11683214595210947 0.6864610695553022 0.10644887115165337 0.7243241744583808
0 0.24420913568985178 0.03936265336374003 0.20308486088939567 0.025318427594070693 0.17440306727480046 0.08540310148232612 0.21305788483466362 0.10526594640820981 0.24420913568985178 0.03936265336374003
0 0.6352105096921322 0.5815070364880274 0.6156830820980616 0.6237446909920182 0.6303098871151654 0.6343853717217788 0.6532946818700114 0.5861830661345496 0.6352105096921322 0.5815070364880274
0 0.7034597901938427 0.048056906499429876 0.6785794583808438 0.11758369099201825 0.745192748004561 0.1439423238312429 0.777615118586089 0.07822583238312429 0.7034597901938427 0.048056906499429876
0 1 0.5411428403648803 0.991473244013683 0.53603365336374 0.966896165336374 0.5954015997719498 0.9942630558722919 0.6153579828962371 1 0.5752565758266819 1 0.5411428403648803