0 0.8919022326111745 0.21147673660205246 0.8163789703534777 0.21114350741163054 0.8160891984036488 0.25392968415051315 0.888875858608894 0.26208193272519953 0.8919022326111745 0.21147673660205246
0 0.8280196750285063 0.1174598700114025 0.787477794754846 0.11531095324971494 0.7948920091220067 0.17446323489167617 0.8299735074116306 0.17502206043329532 0.8280196750285063 0.1174598700114025
0 0.961172740022805 0.27322184378563286 0.9923060444697833 0.2709464207525656 0.9910005860889396 0.23356295781071834 0.9555892337514252 0.23242310148232612 0.961172740022805 0.27322184378563286
0 0.6827358939566704 0 0.6920529156214367 0.0544791755986317 0.7462846647662487 0.048129522234891677 0.7382341220068416 0 0.6827358939566704 0
0 0.6367750456100343 0 0.6380047297605473 0.021313976054732044 0.6704609384264538 0.020477637400228052 0.6698980752565565 0 0.6367750456100343 0
0 0.3580455701254276 0.20694905701254276 0.3653279167616876 0.24531202622576967 0.4446565963511973 0.23660068871151654 0.43440574572405927 0.19834138198403647 0.3580455701254276 0.20694905701254276
0 0.40860420410490306 0.48412061915621435 0.37083459293044474 0.4881130672748004 0.376033488027366 0.5348663591790194 0.41506143557582664 0.5293446898517674 0.40860420410490306 0.48412061915621435
0 0.47185531470923603 0.5344907468643101 0.43447053819840364 0.5405491470923603 0.43849428050171035 0.5707083420752566 0.476380015963512 0.5664147833523375 0.47185531470923603 0.5344907468643101
0 0.5598058950969214 0.5219136533637401 0.5665646100342075 0.5793080535917902 0.5807691163055873 0.5776222337514253 0.5757698985176739 0.519573842645382 0.5598058950969214 0.5219136533637401
0 0.3474797251995439 0.7723215849486886 0.31086677423033066 0.7789471436716078 0.31753501140250856 0.8167374458380844 0.3548672417331813 0.8136514401368301 0.3474797251995439 0.7723215849486886
0 0.46061782440136834 0.876203590649943 0.43915967046750287 0.8790307548460662 0.4434189418472064 0.9329477662485747 0.465297669327252 0.9298072964652224 0.46061782440136834 0.876203590649943
0 0.25375256100342075 0.8219353386545041 0.23814416989737744 0.8236686202964653 0.2514376385404789 0.8980625028506272 0.26455752337514254 0.8993882462941848 0.25375256100342075 0.8219353386545041
0 0.798813818700114 0.42950047662485746 0.7664510068415051 0.4321158905359179 0.7720420501710377 0.4901436157354618 0.8076547183580387 0.48889999315849486 0.798813818700114 0.42950047662485746
0 0.8367187742303307 0.4941232291904219 0.785225606613455 0.4932479064994299 0.7900575450399088 0.5465508072976055 0.8457065553021665 0.5404471550741163 0.8367187742303307 0.4941232291904219
0 0.8414700695553021 0.8343850022805016 0.8072106248574686 0.8335035393386545 0.8088404207525657 0.9142458472063854 0.8486705336374002 0.9146372850627138 0.8414700695553021 0.8343850022805016
0 0.8456738027366021 0.3182488779931585 0.8477048597491448 0.34936882782212086 0.9321604982896238 0.34434017901938424 0.9268033671607754 0.3100687639680729 0.8456738027366021 0.3182488779931585
0 0 0.1880515313568985 0.017206025085518814 0.18082827366020526 0.010172336374002281 0.14958596351197265 0 0.15107233523375144 0 0.1880515313568985
0 0.6890823124287343 0.9109999304446978 0.6545719270239453 0.9041861117445839 0.6607654595210947 0.9794220421892816 0.6957640171037628 0.9776057537058153 0.6890823124287343 0.9109999304446978
0 0.11273149258836945 0.6189191676168757 0.09881884834663626 0.6214859635119726 0.10828961801596351 0.6618519042189281 0.12302384036488027 0.6583668141391106 0.11273149258836945 0.6189191676168757
0 0.07136993044469783 0.6257121163055872 0.08430515735461802 0.6727893614595211 0.0990823842645382 0.6704909942987458 0.09081137742303307 0.6208744230330673 0.07136993044469783 0.6257121163055872