0 0.5872984435575827 0.05551111858608894 0.6009283819840364 0.010083091220068416 0.5654983842645382 0.0038358266818700115 0.5528308369441277 0.043805865450399085 0.5872984435575827 0.05551111858608894
0 0.08253002052451539 0 0.07773206727480046 0.028966320410490305 0.08815159749144812 0.033616614595210946 0.09948227822120867 0 0.08253002052451539 0
0 0.13919583922462941 0.26207775370581526 0.11995231242873432 0.3233974218928164 0.17029128506271382 0.34071427366020524 0.18985558380843784 0.26960311630558725 0.13919583922462941 0.26207775370581526
0 0.05503361117445838 0.213474748004561 0.03474758722919042 0.28867901368301024 0.08171825541619156 0.30118157582668187 0.10585210490307867 0.22806310262257695 0.05503361117445838 0.213474748004561
0 0.07778080045610035 0.451014771949829 0.05420692246294185 0.5368930832383124 0.11672818244013683 0.5647987366020525 0.14286664994298745 0.47233921550741165 0.07778080045610035 0.451014771949829
0 0.06416157810718358 0.3290357457240593 0.02640079589509692 0.4236663055872292 0.06880345153933866 0.4381764538198404 0.09871110262257697 0.3323131242873432 0.06416157810718358 0.3290357457240593
0 0.3836347947548461 0.8678982200684151 0.32167350741163053 0.8527524059293045 0.3070796385404789 0.9036381505131129 0.36719806385404785 0.9212720684150513 0.3836347947548461 0.8678982200684151
0 0.4015095838084378 0.8780834424173317 0.37298915165336377 0.9840517571265678 0.40978249258836946 0.9905394161915622 0.437659496009122 0.8802388677309008 0.4015095838084378 0.8780834424173317
0 0.5238254903078677 0.9573304424173318 0.5982109988597492 0.981701984036488 0.6140850250855188 0.9394826989737742 0.5453902063854048 0.9147088483466362 0.5238254903078677 0.9573304424173318
0 0.7919620615735462 0.8709641470923604 0.760454945267959 0.9540362953249715 0.8190480011402509 0.9882843021664766 0.8601755496009122 0.8984677605473205 0.7919620615735462 0.8709641470923604
0 0.8555474002280502 0.5980040604332953 0.8211614389965792 0.5778724686431015 0.8037623158494869 0.6367043055872292 0.8366277240592931 0.649532779931585 0.8555474002280502 0.5980040604332953
0 0.8144351128848346 0.4964978791334093 0.7880571755986316 0.5664076100342075 0.8112217001140251 0.5704921402508552 0.8398449931584948 0.5037929623717218 0.8144351128848346 0.4964978791334093
0 0.9513541379703535 0.38136829190421895 0.9059844025085518 0.3677406978335234 0.8635748848346637 0.44889204675028505 0.9152756613454961 0.4664490216647662 0.9513541379703535 0.38136829190421895
0 0.7180929144811858 0.36556024515393387 0.6978885370581527 0.43233817445838085 0.7169661094640821 0.4357020649942987 0.7431021140250855 0.36715540592930446 0.7180929144811858 0.36556024515393387
0 0.4857803591790194 0.5356172029646522 0.4707057753705815 0.6131461174458381 0.49611565564424176 0.6204412006841505 0.5180041493728621 0.5441121755986317 0.4857803591790194 0.5356172029646522
0 0.45331771379703534 0.5284858449258837 0.4362381676168757 0.6014408631698973 0.4519487035347777 0.599992274800456 0.4723952862029646 0.5318497354618016 0.45331771379703534 0.5284858449258837
0 0.48377034663625995 0.626703535917902 0.47294720182440136 0.6641857445838084 0.5013213568985176 0.6705961904218928 0.5123867058152793 0.6317493728620297 0.48377034663625995 0.626703535917902
0 0.4487413010262258 0.6261546556442418 0.4375172041049031 0.6579384789053593 0.4559531584948689 0.6569688688711517 0.46172696123147094 0.6242240114025086 0.4487413010262258 0.6261546556442418
0 0.8030415803876854 0.7622838620296466 0.7825244082098062 0.8376472827822121 0.8221441767388825 0.8452378129988597 0.8507088187001141 0.7740032976054732 0.8030415803876854 0.7622838620296466
0 0.240577070695553 0.10239555074116306 0.1984827662485747 0.08834118472063854 0.17617735347776511 0.15675887115165338 0.2254545724059293 0.174491417331813 0.240577070695553 0.10239555074116306