0 0.7699036408209806 1 0.770511945267959 0.988761417331813 0.7329623443557584 0.987022204104903 0.7336609623717217 1 0.7699036408209806 1
0 0.6491602075256556 1 0.6492304161915622 0.984981330672748 0.6156280969213227 0.9936882155074116 0.6149201949828963 1 0.6491602075256556 1
0 0.47010436145952106 0.7714559908779932 0.4081224310148232 0.7293761835803877 0.35296972291904216 0.8034003842645382 0.4120004287343215 0.8464143945267959 0.47010436145952106 0.7714559908779932
0 0.21176145952109462 0.5804500319270239 0.12928036716077537 0.5351234754846066 0.09507763740022805 0.5830094207525656 0.19367545381984036 0.6238741299885975 0.21176145952109462 0.5804500319270239
0 0.40173195667046746 0 0.3828366932725199 0.031036970353477765 0.4757530068415051 0.07240503078677309 0.5157420980615736 0 0.40173195667046746 0
0 0.6436587274800456 0.7105750798175599 0.6125921927023945 0.6944320809578107 0.593224810718358 0.7194177833523375 0.6236411641961231 0.7396658620296466 0.6436587274800456 0.7105750798175599
0 0.6616110399087799 0.650295992018244 0.6318446225769669 0.6259443774230331 0.6057760672748005 0.6667009498289623 0.6348250900798176 0.6867324640820981 0.6616110399087799 0.650295992018244
0 0.7778558449258837 0.7654926989737741 0.7456400877993159 0.7477660501710377 0.709571228050171 0.789745157354618 0.7422873283922463 0.8131623238312429 0.7778558449258837 0.7654926989737741
0 0.8319527377423034 0.8750557833523375 0.8419686978335235 0.847185748004561 0.814353732041049 0.8357990638540479 0.8035521083238312 0.850920488027366 0.8319527377423034 0.8750557833523375
0 0.9024103500570125 0.7220993215507412 0.8813918597491449 0.7398106100342074 0.9166242702394527 0.765029534777651 0.9325416271379704 0.735287762827822 0.9024103500570125 0.7220993215507412
0 0.902859622576967 0.6927140718358038 0.8965089532497149 0.7239710581527937 0.9377256305587228 0.7290959258836944 0.9378942109464082 0.6926533158494869 0.902859622576967 0.6927140718358038
0 0.8322447194982896 0.6520733625997719 0.7932623614595211 0.6416911060433296 0.7729435781071836 0.6903728380843787 0.8037935484606614 0.7078831676168758 0.8322447194982896 0.6520733625997719
0 1 0.08293436602052452 0.9696001208665906 0.1828855644241733 1 0.18635339794754846 1 0.08293436602052452
0 0.89702338654504 0.38459987343215507 0.8594391448118586 0.43615671607753703 0.8918699224629419 0.4525157901938427 0.9270063671607754 0.40758415849486884 0.89702338654504 0.38459987343215507
0 0.7433690729760547 0.4879083797035348 0.7155360000000001 0.4778887833523375 0.6941508620296465 0.506764543899658 0.7220509042189281 0.5252108643101483 0.7433690729760547 0.4879083797035348
0 0.8815962862029646 0.8090766191562144 0.9101447537058153 0.7691130661345496 0.8503553660205245 0.7316882462941847 0.8268521915621436 0.7679438437856329 0.8815962862029646 0.8090766191562144
0 0.43276084264538195 0.6814782782212087 0.4048942212086659 0.6602339874572406 0.36688346864310145 0.6965948335233751 0.4037170285062714 0.7207638061573547 0.43276084264538195 0.6814782782212087