0 0.6068833261117446 0.6685595461801597 0.5451659429874572 0.6601876864310148 0.5299295507411631 0.747546913340935 0.5955290330672748 0.7579368506271379 0.6068833261117446 0.6685595461801597
0 0.4585877514253136 0.9326245860889395 0.4659739908779932 0.8594510364880273 0.4141068278221209 0.8596537822120867 0.40075425313568985 0.9262695039908779 0.4585877514253136 0.9326245860889395
0 0.46345610262257697 0.9991821607753705 0.4679856134549601 0.9705839532497149 0.44338600114025084 0.9666877582668187 0.4374891584948689 0.9950694013683011 0.46345610262257697 0.9991821607753705
0 0.5117365290763968 0.19901632611174458 0.5525195895096922 0.20687894184720637 0.5506052314709236 0.1658983694412771 0.5189554857468643 0.16228717331813 0.5117365290763968 0.19901632611174458
0 0.5095582588369442 1 0.5146031026225769 0.9681481083238312 0.48453570809578106 0.9633859007981757 0.47818349486887113 0.9946426431014823 0.5045377548460661 1 0.5095582588369442 1
0 0.7376180524515393 0.6791459874572406 0.6456088905359179 0.660966259977195 0.6200108916761687 0.7530977058152794 0.7220787548460661 0.7734717251995439 0.7376180524515393 0.6791459874572406
0 0.19003480273660203 0.3104774230330673 0.19024311060433297 0.27504249714937284 0.17688936259977195 0.27593322576966933 0.17511083124287344 0.30991556898517675 0.19003480273660203 0.3104774230330673
0 0.15121042417331812 0.3091358734321551 0.1631141858608894 0.30981894070695554 0.16583044697833524 0.2771874218928164 0.1538818882554162 0.27709682782212086 0.15121042417331812 0.3091358734321551
0 0.12663353591790194 0.30885176510832385 0.13939930102622577 0.30786790763968075 0.14215136488027366 0.27884580273660203 0.13251276168757126 0.27551732611174456 0.12663353591790194 0.30885176510832385
0 0.10476955416191562 0.3065911527936146 0.11648600684150512 0.30844685632839225 0.12018764652223489 0.2753670912200684 0.10626968072976055 0.27436658722919044 0.10476955416191562 0.3065911527936146
0 0.6021681562143673 1 0.6047877981755987 0.9743148392246294 0.5927995940706955 0.9754234321550742 0.5875163683010262 1 0.6021681562143673 1
0 0.6684424446978335 1 0.6708617502850628 0.9892901402508552 0.6596180741163056 0.9896133454960091 0.6565262246294185 1 0.6684424446978335 1