0 0.7994604903078677 0.9249524789053591 0.8369134549600913 0.9266756590649944 0.8408190706955531 0.8918678198403649 0.8041609863169897 0.8880538871151653 0.7994604903078677 0.9249524789053591
0 0.9803897696693272 0.1284203865450399 0.9448748072976055 0.1355725473204105 0.9590368540478905 0.1982724355758267 0.9933733762827822 0.19084392360319272 0.9803897696693272 0.1284203865450399
0 0.07306070239452679 0.010048370581527936 0.018381768529076397 0.008330513112884835 0.018967242873432155 0.04187227822120867 0.0746417913340935 0.03258671037628278 0.07306070239452679 0.010048370581527936
0 0.13251453819840364 0.25129906499429877 0.16691315393386544 0.24832327366020526 0.16681409806157355 0.20853769213226908 0.13241935803876853 0.2147795393386545 0.13251453819840364 0.25129906499429877
0 0.0841588779931585 0.645862457240593 0.11922522576966933 0.6470303306727481 0.12162515621436716 0.6143272143671608 0.0850335188141391 0.6128874823261118 0.0841588779931585 0.645862457240593
0 0.8432988517673888 0.8161098791334094 0.806063496009122 0.8268535496009123 0.8163631026225769 0.8724010456100343 0.8536323591790194 0.8604659783352337 0.8432988517673888 0.8161098791334094
0 0.8640642770809578 0.5764265929304447 0.9205071106043329 0.5772244629418473 0.9242285872291903 0.5162892964652224 0.8711957628278221 0.5086043010262258 0.8640642770809578 0.5764265929304447
0 0.11048834891676168 0.04443165564424174 0.10773465564424174 0.09079927594070696 0.12935430672748005 0.09012498403648803 0.12655293158494868 0.04593276852907639 0.11048834891676168 0.04443165564424174
0 0.05166780729760547 0.04367841391106043 0.05475901026225769 0.08459944583808438 0.06689416761687571 0.08409070695553023 0.06947345381984037 0.04277221208665906 0.05166780729760547 0.04367841391106043
0 0.14036675598631698 0.39487295324971494 0.18007875712656785 0.3900213329532497 0.18007296123147093 0.3555786875712657 0.13849936944127708 0.3589766396807298 0.14036675598631698 0.39487295324971494
0 0.16034812656784492 0.7229195074116306 0.15023942189281642 0.7563510205245154 0.2017207605473204 0.7658446180159635 0.2080088244013683 0.7309951927023944 0.16034812656784492 0.7229195074116306
0 0.9207014583808438 0.282079244013683 0.9243020741163056 0.21610010604332952 0.8745361584948689 0.22350101824401367 0.8756783135689852 0.28642816875712657 0.9207014583808438 0.282079244013683