0 0.7213676294184721 0.08228365792474344 0.739520488027366 0.11757461915621438 0.7747684891676169 0.09939837172177879 0.7554270798175599 0.05852033865450399 0.7213676294184721 0.08228365792474344
0 0.8713945051311288 0.26635196237172176 0.8266099019384264 0.2800379646522235 0.8510004082098062 0.33495388369441276 0.8861985347776511 0.3181611128848346 0.8713945051311288 0.26635196237172176
0 0.6314052816419612 0.041713052451539334 0.5974425131128849 0.0627077457240593 0.6236985131128848 0.10382567730900799 0.6577564025085518 0.08006230444697833 0.6314052816419612 0.041713052451539334
0 0.4299534652223489 0.4976930684150513 0.46988239110604335 0.46443036830102624 0.4429978734321551 0.4413108403648803 0.41027514709236035 0.4665076202964652 0.4299534652223489 0.4976930684150513
0 0.4158160820980616 0.7439543842645382 0.393370701254276 0.7126723078677308 0.3489542702394527 0.7554826510832383 0.37564542417331814 0.7841394275940707 0.4158160820980616 0.7439543842645382
0 0.8492201984036488 0.8616735553021665 0.8717139486887114 0.8915705393386545 0.8999991003420753 0.874536362599772 0.8746930410490309 0.8459279532497149 0.8492201984036488 0.8616735553021665
0 0.1833992725199544 0.34213744127708096 0.20629841619156214 0.3207579600912201 0.18518825313568985 0.29090772976054735 0.16677655644241732 0.3027411299885975 0.1833992725199544 0.34213744127708096
0 0.7798936818700114 0.745578685290764 0.7488913956670467 0.7611311961231472 0.7688115028506272 0.785392740022805 0.7998153489167616 0.7698402850627138 0.7798936818700114 0.745578685290764
0 0.3884686134549601 0.8927171562143672 0.3701052873432155 0.9031654629418472 0.38219212884834664 0.9534945085518814 0.39740316989737745 0.9540256898517674 0.3884686134549601 0.8927171562143672
0 0.27233712884834665 0.5310032542759408 0.27886326339794754 0.542322283922463 0.3154464823261118 0.525577881413911 0.3022958597491448 0.5057115176738882 0.27233712884834665 0.5310032542759408
0 0.256226023945268 0.5165790729760548 0.26823640820980615 0.529474834663626 0.30816533409350055 0.4962121345496009 0.2988721368301026 0.4847964777651083 0.256226023945268 0.5165790729760548
0 0.2339070273660205 0.5213452428734322 0.2933411322690992 0.484603330672748 0.28132918472063856 0.4717075131128849 0.22456546180159634 0.5113146784492588 0.2339070273660205 0.5213452428734322