0 0.8851170581527936 0.3578035781071836 0.8522052793614596 0.39697097377423035 0.8924627856328392 0.43515411060433296 0.9265438654503991 0.39422063625997716 0.8851170581527936 0.3578035781071836
0 0.9355712588369441 0.3070162348916762 0.9107936921322691 0.3359564435575827 0.9530024275940707 0.3719037890535918 0.9745250330672748 0.3375852976054732 0.9355712588369441 0.3070162348916762
0 0.5878764914481186 0.11201191676168758 0.5527175940706955 0.1577270992018244 0.5818891470923603 0.18369827480045609 0.6228318711516534 0.1419117297605473 0.5878764914481186 0.11201191676168758
0 0.5914314697833523 0.2599748916761688 0.5345572645381984 0.3376214675028506 0.5835920045610034 0.3800106898517674 0.643795669327252 0.3004423865450399 0.5914314697833523 0.2599748916761688
0 0.5516791550741162 0.24414391790193843 0.5150768779931585 0.2859167970353478 0.5388661299885975 0.3093899270239453 0.5760570649942988 0.26840244697833526 0.5516791550741162 0.24414391790193843
0 0.6306014207525656 0.16181088141391106 0.6098862234891677 0.18988760661345497 0.6343307058152794 0.2192916111744584 0.6578051733181299 0.19093189281641962 0.6306014207525656 0.16181088141391106
0 0.4940043181299886 0.5319893671607754 0.4704505598631699 0.48964872291904216 0.4416246841505131 0.5109512212086659 0.46799227594070697 0.5551218232611175 0.4940043181299886 0.5319893671607754
0 0.38991054846066137 0.544402945267959 0.36282699657924744 0.5653351003420752 0.3933298836944128 0.6146968665906499 0.4182351334093501 0.5869435473204105 0.38991054846066137 0.544402945267959
0 0.632724189281642 0.8108686271379704 0.5981092063854049 0.8249034310148232 0.6137250513112884 0.8555786031927024 0.6444729475484606 0.8384185803876852 0.632724189281642 0.8108686271379704
0 0.2955095872291904 0.844910890535918 0.27247314367160774 0.8734826088939567 0.2992501995438997 0.8938926031927024 0.32346537856328395 0.8684089179019384 0.2955095872291904 0.844910890535918
0 0.9348795781071836 0.21246736031927024 0.9429781539338655 0.17918118928164198 0.9072591881413911 0.1451929817559863 0.8845996818700114 0.1727724606613455 0.9348795781071836 0.21246736031927024
0 0.8334530570125427 0.27166114709236033 0.8543786875712657 0.24171864766248574 0.8223631676168757 0.20785376966932725 0.7956041083238313 0.23053799543899658 0.8334530570125427 0.27166114709236033
0 0.486115921322691 0.7716174686431015 0.4930031277080958 0.7640834002280501 0.48089313340935 0.7441979144811859 0.4696345883694413 0.7517506157354619 0.486115921322691 0.7716174686431015
0 0.4987189110604333 0.7367668392246294 0.4921640570125428 0.7430162337514252 0.5028671356898518 0.7619867411630559 0.5118812223489168 0.7536970832383124 0.4987189110604333 0.7367668392246294
0 0.5163483181299886 0.7227003432155075 0.5092126875712657 0.7290731858608894 0.5230999418472064 0.7516159771949829 0.5351321824401368 0.7432918061573546 0.5163483181299886 0.7227003432155075
0 0.5362487730900798 0.7136142531356898 0.5294834868871151 0.7217294207525655 0.5403100114025086 0.7412807023945267 0.5510526693272519 0.7326236248574686 0.5362487730900798 0.7136142531356898