0 0.29856134777651083 0.5942786704675029 0.2624818015963512 0.5993611858608894 0.25641599885974914 0.6616927320410491 0.29445284264538196 0.6709025267958951 0.29856134777651083 0.5942786704675029
0 0.12061739566704675 0.579045488027366 0.07216514937286203 0.5793051334093501 0.06624251197263398 0.6253332063854048 0.12078854161915621 0.6307945450399088 0.12061739566704675 0.579045488027366
0 0 0.634438125427594 0.011782865450399088 0.6347078038768529 0.014433506271379704 0.5868339931584948 0 0.587118054732041 0 0.634438125427594
0 0.23351572862029646 0.07294049258836945 0.21681471835803878 0.021909965792474343 0.1991455952109464 0.02875969897377423 0.2188774709236032 0.07977291220068414 0.23351572862029646 0.07294049258836945
0 0.1871625017103763 0.03126773432155074 0.1734466647662486 0.036466456100342076 0.19283683010262256 0.08922942873432155 0.20672475142531357 0.08134386431014824 0.1871625017103763 0.03126773432155074
0 1 0.4149591197263398 0.9711823614595211 0.4177493443557583 0.9592371847206385 0.4698667023945268 1 0.4715855313568985 1 0.4149591197263398
0 1 0.26432266020524514 0.970970393386545 0.25076435233751426 0.957191740022805 0.28740374230330673 0.9919903454960092 0.29840194754846067 1 0.27197675484606615 1 0.26432266020524514
0 0.9409317491448118 0.2745653112884835 0.952247834663626 0.23502779475484606 0.9142552098061574 0.23127354618015963 0.8996349726339795 0.26290726111744583 0.9409317491448118 0.2745653112884835
0 0.7118324583808437 0.8306651003420753 0.6979841824401368 0.8334170353477766 0.6913816795895097 0.8611686567844926 0.7063129270239452 0.8625572474344356 0.7118324583808437 0.8306651003420753
0 0.6997791448118587 0.799288748004561 0.6842823295324971 0.7980910604332953 0.6735686396807298 0.8625434652223489 0.6837766282782212 0.8618058129988598 0.6997791448118587 0.799288748004561
0 0.6631071870011402 0.8665585940706956 0.6818675461801597 0.7825000992018244 0.6678911345496009 0.7828076750285062 0.654458417331813 0.8612482668187001 0.6631071870011402 0.8665585940706956
0 0.6624174458380844 0.7829534241733181 0.6475988517673889 0.7782583922462941 0.6328871596351198 0.8570552383124287 0.646547818700114 0.857291149372862 0.6624174458380844 0.7829534241733181
0 0.6257618631698973 0.8532507685290764 0.6395999669327253 0.7851716476624858 0.6275674435575828 0.7785987217787914 0.6102471368301026 0.8490252850627138 0.6257618631698973 0.8532507685290764
0 0.7139677286202964 1 0.704317031927024 0.9689292029646522 0.6673188050171038 0.9838149771949829 0.6746174458380844 1 0.7139677286202964 1