0 0.1063797787913341 0.47773340022805016 0.10857934663625997 0.4294574606613455 0.06249456898517674 0.42783827708095784 0.06259064994298746 0.47729212428734324 0.1063797787913341 0.47773340022805016
0 0.11645731242873433 1 0.11669226909920181 0.9517582303306727 0.10327346750285063 0.9500466100342075 0.10306241277080957 1 0.11645731242873433 1
0 0.15023924857468643 1 0.14967015393386546 0.9477214994298746 0.1325989521094641 0.9522208244013683 0.1318026077537058 1 0.15023924857468643 1
0 0.2086939464082098 0.5706798175598632 0.20376126567844927 0.4844316408209806 0.18848792816419613 0.4865781687571266 0.19428044355758267 0.5730052953249715 0.2086939464082098 0.5706798175598632
0 0.25249106157354617 0.5669228757126568 0.2517537229190422 0.4806846670467503 0.23320376852907637 0.4850920250855188 0.23531107981755986 0.5645406830102623 0.25249106157354617 0.5669228757126568
0 0.14622125085518814 0.4799270741163056 0.16401041391106042 0.47862771949828964 0.16147108437856328 0.4418103204104903 0.14571598631698973 0.4422242223489168 0.14622125085518814 0.4799270741163056
0 0.1478501174458381 0.5426561676168757 0.1656279817559863 0.5455539179019384 0.1639673911060433 0.5107115689851768 0.1475005872291904 0.5103276955530217 0.1478501174458381 0.5426561676168757
0 0.15299242189281642 0.6090869977194984 0.16792568985176737 0.6087870182440136 0.1654736362599772 0.5725569407069555 0.15097269099201827 0.5733957445838084 0.15299242189281642 0.6090869977194984
0 0.8692676168757127 0.3609231448118586 0.8739001596351197 0.3129048574686431 0.8115799270239452 0.3084725233751425 0.8088924994298746 0.35711681870011397 0.8692676168757127 0.3609231448118586
0 0.9346727582668186 0.1784493740022805 0.9363034218928165 0.12185919726339794 0.8868044857468643 0.1234195518814139 0.8870132189281641 0.17795246408209806 0.9346727582668186 0.1784493740022805
0 0.9604381345496009 0.6047323956670468 0.9592893169897377 0.5539291163055873 0.9061830114025086 0.5553968700114025 0.909886212086659 0.6091404503990878 0.9604381345496009 0.6047323956670468
0 1 0.6253556237172178 0.9216343181299885 0.6269758779931585 0.9228694857468643 0.6567815427594071 0.9991562633979475 0.6628485188141391 1 0.6502466602052451 1 0.6253556237172178
0 0.7910471505131128 0.6525237286202965 0.8636936887115166 0.65370603990878 0.8584848244013683 0.5246263420752566 0.7826804275940707 0.5247872155074116 0.7910471505131128 0.6525237286202965