0 0.4340591425313569 0.8891584435575827 0.44330365222348916 0.8359257377423033 0.39465306499429875 0.8332965803876853 0.39375241163055874 0.8848949703534779 0.4340591425313569 0.8891584435575827
0 0.8479512713797036 0.8222247890535918 0.8127474287343216 0.7296541094640822 0.7763168038768529 0.7414763580387685 0.813637251995439 0.8317711299885976 0.8479512713797036 0.8222247890535918
0 0.7303401835803877 0.9939983546180159 0.7635230000000001 0.9981374789053592 0.7691522326111745 0.9478077445838085 0.7253352748004561 0.9405184857468643 0.7303401835803877 0.9939983546180159
0 0.6434863135689851 0.9687521368301026 0.6542498631698974 0.9303778928164196 0.6116632360319271 0.9207347468643101 0.6029791140250855 0.9588733717217788 0.6434863135689851 0.9687521368301026
0 0.639368283922463 0.3540569589509692 0.6866555541619156 0.3667482314709236 0.6968839874572406 0.2909886408209806 0.6495154606613455 0.2830419851767389 0.639368283922463 0.3540569589509692
0 0.27971505017103765 0 0.2565447651083238 0.002094037628278221 0.25541993500570126 0.10055658950969214 0.3042242326111744 0.0942902006841505 0.3006301927023945 0 0.27971505017103765 0
0 0.3456883591790194 0.4064785838084379 0.38663173432155074 0.4083793717217788 0.3798028882554162 0.3572399030786773 0.3483389304446978 0.35669069783352336 0.3456883591790194 0.4064785838084379
0 0.4541914982896237 0.3822669749144812 0.48981107183580386 0.38288871721778794 0.4916712622576967 0.34436062599771955 0.4548540353477765 0.34431025655644243 0.4541914982896237 0.3822669749144812
0 0.03981399429874573 0.37503398859749143 0.015014866590649942 0.36688900684150516 0.0016011653363740023 0.40390585518814137 0.03447460889395667 0.4087584401368301 0.03981399429874573 0.37503398859749143
0 0.688144589509692 0.7577368928164196 0.6872575051311288 0.7405156636259977 0.6326599600912202 0.7383765416191562 0.6350919213226909 0.75214451995439 0.688144589509692 0.7577368928164196
0 0.6921620535917902 0.7317030421892816 0.6924622896237173 0.7145025370581528 0.633136165336374 0.7110947594070696 0.6310757115165336 0.7271643717217788 0.6921620535917902 0.7317030421892816
0 0.8436682348916762 0.8974943158494869 0.8335812177879134 0.8629098814139111 0.8008057297605474 0.8694560535917902 0.8114598187001141 0.9055740558722919 0.8436682348916762 0.8974943158494869
0 1 0.19866899999999998 0.9650138392246295 0.20549106727480046 0.9699406191562143 0.24643641391106041 1 0.2518637274800456 1 0.19866899999999998
0 0.959706251995439 0.4415203238312429 0.9593574937286203 0.39345848004561 0.9004490592930444 0.40014234093500567 0.9023464036488027 0.44453846636259975 0.959706251995439 0.4415203238312429
0 0.7308212713797035 0.42209933523375137 0.7320153762827822 0.3877102497149373 0.6929891163055872 0.37813081299885976 0.6923369418472064 0.4154938722919042 0.7308212713797035 0.42209933523375137
0 0.47765873888255417 0.5007367651083239 0.5063096704675029 0.4923386396807297 0.48905890649942985 0.46000139794754846 0.4646256841505131 0.4649147890535918 0.47765873888255417 0.5007367651083239