0 0.8778254903078677 0.8539691071835804 0.7897879338654503 0.8716057354618016 0.7914368757126569 0.9032493717217789 0.8892755678449259 0.8882453112884835 0.8778254903078677 0.8539691071835804
0 1 0.5233131459521094 0.949411015963512 0.5367984549600913 0.9571072428734322 0.5990493728620296 0.9912078745724059 0.5936069532497149 1 0.5383645347776511 1 0.5233131459521094
0 0.7679075096921323 0.5379545153933866 0.8346408141391106 0.5250021049030786 0.8271843511972634 0.4887185758266819 0.7547575952109464 0.5036816237172178 0.7679075096921323 0.5379545153933866
0 0.5424786738882554 0.8907026202964653 0.5077378380843786 0.9032670684150513 0.5089730980615735 0.9372478129988597 0.550459054732041 0.9297916237172177 0.5424786738882554 0.8907026202964653
0 0.8939285803876853 0.08628535005701254 0.8460605860889395 0.09472639794754846 0.8505610456100342 0.13410616191562144 0.9036062155074117 0.12567362485746864 0.8939285803876853 0.08628535005701254
0 0.7217716259977195 0.07883999771949829 0.6856213443557583 0.08572973660205245 0.6937297149372863 0.1456432748004561 0.7257732850627138 0.14043946180159636 0.7217716259977195 0.07883999771949829
0 0.6707354036488028 0.3375343614595211 0.6383997331812999 0.3432879908779931 0.6402197217787914 0.3773718392246294 0.6716483033067275 0.37055390079817563 0.6707354036488028 0.3375343614595211
0 0.26659198859749145 0.5116587457240592 0.2023315210946408 0.5208268175598632 0.20978731470923603 0.6186070034207525 0.27685655644241736 0.6066197799315849 0.26659198859749145 0.5116587457240592
0 0.22084606841505133 0.7676684766248575 0.20325332383124287 0.771801314709236 0.21957223261117448 0.8602935222348917 0.23834367730900796 0.8557656100342075 0.22084606841505133 0.7676684766248575
0 0 0.826571457240593 0.006730470923603193 0.864965858608894 0.043120469783352336 0.8635461607753705 0.03518425541619156 0.7958267400228051 0 0.8040449304446979 0 0.826571457240593
0 0.34025466134549603 0.8453985176738882 0.2745877126567845 0.8591418643101482 0.27427856214367163 0.8711439566704675 0.3470729977194983 0.8640835655644242 0.34025466134549603 0.8453985176738882
0 0.11738878449258837 0.47992559635119725 0.12690825655644242 0.443016338654504 0.03515963740022805 0.42020657582668186 0.02833633409350057 0.45879547434435575 0.11738878449258837 0.47992559635119725
0 0.41287022234891674 0.6146255553021664 0.4015341755986317 0.4944548449258837 0.3755551641961231 0.4983147787913341 0.3899651938426454 0.6157099258836944 0.41287022234891674 0.6146255553021664
0 0.5538359019384265 0.2934083523375142 0.5181657058152794 0.3009856545039909 0.521361362599772 0.3341062497149373 0.5535962474344356 0.3280333945267959 0.5538359019384265 0.2934083523375142