0 0.37153835917901934 0.9218031163055872 0.37431462485746864 0.8883183135689852 0.3216436111744584 0.8842136031927024 0.32047238312428733 0.9224224458380843 0.37153835917901934 0.9218031163055872
0 0.014325335233751426 0.7172069315849487 0.05642469441277081 0.7144296259977195 0.05684268415051311 0.6773140935005701 0.014682228050171038 0.6785838494868871 0.014325335233751426 0.7172069315849487
0 0.284535661345496 0.6361632919042189 0.2878932907639681 0.5994624766248575 0.25269787457240594 0.5981135929304446 0.25101199201824403 0.6314518472063855 0.284535661345496 0.6361632919042189
0 0.1185777377423033 0.5897553990877993 0.1438286031927024 0.5918067924743443 0.14316940022805016 0.5239594515393386 0.11797259749144812 0.5240157822120867 0.1185777377423033 0.5897553990877993
0 0.313604511972634 0.058049921322690996 0.3664051698973774 0.06786733295324972 0.37300217331813 0.028022693272519952 0.321485110604333 0.014786590649942989 0.313604511972634 0.058049921322690996
0 0.4169404697833523 0.1421247172177879 0.3761270832383124 0.13309105131128848 0.3715524686431015 0.20050104218928164 0.4085228814139111 0.20629648004561002 0.4169404697833523 0.1421247172177879
0 0.219184165336374 0.45249946750285064 0.2559311003420752 0.4507686830102623 0.24865088597491447 0.40927351995439 0.21355562257696695 0.41573332041049027 0.219184165336374 0.45249946750285064
0 0.45187501368301025 0.4324385427594071 0.4538851356898517 0.3913480969213227 0.43499208209806156 0.3934911094640821 0.4391967799315849 0.4318559030786773 0.45187501368301025 0.4324385427594071
0 0.42121126681870014 0.5000792497149373 0.457061858608894 0.49792270011402506 0.456685054732041 0.439708409350057 0.4199813945267959 0.44054747434435576 0.42121126681870014 0.5000792497149373
0 0.3409102041049031 0.5436572873432155 0.37720742873432156 0.5400629669327252 0.3797214161915622 0.5008436670467503 0.34470080273660203 0.5025172770809578 0.3409102041049031 0.5436572873432155
0 0 0.7492946282782212 0.011733460661345497 0.684465070695553 0 0.6833190364880274 0 0.7492946282782212
0 0.3218296978335234 0.7946002029646522 0.33739350855188144 0.7934898358038769 0.33276610832383124 0.7538664640820981 0.3199293375142532 0.7598569806157355 0.3218296978335234 0.7946002029646522
0 0.3455042987457241 0.7925311847206385 0.3588861345496009 0.789914992018244 0.3606564150513113 0.7559874355758267 0.3404112873432155 0.7549409236031926 0.3455042987457241 0.7925311847206385
0 0.26575627137970353 0.784021464082098 0.279745732041049 0.781190873432155 0.27889561003420754 0.7402996088939566 0.2616840558722919 0.7432769475484606 0.26575627137970353 0.784021464082098
0 0.3098957582668187 0.7800319167616876 0.308726181299886 0.7456911915621437 0.2912571915621437 0.7462340114025086 0.29200384606613455 0.7793177058152794 0.3098957582668187 0.7800319167616876