0 0.2818196818700114 0.19574852337514254 0.28690688939566705 0.23345801596351198 0.3495531436716078 0.2273811596351197 0.34714820752565567 0.1896738392246294 0.2818196818700114 0.19574852337514254
0 0.2119707993158495 0.10587394298745724 0.2133020684150513 0.14152796465222348 0.25404105245153935 0.1439255142531357 0.25173803762827823 0.10057063169897378 0.2119707993158495 0.10587394298745724
0 0.07551567502850627 0.9578337548460661 0.09124984834663626 0.9946133261117446 0.12316226795895098 0.984667566704675 0.11477155302166477 0.9466855826681869 0.07551567502850627 0.9578337548460661
0 0.3128072177879133 0.8428759224629419 0.2932433740022805 0.8100106488027365 0.24925898061573545 0.8454555826681871 0.2675781128848347 0.8743125245153933 0.3128072177879133 0.8428759224629419
0 0.2701187822120867 1 0.2639282189281642 0.9756569042189281 0.2283716408209806 1 0.2701187822120867 1
0 0.5539161641961231 0.8873639965792474 0.5513202633979476 0.8440676750285062 0.5180934275940707 0.8457841790193843 0.5217167913340935 0.887199417331813 0.5539161641961231 0.8873639965792474
0 0.7015598802736602 0.7832294230330673 0.672175763968073 0.7607611687571265 0.6580263352337514 0.7965775393386546 0.6867360250855189 0.8113549954389965 0.7015598802736602 0.7832294230330673
0 0.8265835131128848 0.563626929304447 0.7986724458380844 0.5511652428734322 0.7830458449258837 0.5735216385404789 0.8044030285062713 0.5894160330672749 0.8265835131128848 0.563626929304447
0 0.6927110752565564 0.3142112029646522 0.6807411767388825 0.3408950513112885 0.7077883169897378 0.36732581413911064 0.7249477263397947 0.33523942417331815 0.6927110752565564 0.3142112029646522
0 0.6935013021664767 0.8137447685290764 0.6839397730900799 0.8270992405929305 0.7296491368301026 0.8386029327251996 0.7340662668187001 0.8209837194982895 0.6935013021664767 0.8137447685290764
0 0.6838454811858609 0.8396285746864309 0.6807402930444698 0.8518237411630559 0.7222540889395667 0.8630953420752565 0.7277785427594071 0.851284535917902 0.6838454811858609 0.8396285746864309
0 0.3071575974914481 0.7646754298745725 0.2972430330672748 0.7876017833523375 0.3326241128848347 0.8105084104903079 0.34371191106043325 0.7805546248574687 0.3071575974914481 0.7646754298745725
0 0.18147948574686432 0.683858969213227 0.1568499669327252 0.7021109646522234 0.17888340592930446 0.7359537810718358 0.20577538996579245 0.7163118084378564 0.18147948574686432 0.683858969213227
0 0.03253523831242874 0.8548785963511972 0.05005821778791334 0.8712292120866592 0.09028667388825543 0.8337288084378564 0.07875122462941847 0.8210970581527937 0.03253523831242874 0.8548785963511972