0 0.14847421664766247 0.4794492633979476 0.11451836716077538 0.4711210535917902 0.0982591299885975 0.5198270114025085 0.13024436602052453 0.5340883865450399 0.14847421664766247 0.4794492633979476
0 0.059709554161915625 0.11342142303306728 0.025614137970353477 0.08607380615735462 0.00489918700114025 0.11368607069555303 0.037693945267958946 0.1437576134549601 0.059709554161915625 0.11342142303306728
0 0.06890690535917902 0.03190941391106043 0.04688164310148232 0.057829271379703534 0.15583990763968072 0.15868064538198404 0.17950528392246293 0.1306130228050171 0.06890690535917902 0.03190941391106043
0 0.921505700114025 0.8642251071835805 0.9148293557582668 0.8284207970353478 0.8782267799315849 0.8333579646522234 0.8852783945267959 0.874528858608894 0.921505700114025 0.8642251071835805
0 1 0.7318609680729761 0.9921454298745724 0.715388094640821 0.958618637400228 0.7302191835803877 0.9711130182440136 0.759739842645382 1 0.7501144857468643 1 0.7318609680729761
0 0.9031615518814139 0.7382588209806158 0.9054373568985177 0.7708043477765109 0.9389427309007982 0.7726904754846066 0.9363726408209806 0.7359364743443557 0.9031615518814139 0.7382588209806158
0 0.5347118449258838 0.1224244937286203 0.505735086659065 0.10007104561003421 0.49668792132269096 0.11556958608893957 0.5261500604332954 0.13635253705815278 0.5347118449258838 0.1224244937286203
0 0.5479243694412771 0.09830971721778792 0.5213613603192702 0.07638268415051311 0.5121486328392246 0.08951356670467503 0.5387086978335234 0.1113985165336374 0.5479243694412771 0.09830971721778792
0 0.3803963204104903 0.054725652223489164 0.4309277126567845 0.07854315393386545 0.4395068278221209 0.0648629441277081 0.3933459977194983 0.03538615621436716 0.3803963204104903 0.054725652223489164
0 0.9230198631698974 0.15294935347776512 0.9272258825541619 0.11935693842645381 0.8899184082098062 0.11423596465222348 0.8901072280501711 0.15102804218928165 0.9230198631698974 0.15294935347776512
0 0.6279183808437857 0 0.6247860399087799 0.004336392246294184 0.6487683192702395 0.023449092360319272 0.6654834606613456 0 0.6279183808437857 0
0 0.7982350022805017 0.8228968004561003 0.7412461767388826 0.8346116145952109 0.7494838540478905 0.8501404355758267 0.7991453249714937 0.8359150114025086 0.7982350022805017 0.8228968004561003
0 0.7302297525655643 0.983873362599772 0.72775938654504 0.9741031368301026 0.65721396009122 0.962386220068415 0.6546159555302167 0.9891607947548461 0.7302297525655643 0.983873362599772
0 0.014508461801596352 0.7070439646522234 0.01562565564424173 0.7230205758266819 0.062179163055872295 0.7197652371721779 0.0600085929304447 0.7057481288483466 0.014508461801596352 0.7070439646522234