0 0.13084508779931586 0.8787228529076397 0.16422157240592933 0.8359550889395667 0.13675026225769668 0.8123157981755986 0.10143889965792476 0.8639589578107183 0.13084508779931586 0.8787228529076397
0 0.30688948460661347 0.921584590649943 0.2797143318129989 0.949020748004561 0.3265814994298746 0.983093881413911 0.34911412428734323 0.9496382862029646 0.30688948460661347 0.921584590649943
0 0.5621085917901939 0.4052382622576967 0.4969603762827822 0.3649060638540479 0.4784504697833524 0.3975426795895097 0.5419547194982897 0.4381415393386545 0.5621085917901939 0.4052382622576967
0 0.4537585769669327 0.22281794640820982 0.4013681984036488 0.1993375324971494 0.3859278278221209 0.23410460661345497 0.4310688152793615 0.2577554025085519 0.4537585769669327 0.22281794640820982
0 0.5155182314709236 0.32128579817559866 0.5410502405929304 0.28610103420752564 0.47414330672748006 0.24455201938426452 0.4516282816419613 0.276820244013683 0.5155182314709236 0.32128579817559866
0 0.6038683261117446 0.18802617445838085 0.5781660718358039 0.16501160319270242 0.5550900353477766 0.19548851311288482 0.5838403637400228 0.2138055644241733 0.6038683261117446 0.18802617445838085
0 0.5649685381984036 0.10539719498289624 0.5768485404789053 0.07056641163055873 0.5456023523375143 0.0593318802736602 0.5301539258836945 0.08578661003420752 0.5649685381984036 0.10539719498289624
0 0.7018986647662485 0.2479336647662486 0.7232470946408209 0.2144573968072976 0.6921029942987458 0.19728467958950968 0.6755006875712656 0.23084535347776514 0.7018986647662485 0.2479336647662486
0 0.7803686271379704 0.06877430444697834 0.7511653614595211 0.1104272314709236 0.777940921322691 0.13999434549600911 0.8132092462941848 0.09072735917901938 0.7803686271379704 0.06877430444697834
0 0.8415970775370581 0.40180142303306726 0.8146660273660205 0.3811423272519954 0.7896410410490308 0.408319094640821 0.8196637616875713 0.43467520182440134 0.8415970775370581 0.40180142303306726
0 0.7969549509692132 0.6480613785632839 0.7772674754846066 0.6204026351197264 0.7554227217787913 0.6357581049030786 0.7806515917901938 0.664405898517674 0.7969549509692132 0.6480613785632839
0 0.07083069099201825 0.612227055872292 0.051292763968072974 0.6439534036488027 0.07997055530216647 0.6664260729760547 0.10022489965792475 0.6275877069555302 0.07083069099201825 0.612227055872292
0 0.14715713797035349 0.2501274241733181 0.1650710832383124 0.2094651220068415 0.11965173660205246 0.19442015393386544 0.09772000912200683 0.2272923990877993 0.14715713797035349 0.2501274241733181
0 0.2636905815279362 0.3715250148232611 0.2475768038768529 0.41102949486887114 0.3000500524515393 0.4297621938426454 0.3126879236031927 0.385444755986317 0.2636905815279362 0.3715250148232611
0 0.22551324971493728 0.3494803705815279 0.20416481870011402 0.38295663854047896 0.23987698061573545 0.40584901368301024 0.26198372862029645 0.36733677537058157 0.22551324971493728 0.3494803705815279
0 0.8213841573546181 0.1662768494868871 0.8428984127708096 0.12330046750285063 0.8158844914481186 0.10738908551881414 0.7884088015963512 0.15204293272519956 0.8213841573546181 0.1662768494868871
0 0.24130750741163057 0.19237584036488029 0.21824183352337514 0.2222590912200684 0.2611964458380844 0.254779330672748 0.284678015963512 0.2228248985176739 0.24130750741163057 0.19237584036488029
0 0.4199010729760547 0.08919576282782211 0.3880301368301026 0.0797318472063854 0.367494417331813 0.13460055644241734 0.39935499201824404 0.1446581322690992 0.4199010729760547 0.08919576282782211
0 0.3694041254275941 0.05921459179019384 0.3363251448118586 0.05091726909920183 0.32159398289623714 0.07916447776510832 0.3580436841505131 0.09821132611174459 0.3694041254275941 0.05921459179019384
0 0.0526606259977195 0.2935989156214367 0.07622525541619156 0.2352200330672748 0.03966154047890536 0.22270500228050172 0.0160553842645382 0.2825677605473204 0.0526606259977195 0.2935989156214367
0 0.789456937286203 0.2619217092360319 0.8048853842645383 0.22774826909920182 0.7901201288483466 0.22392749714937285 0.7727023500570125 0.2574723740022805 0.789456937286203 0.2619217092360319
0 0.8311649258836944 0.18366894526795893 0.8181894503990877 0.17928557468643103 0.8111611892816419 0.19489966818700113 0.8273159475484607 0.20022929418472063 0.8311649258836944 0.18366894526795893
0 0.820225015963512 0.2666156510832383 0.806811315849487 0.2533170250855188 0.7938765564424173 0.267640338654504 0.8116417822120867 0.28250108551881414 0.820225015963512 0.2666156510832383
0 0.8306912622576967 0.244826244013683 0.8089223272519954 0.23435097833523377 0.8084336157354618 0.24918845952109464 0.8215661801596351 0.2577330182440137 0.8306912622576967 0.244826244013683