0 0.3722611938426454 0.17755470809578106 0.33072947320410495 0.17497903876852908 0.32775611858608894 0.23078802736602055 0.3767806362599772 0.2311645473204105 0.3722611938426454 0.17755470809578106
0 0.5264632542759408 0.7388448928164195 0.5586682006841506 0.7392446659064995 0.5587631151653364 0.6401476624857468 0.5208496727480045 0.6445226567844925 0.5264632542759408 0.7388448928164195
0 0.4912422029646522 0.7387251356898518 0.49048696807297604 0.6890930513112885 0.45905731927023946 0.6869821311288484 0.4559575324971494 0.7391957103762827 0.4912422029646522 0.7387251356898518
0 0.6405286134549601 0.9490460353477764 0.6723309714937287 0.9476108631698973 0.6708672041049031 0.8686503033067275 0.6365038335233751 0.8680236704675028 0.6405286134549601 0.9490460353477764
0 0.7185777571265678 0.8939651550741162 0.7792281049030787 0.8907874344355758 0.7837654025085519 0.7999186100342076 0.7180001915621436 0.797185550741163 0.7185777571265678 0.8939651550741162
0 0.8220168551881414 0.9609569726339795 0.9020962155074116 0.9604183443557582 0.9059186362599772 0.8987283899657925 0.8251753683010262 0.8968091562143672 0.8220168551881414 0.9609569726339795
0 0.09174041847206385 0.8806197035347777 0.10277678449258837 0.8835707331812999 0.10249975940706955 0.8402560558722918 0.08915341163055872 0.8427355039908779 0.09174041847206385 0.8806197035347777
0 0.07629217445838084 0.8855632531356898 0.07529063169897376 0.8496351835803877 0.05927892246294184 0.8485493055872292 0.06304847890535918 0.8865577958950969 0.07629217445838084 0.8855632531356898
0 0.049152058152793617 0.8880823261117446 0.048710481185860896 0.8468414971493728 0.0346897685290764 0.849548574686431 0.03338999543899658 0.8846361755986317 0.049152058152793617 0.8880823261117446
0 0.19946548346636261 0.9295543568985176 0.2350287765108324 0.9320981698973775 0.23355170581527937 0.897017221208666 0.19921048916761686 0.8978838962371721 0.19946548346636261 0.9295543568985176
0 0.3391848004561004 0.8445370193842645 0.3406263021664766 0.9103607856328392 0.36110069213226914 0.9104231596351197 0.35970253705815275 0.8425128050171038 0.3391848004561004 0.8445370193842645
0 0.37483089965792477 0.9883445940706955 0.4492537708095781 0.9961667537058153 0.44870448118586087 0.9715714766248574 0.372470889395667 0.9710217594070696 0.37483089965792477 0.9883445940706955
0 0.24264985404789052 0.9561829783352337 0.24429368529076398 0.9746245803876853 0.2876035610034207 0.9791766316989737 0.28007684264538196 0.9523554458380844 0.24264985404789052 0.9561829783352337
0 0.5723177251995439 0.41052378791334093 0.6033732086659066 0.4048341140250855 0.5991855188141391 0.3748398825541619 0.5641696066134549 0.38578813568985176 0.5723177251995439 0.41052378791334093
0 0.6584880216647663 0.3974908905359179 0.6283363637400228 0.4116369908779932 0.6429227822120868 0.44898974686431015 0.6810959270239453 0.4380779635119726 0.6584880216647663 0.3974908905359179
0 0.7004298483466362 0.2598082668187001 0.7207596761687571 0.25955693500570126 0.7143525256556442 0.20783826111744585 0.6937680855188142 0.20955538084378564 0.7004298483466362 0.2598082668187001