0 0.023829689851767387 0.14193838084378563 0.09487178563283923 0.17190452337514253 0.10381365450399087 0.12908020752565566 0.026219458380843788 0.10758389737742304 0.023829689851767387 0.14193838084378563
0 0.2438341299885975 0.19303458152793615 0.1907635393386545 0.16968192930444698 0.17480465678449258 0.21082516647662486 0.23037518472063856 0.22721023489167616 0.2438341299885975 0.19303458152793615
0 0.19846131128848346 0.14462661459521095 0.23334397035347776 0.1559938472063854 0.25253466704675026 0.12817099657924744 0.21459675940706954 0.10944772405929304 0.19846131128848346 0.14462661459521095
0 0.043726218928164196 0.5802095233751425 0.08071412428734322 0.5869608027366021 0.08760878563283922 0.5308989361459521 0.057966667046750284 0.5249573580387685 0.043726218928164196 0.5802095233751425
0 0.25359087685290765 0.9293885872291905 0.2900293454960091 0.9355078129988597 0.3006452497149373 0.8928005575826682 0.2682300034207526 0.8816058654503991 0.25359087685290765 0.9293885872291905
0 0.3188295313568985 0.9488305153933866 0.3539177217787914 0.9572361197263398 0.36325569783352335 0.9257483010262257 0.33097382326111746 0.91813413340935 0.3188295313568985 0.9488305153933866
0 0.3251529099201825 0.7903527548460662 0.3559354275940707 0.8008396431014824 0.3809954275940707 0.75110565336374 0.34582219726339797 0.7328733055872292 0.3251529099201825 0.7903527548460662
0 0.47396115849486886 0.7031456613454959 0.5239397594070695 0.7197349042189282 0.5389640798175599 0.6853711140250855 0.48840564880273657 0.666658126567845 0.47396115849486886 0.7031456613454959
0 0.43851983922462945 0.06201319726339795 0.4077676259977195 0.04260356214367161 0.38206231698973775 0.09556289509692133 0.4141910912200684 0.11060792018244014 0.43851983922462945 0.06201319726339795
0 0.3810095655644242 0.24667161459521095 0.40718269327251994 0.255049015963512 0.4360230798175599 0.2082593432155074 0.4052369099201824 0.18765536716077538 0.3810095655644242 0.24667161459521095
0 0.4439102120866591 0.13798207867730902 0.4752421664766248 0.14910102166476624 0.49811198859749145 0.09415468072976055 0.4652335895096921 0.0820348015963512 0.4439102120866591 0.13798207867730902
0 0.5724592930444699 0.12792471037628278 0.5945831425313569 0.14316135803876853 0.613896534777651 0.11356148916761687 0.5882032793614596 0.09599204446978335 0.5724592930444699 0.12792471037628278
0 0.6497507525655645 0.2130862394526796 0.6835440935005701 0.23151969669327252 0.7085563033067275 0.19696152793614596 0.6766712405929305 0.18253031014823262 0.6497507525655645 0.2130862394526796
0 0.8941181961231471 0.026338480045610034 0.869115661345496 0.05224656442417332 0.8914590535917901 0.07285536259977195 0.9304123375142531 0.03510408323831243 0.8941181961231471 0.026338480045610034
0 0.8987830364880274 0.8524888437856328 0.928299779931585 0.8640760535917902 0.9557484686431015 0.8201650627137971 0.9152390421892816 0.8042364036488028 0.8987830364880274 0.8524888437856328
0 0.7412813420752565 0.74088490649943 0.7694891163055873 0.7541677502850628 0.7877694275940706 0.7233036738882553 0.7571284241733182 0.7098522497149373 0.7412813420752565 0.74088490649943
0 0.6386230672748006 0.9164342690992018 0.666197228050171 0.9302664401368301 0.6838210045610034 0.8963820216647662 0.6554750729760547 0.8795198836944128 0.6386230672748006 0.9164342690992018
0 0.5834208745724059 0.8810285621436716 0.615343574686431 0.8921888141391106 0.6286988551881413 0.8627659452679589 0.591574244013683 0.8494579087799317 0.5834208745724059 0.8810285621436716
0 0.11453053363740023 0.14590000114025087 0.10570046522234892 0.17861373660205246 0.12010456898517673 0.18468016875712656 0.13181444697833522 0.14532301140250856 0.11453053363740023 0.14590000114025087
0 1 0.4982693090079818 0.9708776909920183 0.4932663021664766 0.9611270946408209 0.5306772656784492 0.9964763534777651 0.543861157354618 1 0.49945109806157356 1 0.4982693090079818
0 0.8043748962371722 0.14473702964652224 0.8207476168757126 0.15719071835803877 0.8585349977194984 0.11935791220068416 0.844802046750285 0.10232721436716077 0.8043748962371722 0.14473702964652224
0 0.7977058460661346 0.12105632155074116 0.8057955587229191 0.1329323740022805 0.8470269897377423 0.09266199885974914 0.8350087058152794 0.08081196807297605 0.7977058460661346 0.12105632155074116