0 0.4801154002280502 0.15690571607753706 0.4750933705815279 0.17538367730900797 0.6180147970353478 0.23221519726339795 0.6254345541619156 0.2151080992018244 0.4801154002280502 0.15690571607753706
0 0.4704579988597491 0.1819921448118586 0.46664398403648805 0.20163513797035346 0.6030439566704675 0.259174330672748 0.6159962098061573 0.23573377537058152 0.4704579988597491 0.1819921448118586
0 0.6049403751425313 0.2656672234891676 0.46259190992018245 0.20763958266818702 0.45342462485746865 0.22678374116305589 0.5998873124287344 0.28236732953249716 0.6049403751425313 0.2656672234891676
0 0.45653783238312423 0.2350337890535918 0.45028711516533637 0.2511625233751425 0.590240244013683 0.30804585518814137 0.5952089281641961 0.2866011858608894 0.45653783238312423 0.2350337890535918
0 0.4432770775370582 0.2578108779931585 0.4364621710376283 0.2757278551881414 0.5782185393386545 0.33376583010262256 0.5914915849486887 0.3117823979475484 0.4432770775370582 0.2578108779931585
0 0.4371091505131129 0.27868263968072976 0.42320295210946407 0.29850335461801597 0.5744444127708096 0.355783488027366 0.5785549646522234 0.3360290535917902 0.4371091505131129 0.27868263968072976
0 0.42745015849486884 0.30376753135689855 0.4200964754846066 0.32465999087799313 0.5535074515393387 0.3810652383124287 0.5646781539338654 0.35762296351197265 0.42745015849486884 0.30376753135689855
0 0.41955459977194987 0.32763708893956667 0.40922949372862033 0.3485814139110604 0.544976810718358 0.4025720820980616 0.5511328129988597 0.38110668871151654 0.41955459977194987 0.32763708893956667
0 0.4074811368301026 0.35039189053591785 0.4006248095781072 0.3659357924743443 0.5358095267958951 0.4217162394526796 0.5467696168757127 0.4033080935005701 0.4074811368301026 0.35039189053591785
0 0.21189753705815279 0.03225527936145952 0.1867838905359179 0.15846592018244016 0.24527310034207528 0.1752430102622577 0.26892803990877995 0.050515865450399086 0.21189753705815279 0.03225527936145952
0 0.07025978905359179 0.04896568072976054 0.0610164732041049 0.09777505815279362 0.11305980501710376 0.11941069669327252 0.12752650969213228 0.0636591014823261 0.07025978905359179 0.04896568072976054
0 0.47922190193842645 0.037675026225769674 0.4321635496009122 0.1654548312428734 0.47819627023945266 0.18304319042189282 0.5219527628278221 0.053216011402508555 0.47922190193842645 0.037675026225769674
0 0.7467521596351198 0.361080236031927 0.8254480535917902 0.3786907354618016 0.8510467046750285 0.2803555621436716 0.7625037605473204 0.2598664789053592 0.7467521596351198 0.361080236031927
0 0.8287419977194983 0.05708426567844926 0.8233540900798176 0.0886221630558723 0.8764175188141391 0.10074636259977196 0.8817935564424173 0.06861795667046751 0.8287419977194983 0.05708426567844926
0 0.9264919794754846 0.11173817901938427 0.9192506100342075 0.13915467160775372 0.9636274116305587 0.1469282497149373 0.9645586738882554 0.11522748118586089 0.9264919794754846 0.11173817901938427