0 0.2660078905359179 0 0.2491511505131129 0.07664982326111745 0.3313542098061574 0.07622363055872292 0.33478306841505134 0.0006307958950969214 0.32877313911060435 0 0.2660078905359179 0
0 0.44879619498289625 0.27302900456100343 0.3991489236031927 0.26365477194982895 0.38930668643101485 0.2910232212086659 0.4376953819840365 0.30082015621436714 0.44879619498289625 0.27302900456100343
0 0.32998060433295323 0.6918076579247435 0.31669173204104906 0.577326897377423 0.2571231128848347 0.5873402462941847 0.2671907958950969 0.699154566704675 0.32998060433295323 0.6918076579247435
0 0.3873255678449259 0.6890839019384265 0.37873737400228047 0.5752637787913341 0.3275095997719498 0.5792685370581528 0.3343440900798175 0.6906237286202964 0.3873255678449259 0.6890839019384265
0 0.5206043135689852 0.8030575256556441 0.4412684481185861 0.8086802018244014 0.4481875974914481 0.8575720992018244 0.5210657434435576 0.8552357901938427 0.5206043135689852 0.8030575256556441
0 0.29984397035347776 0.7995841972633979 0.3091043511972634 0.8787575655644242 0.3698929635119726 0.8771173683010263 0.3612838700114025 0.7933098551881415 0.29984397035347776 0.7995841972633979
0 0.3190832098061574 0.3853823603192702 0.31593777537058154 0.3693668643101482 0.28001103306727476 0.36688959407069555 0.2825565188141391 0.3850408164196123 0.3190832098061574 0.3853823603192702
0 0.5804471425313569 0.5479044686431015 0.5821016488027366 0.5020131197263398 0.5443198859749144 0.4956587001140251 0.5466124070695553 0.5497400102622577 0.5804471425313569 0.5479044686431015
0 0.7907306009122007 0.48940407297605476 0.7527800638540479 0.49066117559863165 0.7564392223489168 0.5456840353477765 0.7984951573546181 0.5408131254275941 0.7907306009122007 0.48940407297605476
0 0.6366919931584949 0.47194929874572406 0.6388383033067275 0.45667750741163055 0.5605844481185861 0.4588563181299886 0.5623886704675028 0.4758824903078678 0.6366919931584949 0.47194929874572406
0 0.7814376111744584 0.4659354697833523 0.7881226442417332 0.4524991470923603 0.7104481208665906 0.4505670148232611 0.714016259977195 0.46784108893956666 0.7814376111744584 0.4659354697833523
0 0.7472406339794754 0.4916798369441277 0.750150370581528 0.4795085313568985 0.7138108677309007 0.47995697605473203 0.7117248358038769 0.4926779578107184 0.7472406339794754 0.4916798369441277
0 0.6302023511972634 0.49679415393386545 0.6337722884834665 0.47992526339794755 0.5927813854047891 0.48360625541619157 0.5964588871151653 0.502235298745724 0.6302023511972634 0.49679415393386545
0 0.9652878962371723 0.3096767844925884 0.9687754184720638 0.29339431927023946 0.9065792531356899 0.29865037514253134 0.9066947594070696 0.31701549030786774 0.9652878962371723 0.3096767844925884
0 0.9443767696693273 0.34327789737742304 0.9471936864310148 0.3275007685290764 0.9085438392246294 0.3294674526795895 0.9127290889395666 0.3466168232611175 0.9443767696693273 0.34327789737742304
0 0.9518958768529077 0.3623032576966933 0.9505967730900798 0.34594923831242874 0.9325265883694414 0.3508034709236032 0.9343477822120867 0.36343138882554166 0.9518958768529077 0.3623032576966933
0 0.931909409350057 0.4661179338654504 0.9838059977194983 0.468019992018244 0.9846131151653364 0.41961436488027365 0.9396055872291904 0.419878094640821 0.931909409350057 0.4661179338654504
0 0.11613714025085518 0.8055139190421893 0.1149614503990878 0.7712054697833524 0.06291996465222349 0.7788669429874573 0.06770457240592931 0.8130830068415051 0.11613714025085518 0.8055139190421893