0 0.45882024743443556 0.6508611516533638 0.5291516841505132 0.6717825963511972 0.5324286761687571 0.6331416841505131 0.46025269327251994 0.6154860992018244 0.45882024743443556 0.6508611516533638
0 0.5045326579247434 0.5588317137970353 0.5678530273660205 0.5753692132269099 0.5766358221208666 0.5426326488027365 0.5122460912200684 0.5222612919042189 0.5045326579247434 0.5588317137970353
0 0.6425026168757126 0.6394306396807298 0.6490673409350057 0.6056580638540479 0.5666549327251995 0.569094062713797 0.5558425872291904 0.60760413340935 0.6425026168757126 0.6394306396807298
0 0.985353259977195 0.54352348004561 0.994718897377423 0.5109002086659065 0.9411768574686431 0.4938455644241733 0.9330195176738882 0.5295879452679589 0.985353259977195 0.54352348004561
0 0.9866734241733182 0.44649105701254277 0.9840087115165337 0.4073000570125428 0.9486193158494868 0.40888117901938426 0.9498480935005702 0.44768004789053595 0.9866734241733182 0.44649105701254277
0 0.6732111299885974 0.3632025108323831 0.7080186944127709 0.29926788711516533 0.6642549885974914 0.2816960969213227 0.637895298745724 0.35351405473204106 0.6732111299885974 0.3632025108323831
0 0.4383817685290764 0.28613367274800455 0.4452975267958951 0.23188468072976054 0.4030088232611174 0.22849871835803875 0.3952285028506271 0.2809719954389966 0.4383817685290764 0.28613367274800455
0 0.28839491448118587 0.5131927970353478 0.289259661345496 0.4807301174458381 0.22333623831242874 0.47758416077537064 0.22691254275940706 0.5074178050171038 0.28839491448118587 0.5131927970353478
0 0.3753150456100342 0.5856816396807297 0.3795314321550741 0.5484314618015964 0.34330049600912205 0.5450148757126568 0.3415527343215507 0.5804480182440137 0.3753150456100342 0.5856816396807297
0 0.24005340364880273 0.7183156111744584 0.23470107183580388 0.6773924652223489 0.1255056841505131 0.6821506738882553 0.12576048460661346 0.7197367297605474 0.24005340364880273 0.7183156111744584
0 0.20295223831242873 0.47664304446978334 0.1985575096921323 0.44013689509692133 0.14716963511972633 0.4337740992018244 0.14567187571265677 0.47259690992018244 0.20295223831242873 0.47664304446978334
0 0.09054223375142532 0.5103860330672748 0.0927850456100342 0.4739619566704675 0.038613231470923604 0.4694742850627138 0.03441296579247435 0.5035297833523376 0.09054223375142532 0.5103860330672748
0 0.22489010148232613 0.6096190045610034 0.22130326567844927 0.5720601676168757 0.1868362919042189 0.5720075929304447 0.19063852337514253 0.6100141927023945 0.22489010148232613 0.6096190045610034
0 0.10020002964652223 0.6131767582668187 0.10142409920182441 0.5819936499429874 0.04975901938426454 0.5677217092360319 0.050517971493728615 0.6027141208665907 0.10020002964652223 0.6131767582668187
0 0.618694740022805 0.4009484811858609 0.6220905438996579 0.3834785849486887 0.551288023945268 0.361860708095781 0.5451879258836945 0.3745724937286203 0.618694740022805 0.4009484811858609
0 0.7734462018244014 0.8588567035347776 0.7719774298745724 0.8041860570125428 0.738544338654504 0.8019181801596351 0.7368049828962371 0.8575426488027366 0.7734462018244014 0.8588567035347776
0 0.5675158620296465 0.8478342668187001 0.5700176716077537 0.816293070695553 0.5339932793614596 0.8086857765108324 0.5287150057012543 0.8451835769669327 0.5675158620296465 0.8478342668187001
0 0.4565382234891676 1 0.4767363283922463 0.9601067251995439 0.4427846009122007 0.9480681870011402 0.4293079669327252 0.9956172086659065 0.45185547776510837 1 0.4565382234891676 1
0 0.31248593272519953 0.7191008152793615 0.31158548004561004 0.6832722930444697 0.2840008415051311 0.6851623717217787 0.28435742189281643 0.7206607411630558 0.31248593272519953 0.7191008152793615
0 0.2743838392246294 0.09049699543899657 0.27441256556442417 0.07479046636259977 0.2444780535917902 0.07320264424173317 0.24740302622576968 0.08459665792474345 0.2743838392246294 0.09049699543899657
0 0.24922042873432154 0.06747575142531358 0.3330023124287343 0.07832389851767389 0.3303428221208666 0.060888290763968074 0.25391158380843787 0.05267709692132269 0.24922042873432154 0.06747575142531358
0 0.7969411824401368 0.08450969669327252 0.7997214344355758 0.060879477765108325 0.7669523637400227 0.05209195553021665 0.7594496579247434 0.07357539566704675 0.7969411824401368 0.08450969669327252
0 0.7409815860889396 0.5715570969213227 0.8133499076396807 0.5819996716077537 0.8150311345496009 0.5702387582668187 0.7439245165336373 0.556417031927024 0.7409815860889396 0.5715570969213227
0 0.9885822143671608 0.6003492679589509 0.9915251448118586 0.5852092018244014 0.9641381619156214 0.5810954378563284 0.9641213831242873 0.5936287582668187 0.9885822143671608 0.6003492679589509
0 0.868262542759407 0.6355759042189282 0.9195979635119725 0.632865109464082 0.9143573888255416 0.5913588232611174 0.8614034139110605 0.5961728631698974 0.868262542759407 0.6355759042189282
0 0.9361365598631699 0.7375981892816419 0.9624369087799316 0.7348551995438997 0.9657191220068415 0.717969677309008 0.9354691505131129 0.7223612075256556 0.9361365598631699 0.7375981892816419
0 0.9564383511972634 0.765715102622577 0.957978889395667 0.7496991687571266 0.9370472303306728 0.7546954538198404 0.9364650410490308 0.7685816830102623 0.9564383511972634 0.765715102622577
0 0.7370699908779932 0.9962080763968073 0.7349948757126568 0.9788860592930445 0.6611197559863169 0.969963590649943 0.6584065302166476 0.9854777981755987 0.7370699908779932 0.9962080763968073
0 0.7405278700114025 0.9690835803876853 0.7385814857468643 0.9542028540478906 0.7104751436716077 0.9463216738882555 0.704732929304447 0.9618599270239453 0.7405278700114025 0.9690835803876853
0 0.3628279099201825 0.49744660547320413 0.4073516579247435 0.5048930114025085 0.42026473888255417 0.41978228164196124 0.3728449942987457 0.4147956750285063 0.3628279099201825 0.49744660547320413