0 0.203133834663626 0.19712012656784492 0.30590737628278225 0.16144091448118586 0.2739756339794755 0.07401571721778791 0.16678576966932726 0.10484128392246295 0.203133834663626 0.19712012656784492
0 0.8917959179019384 0.8126359418472064 0.8722428472063855 0.7572302143671609 0.760606417331813 0.79397003990878 0.7770379566704675 0.8465681003420752 0.8917959179019384 0.8126359418472064
0 0.7721764925883695 0.9353254196123147 0.7896704241733181 0.985505189281642 0.8442539954389966 0.9719392896237172 0.8256402177879133 0.9174090399087799 0.7721764925883695 0.9353254196123147
0 0.585905985176739 0.9207337548460662 0.5243306590649943 0.9370286898517675 0.5381762702394527 0.9743192337514254 0.5995979475484606 0.9550626556442418 0.585905985176739 0.9207337548460662
0 0.7440664059293045 0.9094767879133409 0.7269797822120867 0.8557239281641961 0.6766702462941847 0.8714284481185861 0.6991585872291903 0.9204749657924743 0.7440664059293045 0.9094767879133409
0 0.8853263500570125 0.7345691083238313 0.8640876123147092 0.6810338517673888 0.8047583637400229 0.7061217251995439 0.8257836145952109 0.7499407765108325 0.8853263500570125 0.7345691083238313
0 0.014186437856328393 0.7837863112884834 0.028412295324971495 0.8566948312428735 0.12971752793614594 0.8270335245153934 0.09825432155074115 0.7542210193842644 0.014186437856328393 0.7837863112884834
0 0.009405629418472065 0.6925630638540479 0.012157621436716077 0.7280567411630559 0.08678219954389967 0.6997921436716078 0.07131723489167617 0.6656672508551881 0.009405629418472065 0.6925630638540479
0 0.3203494047890536 0.6412207240592931 0.3041631220068415 0.6046474139110605 0.23465925541619156 0.628486385404789 0.2440960661345496 0.6610668392246295 0.3203494047890536 0.6412207240592931
0 0.35275460205245157 0.7149601995438997 0.3388701687571266 0.6996486818700114 0.27598174230330674 0.7249230843785633 0.27941504218928165 0.7393819646522235 0.35275460205245157 0.7149601995438997
0 0.7120537594070695 0.6616782257696693 0.7036005370581528 0.6478657662485746 0.6727337628278222 0.6601762041049031 0.6782222234891676 0.6741424754846066 0.7120537594070695 0.6616782257696693
0 0.860135716077537 0.6396621049030786 0.857051472063854 0.6261612690992018 0.7862049635119727 0.6471009122006842 0.7871430376282782 0.6593279486887115 0.860135716077537 0.6396621049030786
0 0.7011698175598632 0.6355198095781072 0.6968345131128848 0.620896976054732 0.661849740022805 0.6340162291904219 0.6686243625997719 0.6441615142531357 0.7011698175598632 0.6355198095781072
0 0.6963067377423033 0.6108264207525655 0.6926279988597491 0.5973567411630558 0.6574880969213227 0.6075159942987457 0.6602056339794755 0.6196622907639682 0.6963067377423033 0.6108264207525655
0 0.6892613169897377 0.5898116624857468 0.6814630980615736 0.5771524401368301 0.6675430444697833 0.5838213489167616 0.6713538027366021 0.5941376088939566 0.6892613169897377 0.5898116624857468
0 0 0.261530259977195 0.015407446978335234 0.2568533911060433 0 0.21893247548460662 0 0.261530259977195
0 0.41208318928164195 0.009161345496009122 0.4112831242873432 0.00521030330672748 0.3626623489167617 0.007758409350057013 0.3751939122006841 0.020005279361459523 0.41208318928164195 0.009161345496009122
0 0.5920161493728621 0.03893518700114025 0.579447992018244 0.003359823261117446 0.5586152120866591 0.008593236031927024 0.5697002862029646 0.044261970353477766 0.5920161493728621 0.03893518700114025