0 0.41837187457240593 0.8058421870011403 0.450825 0.796639062713797 0.4253187502850627 0.739639062713797 0.3915078129988597 0.7592328129988597 0.41837187457240593 0.8058421870011403
0 0.4039656248574686 0.9527968745724059 0.41926093728620295 0.921625 0.3772718745724059 0.8963906248574687 0.3535453124287343 0.9290468745724059 0.4039656248574686 0.9527968745724059
0 0.28295781299885975 0.7236078129988598 0.3203281254275941 0.7247953124287343 0.31380156214367166 0.6369203124287344 0.27524531242873435 0.6309828129988598 0.28295781299885975 0.7236078129988598
0 0.28948124971493727 0.8002015621436717 0.250925 0.7907015621436717 0.24262187457240592 0.8275156248574687 0.27643281299885974 0.8387953124287343 0.28948124971493727 0.8002015621436717
0 0.048059375142531356 0.5395437502850627 0.08302187457240594 0.5297468745724059 0.07771875028506271 0.4902624994298746 0.04094218700114025 0.4962 0.048059375142531356 0.5395437502850627
0 0.38101093728620294 0.5894187502850627 0.3458328129988597 0.6131703124287343 0.37074687457240596 0.6464203124287343 0.4057453124287343 0.6274187502850628 0.38101093728620294 0.5894187502850627
0 0.5500218745724059 0.7319203124287342 0.5249718745724059 0.7075765621436716 0.4959062497149373 0.7319203124287342 0.521414062713797 0.7627953124287343 0.5500218745724059 0.7319203124287342
0 0.47514531242873437 0.5852624994298746 0.5010968745724059 0.6134656248574687 0.5231937502850627 0.5935765621436716 0.4965 0.5603250000000001 0.47514531242873437 0.5852624994298746
0 0.7208093751425313 0.6384046875712657 0.6904687502850627 0.61495 0.661403125427594 0.6452312497149373 0.6916546875712656 0.6743265621436717 0.7208093751425313 0.6384046875712657
0 0.669114062713797 0.527075 0.646089062713797 0.4967937502850627 0.6192875005701254 0.5258874994298746 0.6430156248574687 0.5520124994298745 0.669114062713797 0.527075
0 0.6016125005701254 0.3382624994298746 0.6275921870011403 0.36735468757126566 0.661996874572406 0.32104218700114023 0.6305578129988597 0.30382343785632837 0.6016125005701254 0.3382624994298746
0 0.5927171870011403 0.2732453124287343 0.6252187502850627 0.2966984378563284 0.6602171870011403 0.24385468757126566 0.6258124994298746 0.22129218700114026 0.5927171870011403 0.2732453124287343
0 0.5706468745724059 0.08710312542759407 0.6050515621436716 0.11619687457240592 0.6347093751425313 0.06750937514253136 0.5931874994298746 0.04910312542759407 0.5706468745724059 0.08710312542759407
0 0.46996406271379704 0.2634484378563284 0.436589062713797 0.22901093728620295 0.4122687502850627 0.2539484378563284 0.44667343785632835 0.2889796875712657 0.46996406271379704 0.2634484378563284
0 0.40218593728620294 0.3519171870011402 0.42726718700114025 0.316885937286203 0.4069296875712657 0.2972937502850627 0.3808312497149373 0.32697968757126566 0.40218593728620294 0.3519171870011402
0 0.7474937502850627 0.8085156248574686 0.7136031254275941 0.7788265621436716 0.6898749999999999 0.8049515621436716 0.7177546875712657 0.8310765621436716 0.7474937502850627 0.8085156248574686
0 0.6436078129988598 0.8702640627137971 0.655875 0.8548265621436717 0.6252187502850627 0.8245468745724059 0.6145421870011402 0.8382015621436716 0.6436078129988598 0.8702640627137971
0 0.6234390627137971 0.8898593751425313 0.6371937502850628 0.87175 0.6014921870011403 0.8340468745724059 0.5902218745724059 0.8477015621436715 0.6234390627137971 0.8898593751425313
0 0.8648624994298746 0.3584484378563284 0.9182828129988597 0.38012031242873434 0.9342640627137971 0.3477624994298746 0.8820640627137971 0.3246046875712657 0.8648624994298746 0.3584484378563284
0 0.8518124994298746 0.7764515621436716 0.8702484378563284 0.7559671870011402 0.8411343751425313 0.7313265621436715 0.8251203124287343 0.7509203124287342 0.8518124994298746 0.7764515621436716
0 0.695214062713797 0.3323234378563284 0.672775 0.31421406271379704 0.649539062713797 0.3418234378563284 0.6756390627137969 0.3614171870011402 0.695214062713797 0.3323234378563284
0 0.8302203124287343 0.7274671870011403 0.8043593751425314 0.694514062713797 0.7812234378563284 0.7200453124287343 0.8079171870011402 0.7538890627137971 0.8302203124287343 0.7274671870011403
0 0.28117812542759407 0.31747968757126566 0.33653593728620296 0.2652296875712657 0.2877031254275941 0.22841718700114028 0.24321406271379703 0.27710468757126566 0.28117812542759407 0.31747968757126566