0 0.8911963169897377 0.8720584937286203 0.8812469429874572 0.908307732041049 0.9202791744583808 0.918694725199544 0.9282120136830102 0.8863278289623718 0.8911963169897377 0.8720584937286203
0 0.9337943466362599 0.7625269030786773 0.9151299190421893 0.7917940330672748 0.9498427822120866 0.8028937901938425 0.9636806727480046 0.7686620638540479 0.9337943466362599 0.7625269030786773
0 0.946115724059293 0.7378600775370582 0.9646243432155074 0.74499486659065 0.9755155997719499 0.6850797297605473 0.9632003614595211 0.6831291881413911 0.946115724059293 0.7378600775370582
0 0.8566530307867731 0.5233553694412771 0.8339857662485747 0.45392177194982897 0.7465414435575827 0.48350037856328393 0.7674082485746864 0.5554520729760547 0.8566530307867731 0.5233553694412771
0 0.7124707890535917 0.24694725541619156 0.7040745416191563 0.14054727023945268 0.6479630775370581 0.1582784275940707 0.6655831345496009 0.2507292850627138 0.7124707890535917 0.24694725541619156
0 0.042377832383124286 0.20105663169897375 0.07594867388825542 0.20076878791334093 0.07661323717217787 0.14343563169897378 0.05168568301026226 0.1422891755986317 0.042377832383124286 0.20105663169897375
0 0.10082575028506272 0.34480562713797036 0.09019510832383125 0.24365352793614595 0.033503109464082095 0.2570894264538198 0.01705231470923603 0.36095565792474343 0.10082575028506272 0.34480562713797036
0 0.689728558722919 0.691650558722919 0.679870661345496 0.6564658871151654 0.6501229965792474 0.6671643557582668 0.6558758141391106 0.7016988472063854 0.689728558722919 0.691650558722919
0 0.6359298825541619 0.6859297844925883 0.6258554218928165 0.6521124446978335 0.579037992018244 0.6643106408209806 0.592999425313569 0.7001452485746864 0.6359298825541619 0.6859297844925883
0 0.7229641664766249 0.8272014230330673 0.7108029486887115 0.788850259977195 0.6597325541619157 0.8101815256556442 0.6666363831242874 0.8462983683010262 0.7229641664766249 0.8272014230330673
0 0.739942456100342 0.897135605473204 0.7222232428734321 0.9027357822120867 0.7245191288483467 0.9325178551881415 0.7541202098061573 0.9316044253135689 0.739942456100342 0.897135605473204
0 0.5901092462941847 0.9840794503990878 0.623314086659065 0.9781318574686431 0.6102168779931585 0.9368307673888255 0.586877370581528 0.9513474515393386 0.5901092462941847 0.9840794503990878
0 0.5479074389965792 0.9759952919042189 0.5826185142531357 0.9870963477765108 0.5904811299885975 0.9463132873432155 0.5587915039908781 0.9426941927023945 0.5479074389965792 0.9759952919042189
0 0.6038312725199544 0.8531642656784493 0.5967111242873432 0.8184132109464082 0.5441331961231471 0.822694038768529 0.5419610980615736 0.8629767582668186 0.6038312725199544 0.8531642656784493
0 0 0.9051636681870011 0.040598572405929303 0.9110554960091221 0.053291831242873434 0.8486225051311288 0 0.8476150604332954 0 0.9051636681870011
0 0 0.9263227776510833 0.047145633979475486 0.9317057970353478 0.04650386659064994 0.9091891220068415 0 0.9056340935005701 0 0.9263227776510833
0 0.28015508779931586 0.8775491220068415 0.33374536716077535 0.8580170159635119 0.3282086248574686 0.8221182805017104 0.26756098403648804 0.841931078677309 0.28015508779931586 0.8775491220068415
0 0.45535945381984033 0.7189735450399088 0.44643754846066136 0.6867388015963513 0.4123666966932725 0.6981541755986317 0.4132950068415051 0.7277212269099201 0.45535945381984033 0.7189735450399088
0 0.6538268563283922 0.8936541071835804 0.6120828540478905 0.9048033591790194 0.6292000364880274 0.9732313523375143 0.6760295952109464 0.9584295621436716 0.6538268563283922 0.8936541071835804
0 0.7397119315849486 0.47664922006841504 0.7281080672748005 0.4341498004561003 0.6817808791334093 0.45906405473204104 0.693374141391106 0.4921316328392246 0.7397119315849486 0.47664922006841504