0 0.2504177993158495 0.9333385553021665 0.26432329190421894 0.9598749441277081 0.2987991151653364 0.9495659247434436 0.27518574002280505 0.9094717651083237 0.2504177993158495 0.9333385553021665
0 0.8214264891676168 0.7161337822120866 0.7898492805017103 0.7253523158494868 0.791224834663626 0.7519668973774231 0.8313494218928164 0.7408595872291904 0.8214264891676168 0.7161337822120866
0 0.8178017662485746 0.6182405017103763 0.764351646522235 0.6237665267958951 0.7521146043329533 0.7004920935005701 0.8149081881413911 0.6987321060433295 0.8178017662485746 0.6182405017103763
0 0.14943894868871152 0.38500456100342073 0.11829479703534777 0.39008789395667043 0.12952406499429875 0.48181887229190423 0.15335169441277083 0.4801425416191562 0.14943894868871152 0.38500456100342073
0 0.462828401368301 0.3023190923603193 0.4313960649942987 0.3101592816419612 0.442478110604333 0.3503299179019384 0.4703624982896237 0.3365441094640821 0.462828401368301 0.3023190923603193
0 0.566760007981756 0.2798095952109464 0.5344587765108324 0.29591674686431013 0.5501040900798175 0.3323878574686431 0.5797997160775371 0.31461327366020525 0.566760007981756 0.2798095952109464
0 0.3997401630558723 0.12155621436716077 0.37265341391106044 0.14099700114025085 0.4024203432155074 0.18870421322690992 0.4342167833523375 0.16418571835803875 0.3997401630558723 0.12155621436716077
0 0.4926604982896237 0.018485652223489166 0.46180795667046753 0.04728249828962372 0.48194308437856326 0.0675089315849487 0.5120716020524515 0.04560070467502851 0.4926604982896237 0.018485652223489166
0 0.6810461140250854 0.11908151083238312 0.7347139122006842 0.09825536031927024 0.7244295039908779 0.06373970353477765 0.6681543842645382 0.0828998141391106 0.6810461140250854 0.11908151083238312
0 0.2256461174458381 0.9042649418472064 0.21275267046750285 0.8680846339794754 0.1804514401368301 0.8841917856328392 0.18950548118586089 0.9171845530216648 0.2256461174458381 0.9042649418472064
0 0.20050964082098063 0.7859989657924744 0.1998609407069555 0.831902937286203 0.2323789384264538 0.8269624287343215 0.23360989965792472 0.7755485108323831 0.20050964082098063 0.7859989657924744
0 0.10720542645381985 0.05876842417331812 0.07301934321550742 0.06632075370581528 0.0831595245153934 0.12868168415051312 0.11915684606613454 0.11714058152793615 0.10720542645381985 0.05876842417331812
0 0.8233768745724059 0.4990217286202965 0.8566204503990877 0.4871927651083238 0.8490863534777651 0.45296775028506275 0.809685952109464 0.45718488939566704 0.8233768745724059 0.4990217286202965
0 0.45262813112884837 0.7567768164196123 0.46725872063854046 0.7499562656784492 0.4353887787913341 0.6825258711516534 0.41894850513112886 0.6933353614595211 0.45262813112884837 0.7567768164196123
0 0.4672582405929305 0.7234877810718358 0.4873928871151653 0.7172457309007981 0.4670394378563284 0.6858524903078677 0.4507440342075257 0.6952836339794755 0.4672582405929305 0.7234877810718358