0 0 0.6920218095781072 0.09903302166476625 0.7135356510832382 0.1137051961231471 0.6679375849486887 0.0022595883694412774 0.6434682018244013 0 0.6523586830102622 0 0.6920218095781072
0 0.575070818700114 0.11323190877993158 0.4440913876852908 0.09013670125427593 0.4342406465222349 0.13231695096921323 0.566690889395667 0.1539183055872292 0.575070818700114 0.11323190877993158
0 0.4770383911060433 0.2007524526795895 0.42795445267958954 0.18848334663625996 0.41575635233751423 0.2320266898517674 0.47302934093500565 0.24401352223489167 0.4770383911060433 0.2007524526795895
0 0.40084699429874576 0.39692570581527936 0.39838105929304446 0.431426330672748 0.4817201870011403 0.43407418244013685 0.4793702919042189 0.40294159179019384 0.40084699429874576 0.39692570581527936
0 0.289889755986317 0.6158830763968073 0.2776926818700114 0.657701961231471 0.3699786659064994 0.6745757924743444 0.3750543409350057 0.6321041231470924 0.289889755986317 0.6158830763968073
0 0.487466527936146 0.6681881163055873 0.4127573215507412 0.650799259977195 0.40106281185860887 0.7000257651083238 0.4806017753705815 0.7139586077537058 0.487466527936146 0.6681881163055873
0 0.7766725496009123 0.8402503511972633 0.7269689942987457 0.8314862736602053 0.7161139657924744 0.8759518494868872 0.7690153204104903 0.8870869270239453 0.7766725496009123 0.8402503511972633
0 1 0.3489944583808438 0.9648259236031927 0.34419762485746863 0.961602897377423 0.3693148517673888 1 0.37838148574686425 1 0.3489944583808438
0 0.818479228050171 0.6783678335233752 0.7425338631698973 0.6679895769669327 0.7339357594070696 0.7253000193842646 0.8118598711516534 0.7398429646522234 0.818479228050171 0.6783678335233752
0 0.6084798563283923 0.7136201995438997 0.5704708939566705 0.7069181938426454 0.5653936784492588 0.7493895940706955 0.6062914013683011 0.7602152497149373 0.6084798563283923 0.7136201995438997
0 0.6131942018244013 0.3825687970353478 0.5950258711516533 0.46851016761687575 0.6813932656784493 0.48132901824401364 0.7031774549600913 0.4073551607753706 0.6131942018244013 0.3825687970353478
0 0.8781647309007983 0.26124032041049033 0.8813592029646522 0.25337237742303304 0.8295578244013683 0.23941829418472063 0.8281802052451539 0.252360062713797 0.8781647309007983 0.26124032041049033
0 0.8830057160775371 0.23378572633979475 0.8826572155074116 0.21866581641961233 0.8339171847206386 0.21127586773090082 0.8316280364880274 0.2276775393386545 0.8830057160775371 0.23378572633979475
0 0.8887407423033067 0.20468004675028506 0.8947196259977196 0.19127873660205244 0.8461506636259977 0.17608905929304447 0.836774905359179 0.19335928620296466 0.8887407423033067 0.20468004675028506
0 0.6887079156214367 0.11158666476624857 0.6913543568985177 0.1000062189281642 0.6565447309007981 0.09567548460661345 0.6495739589509693 0.10615390079817559 0.6887079156214367 0.11158666476624857