0 0.4432121197263398 0.24627574458380844 0.40783901254275945 0.23741109806157354 0.3761468380843786 0.320209763968073 0.4086359156214367 0.32828395553021666 0.4432121197263398 0.24627574458380844
0 0.4607173865450399 0.3561692633979475 0.5064807240592931 0.25416625769669327 0.4657049566704675 0.24370794070695553 0.43005306613454963 0.34595195895096925 0.4607173865450399 0.3561692633979475
0 0.5320799064994298 0.28951314139110607 0.5161928129988598 0.2769974697833523 0.48282405131128847 0.35955606385404787 0.5039496476624857 0.3689198084378563 0.5320799064994298 0.28951314139110607
0 0.5670781356898518 0.23660324059293045 0.5778715028506272 0.20533250741163056 0.5428638460661346 0.18991986887115164 0.5328503614595211 0.2265103740022805 0.5670781356898518 0.23660324059293045
0 0.5832572223489167 0.30851990763968073 0.5533106191562144 0.30184221208665907 0.5160707571265679 0.3756258722919042 0.5524497263397947 0.39247590421892814 0.5832572223489167 0.30851990763968073
0 0.4254882576966933 0.7768456316989738 0.3759649122006841 0.8902680649942987 0.4280317708095781 0.9128100022805017 0.478999244013683 0.7945826795895097 0.4254882576966933 0.7768456316989738
0 0.4495390490307868 0.9209706316989738 0.4014322291904219 0.9048256374002281 0.38564907183580394 0.9463705199543899 0.4405139749144812 0.9640618517673889 0.4495390490307868 0.9209706316989738
0 0.6458397879133408 0.9604563876852907 0.6298390547320409 0.9957706921322691 0.6886016738882554 0.9937186567844926 0.6950297229190422 0.9735914355758267 0.6458397879133408 0.9604563876852907
0 0.4514770399087799 0.6701861619156214 0.4098384503990878 0.6520329578107183 0.3636474971493729 0.7279115336374002 0.4167572907639681 0.74803903990878 0.4514770399087799 0.6701861619156214
0 0.3409603534777651 0.6877100638540479 0.395669740022805 0.6887701299885975 0.3980159179019384 0.6402665142531357 0.34824640250855193 0.6411133363740023 0.3409603534777651 0.6877100638540479
0 0.51584503990878 0.4712857742303307 0.485407094640821 0.46759579475484603 0.46383510604332956 0.5135016111744584 0.5026600775370582 0.5234339395667047 0.51584503990878 0.4712857742303307
0 0.3707064868871152 0.41634725655644245 0.34681814937286204 0.41302423603192706 0.3202001835803877 0.48465307525655643 0.3473392713797035 0.4905376431014823 0.3707064868871152 0.41634725655644245
0 0.2732290193842645 0.5350105210946409 0.24202437514253136 0.5093651744583808 0.22435588483466362 0.5480053340935006 0.2536953945267959 0.565101189281642 0.2732290193842645 0.5350105210946409
0 0.15388600912200684 0.6401786602052452 0.136605251995439 0.6728641596351197 0.18174698631698974 0.6995080923603193 0.201053094640821 0.6634842485746864 0.15388600912200684 0.6401786602052452
0 0.08902178905359179 0.5865956841505132 0.0651484732041049 0.6177290661345496 0.11496010832383124 0.6486673249714938 0.12971685860889395 0.6130994059293045 0.08902178905359179 0.5865956841505132
0 0.02477017103762828 0.533586992018244 0.008269297605473205 0.5715922656784492 0.041474506271379705 0.5864737366020524 0.056612621436716075 0.561289457240593 0.02477017103762828 0.533586992018244
0 0.08586079019384264 0.3769845621436716 0.04186936830102623 0.35950763169897376 0.02513899543899658 0.39098568871151657 0.07005143329532497 0.41021279247434433 0.08586079019384264 0.3769845621436716
0 0 0.38857029076396804 0.011791948688711515 0.40066051311288486 0.03185996921322691 0.3622336157354618 0 0.343117259977195 0 0.38857029076396804
0 0 0.23389212542759405 0.02412310148232611 0.24338435347776513 0.050760107183580386 0.18868704104903078 0.010577728620296467 0.1782080022805017 0 0.2072867913340935 0 0.23389212542759405
0 0 0.13204001938426455 0.024077876852907642 0.14001045952109464 0.03431002394526796 0.10905481755986317 0.0035006522234891676 0.09468379475484608 0 0.10777506841505131 0 0.13204001938426455
0 0.013933970353477765 0.8720166442417332 0.022606462941847205 0.8800313614595211 0.03958963511972634 0.8218110034207525 0.01150954503990878 0.8025902132269099 0.013933970353477765 0.8720166442417332
0 0.7651662485746864 0.24216220182440137 0.752611874572406 0.27408854047890535 0.788276353477765 0.28086518472063854 0.7999236841505131 0.250454236031927 0.7651662485746864 0.24216220182440137
0 0.8498501664766248 0.21662872063854047 0.8575108198403648 0.18071448916761687 0.831697212086659 0.17329835461801596 0.8179975074116306 0.206452913340935 0.8498501664766248 0.21662872063854047
0 0.9605537559863171 0.44268574116305587 0.9258170410490308 0.43498709464082097 0.9101582143671608 0.4800923078677309 0.9453321379703534 0.49104330102622573 0.9605537559863171 0.44268574116305587