0 0.09956079247434435 0.5970938950969213 0.0939454709236032 0.5590895575826682 0.059944505131128846 0.5662393215507412 0.06597541277080958 0.6028997662485748 0.09956079247434435 0.5970938950969213
0 0.2573716214367161 0.7621432645381984 0.2417753717217788 0.7292211835803877 0.20903065222348918 0.7424316259977195 0.2224473329532497 0.7764224994298746 0.2573716214367161 0.7621432645381984
0 0.26899009007981756 0.7179062964652224 0.28232373888255413 0.7494399578107183 0.3387356123147092 0.7348071448118586 0.3244700592930445 0.703706409350057 0.26899009007981756 0.7179062964652224
0 0.16860124515393388 0.9729162850627138 0.22199761231470921 0.9620945290763968 0.20987937286202965 0.9405124789053592 0.16176906841505131 0.9556331790193843 0.16860124515393388 0.9729162850627138
0 0.6378135746864311 1 0.6388982383124288 0.9997590752565565 0.6297000421892817 0.9754571117445837 0.5838152006841506 0.9889844595210947 0.5884686066134549 1 0.6378135746864311 1
0 0.8852564846066135 0.8135031014823262 0.9185654367160776 0.8074863979475485 0.9080615245153933 0.7708408483466362 0.8763277514253136 0.7827328209806157 0.8852564846066135 0.8135031014823262
0 0.8157433911060433 0.7496642098061573 0.8036460296465222 0.7176426909920183 0.778566196123147 0.7249753683010263 0.7916597571265679 0.7592532337514253 0.8157433911060433 0.7496642098061573
0 0.8869246282782212 0.5355784025085519 0.8832616875712657 0.5025083147092361 0.8245930501710376 0.5122618084378563 0.8334893899657925 0.5468265176738882 0.8869246282782212 0.5355784025085519
0 0.8590075872291905 0.3300898882554162 0.8117963215507412 0.37240335917901934 0.841566968072976 0.4000171835803877 0.8851059657924744 0.36561532155074117 0.8590075872291905 0.3300898882554162
0 1 0.14763430672748007 0.9735256761687571 0.1656450353477765 0.9993270273660205 0.19434674002280503 1 0.19373052337514252 1 0.14763430672748007
0 0.5744929007981756 0.31889394526795894 0.5588966510832383 0.2859718654503991 0.5310389657924743 0.2978233808437856 0.5500379019384265 0.33272769441277084 0.5744929007981756 0.31889394526795894
0 0.505816078677309 0.34087168529076395 0.4891403443557583 0.30666312542759405 0.43990674344355757 0.32438645153933865 0.46095225997719497 0.359759984036488 0.505816078677309 0.34087168529076395
0 0.3478911527936146 0.374689433295325 0.3442798244013683 0.3410294116305587 0.3060624572405929 0.3418548141391106 0.3086046510832383 0.3741100592930445 0.3478911527936146 0.374689433295325
0 0.2635649395667047 0.4256651482326112 0.25697335917901937 0.38519446294184717 0.22968423033067273 0.39054736602052453 0.23204386202964652 0.43170181299885974 0.2635649395667047 0.4256651482326112
0 0.19605278449258837 0.4888308152793615 0.1905637605473204 0.4561954150513113 0.150185732041049 0.45444928050171035 0.1539755336374002 0.4963060490307868 0.19605278449258837 0.4888308152793615
0 0.6393074047890536 0.6544385005701253 0.6602985518814138 0.6461520923603192 0.6419668244013683 0.6104340843785633 0.6238146522234892 0.6203334378563283 0.6393074047890536 0.6544385005701253
0 0.3477556499429874 0.5056760672748004 0.34038264196123147 0.4877621744583808 0.30874228848346635 0.5053809555302167 0.31387956214367163 0.5181930775370581 0.3477556499429874 0.5056760672748004