0 0.6701736807297605 0.356797637400228 0.7037083956670467 0.3425502314709236 0.6934349190421892 0.28077263511972633 0.6543104789053592 0.2817213158494869 0.6701736807297605 0.356797637400228
0 0.8459969783352338 0.3254564789053592 0.8927310535917902 0.3126653158494869 0.8865389395667046 0.2666727206385405 0.8324380228050171 0.27551502394526795 0.8459969783352338 0.3254564789053592
0 0.9367165940706955 0.24352236145952108 0.9465469247434436 0.2904509475484607 0.9845495324971494 0.27946231470923605 0.981277409350057 0.2326687662485747 0.9367165940706955 0.24352236145952108
0 0.86793517331813 0.8435366020524516 0.8972747833523376 0.8885057673888256 0.9125690045610034 0.8773163272519955 0.8803062850627137 0.833148331812999 0.86793517331813 0.8435366020524516
0 0.9234946567844926 0.871792298745724 0.9353976088939566 0.8632207981755986 0.903012086659065 0.8172742246294185 0.8916383181299886 0.8284855541619156 0.9234946567844926 0.871792298745724
0 0.8973781915621437 0.9325433272519955 0.9161334982896236 0.9708721413911061 0.9635318175598633 0.9675577274800456 0.9241598426453821 0.9068625769669327 0.8973781915621437 0.9325433272519955
0 0.8458502565564423 0.9534073090079818 0.8616259749144812 0.9746836784492589 0.8972234241733181 0.9721944618015964 0.8774007525655644 0.9363195199543899 0.8458502565564423 0.9534073090079818
0 0.10874771379703535 0.8847201641961232 0.024925693272519953 0.8739144082098063 0.030144350057012544 0.9485446681870012 0.1038111448118586 0.9588685815279361 0.10874771379703535 0.8847201641961232
0 0.02902941961231471 0.7153042793614596 0.0661608244013683 0.7013990011402509 0.06421001368301026 0.6479658597491449 0.023451741163055873 0.6570655553021665 0.02902941961231471 0.7153042793614596
0 0.07582614937286203 0.856665503990878 0.10958446636259978 0.8626392565564425 0.1134106510832383 0.8236821448118586 0.07695123489167617 0.8220652371721779 0.07582614937286203 0.856665503990878
0 0.13243942645381984 0.8318747217787913 0.1317419897377423 0.8729938494868871 0.16941171835803875 0.86678696009122 0.17534637514253137 0.8324471413911061 0.13243942645381984 0.8318747217787913
0 0.2098031322690992 0.23542831470923603 0.22246728620296466 0.22918595096921324 0.22166216647662484 0.20067109122006843 0.20688029418472065 0.20319430558722917 0.2098031322690992 0.23542831470923603
0 0.22956653591790194 0.26261591676168755 0.24484529532497148 0.25976192246294183 0.23851241391106043 0.19473277309007983 0.22884317331812998 0.19808731242873434 0.22956653591790194 0.26261591676168755
0 0.24757821094640822 0.18814683352337513 0.25121303420752567 0.27419664310148234 0.26463360433295324 0.27028218700114026 0.2573066944127708 0.19103775028506273 0.24757821094640822 0.18814683352337513
0 0.2698830604332953 0.2687247080957811 0.28541188597491446 0.26942442645381987 0.2792281641961232 0.18950485176738882 0.2659719236031927 0.1928126180159635 0.2698830604332953 0.2687247080957811
0 0.28709534207525655 0.19133552451539337 0.2913489327251995 0.26067646978335235 0.30467265564424173 0.2639111835803877 0.30317505245153936 0.19140152223489168 0.28709534207525655 0.19133552451539337
0 0.18623006499429876 0.0430399771949829 0.15717448574686432 0.061737337514253136 0.1812770935005701 0.09993031128848348 0.21316191448118585 0.07597591220068416 0.18623006499429876 0.0430399771949829