0 0.4735104937286203 0.9250767194982896 0.4861126088939567 0.8934988996579247 0.4501366784492588 0.8757636784492588 0.4410730729760547 0.9092385940706955 0.4735104937286203 0.9250767194982896
0 0.3119459350057013 0.970408542759407 0.3448750068415051 0.9300360900798176 0.3013264857468643 0.8924825267958951 0.2686002451539338 0.9325455028506271 0.3119459350057013 0.970408542759407
0 0.3830317981755986 0.5926986830102623 0.3463747502850627 0.5506220011402508 0.32279995895096925 0.5768292257696693 0.3560304264538198 0.6122479920182441 0.3830317981755986 0.5926986830102623
0 0.06554178905359179 0.5076670433295325 0.09075848460661345 0.5354791698973774 0.11261973660205246 0.5105508757126568 0.08135406157354617 0.48067750513112883 0.06554178905359179 0.5076670433295325
0 0.3380010114025086 0.2888561938426454 0.3577080387685291 0.2682027537058153 0.31453901368301024 0.21517061687571265 0.2953576944127708 0.236391070695553 0.3380010114025086 0.2888561938426454
0 0.4178863489167617 0.4190412326111745 0.4577666043329533 0.3866299555302167 0.4177439441277081 0.33699874914481187 0.37958370353477766 0.38180887571265676 0.4178863489167617 0.4190412326111745
0 0.589225181299886 0.8209091721778792 0.6050945598631698 0.8176992337514253 0.6050133432155075 0.7481394047890536 0.5857497525655645 0.746473425313569 0.589225181299886 0.8209091721778792
0 0.8698700376282783 0.6789643249714937 0.9127728768529076 0.6588773728620296 0.9038320501710376 0.6242666157354617 0.8557141448118587 0.6458144435575827 0.8698700376282783 0.6789643249714937
0 0.9020739509692133 0.692735274800456 0.8986142383124288 0.6947002850627139 0.8809961641961231 0.709893165336374 0.890936417331813 0.7408841550741163 0.9184059635119727 0.7210130273660206 0.9020739509692133 0.692735274800456
0 0.6835272269099202 0.6821899247434436 0.7170120752565564 0.675082409350057 0.7034568187001141 0.6430933101482327 0.673191503990878 0.6473549885974914 0.6835272269099202 0.6821899247434436
0 0.6537185701254277 0.7027782041049031 0.6629431493728621 0.7314284412770811 0.6856092166476624 0.7219166556442417 0.6762250478905358 0.6882209806157354 0.6537185701254277 0.7027782041049031
0 0.7916814264538199 0.6717652839224629 0.7594740319270239 0.6805879806157356 0.7655652120866592 0.7102942793614595 0.7981293318129988 0.7041284298745724 0.7916814264538199 0.6717652839224629
0 0.9449421368301026 0.513306763968073 0.9265858403648802 0.4803785815279361 0.8981891721778792 0.48751515393386546 0.9168485803876852 0.5326160296465222 0.9449421368301026 0.513306763968073
0 0.9658777947548461 0.7767924868871152 0.9531960216647662 0.7388103968072977 0.9225534675028506 0.748442929304447 0.936071740022805 0.7860854640820981 0.9658777947548461 0.7767924868871152