0 0.5909248164196124 0.08900108209806158 0.5538654458380844 0.09283974572405929 0.5530972941847206 0.12777664196123148 0.591191282782212 0.12460118700114024 0.5909248164196124 0.08900108209806158
0 0.7822083363740023 0.19865938540478903 0.744906503990878 0.2059101265678449 0.753087952109464 0.2417847126567845 0.7871359988597492 0.23335344469783353 0.7822083363740023 0.19865938540478903
0 0.6539331516533637 0.35713935461801594 0.6253000604332953 0.3716458950969213 0.6377615518814139 0.4170842109464082 0.6722624720638541 0.4109827742303307 0.6539331516533637 0.35713935461801594
0 0.2225607582668187 0.5153145872291904 0.1760514116305587 0.5296524150513113 0.18738567388825542 0.5584086955530216 0.2255151425313569 0.5491840798175599 0.2225607582668187 0.5153145872291904
0 0.07887450171037629 0.8683455153933864 0.12051043785632838 0.8693889236031926 0.12123478449258837 0.8311067354618017 0.08163553363740023 0.8327617867730901 0.07887450171037629 0.8683455153933864
0 0.37008461345496013 0.8915055210946408 0.33393101026225774 0.9031157023945268 0.33171188369441273 0.9025904196123147 0.3378237343215507 0.934033164196123 0.3793354230330673 0.9235462485746865 0.37008461345496013 0.8915055210946408
0 0.35386612656784494 0.7442859407069555 0.4002029144811859 0.7321639372862029 0.3930556476624858 0.6985061881413911 0.3484016339794755 0.7083941824401369 0.35386612656784494 0.7442859407069555
0 0.9699656909920182 0.6884894002280502 0.9353781710376282 0.7019328791334094 0.9460921117445839 0.7305932599771949 0.9809835324971493 0.7171655199543899 0.9699656909920182 0.6884894002280502
0 0.9459671402508553 0.7735230330672748 0.919128984036488 0.7957078437856329 0.9413915233751425 0.8215455997719499 0.9673476864310149 0.802602708095781 0.9459671402508553 0.7735230330672748
0 0.7246211619156214 0.7923760969213226 0.6783772029646523 0.808071031927024 0.683234220068415 0.8221752805017104 0.7297667263397947 0.8095042827822121 0.7246211619156214 0.7923760969213226
0 0.7318378563283923 0.8139358244013684 0.685947724059293 0.8283474823261118 0.6932672656784493 0.8395615701254275 0.7359804150513113 0.8228004424173319 0.7318378563283923 0.8139358244013684
0 0.7336929167616875 0.8359344766248575 0.6956063489167618 0.8500310433295325 0.7001428460661345 0.8593746054732041 0.7399248164196124 0.8462043740022804 0.7336929167616875 0.8359344766248575
0 0.7628597137970353 0.8677299236031927 0.7252960171037628 0.8814128722919042 0.7329030068415051 0.8940975678449259 0.7694296590649943 0.8797471094640822 0.7628597137970353 0.8677299236031927
0 0.7709618141391106 0.8969728072976055 0.7668380604332953 0.885084993158495 0.7364778677309007 0.900049811858609 0.7411878278221208 0.9118252702394526 0.7709618141391106 0.8969728072976055
0 0.3771683694412771 0.453406322690992 0.3870016043329532 0.48999924287343216 0.42071160433295324 0.4798206875712657 0.410893094640821 0.4448675872291904 0.3771683694412771 0.453406322690992
0 0.8661382884834664 0.3130511824401368 0.8731215997719498 0.3489772029646522 0.9213856545039908 0.3389907582668187 0.917169566704675 0.30174211288483466 0.8661382884834664 0.3130511824401368
0 0.34602149714937286 0.33984581299885974 0.3510573078677309 0.3797556909920183 0.38988137628278224 0.37100092246294186 0.3865235051311288 0.32572860547320415 0.34602149714937286 0.33984581299885974