0 0.5140061995438997 1 0.5478055735461801 0.9945808084378563 0.5497492212086659 0.9811784139110604 0.45864018472063856 0.984586905359179 0.4593860820980616 1 0.5140061995438997 1
0 0.5771555017103762 0.7707747993158496 0.5770016909920183 0.7402771562143672 0.5194220353477765 0.7341833033067274 0.5117755701254276 0.7669122554161916 0.5771555017103762 0.7707747993158496
0 0.34812174686431013 0.4596192485746864 0.35335078791334096 0.390162708095781 0.31508806955530216 0.3854751949828963 0.308645724059293 0.45967904903078677 0.34812174686431013 0.4596192485746864
0 0 0.4158138848346636 0.02476457810718358 0.4131552383124288 0.025870669327251995 0.37831543671607754 0 0.38009030444697833 0 0.4158138848346636
0 0.08071091790193842 0.4254348745724059 0.11201746408209806 0.42218912428734323 0.1110967149372862 0.3708420387685291 0.07949879703534778 0.36684273432155073 0.08071091790193842 0.4254348745724059
0 0.2018234424173318 0.5104933591790194 0.2410909007981756 0.5038757217787914 0.23548115849486886 0.4679320832383124 0.1952042816419612 0.47121349714937283 0.2018234424173318 0.5104933591790194
0 0.21822835917901937 0.24459494982896238 0.22027590421892818 0.28563098061573544 0.26013287571265675 0.27894253363740024 0.2569652497149373 0.24096423375142534 0.21822835917901937 0.24459494982896238
0 0.21181815165336373 0.2459802337514253 0.2076924937286203 0.21237944355758268 0.17649228278221207 0.2140552212086659 0.16195292246294185 0.24911029418472064 0.21181815165336373 0.2459802337514253
0 0.07165067958950969 0.2883217069555302 0.14818177194982896 0.28311390763968075 0.14769557126567848 0.26941007753705815 0.06630516533637401 0.2740181083238313 0.07165067958950969 0.2883217069555302
0 0 0.2918660045610034 0.04226727023945268 0.2877420741163056 0.03806049714937286 0.2705327240592931 0 0.2747493363740023 0 0.2918660045610034
0 0.07746053021664766 0.08715324743443557 0.13805780729760547 0.09347636602052452 0.14093306727480046 0.05600603762827822 0.07892822919042189 0.05525851767388826 0.07746053021664766 0.08715324743443557
0 0.1903418597491448 0.06132583694412771 0.19664986088939568 0.034748039908779935 0.15598648460661346 0.03974087457240593 0.16004103192702396 0.058146442417331815 0.1903418597491448 0.06132583694412771
0 0.44200538654503996 0.020850948688711516 0.4330211915621437 0.05486500684150513 0.4762902839224629 0.07109405017103763 0.48587406043329534 0.032219126567844925 0.44200538654503996 0.020850948688711516
0 0.5486014982896237 0.07537909464082099 0.5384802485746865 0.1244927126567845 0.5696850330672748 0.13502141049030786 0.5837970855188142 0.0794341197263398 0.5486014982896237 0.07537909464082099
0 0.5118577309007981 0.17563085746864313 0.5038246590649943 0.2125191778791334 0.5373853797035347 0.22276017787913344 0.5420374811858609 0.1826961607753706 0.5118577309007981 0.17563085746864313
0 0.6414802485746864 0.20818430672748006 0.6538556704675028 0.17255744127708095 0.6082203010262258 0.1565575450399088 0.5995329714937286 0.19298938426453818 0.6414802485746864 0.20818430672748006
0 0.6730164583808439 0.4065618745724059 0.6762004697833524 0.3642852793614595 0.6304243557582668 0.3593191550741163 0.6284742953249716 0.3994654275940707 0.6730164583808439 0.4065618745724059
0 0.6993681049030787 0.1729528802736602 0.7346242474344356 0.18238592474344356 0.7528201630558723 0.11133882554161915 0.7126321573546179 0.10071513797035347 0.6993681049030787 0.1729528802736602
0 0.11010089167616875 0.21658389509692133 0.11680247776510833 0.25166302736602053 0.14707509578107184 0.24974064310148233 0.14324189623717218 0.21364971379703535 0.11010089167616875 0.21658389509692133
0 0.4437401071835804 0.85836348004561 0.5158667445838084 0.8465163979475485 0.5129508859749145 0.8325126830102623 0.44053636031927024 0.8420022770809579 0.4437401071835804 0.85836348004561
0 0.797741558722919 0.8669559156214367 0.8007396442417332 0.842653141391106 0.7832148893956671 0.8412140832383124 0.777125654503991 0.864701558722919 0.797741558722919 0.8669559156214367
0 0.774117125427594 0.8937912862029647 0.7962841140250856 0.8940621425313569 0.797224323831243 0.8700513990877993 0.7799171117445838 0.8679480649942988 0.774117125427594 0.8937912862029647
0 0.9147640091220068 0.28532784834663627 0.8237803477765109 0.2653845005701254 0.8169034766248575 0.27759799315849487 0.9046319281641961 0.3051211117445838 0.9147640091220068 0.28532784834663627
0 0.22383643215507412 0.6166944458380844 0.22377393842645382 0.5772093078677308 0.18260230216647663 0.578075511972634 0.1861299315849487 0.6165369749144812 0.22383643215507412 0.6166944458380844
0 0.41716633409350057 0.6468094925883695 0.41768446180159635 0.6120403101482327 0.38518142075256556 0.6128622485746864 0.3863885575826682 0.6446048643101482 0.41716633409350057 0.6468094925883695
0 0.058093729760547316 0.9769206590649943 0.09513873660205245 0.9765627149372862 0.08806587799315849 0.9092148677309008 0.04760032155074117 0.9109467867730902 0.058093729760547316 0.9769206590649943
0 0.7317294766248575 0.19291405929304448 0.724988621436716 0.2110945142531357 0.794430961231471 0.22611860889395666 0.7998122964652223 0.2114818141391106 0.7317294766248575 0.19291405929304448
0 0.7044758403648803 0.19506396579247434 0.7206667810718358 0.20025605131128849 0.7275745541619156 0.1858710433295325 0.7094382770809579 0.18188754618015962 0.7044758403648803 0.19506396579247434
0 0.8673207035347776 0.6346211254275941 0.8695640444697833 0.6187875210946407 0.8539519828962372 0.6183100319270239 0.8486710798175598 0.6313287765108324 0.8673207035347776 0.6346211254275941
0 0.8507594572405929 0.6653764914481185 0.8690285096921323 0.6631333340935006 0.8692852474344356 0.6457490273660206 0.8492482223489168 0.6482092645381984 0.8507594572405929 0.6653764914481185
0 0.48299225997719497 0.27670991334093503 0.48540063169897374 0.21837219156214369 0.4446046681870011 0.21254113112884834 0.43896861345496013 0.2689515929304447 0.48299225997719497 0.27670991334093503