0 0.45846887913340933 0.6367240171037628 0.4564081915621437 0.588781692132269 0.3839148232611175 0.5799104629418472 0.38501760889395664 0.6322682531356899 0.45846887913340933 0.6367240171037628
0 0.45687049600912205 0.4853605290763968 0.46023104561003425 0.44663754275940704 0.3552273055872292 0.44166942189281644 0.3601802565564424 0.4780330832383124 0.45687049600912205 0.4853605290763968
0 0.4740660592930445 0.40890125085518814 0.4677445963511973 0.3732683911060433 0.4311558700114025 0.37796425085518814 0.4377621755986317 0.4103948631698974 0.4740660592930445 0.40890125085518814
0 0.5308903112884834 0.4087321277080958 0.5310764207525656 0.3754603204104903 0.5029077035347777 0.3736853660205245 0.504833709236032 0.4100436841505131 0.5308903112884834 0.4087321277080958
0 0.7945591277080958 0.5049234264538198 0.7850971710376282 0.4686928825541619 0.7280296579247434 0.47072228848346637 0.736738716077537 0.510858881413911 0.7945591277080958 0.5049234264538198
0 0.3312652462941847 0.5828941071835804 0.33051748004561005 0.5292591755986317 0.2923099007981756 0.5318502554161916 0.29390151881413906 0.5851588015963511 0.3312652462941847 0.5828941071835804
0 0.11626191676168758 0.5503599954389965 0.12035254389965792 0.5060576966932725 0.08146580387685291 0.5051547970353478 0.08101562713797035 0.5495150946408209 0.11626191676168758 0.5503599954389965
0 0.2284322132269099 0.7104433899657925 0.2373491881413911 0.656741228050171 0.19184247776510835 0.6528990376282782 0.18250198631698972 0.70286651995439 0.2284322132269099 0.7104433899657925
0 0.2798313158494869 0.7850520627137971 0.2787436716077537 0.7296686066134549 0.2375601094640821 0.7231730843785633 0.23393475598631697 0.7807683340935005 0.2798313158494869 0.7850520627137971
0 0.21314886431014823 0.8403128449258838 0.22473831698973776 0.7879042029646522 0.15854320752565565 0.7772054469783353 0.1505050832383124 0.8323253397947549 0.21314886431014823 0.8403128449258838
0 0.08825593500570125 0.8108092884834663 0.05218461915621437 0.8166111151653364 0.058537663625997716 0.8492946989737743 0.09435234663625996 0.8452761664766248 0.08825593500570125 0.8108092884834663
0 0.4399554709236032 0.74063282668187 0.4472319931584949 0.7096087765108324 0.39115449714937284 0.7011726214367161 0.38858764880273655 0.73620765336374 0.4399554709236032 0.74063282668187
0 0.33434068871151656 0.65783096009122 0.3368396556442418 0.6271307115165337 0.2945861345496009 0.6244659794754845 0.29524000114025084 0.6573914618015964 0.33434068871151656 0.65783096009122
0 0.5350905655644241 0.8442033899657925 0.5437645769669327 0.7923630444697833 0.4946018289623717 0.7759356727480046 0.48358262029646526 0.83282565336374 0.5350905655644241 0.8442033899657925
0 0.4822613363740023 0.8587016180159636 0.47438376282782213 0.8928652246294185 0.5134304332953249 0.9070296978335234 0.524141330672748 0.8656682223489167 0.4822613363740023 0.8587016180159636
0 0.7197010661345495 0.9599929258836944 0.7312852976054732 0.9293396773090079 0.6724744834663626 0.9099535689851767 0.6626653500570125 0.9466271619156214 0.7197010661345495 0.9599929258836944