0 0.08353218129988597 0.16042228050171037 0.11624446636259977 0.05454834207525656 0.0339931755986317 0.06757566704675029 0.010220437856328392 0.14498191676168756 0.08353218129988597 0.16042228050171037
0 0.34642575826681865 0.29973211174458386 0.3574644321550741 0.297382606613455 0.3334221436716078 0.2176305188141391 0.3205334218928165 0.2241805245153934 0.34642575826681865 0.29973211174458386
0 0.41170642645381983 0.24550863397947548 0.4429573876852908 0.1660162234891676 0.42662245724059294 0.16048629988597493 0.39702471835803876 0.24001902280501708 0.41170642645381983 0.24550863397947548
0 0.7359873865450399 0.4159739395667047 0.7600234184720638 0.38571635461801596 0.6851168768529076 0.3374636864310148 0.6627561402508552 0.3719661459521095 0.7359873865450399 0.4159739395667047
0 0.7123062063854048 0 0.7008980809578108 0.03138126681870011 0.7378805860889396 0.041153743443557586 0.7492711676168757 0 0.7123062063854048 0
0 1 0.554636511972634 0.9732750718358039 0.5527266830102623 0.9620348836944128 0.614622070695553 0.998859221208666 0.6196103888255416 1 0.6108671322690992 1 0.554636511972634
0 0.9992460330672748 0.46384938996579245 0.993022874572406 0.424557913340935 0.9678578871151654 0.40479818472063855 0.9559117069555302 0.43945301254275937 0.9992460330672748 0.46384938996579245
0 0.5756890615735462 0.6096866088939566 0.6044454378563284 0.635790755986317 0.6344167924743443 0.5823489327251995 0.6086345644241733 0.5590816408209806 0.5756890615735462 0.6096866088939566
0 0.5417076100342075 0.762951929304447 0.570979685290764 0.7733444675028507 0.5901069201824402 0.7348470912200684 0.558519338654504 0.7203126602052452 0.5417076100342075 0.762951929304447
0 0.5769096966932725 0.8866255496009122 0.6064100376282782 0.8681250957810719 0.5877346054732041 0.8374201106043329 0.5524613922462942 0.8583361927023946 0.5769096966932725 0.8866255496009122
0 0.6880753352337514 0.6784521402508552 0.7413904424173319 0.6700078563283923 0.734451818700114 0.622413582668187 0.6876250627137971 0.6313315074116306 0.6880753352337514 0.6784521402508552
0 0.9005115324971493 0.7608277274800456 0.9214311425313568 0.7298614332953249 0.883885881413911 0.7051493078677309 0.8577566841505131 0.7411487787913341 0.9005115324971493 0.7608277274800456
0 0.5797950672748005 0.4725733842645382 0.5145065997719498 0.41678743329532497 0.491086149372862 0.4433406123147092 0.5558258620296465 0.5070284424173318 0.5797950672748005 0.4725733842645382
0 0.5882064629418472 0.5560050467502851 0.6322967708095781 0.4931131881413911 0.5825966978335233 0.46371353249714936 0.5477543831242873 0.5272431014823261 0.5882064629418472 0.5560050467502851
0 0.14488661231470923 0.6767167115165336 0.11324093158494869 0.6703054401368301 0.10524679703534777 0.7070395051311289 0.13329035689851768 0.7137207217787914 0.14488661231470923 0.6767167115165336
0 0.09785035803876853 0.6186394629418472 0.13054664880273661 0.6278885074116306 0.14369208779931586 0.5933443101482326 0.10800448802736602 0.5803609851767388 0.09785035803876853 0.6186394629418472
0 0.8435242896237172 0.41998205815279366 0.8195449988597491 0.44301684150513115 0.8586708129988597 0.47769820068415053 0.8861754549600912 0.45200102736602055 0.8435242896237172 0.41998205815279366
0 0.7359530467502851 0.9504059304446978 0.750749779931585 0.9414496955530217 0.7122031630558723 0.8952531470923604 0.7012640057012544 0.9051028608893957 0.7359530467502851 0.9504059304446978