0 1 0.8151788620296466 0.9908628586088939 0.7545657833523375 0.954111086659065 0.7563965324971494 0.9661467468643101 0.8340764367160776 1 0.828425842645382 1 0.8151788620296466
0 0.9470468506271379 0.7594921664766248 0.9323335712656784 0.7662906088939567 0.9448783192702395 0.8392046522234892 0.9611147799315849 0.8332735085518813 0.9470468506271379 0.7594921664766248
0 0.7479851995438996 0.40146017901938424 0.7355412086659066 0.4022712291904219 0.732584157354618 0.4368093477765108 0.7477880912200684 0.4365439623717218 0.7479851995438996 0.40146017901938424
0 0.7230349897377423 0.3995171984036488 0.7082282862029647 0.4009633318129988 0.7064777423033066 0.4366696339794755 0.7210610684150512 0.4343335131128848 0.7230349897377423 0.3995171984036488
0 0.6992401014823261 0.36187830672748006 0.6790121949828962 0.3586652177879133 0.6726823443557582 0.43785493842645384 0.6908219247434435 0.4348613397947549 0.6992401014823261 0.36187830672748006
0 0.511772937286203 0.5661202291904219 0.4484805496009122 0.5428462884834664 0.4370452588369442 0.5674246054732041 0.5058227491448118 0.590602802736602 0.511772937286203 0.5661202291904219
0 0.3426581117445838 0.42815536488027367 0.32652044127708096 0.4213031505131129 0.2909196316989738 0.5230040216647662 0.3081166465222349 0.5280546613454961 0.3426581117445838 0.42815536488027367
0 0.31939238540478904 0.42083216647662486 0.3033065815279361 0.4169513740022805 0.26764351539338654 0.5150856031927024 0.2857564583808438 0.5213094982896237 0.31939238540478904 0.42083216647662486
0 0.2561830057012543 0.4023137525655644 0.22581156556442417 0.39570998859749146 0.21127236944127709 0.44650271835803873 0.24723553591790196 0.4550904458380844 0.2561830057012543 0.4023137525655644
0 0.0823968449258837 0.4386444606613455 0.032972838084378564 0.4282101265678449 0.02419956214367161 0.4693898255416192 0.07127280729760548 0.4810544355758267 0.0823968449258837 0.4386444606613455
0 0.3216426259977195 1 0.32769784150513115 0.9986252177879134 0.31542281527936145 0.9411635074116306 0.3030825849486887 0.9479189657924744 0.31315896009122 1 0.3216426259977195 1
0 0.7351949965792475 0.8922159555302166 0.7173920319270239 0.89193286659065 0.7215303033067274 0.9251563295324972 0.7409570855188141 0.9164940900798175 0.7351949965792475 0.8922159555302166
0 0.9842246339794755 0.9520835940706955 0.9529148711516533 0.9597655701254276 0.9551611664766249 0.9864819977194983 0.9885073135689852 0.9754952303306728 0.9842246339794755 0.9520835940706955