0 0.9299473352337514 0.4683327924743444 0.9288584789053591 0.5184007970353478 0.9595758027366021 0.520448889395667 0.9603294469783352 0.46652649486887116 0.9299473352337514 0.4683327924743444
0 0.42266913112884835 0.07496748232611175 0.39052924287343216 0.07705218472063853 0.39055759635119724 0.14558050969213226 0.4290558722919042 0.1427893135689852 0.42266913112884835 0.07496748232611175
0 0.31556013683010264 0.074500078677309 0.2813861927023945 0.08652536259977195 0.29536755188141395 0.14442604903078676 0.32853127594070697 0.1343626408209806 0.31556013683010264 0.074500078677309
0 0.7182464903078677 0.8553413819840365 0.6878352371721779 0.8607592018244014 0.6871764401368301 0.9059514652223489 0.7282483112884834 0.8988435872291904 0.7182464903078677 0.8553413819840365
0 0.7507631014823261 0.7948869304446979 0.7122913124287343 0.7949687514253135 0.7154199464082097 0.8185176898517674 0.751313725199544 0.8167417377423033 0.7507631014823261 0.7948869304446979
0 0.3818320535917902 0.10187616191562143 0.3574738084378563 0.107536 0.35964887229190423 0.14025640022805017 0.38192031128848347 0.1412375849486887 0.3818320535917902 0.10187616191562143
0 0.5661887377423033 0.3053224344355758 0.5491773489167617 0.30801677309007985 0.5514159099201824 0.34493359179019384 0.5671311003420753 0.3427451265678449 0.5661887377423033 0.3053224344355758
0 0.5433114059293045 0.3089458472063854 0.5275657810718358 0.3120408597491448 0.5292470433295325 0.34543903990877994 0.5458786396807298 0.34521104104903083 0.5433114059293045 0.3089458472063854
0 0.5200042588369441 0.31744654618015966 0.5050948244013683 0.325821062713797 0.5075386795895097 0.33745543443557585 0.5247162018244014 0.3368388118586089 0.5200042588369441 0.31744654618015966
0 0.22283395096921324 0.2749421744583809 0.20443477423033068 0.2802609224629418 0.21652957582668186 0.33004587685290765 0.23194484264538198 0.327302181299886 0.22283395096921324 0.2749421744583809
0 0.15925718129988595 0.2645726054732041 0.1440051140250855 0.2669882953249715 0.14943083694412773 0.3202325518814139 0.1662408118586089 0.32237932269099207 0.15925718129988595 0.2645726054732041
0 0.2151126716077537 0.04015157468643101 0.19399466020524517 0.043496338654503995 0.19622129646522232 0.06514580729760547 0.2205210148232611 0.06670746978335233 0.2151126716077537 0.04015157468643101
0 0.14095694070695552 0.07690457696693272 0.10912484264538198 0.0771370763968073 0.10988427594070696 0.11609162029646523 0.14188613340935005 0.12875698289623716 0.14095694070695552 0.07690457696693272
0 0.19943760205245153 0.07786171949828963 0.1987637354618016 0.08878917217787914 0.21525266932725198 0.09038722006841506 0.21496831927023946 0.07720534891676169 0.19943760205245153 0.07786171949828963
0 0.2218016031927024 0.10137141277080958 0.22267239338654504 0.11446040136830102 0.23752354275940707 0.11330893044469784 0.23104596351197262 0.09389573774230331 0.2218016031927024 0.10137141277080958
0 0.15269582554161917 0.08646719270239453 0.15464636716077537 0.09878243101482327 0.1736957251995439 0.09756876396807299 0.1696883352337514 0.07656202964652224 0.15269582554161917 0.08646719270239453
0 1 0.6612540570125427 0.988207070695553 0.6556833717217788 0.983017330672748 0.6667249156214368 0.9950624629418472 0.6744355724059293 1 0.6676418472063853 1 0.6612540570125427
0 0.9969531778791334 0.6939741003420752 0.9868838152793615 0.6835459076396807 0.9742460364880273 0.6984722850627139 0.9857203055872292 0.7065739338654504 0.9969531778791334 0.6939741003420752
0 0.9854874127708096 0.7354676590649943 0.9960115758266819 0.7259842474344356 0.9811521755986317 0.713609542759407 0.971774054732041 0.7286207924743444 0.9854874127708096 0.7354676590649943
0 0.9572517673888256 0.7014644891676168 0.9696866624857469 0.6850673671607753 0.9614511972633979 0.6689383523375143 0.9463756009122007 0.6821468141391106 0.9572517673888256 0.7014644891676168