0 0.05283463740022805 0.28427616761687574 0.08574762485746863 0.2712563580387685 0.07472049486887115 0.20984810490307867 0.04219960775370581 0.21951666818700113 0.05283463740022805 0.28427616761687574
0 0.01794764424173318 0.43667873318129985 0.074942496009122 0.42027285860889396 0.06727652565564425 0.3955680809578107 0.010539109464082097 0.40953943443557583 0.01794764424173318 0.43667873318129985
0 0.16414156328392246 0.5264561801596351 0.2023321197263398 0.5168917514253136 0.1900401904218928 0.4592603432155074 0.1530191778791334 0.4647630992018244 0.16414156328392246 0.5264561801596351
0 0.17985566362599772 0.3569634583808438 0.21014468529076397 0.3551033762827822 0.20836976282782213 0.32117647434435576 0.1705416898517674 0.32739224059293043 0.17985566362599772 0.3569634583808438
0 0.5131976362599772 0.4911900057012543 0.5442656214367161 0.4778299076396807 0.5335517263397948 0.42717174230330673 0.49728858722919045 0.4376628825541619 0.5131976362599772 0.4911900057012543
0 0.1407502337514253 0.756388370581528 0.1766079692132269 0.7387576066134549 0.1640966670467503 0.7051404332953249 0.13059357582668185 0.7206415188141391 0.1407502337514253 0.756388370581528
0 0.14965416647662486 0.7899129418472064 0.16275344127708097 0.823447481185861 0.1986953591790194 0.8064044709236032 0.18266730672748005 0.7690844481185861 0.14965416647662486 0.7899129418472064
0 0.6263225096921323 0.7463053945267959 0.6491952291904218 0.7215057787913342 0.6273396966932725 0.7023927240592931 0.6041300022805017 0.7290384538198403 0.6263225096921323 0.7463053945267959
0 0.9007549076396807 0.10334990079817559 0.9324030957810719 0.0941069338654504 0.9211107616875712 0.0393329669327252 0.887562787913341 0.04764376054732041 0.9007549076396807 0.10334990079817559
0 0.9700921984036488 0.3580237958950969 0.9828609350057012 0.35203374914481184 0.9729620353477765 0.2973621619156214 0.9560285860889395 0.30484005359179017 0.9700921984036488 0.3580237958950969
0 0.17352000114025085 0.1414004937286203 0.21391336602052452 0.12193469669327252 0.2040731881413911 0.09453597833523375 0.16428553249714936 0.1055240353477765 0.17352000114025085 0.1414004937286203
0 0.4932145541619156 0.2637561801596351 0.5122669692132269 0.25868019726339797 0.49468771949828966 0.2017902953249715 0.4802520205245154 0.20561943329532495 0.4932145541619156 0.2637561801596351