0 0.8236607137970354 0.9182703557582668 0.7859542713797035 0.879266566704675 0.7587217696693273 0.9031805735461802 0.8049479498289623 0.9453356282782213 0.8236607137970354 0.9182703557582668
0 0.8906059692132269 0.7499044116305587 0.9139930695553021 0.7806334732041049 0.9542572554161916 0.7389644777651084 0.9242631812998859 0.7119950193842645 0.8906059692132269 0.7499044116305587
0 0.41480432155074115 0.4253075598631699 0.3657977548460661 0.4842085997719498 0.3955406716077537 0.5070805085518815 0.44458251083238315 0.44984454732041046 0.41480432155074115 0.4253075598631699
0 0.2190799007981756 0.5072151197263398 0.18853666590649942 0.5558277958950969 0.220816503990878 0.575956542759407 0.2505195427594071 0.5345464196123147 0.2190799007981756 0.5072151197263398
0 0.3251847525655644 0.45976058152793614 0.2938957742303307 0.4295802748004561 0.2434394652223489 0.49005357012542755 0.2722601710376283 0.5168403500570126 0.3251847525655644 0.45976058152793614
0 0.20551795895096922 0.35372414823261117 0.17915030216647662 0.37597326111744583 0.20611904903078676 0.4030662884834663 0.22825911288483466 0.37714499771949833 0.20551795895096922 0.35372414823261117
0 0.11827931584948688 0.38074563511972637 0.0854408802736602 0.36413374002280496 0.06996705245153934 0.3935122976054732 0.09401432155074116 0.4124921687571266 0.11827931584948688 0.38074563511972637
0 0.27848562029646523 0.2649853454960091 0.24830626795895097 0.23918568072976054 0.22696625427594072 0.26763670923603194 0.25788972291904216 0.2887481858608894 0.27848562029646523 0.2649853454960091
0 0.11199073432155074 0.16234488369441277 0.14917398973774232 0.19706091220068414 0.18217979589509692 0.17466087685290765 0.13830067388825543 0.1328791425313569 0.11199073432155074 0.16234488369441277
0 0.4502982086659065 0.14806072063854048 0.42609208893956674 0.17185448916761686 0.44952156898517676 0.20041820980615738 0.479799535917902 0.17435572976054733 0.4502982086659065 0.14806072063854048
0 0.6879485963511972 0.22654115621436716 0.6578190592930445 0.24218768072976055 0.669984889395667 0.2659569110604333 0.7018650638540479 0.24496056898517674 0.6879485963511972 0.22654115621436716
0 0.5514060456100343 0.9406116499429875 0.5801044811858609 0.9643748893956671 0.6063496248574687 0.939103779931585 0.5707080923603193 0.9136412941847206 0.5514060456100343 0.9406116499429875
0 0.2034529315849487 0.8146334777651084 0.16567949144811858 0.7912347708095782 0.1444597890535918 0.8341182451539338 0.1739598164196123 0.8604114675028507 0.2034529315849487 0.8146334777651084
0 0.33988741049030785 0.716129409350057 0.3767648312428734 0.737584330672748 0.40261808893956674 0.6882288346636259 0.36049079703534775 0.6695461596351198 0.33988741049030785 0.716129409350057
0 0.3127440456100342 0.750867181299886 0.34292339680729755 0.7766668460661346 0.370563157354618 0.7444882348916763 0.3355023819840365 0.7172367605473204 0.3127440456100342 0.750867181299886
0 0.21425264994298746 0.13529824515393385 0.17468871607753705 0.10801220866590651 0.1551725724059293 0.13254879703534778 0.19556797377423032 0.1659717092360319 0.21425264994298746 0.13529824515393385
0 0.15936658152793615 0.7133619064994299 0.1857488882554162 0.7403620513112884 0.22393076966932723 0.7023514139110604 0.19555531927023945 0.6746511664766249 0.15936658152793615 0.7133619064994299
0 0.08204606613454961 0.5221465096921323 0.06823867502850627 0.5523901584948688 0.11971538654503991 0.5803622736602052 0.13410921778791335 0.5502115074116305 0.08204606613454961 0.5221465096921323
0 0.04532885176738882 0.5679794526795895 0.032508574686431015 0.5995817457240593 0.058430701254275935 0.6181007970353477 0.08236500570125428 0.5846566316989737 0.04532885176738882 0.5679794526795895
0 0.23334998973774232 0.9142604196123146 0.17881880843785633 0.8828003489167617 0.16133688711516533 0.9172664732041048 0.21733172291904218 0.948974181299886 0.23334998973774232 0.9142604196123146
0 0.3045232907639681 0.18022594298745725 0.27282964766248574 0.1601916214367161 0.26699113340935005 0.17428143329532497 0.2977854675028506 0.19619824857468643 0.3045232907639681 0.18022594298745725
0 0.23283670695553021 0.12803317445838083 0.22669015849486887 0.1402723261117446 0.24117415165336373 0.14940525085518813 0.2487002166476625 0.1341494503990878 0.23283670695553021 0.12803317445838083
0 0.31345363968072976 0.15041056898517674 0.2984176088939567 0.16184291676168758 0.3108013580387685 0.17664521550741163 0.32798992246294184 0.16112109578107184 0.31345363968072976 0.15041056898517674
0 0.29333290649942984 0.1370136795895097 0.27992993500570124 0.15711288483466365 0.29455500228050174 0.15966181870011403 0.3048441060433295 0.14784623261117447 0.29333290649942984 0.1370136795895097