0 0 0.3972379258836944 0.03641893614595211 0.39762640935005705 0.02912659977194983 0.3159085324971494 0 0.3200020091220069 0 0.3972379258836944
0 0.6277155074116305 0.12895192132269098 0.6925924606613455 0.1267308677309008 0.687157465222349 0.07952631927023944 0.6239918244013682 0.07761113911060434 0.6277155074116305 0.12895192132269098
0 0.8076330923603192 0.11805777537058153 0.80774551995439 0.1788998654503991 0.8770501083238312 0.17335683580387684 0.870962244013683 0.11725184264538198 0.8076330923603192 0.11805777537058153
0 0.5017872816419613 0.14575060205245155 0.5318193033067274 0.14632813683010262 0.5180003534777651 0.05653373888255416 0.491146558722919 0.06150538654503991 0.5017872816419613 0.14575060205245155
0 0.6648324743443558 0.546447717217788 0.6832248129988598 0.5459598118586089 0.6651199749144812 0.42139223489167615 0.65017717331813 0.4258906499429875 0.6648324743443558 0.546447717217788
0 0.6379088905359179 0.5466340695553021 0.6556179954389966 0.5498396966932725 0.6394758323831242 0.4094070718358039 0.624780716077537 0.41566785404789053 0.6370868916761687 0.545848637400228 0.6379088905359179 0.5466340695553021
0 0.5623980820980615 0.5014834275940707 0.5960853033067275 0.4970487890535918 0.5776323363740022 0.4168994378563284 0.553713976054732 0.4214601151653364 0.5623980820980615 0.5014834275940707
0 0.5966767651083238 0.4160216738882554 0.6033906624857469 0.493623748004561 0.6190771710376284 0.494417078677309 0.6132069156214367 0.41429651995439 0.5966767651083238 0.4160216738882554
0 0.6213733318129989 0.5576503968072976 0.6183699794754847 0.5107052656784492 0.6057044150513112 0.5100869543899658 0.6030077137970353 0.5548368278221208 0.6213733318129989 0.5576503968072976
0 0.2971021071835804 0.4581241459521095 0.3013029464082098 0.5291841778791334 0.319435850627138 0.5275351425313569 0.31263111516533637 0.4535417673888255 0.2971021071835804 0.4581241459521095
0 0.342075165336374 0.4542019361459521 0.3276472348916762 0.4538313090079818 0.3320633523375143 0.5065737400228051 0.3467487183580388 0.5045098460661346 0.342075165336374 0.4542019361459521
0 0.399485118586089 0.4416366043329532 0.38394597377423034 0.4495149692132269 0.38995142303306723 0.5050335381984037 0.4038009156214367 0.5012883625997719 0.399485118586089 0.4416366043329532
0 0.3799747217787914 0.5022385769669327 0.37278534321550744 0.45108349372862033 0.35583249030786773 0.45406722462941845 0.36435332839224627 0.5104298711516534 0.3799747217787914 0.5022385769669327
0 0.799535393386545 0.38001693842645384 0.8498656009122006 0.37204411174458385 0.8397762622576967 0.3045097867730901 0.7887628620296465 0.30808174116305587 0.799535393386545 0.38001693842645384