0 0.8127657993158495 0.7985723671607754 0.7642796271379704 0.803151685290764 0.7616693010262258 0.838172205245154 0.8207049122006841 0.835478778791334 0.8127657993158495 0.7985723671607754
0 0.31951713568985174 0.44358367046750286 0.2677668483466363 0.45255450285062715 0.2576456955530217 0.48656211060433296 0.31815639224629416 0.47519465678449263 0.31951713568985174 0.44358367046750286
0 0.3849748015963512 0.4348447251995439 0.3306070102622577 0.4404305245153934 0.33780281071835805 0.4710077434435576 0.3918648916761687 0.4652835564424173 0.3849748015963512 0.4348447251995439
0 0.6075675142531357 0.383601992018244 0.5697842257696694 0.3880280912200684 0.5676238015963512 0.437994259977195 0.6134951812998859 0.4343245564424173 0.6075675142531357 0.383601992018244
0 0.7229595632839224 0.39099409464082097 0.6871600558722919 0.39825433979475483 0.6911009019384265 0.441843433295325 0.7304985781071835 0.43922474914481185 0.7229595632839224 0.39099409464082097
0 0.7772032098061573 0.38363294298745726 0.7392957765108323 0.3862836887115166 0.7493666396807297 0.4324185632839225 0.7859269418472064 0.4317823204104903 0.7772032098061573 0.38363294298745726
0 0.822907984036488 0.37330238540478905 0.78228565336374 0.37970947662485743 0.7859174595210946 0.43164671379703534 0.8335311037628279 0.42310141277080954 0.822907984036488 0.37330238540478905
0 0.369811511972634 0.31162887685290763 0.3149325849486887 0.31843925199543904 0.31845582440136827 0.3475221402508552 0.3717018848346636 0.34717422234891676 0.369811511972634 0.31162887685290763
0 0.23549185062713798 0.28891195553021665 0.23520456784492588 0.31033887799315846 0.2869134378563284 0.3007757411630559 0.2834271391106043 0.2849663614595211 0.23549185062713798 0.28891195553021665
0 0.27755609350057014 0.2520770376282782 0.24553027822120865 0.2537212998859749 0.24363242417331812 0.27339536374002277 0.27914144583808437 0.2662368791334094 0.27755609350057014 0.2520770376282782
0 0.28993542417331813 0.20780408893956673 0.24077422120866593 0.21124177537058153 0.24497217217787914 0.2287165085518814 0.2935045598631699 0.22479807867730903 0.28993542417331813 0.20780408893956673
0 0.19535352793614594 0.021330361459521094 0.15404628164196124 0.026432049030786775 0.160660417331813 0.06997047662485747 0.20365196237172176 0.06339771607753707 0.19535352793614594 0.021330361459521094
0 0.5882717867730901 0.7119948175598632 0.5830581448118586 0.6374362565564424 0.4569388836944128 0.646850574686431 0.4710370809578107 0.7207878665906499 0.5882717867730901 0.7119948175598632