0 0.10429688825541619 0.0511167913340935 0.09515217103762827 0.07575268301026225 0.21828645496009122 0.06682727822120867 0.21550516419612314 0.03506935575826682 0.10429688825541619 0.0511167913340935
0 0.7558349817559864 0.24669513112884836 0.731599708095781 0.3583184025085519 0.7864271824401369 0.36569562485746865 0.8126247023945268 0.2530912770809578 0.7558349817559864 0.24669513112884836
0 0.9633931094640821 0.2972553591790194 0.842837464082098 0.2826743740022805 0.8226598244013683 0.37233323717217787 0.9412793340935006 0.3791219099201824 0.9633931094640821 0.2972553591790194
0 0.7770703979475484 0.43068815279361455 0.7271034435575826 0.43098415279361457 0.7301685131128849 0.5394995792474344 0.7946535860889395 0.5438422542759407 0.7770703979475484 0.43068815279361455
0 0.8042320285062714 0.3967069703534778 0.8175348985176739 0.5063049806157355 0.8689260399087799 0.49821302850627136 0.8569808244013682 0.38929361003420754 0.8042320285062714 0.3967069703534778
0 0.5685620285062714 0.5737128791334093 0.6356537628278222 0.572666897377423 0.6312490068415051 0.5313670558722919 0.5676770501710376 0.5375071288483466 0.5685620285062714 0.5737128791334093
0 0.6707387468643101 0.4335962098061573 0.5993094720638541 0.44363493956670463 0.6003871197263397 0.48121159064994296 0.6727806271379703 0.4780225142531357 0.6707387468643101 0.4335962098061573
0 0.7107445131128849 0.1907053101482326 0.780635976054732 0.20745852793614594 0.7871770330672747 0.15360849828962372 0.7218026738882554 0.1412317126567845 0.7107445131128849 0.1907053101482326
0 0.5374410535917902 0 0.49252671037628276 0.14375121778791333 0.6383038791334094 0.1793232029646522 0.6709579794754846 0.03576591562143672 0.5706236898517674 0 0.5374410535917902 0
0 0.6606552656784492 0.08419294070695553 0.6410124275940707 0.17295300114025083 0.7036088848346636 0.18691778791334093 0.7272077856328392 0.0985421402508552 0.6606552656784492 0.08419294070695553
0 0.8019775267958951 0.1521280102622577 0.8129065883694413 0.11669022576966932 0.7269501322690992 0.10097511402508552 0.7214825404789054 0.13468757924743444 0.8019775267958951 0.1521280102622577