0 0.5461666134549601 1 0.5968033169897378 0.9905416887115165 0.5887309441277081 0.9552364389965792 0.5058332223489168 0.9753008335233752 0.5138277810718358 1 0.5461666134549601 1
0 0.7646586921322691 0.833420362599772 0.7569282862029646 0.7998743717217788 0.7235930478905359 0.8057492223489168 0.7360823637400228 0.8435513033067275 0.7646586921322691 0.833420362599772
0 0.845377409350057 0.7041258118586089 0.8720134458380844 0.7509155769669327 0.9040073363740023 0.7350283363740023 0.8731003055872292 0.6818167787913341 0.845377409350057 0.7041258118586089
0 0.026800820980615734 0.08389087571265678 0.02142057354618016 0.10289634663625997 0.05734342417331813 0.11343717103762828 0.06788958836944128 0.07590402850627137 0.026800820980615734 0.08389087571265678
0 0.4110208757126568 0.2930491858608894 0.402498015963512 0.2554263740022805 0.3762709954389966 0.2574252633979475 0.3785117388825541 0.29695046066134545 0.4110208757126568 0.2930491858608894
0 0.4402527217787913 0.25050546294184717 0.411467220068415 0.25489266476624856 0.41765811744583803 0.29296557924743444 0.44900187001140246 0.2892924230330673 0.4402527217787913 0.25050546294184717
0 0.5607581083238312 0.1485257970353478 0.5318086898517674 0.161404984036488 0.5377785233751425 0.17655835917901938 0.5746632611174458 0.16093015963511972 0.5607581083238312 0.1485257970353478
0 0.5478572668187001 0.206626748004561 0.5809220524515394 0.18690535119726337 0.5700800364880274 0.176256582668187 0.5415475564424174 0.18972484948688711 0.5478572668187001 0.206626748004561
0 0.5907474515393386 0.05386754846066135 0.5806026465222349 0.03589811858608894 0.5490600969213227 0.05411548802736602 0.5536397913340935 0.06833253591790193 0.5907474515393386 0.05386754846066135
0 0.6163718004561004 0.07366218700114024 0.610401669327252 0.058507278221208665 0.5633100558722919 0.07608129076396808 0.5668911425313569 0.09294851083238312 0.6163718004561004 0.07366218700114024
0 0.8945437514253135 0.1791188882554162 0.8879910786773091 0.1640788061573546 0.8581364458380843 0.1691975085518814 0.8621312337514254 0.18662896921322691 0.8945437514253135 0.1791188882554162
0 0.8971980228050171 0.18343867160775373 0.8630366818700114 0.19128709692132267 0.8653952383124288 0.2065407537058153 0.9010630763968073 0.20021089965792474 0.8971980228050171 0.18343867160775373
0 0.8828061778791334 0.5077113158494869 0.8991202109464081 0.5262929749144812 0.9264853181299886 0.5052632155074116 0.9115413751425313 0.48594248916761684 0.8828061778791334 0.5077113158494869
0 0.8614291870011402 0.6031117628278222 0.8471693124287343 0.591986078677309 0.801962716077537 0.6176935986316989 0.8060710296465222 0.632605543899658 0.8614291870011402 0.6031117628278222
0 0.9053756134549601 0.5740247936145952 0.8992739806157355 0.5613133055872292 0.8800402223489167 0.5650519692132269 0.8860270296465222 0.577180913340935 0.9053756134549601 0.5740247936145952