0 0.2977147251995439 0.8293374458380843 0.26711095781071836 0.8308441436716077 0.25898459635119725 0.8627260114025086 0.30390324059293045 0.8634014298745724 0.2977147251995439 0.8293374458380843
0 0.06803171835803877 0.8196983979475485 0.1396811835803877 0.8012455758266819 0.12700934777651082 0.7708871459521095 0.08854671721778792 0.776292716077537 0.07623600570125427 0.7584621984036488 0.05071382212086659 0.7662398916761688 0.06803171835803877 0.8196983979475485
0 0.3069840513112885 0.7358122246294184 0.26989541619156215 0.7410246921322691 0.2690228278221209 0.7746830684150513 0.3135576841505131 0.772616465222349 0.3069840513112885 0.7358122246294184
0 0.8417989726339795 0.7836111744583808 0.8271757890535918 0.7493377810718358 0.7906649407069555 0.7586614082098061 0.805069700114025 0.8013502234891676 0.8417989726339795 0.7836111744583808
0 0.7451653112884835 0.15583330216647662 0.7136474948688711 0.13091946180159636 0.6878580296465222 0.1666816966932725 0.7142909509692132 0.18532342873432156 0.7451653112884835 0.15583330216647662
0 0.5986080376282782 0.23930812884834665 0.6171594321550742 0.2716346214367161 0.6739668529076397 0.2273207354618016 0.6538505575826681 0.19381777194982897 0.5986080376282782 0.23930812884834665
0 0.7270666567844927 0.6250734481185861 0.7471829509692133 0.6585764116305587 0.7870440057012542 0.6431931801596351 0.7683003797035348 0.6094988779931585 0.7270666567844927 0.6250734481185861
0 0.6723378825541618 0.4748722223489168 0.6836352862029647 0.505420661345496 0.7199536830102622 0.4947276784492588 0.7121987194982897 0.45948744355758264 0.6723378825541618 0.4748722223489168
0 0.5737662086659066 0.21205963740022807 0.5876697765108324 0.2212847251995439 0.6419232006841504 0.178726181299886 0.6284309441277081 0.1624581197263398 0.5737662086659066 0.21205963740022807
0 0.5129684914481185 0.5070512565564423 0.4996669201824402 0.4921512212086659 0.45642989965792474 0.523380385404789 0.46189836488027364 0.5323929692132269 0.5129684914481185 0.5070512565564423
0 0.4616275017103763 0.26135386887115164 0.47454395553021667 0.27351364652223487 0.5160218608893957 0.23973732953249716 0.5060476157354619 0.2285620307867731 0.4616275017103763 0.26135386887115164
0 0.4085813819840365 0.29256363169897376 0.4161958460661346 0.3068649566704675 0.4676493261117446 0.28426217331813 0.4559146362599772 0.2705414846066135 0.4085813819840365 0.29256363169897376
0 0.29728937058152793 0.1684745461801596 0.2768263238312429 0.19231067388825543 0.29463169327252 0.20937054503990876 0.3178429509692132 0.18514975940706957 0.29728937058152793 0.1684745461801596
0 0.5462283375142531 0.1656277970353478 0.5601316875712657 0.17485133751425316 0.5823813717217788 0.14377737058152792 0.5727911334093501 0.1353456408209806 0.5462283375142531 0.1656277970353478
0 0.5723021151653364 0.17174449258836946 0.5846403477765109 0.179790015963512 0.6074647229190422 0.15282764310148234 0.5945517993158494 0.14067052565564422 0.5723021151653364 0.17174449258836946
0 0.19639823489167618 0.41740091220068415 0.19596094982896237 0.4342286624857469 0.23579757696693274 0.4286299897377423 0.2317277537058153 0.40964129076396805 0.19639823489167618 0.41740091220068415