0 0.1461024732041049 0 0.11375664082098061 0.05192258722919042 0.13941133637400227 0.06079351995438997 0.16957095096921324 0 0.1461024732041049 0
0 0.08900508323831242 0 0.08104383922462942 0.015479946408209806 0.10447301254275941 0.027005728620296467 0.11910319840364882 0 0.08900508323831242 0
0 0.7969766704675029 0.981311251995439 0.8640933945267958 0.997953007981756 0.8764015610034207 0.9506064526795895 0.80862421322691 0.9308543078677309 0.7969766704675029 0.981311251995439
0 0.9246184150513113 1 0.9298790045610034 0.9741068084378562 0.9142186887115165 0.9701235792474344 0.9025124834663627 1 0.9246184150513113 1
0 0.3848147582668187 0.8348742280501711 0.41043827822120865 0.84013648004561 0.4353267331812999 0.7665283409350058 0.41088090992018245 0.7605524732041049 0.3848147582668187 0.8348742280501711
0 0.2142211094640821 0.7008499407069555 0.26160915393386547 0.7167715860889396 0.2759180763968073 0.6871768848346637 0.222107582668187 0.6657293899657926 0.2142211094640821 0.7008499407069555
0 0.12201841505131128 0.9451037445838085 0.1654273181299886 0.9519790387685291 0.1763300729760547 0.9286979771949829 0.1432768597491448 0.9129427172177879 0.12201841505131128 0.9451037445838085
0 0.018095559863169897 0.7052546248574686 0.049058655644241736 0.7185748129988597 0.07411234891676169 0.6894796134549601 0.035924126567844925 0.6741133500570126 0.018095559863169897 0.7052546248574686
0 0.11933517445838085 0.498861889395667 0.15777782098061574 0.4953321881413911 0.15942994184720638 0.4583224868871152 0.11825866248574686 0.46172059064994303 0.11933517445838085 0.498861889395667
0 0.12071955872291905 0.4407694914481186 0.12194680957810718 0.45959955530216645 0.15214552679589508 0.45115723603192703 0.1524933717217788 0.4337789452679589 0.12071955872291905 0.4407694914481186
0 0.6202295359179019 0.654541961231471 0.6697192896237172 0.6647849726339795 0.6825220684150514 0.618121070695553 0.6337176681870011 0.5947612827822121 0.6202295359179019 0.654541961231471
0 0.5941938072976055 0.033032892816419614 0.5522009042189282 0.002035248574686431 0.5284609578107183 0.030436797035347775 0.5725674127708096 0.06327207297605472 0.5941938072976055 0.033032892816419614
0 0.5101415997719498 0.9737535632839224 0.5666993181299885 0.988722937286203 0.5773077491448119 0.9483225667046751 0.5198850775370581 0.9320123124287344 0.5101415997719498 0.9737535632839224