0 0.2183238574686431 0.9638560433295325 0.25339455302166475 0.964540259977195 0.25473822234891674 0.9277046989737743 0.22045279361459522 0.9258971482326112 0.2183238574686431 0.9638560433295325
0 0.03611738654503991 0.8209616351197263 0.050556339794754844 0.8192447890535918 0.050922364880273664 0.73643030672748 0.033854392246294183 0.7379171425313569 0.03611738654503991 0.8209616351197263
0 0.05424799429874572 0.9608256077537057 0.07256552337514253 0.9624281835803877 0.07269400342075256 0.9162480273660205 0.056894417331812996 0.9169518061573546 0.05424799429874572 0.9608256077537057
0 0.11364277194982896 0.5541719521094641 0.09496158038768529 0.5567081174458381 0.0923398928164196 0.6202526784492588 0.11134113340935006 0.6213190535917902 0.11364277194982896 0.5541719521094641
0 0.058794797035347776 0.28950794754846065 0.04127433295324971 0.28558946408209807 0.035815437856328396 0.3783902633979475 0.05205866704675029 0.3801093705815279 0.058794797035347776 0.28950794754846065
0 0.03929428620296466 0.2878018734321551 0.022106567844925883 0.2868925929304447 0.018926955530216647 0.33668149486887117 0.03543552223489167 0.3387202576966932 0.03929428620296466 0.2878018734321551
0 0.24680609578107185 0.5634365917901939 0.2162334047890536 0.5589737742303307 0.21031767958950967 0.6189536145952109 0.24679302964652225 0.6248268745724059 0.24680609578107185 0.5634365917901939
0 0.5010254104903079 0.3800501117445838 0.4990201402508552 0.34172951995439 0.42870124629418477 0.33557741391106044 0.4263120102622577 0.37649362713797035 0.5010254104903079 0.3800501117445838
0 0.4039305940706956 0.08785083466362599 0.3687325895096922 0.08179131927023946 0.36624968301026223 0.13283164310148232 0.3995319521094641 0.13812753591790194 0.4039305940706956 0.08785083466362599
0 0.3343611505131129 0.032293232611174456 0.33330858380843786 0.07153833409350058 0.3980515438996579 0.08018270011402509 0.39876980729760547 0.037928259977194984 0.3343611505131129 0.032293232611174456
0 0 0.677077134549601 0.03100114481185861 0.6783637217787913 0.02890459749144812 0.6379490809578108 0 0.6370321151653363 0 0.677077134549601
0 0.09967236944127708 0.29189066704675026 0.07657427822120867 0.29046586316989736 0.0723411550741163 0.31810836145952115 0.09574670467502851 0.32313617103762826 0.09967236944127708 0.29189066704675026
0 0.04553789623717218 0.16199072748004562 0.04656873774230331 0.19784199657924742 0.08739442417331812 0.20081776282782213 0.085979086659065 0.16254878335233752 0.04553789623717218 0.16199072748004562
0 0.5222425233751425 0.137537409350057 0.486966251995439 0.13922084834663626 0.4832254994298746 0.19402524173318128 0.5175570638540479 0.19792289167616875 0.5222425233751425 0.137537409350057
0 0.7773382668187001 0.33210617331812997 0.745915205245154 0.3305506168757127 0.7479974275940707 0.3825847867730901 0.783035818700114 0.3826701596351197 0.7773382668187001 0.33210617331812997
0 0.9315616647662487 0.31162594526795895 0.8950818517673887 0.30664632041049034 0.893150456100342 0.366675165336374 0.9272887765108324 0.3672778095781072 0.9315616647662487 0.31162594526795895
0 0.9195941151653364 0.42799603990877993 0.9210244686431015 0.4865309464082098 0.9547569372862029 0.4888861368301026 0.9526864583808438 0.43089124515393384 0.9195941151653364 0.42799603990877993
0 0.7762835165336375 0.5006885655644242 0.7793077274800455 0.554594771949829 0.8120372143671608 0.5589482770809577 0.8123079452679589 0.49728409578107186 0.7762835165336375 0.5006885655644242
0 0.6930723466362599 0.7371814732041049 0.6780920957810719 0.7382549429874572 0.6763665302166477 0.8135002565564423 0.6945663489167617 0.8153905438996578 0.6930723466362599 0.7371814732041049
0 0.6519858301026226 0.6555085074116305 0.61915548004561 0.6496545655644242 0.6154105792474344 0.6937318403648803 0.6503952143671609 0.6941089498289624 0.6519858301026226 0.6555085074116305
0 0.7910478791334095 0.7266806442417333 0.7755280239452679 0.7271093192702395 0.7695857708095781 0.850264748004561 0.7866290695553022 0.8520538540478905 0.7910478791334095 0.7266806442417333
0 0.7941574663625998 0.7251646442417331 0.7926495142531357 0.7560256533637401 0.806881472063854 0.7566747696693273 0.8087237263397948 0.7288230992018244 0.7941574663625998 0.7251646442417331
0 0.8353115290763968 0.0642003511972634 0.8209005142531357 0.05876742531356898 0.8109864846066135 0.09723724857468644 0.8276361527936146 0.09750187115165336 0.8353115290763968 0.0642003511972634
0 0.8569694503990879 0.06847924629418473 0.8436896681870012 0.06374130672748005 0.8314096761687572 0.10200413683010262 0.847800465222349 0.10522776738882554 0.8569694503990879 0.06847924629418473
0 0.87821182668187 0.07748992930444698 0.8648787388825542 0.07334334549600913 0.8560567696693273 0.10684255872291905 0.8682236579247434 0.10999465564424173 0.87821182668187 0.07748992930444698
0 0.8254610524515393 0.3333362816419612 0.7971270159635119 0.3237051584948689 0.7910751892816419 0.38009541391106044 0.814355245153934 0.3854102542759407 0.8254610524515393 0.3333362816419612
0 0.6338750969213227 0.14790001140250855 0.7473799486887115 0.2049158244013683 0.7645435598631698 0.1730420045610034 0.6486954378563283 0.11462757810718358 0.6338750969213227 0.14790001140250855
0 0.49899474116305587 0.09020768985176739 0.4873829555302166 0.0868061505131129 0.48323261459521094 0.1225021322690992 0.496841992018244 0.12160830444697833 0.49899474116305587 0.09020768985176739
0 0.5285931368301027 0.09219962713797035 0.5105533557582668 0.09419902850627139 0.5134707274800456 0.13408789509692132 0.5263058403648803 0.1319327229190422 0.5285931368301027 0.09219962713797035
0 0.10099815735461802 0.22227254846066133 0.08784257012542761 0.22290963740022804 0.08898264424173319 0.260560086659065 0.09994701140250856 0.26151934435575824 0.10099815735461802 0.22227254846066133
0 0.1256844230330673 0.23277656898517674 0.11258058494868871 0.23282216875712658 0.10794767502850627 0.24791330900798175 0.12482539224629419 0.24938991790193843 0.1256844230330673 0.23277656898517674
0 0.18190279247434435 0.22994680501710377 0.1665396031927024 0.2286027001140251 0.1660137023945268 0.2476292668187001 0.18114726111744586 0.24537717331813 0.18190279247434435 0.22994680501710377
0 0.2213291790193843 0.16723816533637398 0.20275134891676166 0.16859290649942987 0.20462113568985174 0.18395495096921324 0.2156409521094641 0.1846210513112885 0.2213291790193843 0.16723816533637398
0 0.19074045153933866 0.19019077423033068 0.1831106054732041 0.18892723147092358 0.18076054732041047 0.2015360148232611 0.19024366362599773 0.20266368871151652 0.19074045153933866 0.19019077423033068