0 0.0584594732041049 0.614066629418472 0.04007624401368301 0.7268637970353479 0.09375038996579248 0.73383869327252 0.11307949372862029 0.6294150034207525 0.0584594732041049 0.614066629418472
0 0.1234209441277081 0.7229077993158495 0.12153578677309007 0.758878748004561 0.16953651311288484 0.7683319920182441 0.17840191220068413 0.731339023945268 0.1234209441277081 0.7229077993158495
0 0.18610074230330673 0.6637618369441277 0.1746234446978335 0.7505629327251996 0.2157874378563284 0.7582700387685292 0.22733718814139112 0.6700864663625998 0.18610074230330673 0.6637618369441277
0 0.5273491904218928 1 0.5300661949828962 0.9481564766248575 0.4860662725199544 0.9416885838084379 0.47472922805017104 0.999361787913341 0.4869070376282782 1 0.5273491904218928 1
0 0.472661740022805 0.8008659270239453 0.4624138631698974 0.8377864435575826 0.49099680957810715 0.8476083204104903 0.49579035005701255 0.8090156795895097 0.472661740022805 0.8008659270239453
0 0.4503918084378563 0.6970362394526797 0.4467631436716078 0.7398534458380843 0.5061075883694413 0.7443498323831242 0.5176653272519954 0.7088873671607754 0.4503918084378563 0.6970362394526797
0 0.5013476795895097 0.5443250285062714 0.48529258722919044 0.6392101185860889 0.5773642086659065 0.6537471345496009 0.6004751163055873 0.556457709236032 0.5013476795895097 0.5443250285062714
0 0.9230570273660206 0.8258564196123147 0.8352747046750285 0.8087700809578108 0.8291807708095782 0.8986274207525655 0.9119437993158495 0.9057405256556442 0.9230570273660206 0.8258564196123147
0 0.4832749532497149 0.3075343489167617 0.4640957331812999 0.4355497765108324 0.5351526978335234 0.45453368985176734 0.5600036955530217 0.3240413922462942 0.4832749532497149 0.3075343489167617
0 0.5418748209806158 0.194069165336374 0.5303218152793615 0.2558930057012543 0.5635565712656784 0.2562484903078677 0.5719852326111745 0.2011969794754846 0.5418748209806158 0.194069165336374
0 0.5886381379703535 0.20068188255416192 0.5783935165336374 0.26396213112884837 0.6042856020524515 0.2722551459521095 0.6175835929304447 0.20358668871151653 0.5886381379703535 0.20068188255416192
0 0.7161018928164196 0.04227009692132269 0.6198103021664766 0.028899760547320408 0.6086198061573547 0.08380653021664766 0.711529046750285 0.10307347548460662 0.7161018928164196 0.04227009692132269
0 0.5153043169897377 0.0400706488027366 0.46046833523375147 0.028872909920182443 0.45065875484606616 0.08385205017103763 0.5025878335233751 0.09767312428734322 0.5153043169897377 0.0400706488027366
0 0.3801223352337514 0.13426079247434436 0.3304505553021665 0.13027132953249715 0.3203510011402509 0.19078350285062712 0.37714948916761687 0.19098607069555304 0.3801223352337514 0.13426079247434436
0 0.4008582109464082 0.1880666385404789 0.39439695210946407 0.25848123261117445 0.43127008551881413 0.26873757924743447 0.43845644127708094 0.18448728506271378 0.4008582109464082 0.1880666385404789
0 0.37523387571265676 0.491935755986317 0.37378376054732043 0.5196055963511973 0.40818355302166476 0.524182526795895 0.4259980775370582 0.5015322645381984 0.37523387571265676 0.491935755986317
0 0.5854206499429875 0.5528946237172178 0.5936350456100342 0.5283534002280501 0.5609803215507412 0.5169302907639681 0.5495659270239452 0.5496277183580388 0.5854206499429875 0.5528946237172178
0 0.5369847993158495 0.5517440478905359 0.5470167981755986 0.5189726077537058 0.5111619931584949 0.5157072622576967 0.5041126351197264 0.5444699338654504 0.5369847993158495 0.5517440478905359
0 0.45743288711516533 0.565311717217788 0.4622554344355758 0.5072971014823261 0.43631550171037625 0.5035593899657924 0.4290907343215507 0.5507459407069555 0.45743288711516533 0.565311717217788
0 0.4272227833523375 0.563728472063854 0.43298104675028504 0.5105194161915622 0.4145876716077537 0.510150023945268 0.4082028768529076 0.552624078677309 0.4272227833523375 0.563728472063854
0 0.5016358928164196 0.537900055872292 0.5028477981755987 0.5147755416191562 0.4712022645381984 0.5065768563283922 0.4656891151653364 0.5324487765108324 0.5016358928164196 0.537900055872292
0 0.4888523740022805 0.5324735815279361 0.4690099566704675 0.5344065085518814 0.45759166020524517 0.5849422417331812 0.47916819840364877 0.5926132326111745 0.4888523740022805 0.5324735815279361