0 0.8945761356898517 0.45003951197263403 0.8942461220068414 0.4983644059293044 0.9379983340935006 0.5002154811858609 0.9406824982896238 0.45083443671607754 0.8945761356898517 0.45003951197263403
0 0.8711933432155075 1 0.87262921322691 0.9701928996579248 0.8591392212086659 0.9711998882554161 0.8577704891676169 1 0.8711933432155075 1
0 0.8421884606613456 1 0.8432301277080958 0.9708293568985176 0.8264177981755987 0.9654427594070696 0.8242292976054733 1 0.8421884606613456 1
0 0.7966475347776512 0.4999569144811859 0.7872077331812999 0.5858287343215507 0.8014797753705816 0.5889053694412771 0.8117875997719498 0.5028998449258837 0.7966475347776512 0.4999569144811859
0 0.7489169509692132 0.49370334435575824 0.7436672633979475 0.5797847765108324 0.7609483740022804 0.5783049806157354 0.7672108198403649 0.4990754914481186 0.7489169509692132 0.49370334435575824
0 0.8366476636259977 0.4962413454960091 0.8543444435575827 0.49846993272519957 0.8568222303306727 0.4608451949828962 0.8411103865450399 0.4596073021664766 0.8366476636259977 0.4962413454960091
0 0.8315296647662486 0.5629911676168757 0.8494348221208666 0.5610278095781072 0.8514758141391106 0.5287619350057012 0.835011488027366 0.5282834777651083 0.8315296647662486 0.5629911676168757
0 0.8259257411630558 0.6260173568985176 0.8408228437856328 0.6270984709236033 0.8447077423033067 0.5915618369441277 0.8302705701254276 0.5899652611174458 0.8259257411630558 0.6260173568985176
0 0.13640406043329534 0.293592842645382 0.13851717103762828 0.3417877708095781 0.19900875484606612 0.34114645039908775 0.19887085632839224 0.29242817103762825 0.13640406043329534 0.293592842645382
0 0.08408487685290764 0.09954306841505131 0.0827516054732041 0.1561410330672748 0.130371834663626 0.15813911174458384 0.1334343135689852 0.1036918597491448 0.08408487685290764 0.09954306841505131
0 0.038517690992018246 0.5298178620296465 0.03471161003420752 0.5804913933865451 0.08496355302166476 0.5875390900798176 0.09147440022805017 0.5340629737742303 0.038517690992018246 0.5298178620296465
0 0 0.6363125974914481 0.06950473090079817 0.6344354002280502 0.07229811288483466 0.6047352257696693 0 0.5994457080957811 0 0.6363125974914481
0 0.12876038768529077 0.634461134549601 0.20136924401368303 0.6370824686431015 0.21640971379703533 0.5099588950969213 0.1407176237172178 0.5058309475484607 0.12876038768529077 0.634461134549601