0 0.28085535005701256 1 0.2462636590649943 0.9539324754846067 0.22019519954389966 0.9776838380843785 0.23617377993158495 1 0.28085535005701256 1
0 0.12549001140250854 0.823408165336374 0.08873927251995439 0.8261748038768529 0.09324932269099202 0.8753081003420753 0.12857374116305587 0.875438473204105 0.12549001140250854 0.823408165336374
0 0.2160481322690992 0.7645129965792474 0.19549877080957812 0.7632039258836943 0.19086622919042187 0.8112222109464082 0.21877656898517675 0.8141948985176739 0.2160481322690992 0.7645129965792474
0 0.590614629418472 0.8042072177879133 0.5713415108323832 0.8332992006841505 0.600465598631699 0.8657791915621437 0.621931992018244 0.8309842759407069 0.590614629418472 0.8042072177879133
0 0.6527487297605473 0.9351797502850627 0.6638520148232612 0.920426834663626 0.6247016316989737 0.8902553249714937 0.6117931892816421 0.9037613979475485 0.6527487297605473 0.9351797502850627
0 0.6179381824401368 0.9730492348916762 0.643763637400228 0.9394404481185861 0.6224877993158494 0.9256421881413911 0.5989367810718358 0.952935473204105 0.6179381824401368 0.9730492348916762
0 1 0.7041764287343215 0.9682120741163056 0.7205605153933865 0.9918744732041049 0.7568076009122007 1 0.748310299885975 1 0.7041764287343215
0 0.5175279749144812 0.1051649441277081 0.5408520695553022 0.14325990763968072 0.6068612884834663 0.09860739566704675 0.5848939201824401 0.06451885176738882 0.5175279749144812 0.1051649441277081
0 0 0.4835435096921323 0.006083404789053592 0.5236071470923603 0.041419832383124286 0.515043425313569 0.036911546180159634 0.46591145952109464 0 0.46911513340935007 0 0.4835435096921323
0 0.3373785222348917 0.12328985632839225 0.3151286704675028 0.09283852337514253 0.28944438996579247 0.1090395017103763 0.30512660775370576 0.14101343899657925 0.3373785222348917 0.12328985632839225
0 0.14266403762827823 0.12726979361459523 0.0944874629418472 0.138239244013683 0.10439253819840365 0.17462103876852908 0.14995364082098062 0.15832311060433296 0.14266403762827823 0.12726979361459523
0 0.5237703169897377 0.1282726237172178 0.4696929452679589 0.15266108665906497 0.4980032474344356 0.21343594754846065 0.5526943135689852 0.1763715267958951 0.5237703169897377 0.1282726237172178