0 0.8553694298745724 0.19051585290763967 0.9384242611174458 0.22462680501710375 0.9562041767388825 0.1931651277080958 0.8630259669327253 0.15976823261117445 0.8553694298745724 0.19051585290763967
0 1 0.5018236590649943 0.9676084059293044 0.48999061687571266 0.9481755461801595 0.5496293010262258 0.9975903876852907 0.5736516168757126 1 0.5031290102622578 1 0.5018236590649943
0 0.8332631459521095 0.539309732041049 0.7702273568985176 0.5138619794754846 0.7507794675028506 0.5449960592930445 0.819020456100342 0.5735038700114025 0.8332631459521095 0.539309732041049
0 0.5845426567844926 0.10561853249714938 0.6162477958950968 0.12458100114025085 0.6315400866590649 0.0877329007981756 0.5922390535917902 0.07249780843785633 0.5845426567844926 0.10561853249714938
0 0.762372629418472 0.9638590570125428 0.8077505267958951 0.9812786636259977 0.824765993158495 0.9444606419612315 0.7743044161915622 0.9260615381984036 0.762372629418472 0.9638590570125428
0 0.603164464082098 0.94207717331813 0.6373359407069555 0.9557381288483466 0.6530178095781073 0.8960339726339794 0.6225559030786774 0.884811566704675 0.603164464082098 0.94207717331813
0 0.6059548791334093 0.6802406818700115 0.6365986088939566 0.6920585381984037 0.6437951607753706 0.659819850627138 0.6142449338654504 0.6471303204104902 0.6059548791334093 0.6802406818700115
0 0.21177447320410492 0.42275800684150516 0.2731049441277081 0.44401910946408213 0.3013003432155074 0.3527613500570126 0.23775062143671608 0.32819695096921325 0.21177447320410492 0.42275800684150516
0 0.26056753135689853 0.17657050513112885 0.27704846522234894 0.1839842668187001 0.3110343192702395 0.10084442645381984 0.2934717263397948 0.0928179441277081 0.26056753135689853 0.17657050513112885
0 0.12088251083238313 0.05595648232611175 0.08543199087799316 0.0476193283922463 0.06364615279361459 0.10454309578107185 0.10017063283922463 0.12091740478905358 0.12088251083238313 0.05595648232611175
0 0.347256669327252 0.1044458905359179 0.4090947776510832 0.1304665781071836 0.41935311744583814 0.11342582782212086 0.34924330672748005 0.09260532269099202 0.347256669327252 0.1044458905359179
0 0.12289000798175598 0.48474744925883695 0.1205880535917902 0.4466999179019384 0.029139930444697832 0.4504498118586089 0.02847476168757127 0.48963167160775367 0.12289000798175598 0.48474744925883695
0 0.40228520524515393 0.48665510946408214 0.4363426282782212 0.3708552930444698 0.4140653375142532 0.3654203614595211 0.37752001140250857 0.4779090649942988 0.40228520524515393 0.48665510946408214
0 0.9629157651083239 0.9287583591790194 0.9923551208665906 0.9423382770809577 0.9930597616875713 0.9019694264538198 0.9741932793614596 0.8945124618015964 0.9629157651083239 0.9287583591790194
0 0.4798582234891676 0.6988240718358039 0.5134272394526795 0.7130683511972634 0.5197987582668188 0.6790337411630559 0.4893148734321551 0.6669217548460662 0.4798582234891676 0.6988240718358039