0 0.6876535986316991 0.12320620980615735 0.6507663922462942 0.11796537628278221 0.6415690581527936 0.15167866476624858 0.6792997046750285 0.15781330444697833 0.6876535986316991 0.12320620980615735
0 0.8467264355758266 0.2758828654503991 0.8087785131128848 0.2738940992018244 0.8080380900798175 0.3106823272519954 0.843114472063854 0.310738472063854 0.8467264355758266 0.2758828654503991
0 0.6839217981755986 0.39862272633979473 0.6526297810718358 0.40577138882554165 0.6537285895096921 0.45287469897377425 0.6886807571265678 0.45530102964652225 0.6839217981755986 0.39862272633979473
0 0.22709695553021664 0.4477410513112885 0.17850050057012543 0.4504013557582668 0.18254131356898518 0.48104545724059294 0.22176981071835802 0.4813192052451539 0.22709695553021664 0.4477410513112885
0 0.002272883694412771 0.7555246009122006 0.04241963055872292 0.7666096602052452 0.052383761687571265 0.7296398517673888 0.013560384264538199 0.7216658152793615 0.002272883694412771 0.7555246009122006
0 0.2792298985176739 0.8484467571265678 0.24134145381984035 0.8509657183580387 0.239315322690992 0.8499191835803878 0.23763893728620294 0.8819065347776511 0.28045456556442416 0.8817737126567845 0.2792298985176739 0.8484467571265678
0 0.29910880957810715 0.701676621436716 0.3470017753705815 0.7011245758266819 0.3482093591790194 0.6667375245153934 0.30248963740022805 0.6655290205245153 0.29910880957810715 0.701676621436716
0 0.9104059885974914 0.7965854503990879 0.8735935940706955 0.8012621220068414 0.8770557103762828 0.8316631037628279 0.9141591710376282 0.8270752234891676 0.9104059885974914 0.7965854503990879
0 0.8665488004561004 0.8732874469783353 0.8351408597491449 0.888320534777651 0.8504913876852908 0.9187765963511972 0.8802592417331813 0.9066757525655644 0.8665488004561004 0.8732874469783353
0 0.6472167742303306 0.838032054732041 0.5985495096921323 0.8420733568985177 0.599850126567845 0.8569336670467503 0.6480658095781071 0.855896283922463 0.6472167742303306 0.838032054732041
0 0.6490033306727481 0.8606972428734322 0.6009898369441277 0.8635789840364881 0.605379023945268 0.8762307229190421 0.6508782930444698 0.8703007183580388 0.6490033306727481 0.8606972428734322
0 0.6454813329532497 0.8824912212086659 0.6051158312428735 0.8869550843785633 0.6072571619156214 0.8971185803876853 0.649043605473204 0.8939636909920183 0.6454813329532497 0.8824912212086659
0 0.6660897366020525 0.9203982941847206 0.6263316374002281 0.9245873192702394 0.6306439623717217 0.9387355233751425 0.6695573055872293 0.9336479304446977 0.6660897366020525 0.9203982941847206
0 0.6668766761687572 0.9507326134549601 0.665751338654504 0.9382002930444697 0.6326726545039909 0.9453757970353477 0.6343939680729761 0.9579409167616876 0.6668766761687572 0.9507326134549601
0 0.39208902394526796 0.42507469327251995 0.39277754161915623 0.4629595222348916 0.4279486259977195 0.46123850057012544 0.42687768871151655 0.4249483432155074 0.39208902394526796 0.42507469327251995
0 0.9004894287343216 0.4071812303306727 0.898574014823261 0.44372950969213226 0.9478203603192703 0.44571583808437854 0.952740771949829 0.4085536727480046 0.9004894287343216 0.4071812303306727
0 0.38934012086659064 0.3073523055872292 0.3845712736602052 0.34729496237172175 0.42436007183580393 0.3481926408209806 0.4320543078677309 0.30345276168757124 0.38934012086659064 0.3073523055872292