0 0.38847478791334095 1 0.3895513956670467 0.9617237924743444 0.30771869669327256 0.9675888449258837 0.31169828620296464 1 0.38847478791334095 1
0 0.13123737742303307 0.3658282622576967 0.13014892018244015 0.30092242759407073 0.08285670695553023 0.3055327628278221 0.07983942645381983 0.36865535803876853 0.13123737742303307 0.3658282622576967
0 0.12348488483466363 0.18574794982896237 0.184319669327252 0.18669738198403651 0.17998701710376283 0.11730660889395668 0.12378432155074118 0.12241437970353478 0.12348488483466363 0.18574794982896237
0 0.14583574914481187 0.49203048688711515 0.1469373261117446 0.4620131185860889 0.05691543101482326 0.474262834663626 0.06141765678449258 0.50119930672748 0.14583574914481187 0.49203048688711515
0 0.5493173660205245 0.3360032554161915 0.5491505256556443 0.3176052018244014 0.4242859486887115 0.3335332782212087 0.428522889395667 0.34855231242873436 0.5493173660205245 0.3360032554161915
0 0.5490338084378563 0.36292599087799315 0.5525480148232611 0.34527552793614597 0.4118550581527936 0.35896434549600914 0.4178584218928164 0.37376648916761684 0.5482341505131129 0.3637341562143671 0.5490338084378563 0.36292599087799315
0 0.5025721984036488 0.4376373112884835 0.49872615849486884 0.4038778244013683 0.4182669646522235 0.42092918244013683 0.4224095142531357 0.4449234948688711 0.5025721984036488 0.4376373112884835
0 0.41772170581527934 0.40187233523375143 0.4954291345496009 0.3965138038768529 0.49649611174458386 0.3808435302166477 0.4162853055872292 0.38531459407069557 0.41772170581527934 0.40187233523375143
0 0.5597598722919042 0.3796512919042189 0.5127694766248575 0.3818348825541619 0.5119302143671608 0.3944877251995439 0.5566262086659065 0.39796501026225767 0.5597598722919042 0.3796512919042189
0 0.4545894675028506 0.7021361562143672 0.5257119908779931 0.6991761254275941 0.524379669327252 0.6810172029646522 0.45027880501710377 0.6865295393386546 0.4545894675028506 0.7021361562143672
0 0.45145274230330673 0.657101496009122 0.4508303694412771 0.6715207605473205 0.5036418403648802 0.6680257970353477 0.5018345553021665 0.6533066476624857 0.45145274230330673 0.657101496009122
0 0.43989126681870017 0.5994809908779931 0.44749723603192704 0.6151552645381985 0.5031121584948689 0.6101196636259977 0.49960926111744586 0.5962069179019385 0.43989126681870017 0.5994809908779931
0 0.5001435051311288 0.6200460661345496 0.44887074230330676 0.6263415701254276 0.4515581505131129 0.6433439144811859 0.508060921322691 0.6358080387685291 0.5001435051311288 0.6200460661345496
0 0.38526282554161917 0.1984162337514253 0.3781695963511973 0.1479545473204105 0.31046947434435573 0.1568637126567845 0.3131505781071836 0.20793168301026227 0.38526282554161917 0.1984162337514253