0 0.6724335940706955 0.6519512599771949 0.6792340387685292 0.5928594070695552 0.6241523922462943 0.5939993979475484 0.6177287708095782 0.6441156396807297 0.6724335940706955 0.6519512599771949
0 0.7549422280501711 0.5055229087799316 0.7034367423033068 0.500058558722919 0.6954654116305587 0.5486944914481185 0.7530144663625997 0.5476881163055872 0.7549422280501711 0.5055229087799316
0 0.7651127377423033 0.4307467309007982 0.7096849224629419 0.4270024070695553 0.6983082052451539 0.4846844298745724 0.7586815963511973 0.48990370125427596 0.7651127377423033 0.4307467309007982
0 0.860004550741163 0.6416155929304447 0.8243591664766249 0.6317128939566704 0.8173536704675028 0.7022254583808437 0.8484821014823261 0.7037953283922463 0.860004550741163 0.6416155929304447
0 0.4252187958950969 0.3575502485746864 0.3736457981755986 0.359307322690992 0.3673285188141391 0.41908728050171035 0.4183129099201825 0.41993951197263396 0.4252187958950969 0.3575502485746864
0 0.19065561801596353 0.38130307639680733 0.11382944583808438 0.379213417331813 0.10489760661345496 0.4572225541619156 0.18429252565564425 0.454642007981756 0.19065561801596353 0.38130307639680733
0 0.1770521550741163 0.31137854960091216 0.12241654389965792 0.3065696795895097 0.11771491904218928 0.3708548882554162 0.17128159863169898 0.37457249828962375 0.1770521550741163 0.31137854960091216
0 0.06538823489167617 0.20245857354618016 0.06045244241733182 0.29202469327251995 0.16961820980615736 0.3022315062713797 0.1838453511972634 0.21128756898517673 0.06538823489167617 0.20245857354618016
0 0.20013572063854046 0.11890029076396808 0.16500728050171037 0.11632365678449258 0.1645697616875713 0.1632734549600912 0.19374549714937286 0.165101921322691 0.20013572063854046 0.11890029076396808
0 0.3086940148232611 0.006003269099201824 0.2797252588369441 0.002704023945267959 0.274192984036488 0.04091765678449259 0.3077024207525656 0.03899003534777651 0.3086940148232611 0.006003269099201824
0 0.043057421892816417 0.7429515473204105 0.012197212086659066 0.743540740022805 0.01454376054732041 0.7747013010262258 0.04070324401368301 0.776602417331813 0.043057421892816417 0.7429515473204105
0 0.8401252394526796 0.12503113340935007 0.8068556305587229 0.12217935119726339 0.800186361459521 0.1463255803876853 0.835198574686431 0.15340354275940707 0.8401252394526796 0.12503113340935007
0 0.4061791835803876 0.2842539566704675 0.4084430684150513 0.25089020638540477 0.35339388711516534 0.2381690022805017 0.3446978643101482 0.2806480558722919 0.4061791835803876 0.2842539566704675
0 0.44617925883694415 0.036877631698973776 0.43686577194982895 0.09311631584948689 0.4781879486887115 0.10160676282782212 0.48550390992018244 0.03959126225769669 0.44617925883694415 0.036877631698973776