0 0.6113235838084378 0.26182364082098064 0.6571990524515393 0.23735560889395665 0.5742863728620297 0.06537488711516534 0.53301848004561 0.08854676282782213 0.6113235838084378 0.26182364082098064
0 0.24313654846066135 0 0.21866750171037627 0.018948242873432157 0.2570493591790194 0.09505218358038768 0.29605264994298747 0.07540149600912201 0.2576525473204105 0 0.24313654846066135 0
0 0.0991159566704675 0.16065524515393387 0.129906834663626 0.1431739441277081 0.11148816647662485 0.11098657696693273 0.0797017023945268 0.12889523831242872 0.0991159566704675 0.16065524515393387
0 0.032961475484606616 0.40944893728620296 0.06350839794754846 0.46849413454960087 0.10137225883694412 0.4465323500570126 0.06457564424173318 0.38728952793614596 0.032961475484606616 0.40944893728620296
0 0.26913301938426454 0.49450342645381984 0.32067912314709235 0.46862205473204105 0.29511462029646524 0.4188961265678449 0.24426737970353476 0.44550205017103767 0.26913301938426454 0.49450342645381984
0 0.22061162029646522 0.5920598757126567 0.2543554230330673 0.5714817981755986 0.239856007981756 0.5375738631698973 0.20411590421892817 0.5605114458380843 0.22061162029646522 0.5920598757126567
0 0.04934192816419612 0.7572046898517675 0.08054395324971493 0.7373826602052451 0.06216225541619156 0.701584354618016 0.028950844925883693 0.7240650364880273 0.04934192816419612 0.7572046898517675
0 0.04217368187001141 0.3025495792474344 0.01992731470923603 0.34324225085518817 0.027017676168757127 0.368005945267959 0.06407247776510833 0.3404737297605473 0.04217368187001141 0.3025495792474344
0 0.7334885940706956 0.060889417331813 0.6844186750285063 0.08298545381984036 0.7027677491448119 0.12239705017103764 0.7563516100342076 0.10260421778791333 0.7334885940706956 0.060889417331813
0 0.8480144401368301 0.3029557149372862 0.9351243979475485 0.25983332497149375 0.8883690798175599 0.13763761003420752 0.7881561858608894 0.1880977377423033 0.8480144401368301 0.3029557149372862
0 0.8851942200684151 0.2902184070695553 0.9008630946408209 0.3243325496009122 0.9355701482326111 0.3051301391106043 0.9190426647662485 0.2690558722919042 0.8851942200684151 0.2902184070695553
0 0.8031420228050171 0.08944975370581527 0.8638474321550741 0.05644281299885975 0.7884188517673889 0.04314271949828963 0.7852066316989738 0.04770104903078678 0.8031420228050171 0.08944975370581527
0 0.5830388095781072 0.44615145724059296 0.614996070695553 0.4288758209806158 0.5889178597491448 0.3820722748004561 0.5581963033067275 0.39233088369441277 0.5830388095781072 0.44615145724059296
0 0.4999479087799316 0.5074668928164197 0.5317005005701254 0.4913609874572406 0.5090565689851767 0.4421500353477765 0.47306268529076395 0.4541904982896237 0.4999479087799316 0.5074668928164197
0 0.7028973477765108 0.3744360935005701 0.7340628916761687 0.429972913340935 0.7694223489167618 0.413900086659065 0.7369519988597492 0.3521040992018244 0.7028973477765108 0.3744360935005701
0 1 0.35854454275940706 0.9690375302166476 0.3749397537058153 0.9976956134549602 0.43455626111744583 1 0.43236883694412775 1 0.35854454275940706
0 1 0.5012221140250855 0.9313373261117446 0.5340939042189281 0.9526463340935005 0.5875912941847206 0.9923289589509693 0.5707734846066135 1 0.5321981482326111 1 0.5012221140250855
0 0.8422969407069556 0.7692056408209806 0.8940828734321551 0.7385448677309008 0.870818779931585 0.6928420216647662 0.8155140022805017 0.7198661938426453 0.8422969407069556 0.7692056408209806
0 0.6835488072976055 0.5012544743443558 0.703167637400228 0.5402854675028507 0.7560629714937286 0.5140406784492588 0.7373612690992019 0.47275976054732044 0.6835488072976055 0.5012544743443558
0 0.7585197445838084 0.8310029749144813 0.7968667776510833 0.8799682588369442 0.8274500216647662 0.8534067035347777 0.788518259977195 0.8043383158494869 0.7585197445838084 0.8310029749144813
0 0.5945042303306728 0.8388600957810718 0.6179743717217788 0.8731455792474345 0.662543496009122 0.8424181071835805 0.6411284412770809 0.8021644401368301 0.5945042303306728 0.8388600957810718
0 0.46516595781071834 0.7388818460661345 0.4327608517673888 0.7621076100342076 0.4637218403648803 0.8085647172177879 0.4963284914481186 0.7883890387685291 0.46516595781071834 0.7388818460661345
0 0.45396409578107183 0.7067611790193843 0.4191245074116306 0.6276643774230332 0.3664103717217788 0.6635892554161915 0.403383054732041 0.7340169498289623 0.45396409578107183 0.7067611790193843
0 0.47128516875712656 0.6392749338654504 0.4572676510832383 0.6060532930444698 0.42266370125427594 0.6246709749144812 0.44166402052451537 0.6569609019384265 0.47128516875712656 0.6392749338654504
0 0.4955476784492588 0.590495441277081 0.5189470672748004 0.6217539019384265 0.5884980615735462 0.5894023112884835 0.5734480798175599 0.5517782542759407 0.4955476784492588 0.590495441277081
0 0.5968138483466363 0.5866466556442417 0.6077063990877993 0.6205215131128848 0.6387034846066135 0.6018707525655644 0.6285325484606613 0.5741522314709235 0.5968138483466363 0.5866466556442417
0 0.8961761858608893 0.8257329509692132 0.9309510250855187 0.7993075769669328 0.8962126659064995 0.750374102622577 0.8673482930444698 0.7706067354618016 0.8961761858608893 0.8257329509692132
0 0.9153867924743444 0.764608977194983 0.9475478312428735 0.8281591527936146 0.9596893705815279 0.7651858027366021 0.9462457263397948 0.7399031755986317 0.9153867924743444 0.764608977194983
0 0.09531784834663627 0.8346460832383124 0.1178925701254276 0.880830283922463 0.1351086031927024 0.8754236157354619 0.11102133181299886 0.824149433295325 0.09531784834663627 0.8346460832383124
0 0.6350677628278222 0.30821404903078675 0.6223886716077538 0.2776416339794755 0.5853796681870012 0.29282069099201824 0.6070958905359178 0.32679532611174456 0.6350677628278222 0.30821404903078675
0 0.6898392383124288 0.36309154047890535 0.634961849486887 0.40104503192702395 0.6560472736602053 0.45118540935005697 0.713307889395667 0.41787409920182444 0.6898392383124288 0.36309154047890535
0 0.9153601904218929 0.42998631242873436 0.9486589543899657 0.4153604458380844 0.9379389908779932 0.383926070695553 0.9018575381984038 0.4040935450399088 0.9153601904218929 0.42998631242873436