0 0.6256262018244013 0.28128099087799313 0.6217379555302166 0.16314226111744584 0.578640551881414 0.15795307753705815 0.5795020935005701 0.28299928962371723 0.6256262018244013 0.28128099087799313
0 0.7578235484606614 0.4581837445838084 0.7610103933865451 0.4195946282782212 0.7070345381984037 0.4265207936145952 0.7068520250855188 0.46003894070695556 0.7578235484606614 0.4581837445838084
0 0.7187205484606612 0.5807890410490308 0.7264823990877992 0.543607945267959 0.6928844241733181 0.5324146043329533 0.6796103648802736 0.5666642930444697 0.7187205484606612 0.5807890410490308
0 0.8408928004561004 0.9342123876852908 0.7996827103762828 0.9149004389965794 0.7855239954389965 0.9473377240592931 0.8215508928164196 0.9669812200684151 0.8408928004561004 0.9342123876852908
0 0.32870984264538194 0.31024167160775373 0.2987191014823261 0.31278338540478906 0.3026357890535918 0.34527906841505135 0.33738739224629416 0.3430913215507412 0.32870984264538194 0.31024167160775373
0 0.2018990228050171 0.08911332953249715 0.1451120353477765 0.07608887685290765 0.1436463021664766 0.11859416875712657 0.18823304675028504 0.12729532725199544 0.2018990228050171 0.08911332953249715
0 1 0.20658043329532497 0.9705792098061573 0.20899101596351197 0.9774689498289624 0.24514129874572407 1 0.24168964424173317 1 0.20658043329532497
0 0.8609322873432155 0.1059353819840365 0.8451479156214367 0.11339052793614596 0.8682232531356898 0.18938961459521095 0.8883667548460661 0.17943787115165336 0.8609322873432155 0.1059353819840365
0 0.8783983101482327 0.08552385290763968 0.8946288301026225 0.06187040364880274 0.8554504070695553 0.05496219156214367 0.8506008688711516 0.061949671607753706 0.8783983101482327 0.08552385290763968
0 0.8227522770809579 0.09679316533637401 0.7804458107183581 0.0905376259977195 0.7784553911060433 0.10524511972633979 0.8188748449258837 0.11023500456100341 0.8227522770809579 0.09679316533637401
0 0.8221186488027367 0.04909759635119726 0.7833187491448119 0.043461945267958955 0.7828783945267959 0.059645404789053585 0.8204584572405929 0.06535155416191563 0.8221186488027367 0.04909759635119726
0 0.08308241049030787 0.2500653261117446 0.12828250399087798 0.27068372976054733 0.15148481984036485 0.22116833181299886 0.09591123033067274 0.19953472976054734 0.08308241049030787 0.2500653261117446
0 0.2926689258836944 0.32316075142531353 0.30499301596351197 0.24642882668187 0.26674630672748006 0.24450341619156216 0.25651879475484607 0.31618359749144814 0.2926689258836944 0.32316075142531353
0 0.31207845039908777 0.13444066020524514 0.3361999635119727 0.059187616875712654 0.29396325085518815 0.05595575142531357 0.27861268072976053 0.13275535005701253 0.31207845039908777 0.13444066020524514