0 0.9842656248574687 0.2948203124287343 0.9866406248574686 0.2598234378563284 0.9486406248574686 0.25863593728620293 0.9474531254275941 0.29294843785632835 0.9842656248574687 0.2948203124287343
0 0.8572015621436716 0.08009062485746865 0.8601703124287343 0.06585624971493728 0.777639062713797 0.056364062713797035 0.7746703124287343 0.07323749942987458 0.8572015621436716 0.08009062485746865
0 0.997921874572406 0.11449531242873433 0.997921874572406 0.09610781299885975 0.9539843751425314 0.09492031242873432 0.9519062497149373 0.11059843785632839 0.997921874572406 0.11449531242873433
0 0.5917937502850626 0.10144531242873432 0.5876390627137971 0.11983437514253135 0.6547312497149372 0.1233937502850627 0.6553249999999999 0.10437187457240592 0.5917937502850626 0.10144531242873432
0 0.32638593728620297 0.02433281299885975 0.3287625005701254 0.04212812542759407 0.4196062497149373 0.043314062713797036 0.41930937514253136 0.02698281299885975 0.32638593728620297 0.02433281299885975
0 0.3293546875712657 0.005351562143671607 0.3287625005701254 0.02255312542759407 0.37982343785632844 0.02314687457240593 0.37923124971493727 0.006523437856328392 0.3293546875712657 0.005351562143671607
0 0.5834812497149373 0.22245312542759405 0.5852624994298746 0.2532984378563284 0.6464203124287343 0.25863593728620293 0.6437484378563283 0.22178749942987455 0.5834812497149373 0.22245312542759405
0 0.34241718700114027 0.4852296875712657 0.38041718700114024 0.4905671870011402 0.38338593728620296 0.41582812542759406 0.34241718700114027 0.4146421870011402 0.34241718700114027 0.4852296875712657
0 0.0948234378563284 0.33278281299885976 0.09779218700114026 0.36837499999999995 0.14826093728620296 0.36837499999999995 0.14588593728620297 0.33475781299885976 0.0948234378563284 0.33278281299885976
0 0.08769687457240592 0.2966 0.048509375142531355 0.2942281254275941 0.048509375142531355 0.35888281299885977 0.09066562485746864 0.36185 0.08769687457240592 0.2966
0 0.6808578129988597 0.000012500570125427595 0.6784828129988598 0.04272031242873432 0.718560937286203 0.04833124971493728 0.720639062713797 0.0029781254275940707 0.6808578129988597 0.000012500570125427595
0 0.3281671870011402 0.05992343785632839 0.32757343785632836 0.08305781299885975 0.35904218700114027 0.08187031242873433 0.3560734378563284 0.05811562485746864 0.3281671870011402 0.05992343785632839
0 0.23851093728620296 0.021959375142531358 0.20288593728620297 0.017807812998859748 0.19991718700114025 0.05814375028506272 0.23791718700114023 0.06288906271379703 0.23851093728620296 0.021959375142531358
0 0.1417296875712657 0.45557187457240594 0.13697812542759408 0.4905671870011402 0.19754218700114023 0.49116249942987456 0.19665156214367163 0.45662187457240594 0.1417296875712657 0.45557187457240594
0 0.30976250057012544 0.730210937286203 0.30857343785632835 0.7616499999999999 0.3584484378563284 0.7717328129988598 0.3614171870011402 0.7368203124287344 0.30976250057012544 0.730210937286203
0 0.2729484378563284 0.8767265621436716 0.2747296875712657 0.9135015621436715 0.33054218700114024 0.9140953124287344 0.33291718700114026 0.8800343751425314 0.2729484378563284 0.8767265621436716
0 0.44988749942987455 0.9182484378563285 0.3917 0.9117218745724059 0.3917 0.9449406248574687 0.44929375028506274 0.9520578129988597 0.44988749942987455 0.9182484378563285
0 0.5300437502850627 0.7830031254275941 0.47660624971493726 0.7752921870011402 0.470075 0.8108828129988598 0.5315281254275941 0.8159874994298746 0.5300437502850627 0.7830031254275941
0 0.7218265621436716 0.6981796875712657 0.7194515621436716 0.7130093751425314 0.7972328129988597 0.721314062713797 0.7969359372862029 0.7030187502850628 0.7218265621436716 0.6981796875712657
0 0.6387 0.6317453124287344 0.6416703124287343 0.664960937286203 0.6802625005701254 0.6667406248574687 0.6829359372862029 0.6318562497149373 0.6387 0.6317453124287344
0 0.7022312497149373 0.7942734378563284 0.7004515621436717 0.8096968745724059 0.8257328129988598 0.8162218745724059 0.825435937286203 0.7990874994298747 0.7022312497149373 0.7942734378563284
0 0.7295453124287343 0.81385 0.6986703124287343 0.8126625005701255 0.7010453124287344 0.8274921870011402 0.7289515621436716 0.8280843751425314 0.7295453124287343 0.81385
0 0.03247812542759407 0.7812234378563284 0.03663437514253135 0.7960531254275941 0.07047812542759407 0.7913093751425314 0.07166562485746863 0.7746999999999999 0.03247812542759407 0.7812234378563284
0 0.035446874572405924 0.8043593751425314 0.039009375142531354 0.8180015621436716 0.07641718700114024 0.8120703124287343 0.07463437514253135 0.7954609372862029 0.035446874572405924 0.8043593751425314
0 0.043165624857468644 0.8263046875712657 0.04613437514253136 0.8399484378563283 0.07938593728620295 0.8328312497149373 0.07730624971493728 0.820435937286203 0.043165624857468644 0.8263046875712657
0 0.2984796875712657 0.7806312497149372 0.3056046875712657 0.8096968745724059 0.3584484378563284 0.803171874572406 0.35518281299885973 0.7795171870011403 0.2984796875712657 0.7806312497149372
0 0.18447812542759406 0.7207203124287344 0.1375718745724059 0.6026781254275941 0.10313437514253136 0.6145421870011402 0.15122968757126568 0.7350406248574687 0.18447812542759406 0.7207203124287344
0 0.08947812542759408 0.45141875028506273 0.09185468757126568 0.46328281299885976 0.1233234378563284 0.463875 0.1254 0.4503953124287343 0.08947812542759408 0.45141875028506273
0 0.0948234378563284 0.47514531242873437 0.09125937514253135 0.49294218700114023 0.13104062485746865 0.4941265621436716 0.1343062497149373 0.48152812542759404 0.0948234378563284 0.47514531242873437
0 0.25988593728620296 0.06526093728620297 0.2581046875712657 0.07831093728620296 0.2972937502850627 0.08068437514253136 0.2972937502850627 0.06967812542759408 0.25988593728620296 0.06526093728620297
0 0.2676046875712657 0.09076875028506272 0.26641718700114025 0.10381875028506271 0.28304218700114026 0.10441093728620297 0.28304218700114026 0.08746875028506271 0.2676046875712657 0.09076875028506272
0 0.2586984378563284 0.14415468757126568 0.2586984378563284 0.1595765621436716 0.27413593728620295 0.16016875028506272 0.27769843785632836 0.14528906271379705 0.2586984378563284 0.14415468757126568
0 0.19576093728620297 0.1749984378563284 0.19279218700114023 0.19338750057012544 0.2106046875712657 0.18923593728620294 0.2109015621436716 0.1782 0.19576093728620297 0.1749984378563284
0 0.21772968757126568 0.15720468757126568 0.21832343785632838 0.16491562485746863 0.23079218700114026 0.16550781299885975 0.2304953124287343 0.15596249942987456 0.21772968757126568 0.15720468757126568