0 0.1166255724059293 0.37586389623717215 0.1474347149372862 0.37370951197263397 0.14902288255416193 0.30276967046750286 0.11974146864310148 0.2976748278221209 0.1166255724059293 0.37586389623717215
0 0.04774653477765108 0.36996835689851765 0.08223520182440137 0.36934070695553023 0.09911875028506272 0.31280807183580384 0.06467284036488027 0.31402479817559864 0.04774653477765108 0.36996835689851765
0 0.15671465906499432 0.6170941106043331 0.16763614367160776 0.585975212086659 0.0986576488027366 0.5616338643101483 0.08890096237172178 0.5971353101482326 0.15671465906499432 0.6170941106043331
0 0.009683794754846065 0.6559451037628279 0.04731845724059293 0.6533134310148232 0.05670914709236032 0.6002807480045611 0.015424785632839225 0.5933452679589509 0.009683794754846065 0.6559451037628279
0 0.3291254526795895 0.4348108084378563 0.29798652565564426 0.43222665564424173 0.2910785188141391 0.49520569783352336 0.3211671071835804 0.49697049714937286 0.3291254526795895 0.4348108084378563
0 0.35914715621436716 0.22558036259977196 0.3263954310148232 0.22548978791334096 0.32516262371721777 0.2859887810718358 0.36224260433295324 0.2783366966932725 0.35914715621436716 0.22558036259977196
0 0.34178988255416193 0.34345484378563285 0.3704476841505131 0.33609253021664764 0.36052206499429873 0.2963130057012543 0.33161164082098066 0.3016082177879133 0.34178988255416193 0.34345484378563285
0 0.34882965336374006 0.13761548574686433 0.3365109635119726 0.14026405701254277 0.33380506613454963 0.1925316955530217 0.34971855074116304 0.19290848232611174 0.34882965336374006 0.13761548574686433
0 1 0.6407528038768528 0.9097637867730901 0.5897317799315849 0.8974722063854048 0.6188632850627138 0.9939555781071835 0.6704476647662486 1 0.659264621436716 1 0.6407528038768528
0 0.4121367217787913 0.8896923660205246 0.3800602462941847 0.8907465381984037 0.37953243101482326 0.9598266328392246 0.41763002622576967 0.9571625895096921 0.4121367217787913 0.8896923660205246
0 0.23887071037628277 1 0.23932219042189282 0.9990934811858608 0.19812833523375145 0.9879868392246295 0.194938818700114 1 0.23887071037628277 1
0 0.25002013683010266 0.8105582805017103 0.2721810558722919 0.7357990535917901 0.23985728278221208 0.7258577537058153 0.21444515963511973 0.8041179281641961 0.25002013683010266 0.8105582805017103
0 0.0586073078677309 0.8828679578107184 0.049972202964652226 0.9126365769669328 0.09159501710376282 0.9165723911060433 0.09367593614595211 0.890534118586089 0.0586073078677309 0.8828679578107184
0 0.030784423033067273 0.9532630752565564 0.033002294184720636 0.9894151790193844 0.053527862029646524 0.9978006898517674 0.06029965678449259 0.9666743660205245 0.030784423033067273 0.9532630752565564
0 0.15582964424173318 0.8939270718358039 0.12164480501710377 0.8903655096921322 0.11770826795895098 0.9192103728620297 0.15288132497149373 0.9247860319270239 0.15582964424173318 0.8939270718358039
0 0.1772622166476625 0.936473150513113 0.18450406841505132 0.9038259589509692 0.17084900114025087 0.8958528164196123 0.16226289395667046 0.9312724082098062 0.1772622166476625 0.936473150513113
0 0.19298345381984036 0.8377610353477765 0.2477543283922463 0.8547615119726341 0.24933792474344357 0.8359019806157355 0.19817342075256555 0.8183517206385406 0.19298345381984036 0.8377610353477765
0 0.42858830558722916 0.5034460718358038 0.4802031345496009 0.5093600102622577 0.491192976054732 0.4770459327251995 0.4373476659064994 0.4754543637400228 0.42858830558722916 0.5034460718358038
0 0.44488099885974913 0.44695318814139107 0.4417563101482326 0.47038448232611174 0.47234903192702393 0.4756852291904219 0.4758002748004561 0.4549079327251995 0.44488099885974913 0.44695318814139107
0 0.8191911949828962 0.4785132565564424 0.8058948768529076 0.4842046248574686 0.8241655108323831 0.5751845655644242 0.8404379315849487 0.5686883215507412 0.8191911949828962 0.4785132565564424
0 0.8472502428734321 0.42000718928164193 0.8307853181299886 0.4229441277080958 0.8444842394526796 0.5371573819840365 0.8600651641961231 0.5351750581527936 0.8472502428734321 0.42000718928164193
0 0.8077415051311289 0.38289151767388824 0.7900903055872291 0.385909842645382 0.7996952063854048 0.4456525564424173 0.8155215131128848 0.4430578734321551 0.8077415051311289 0.38289151767388824
0 0.8396648722919041 0.3711360205245154 0.8226475028506272 0.3747067901938427 0.8279130741163055 0.41510977651083236 0.8437901516533637 0.41310674344355763 0.8396648722919041 0.3711360205245154
0 0.8619532098061573 0.43445425427594075 0.8790518551881414 0.4320682006841505 0.8706007685290764 0.3963519657924744 0.853449905359179 0.3972521049030787 0.8619532098061573 0.43445425427594075
0 0.7255523158494869 0.08448847548460663 0.6937257958950969 0.08909480273660206 0.6927568973774231 0.11654331470923604 0.727706046750285 0.11528826567844926 0.7255523158494869 0.08448847548460663
0 0.4200343090079818 0.6195145689851767 0.40256696237172174 0.6421631995438997 0.43525236259977196 0.6583288095781072 0.4477726339794755 0.6330501128848346 0.4200343090079818 0.6195145689851767
0 0.09644348688711517 0.48738870923603195 0.126907165336374 0.48882811402508547 0.13528588369441277 0.4688997867730901 0.09715598517673889 0.4635308916761688 0.09644348688711517 0.48738870923603195
0 0.44753753021664766 0.4253386624857468 0.44432844583808434 0.44758545952109463 0.48133307183580387 0.45095140935005695 0.4817622291904219 0.4294926374002281 0.44753753021664766 0.4253386624857468
0 0.4927325838084379 0.3394455347776511 0.48377858836944126 0.3561420547320411 0.539319007981756 0.3736870535917902 0.5442521242873433 0.35250853363740026 0.4927325838084379 0.3394455347776511
0 0.9951939338654504 0.43168435461801596 0.9375082588369441 0.3910765724059293 0.9041434925883695 0.43328962257696696 0.9713409042189283 0.48721790992018243 0.9951939338654504 0.43168435461801596