0 0.966967378563284 0.16125426795895098 0.956189338654504 0.12506373318129987 0.906587818700114 0.1565236921322691 0.9191143192702395 0.1854670741163056 0.966967378563284 0.16125426795895098
0 0.9756604697833523 0.20471825997719498 0.9289142816419612 0.2213243990877993 0.9461366659064994 0.28490280501710374 0.9714281573546181 0.269340850627138 0.9756604697833523 0.20471825997719498
0 0.8433006237172178 0.4541110068415051 0.8013483740022804 0.4577813534777651 0.811174834663626 0.5320199224629418 0.8553743375142531 0.5231464150513112 0.8433006237172178 0.4541110068415051
0 0.3671840547320411 0.6084132177879134 0.2816859942987457 0.5916949965792474 0.25362312428734324 0.8611678244013683 0.33427721208665906 0.8691311607753706 0.3671840547320411 0.6084132177879134
0 0.5699518301026226 0.9494793261117446 0.571856905359179 0.9000815632839224 0.5484242656784493 0.8987939532497149 0.537748716077537 0.9481246066134549 0.5699518301026226 0.9494793261117446
0 0.11568723489167618 0.9725338232611174 0.18311503534777648 0.9691379315849488 0.18048026567844927 0.9009440057012542 0.11888077879133409 0.9013267115165337 0.11568723489167618 0.9725338232611174
0 0.15975231470923604 0.7592363249714938 0.15863797833523374 0.6537774549600912 0.09096706955530216 0.6584462554161915 0.09032221436716077 0.7653106716077537 0.15975231470923604 0.7592363249714938
0 0.6240582679589509 0 0.631051582668187 0.015412224629418471 0.6705815735461802 0.0040267582668187 0.6694460980615736 0 0.6240582679589509 0
0 0.3141756180159635 0.09779170011402509 0.33957698973774225 0.11100466704675029 0.35263008209806157 0.06981025883694413 0.321860716077537 0.060820274800456105 0.3141756180159635 0.09779170011402509
0 0.11557679361459522 0.10125923603192702 0.1357299338654504 0.029959582668187 0.11781088141391106 0.03152729646522235 0.09855225769669328 0.09718533181299886 0.11557679361459522 0.10125923603192702
0 0.14452403192702393 0.09872668072976054 0.1705527274800456 0.031085108323831243 0.15239067046750285 0.029893188141391105 0.131512913340935 0.092910417331813 0.14452403192702393 0.09872668072976054
0 0.18283767274800455 0.028619084378563284 0.15956563511972635 0.09601947890535918 0.17119595438996582 0.10195497947548461 0.1962094766248575 0.03857591790193843 0.18283767274800455 0.028619084378563284
0 0.17280866590649943 0.5649230307867731 0.14325915735461803 0.5605536875712657 0.13708151197263396 0.6487103808437856 0.1631512998859749 0.645038338654504 0.17280866590649943 0.5649230307867731