0 0.23522468757126566 0.1396075188141391 0.22843215051311289 0.04246971949828963 0.17475562371721778 0.04116394982896237 0.18386851083238312 0.1449858597491448 0.23522468757126566 0.1396075188141391
0 0.24663148916761687 0.6173537115165336 0.27584440364880275 0.6099557126567845 0.24989720296465223 0.5195125712656784 0.22003977993158494 0.5346948027366021 0.24663148916761687 0.6173537115165336
0 0.3018931698973774 0.5997998415051311 0.34404135005701253 0.590305354618016 0.3234203158494869 0.4994913375142531 0.27739389167616874 0.5143162166476625 0.3018931698973774 0.5997998415051311
0 0.017738368301026226 0.49884430558722914 0.018768538198403645 0.5475786590649944 0.03943748574686431 0.5455381459521095 0.03645895096921323 0.49902323489167616 0.017738368301026226 0.49884430558722914
0 0.04001611858608894 0.6133504697833524 0.06250183580387685 0.6117781151653363 0.053437273660205245 0.5671767810718358 0.03497031014823261 0.5666825165336374 0.03741924401368301 0.5677016704675029 0.04001611858608894 0.6133504697833524
0 0.017264614595210948 0.7131509566704676 0.03472654389965792 0.7077619327251996 0.031767802736602055 0.6484488403648803 0.009455996579247434 0.652687433295325 0.017264614595210948 0.7131509566704676
0 0.06483854161915621 0.7812482485746864 0.08437831128848347 0.7715490957810718 0.07254436716077536 0.7128566180159636 0.05003060205245154 0.7185973329532498 0.06483854161915621 0.7812482485746864
0 0.02387340935005701 0.790660007981756 0.042352825541619156 0.7828206031927024 0.032886535917901936 0.7239625621436716 0.017633161915621438 0.7271123808437856 0.02387340935005701 0.790660007981756
0 0.030600055872291903 0.955061566704675 0.052216013683010265 0.9493836328392247 0.03850042531356899 0.9062963637400228 0.03766128050171037 0.902785409350057 0.027327931584948686 0.9082680193842646 0.030600055872291903 0.955061566704675
0 0.4415831448118586 1 0.4394729350057012 0.9770623797035347 0.4177540957810718 0.9785811094640822 0.41815942189281646 1 0.4415831448118586 1
0 0.39251404332953255 0.9178500786773091 0.40549083580387685 0.9163474526795895 0.40010650855188146 0.8393479783352337 0.38327874458380845 0.842606322690992 0.39251404332953255 0.9178500786773091
0 0.42955726795895094 0.9033557662485747 0.4454510444697834 0.9010539646522235 0.4374270969213227 0.8373319007981755 0.4213097571265678 0.8381613352337515 0.42955726795895094 0.9033557662485747
0 0.45526223717217784 0.8967951345496009 0.4749139167616876 0.8972081208665907 0.4718902998859749 0.8539683956670467 0.4528466248574686 0.8555976579247434 0.45526223717217784 0.8967951345496009
0 0.39504779703534776 0.7414921710376283 0.40739242645381984 0.739438550741163 0.40037902166476624 0.7071914150513112 0.3866310125427594 0.7120231368301027 0.39504779703534776 0.7414921710376283