0 0.8400556488027365 0.45028842987457246 0.8212103033067274 0.4468959703534778 0.7770514675028507 0.594226732041049 0.7947401425313569 0.6001272725199543 0.8400556488027365 0.45028842987457246
0 0.8142229840364881 0.44285420410490306 0.7943223249714937 0.44076670353477765 0.7488901265678449 0.5816625028506271 0.7733703477765109 0.5925224903078677 0.8142229840364881 0.44285420410490306
0 0.7425872257696694 0.5841175974914481 0.787987567844926 0.4372533694412771 0.7681172770809579 0.42978949258836946 0.7255102645381984 0.5805392736602053 0.7425872257696694 0.5841175974914481
0 0.7601699578107183 0.4336098928164196 0.7435578118586088 0.42878867274800453 0.6990886567844926 0.5731669464082099 0.720884771949829 0.5762476978335234 0.7601699578107183 0.4336098928164196
0 0.7363237913340934 0.4223847525655644 0.7178810342075257 0.41715734663626 0.6724187936145952 0.5634326316989738 0.6954753945267959 0.5747391870011402 0.7363237913340934 0.4223847525655644
0 0.7149938825541619 0.41805938996579245 0.6940365860889395 0.4059335974914481 0.6501559817559863 0.5615918323831243 0.670193503990878 0.5639650296465223 0.7149938825541619 0.41805938996579245
0 0.6891626088939568 0.41062344583808436 0.6677087366020524 0.40511864424173316 0.6231456602052451 0.542937992018244 0.6474723215507411 0.5520230581527936 0.6891626088939568 0.41062344583808436
0 0.6646957388825542 0.4048383021664766 0.642931221208666 0.39637790421892816 0.6009771619156214 0.5363142576966933 0.6228974047890536 0.5405760022805017 0.6646957388825542 0.4048383021664766
0 0.6409752554161916 0.39479399315849484 0.6248929350057013 0.389318496009122 0.5811068722919042 0.5288503808437857 0.6004002052451539 0.5381643888255416 0.6409752554161916 0.39479399315849484
0 0.9408550262257697 0.17222721550741166 0.8129358574686432 0.15820911630558723 0.8013202793614596 0.21793797605473206 0.9276344640820982 0.23063221436716078 0.9408550262257697 0.17222721550741166
0 0.9118636693272519 0.03258484948688711 0.8624344196123148 0.027630724059293045 0.8454169863169897 0.08136168643101481 0.9022172850627138 0.09091426909920182 0.9118636693272519 0.03258484948688711
0 0.9587547571265678 0.43900669327251995 0.8273597879133409 0.40326415507411634 0.8138503728620295 0.45065463397947547 0.9469971505131128 0.4829294355758267 0.9587547571265678 0.43900669327251995
0 0.659897 0.7337055381984036 0.6492123135689851 0.81363682668187 0.7494043603192703 0.8305675917901939 0.7620984503990877 0.7405758392246294 0.659897 0.7337055381984036
0 0.9698820592930444 0.788888385404789 0.9379945849486887 0.7862696898517675 0.9305413055872293 0.840187889395667 0.9630160057012542 0.8427432953249715 0.9698820592930444 0.788888385404789
0 0.9239555929304446 0.8910298004561004 0.8960123010262258 0.8862054914481187 0.8921359977194984 0.9310909384264537 0.923797299885975 0.9292557525655645 0.9239555929304446 0.8910298004561004