0 0.5294473990877994 0.6997011778791333 0.5875338517673888 0.7125096579247435 0.597935275940707 0.6582342029646522 0.5484581117445838 0.6479916031927024 0.5294473990877994 0.6997011778791333
0 0.4338228437856328 0.692372283922463 0.4222209429874572 0.7428506955530216 0.4627165473204105 0.7547556088939567 0.4824042337514253 0.7006695530216648 0.4338228437856328 0.692372283922463
0 0.3627126864310148 0.6744952976054732 0.34820748232611176 0.7281223591790194 0.4062352725199544 0.7413012212086659 0.42095600798175603 0.6825178301026226 0.3627126864310148 0.6744952976054732
0 0.5189359726339795 0.8495691402508552 0.516694157354618 0.8864965176738883 0.5792375940706955 0.8958455689851768 0.5878876784492588 0.8659019600912201 0.5189359726339795 0.8495691402508552
0 0.40810936374002277 0.3347246989737742 0.38965749258836946 0.38291587913340935 0.4508960364880274 0.39669819270239454 0.46668912998859746 0.3482140456100342 0.40810936374002277 0.3347246989737742
0 0.5115188768529076 0.09554430330672749 0.48848253363740024 0.16886520296465224 0.5598974754846066 0.1867256009122007 0.5881858871151653 0.11249637400228049 0.5115188768529076 0.09554430330672749
0 0.44003718814139114 0.0800130763968073 0.4267964481185861 0.13323767616875712 0.4884262109464082 0.14835544469783352 0.5023507457240592 0.09649681870011402 0.44003718814139114 0.0800130763968073
0 0.35811214139110603 0 0.3299469190421893 0.10707433295324971 0.4205680057012543 0.123230755986317 0.44645817103762825 0.0166894834663626 0.3876580193842646 0 0.35811214139110603 0
0 0.24628985176738882 0.0583453614595211 0.23728940592930445 0.0923988244013683 0.2830543591790194 0.10139852907639679 0.2908242006841505 0.07321703990877992 0.24628985176738882 0.0583453614595211
0 0.10151185860889395 0.1298224070695553 0.09520005131128847 0.1582870330672748 0.1267124834663626 0.16808890307867733 0.1394446898517674 0.13703268072976055 0.10151185860889395 0.1298224070695553
0 0.8890853477765108 0.11806251197263398 0.8784811527936145 0.147049590649943 0.9110651208665906 0.15577932383124288 0.9177842748004561 0.13042610376282782 0.8890853477765108 0.11806251197263398
0 0.04286113683010262 0.6671313283922462 0.034726025085518815 0.6995168095781071 0.06315663055872292 0.7040957103762828 0.06786314709236031 0.6686866522234891 0.04286113683010262 0.6671313283922462
0 0.9482139327251995 0.8568264184720639 0.9513524139110604 0.8464996214367161 0.9339387046750285 0.8311933215507412 0.9267362633979476 0.8444058415051311 0.9482139327251995 0.8568264184720639
0 0.9302146989737742 0.8034662668187 0.9244374811858609 0.8133735484606613 0.9445465222348917 0.8211509863169897 0.9552749931584948 0.812244637400228 0.9302146989737742 0.8034662668187
0 0.938286070695553 0.7752787468643101 0.9306564059293044 0.7854953637400227 0.9538648905359178 0.796476794754846 0.9606431550741164 0.7878401927023945 0.938286070695553 0.7752787468643101
0 0.29427008323831244 0.33232900456100345 0.32655317901938424 0.3410506339794755 0.34316009236031925 0.2817449384264538 0.3001642098061574 0.27613736145952106 0.29427008323831244 0.33232900456100345
0 0.13583841277080957 0.3078370444697834 0.07963151767388826 0.2983335952109464 0.06939445153933865 0.33639925427594075 0.13041310376282783 0.349672149372862 0.13583841277080957 0.3078370444697834