0 0.6941328129988596 0.4139296875712657 0.689375 0.4513 0.802925 0.46079062485746863 0.8088703124287343 0.42460781299885975 0.6941328129988596 0.4139296875712657
0 0.39569531242873435 0.4139296875712657 0.38499531242873436 0.4845187502850627 0.4328515621436716 0.49267656214367156 0.442660937286203 0.4145234378563284 0.39569531242873435 0.4139296875712657
0 0.3083046875712657 0.40977812542759406 0.354675 0.4133374994298746 0.36835 0.3433421870011403 0.32019531242873434 0.3391906248574686 0.3083046875712657 0.40977812542759406
0 0.49676093728620296 0.8196624994298746 0.4884375005701254 0.8706750000000001 0.5238093751425313 0.8751703124287343 0.534214062713797 0.8196624994298746 0.49676093728620296 0.8196624994298746
0 0.6156593751425313 0.12268124971493728 0.6067421870011402 0.16123749942987456 0.6875937502850628 0.16894843785632838 0.6917546875712657 0.12861249942987457 0.6156593751425313 0.12268124971493728
0 0.7904406248574686 0.17665937514253136 0.7844953124287343 0.23063906271379703 0.8573203124287343 0.2400515621436716 0.8659406248574687 0.18140624971493727 0.7904406248574686 0.17665937514253136
0 0.7208843751425313 0.4157093751425313 0.7761718745724059 0.4198624994298745 0.7761718745724059 0.4014734378563284 0.7235593751425313 0.4001656248574686 0.7208843751425313 0.4157093751425313
0 0.8903156248574686 0.4732484378563284 0.8831828129988598 0.504685937286203 0.9143937502850628 0.5095765621436716 0.9182578129988598 0.4768062497149373 0.8903156248574686 0.4732484378563284
0 0.8867484378563283 0.8938093751425313 0.8885312497149372 0.8801656248574686 0.8510781254275941 0.8751703124287343 0.8481062497149373 0.8920296875712657 0.8867484378563283 0.8938093751425313
0 0.8736703124287343 0.9169421870011402 0.8760468745724059 0.900928125427594 0.842160937286203 0.8965187502850627 0.8368109372862029 0.9104187502850627 0.8736703124287343 0.9169421870011402
0 0.8231375005701254 0.8077984378563283 0.8338390627137969 0.7704281254275941 0.8047078129988597 0.7644968745724059 0.7948984378563284 0.8048984378563284 0.8231375005701254 0.8077984378563283
0 0.8920984378563284 0.7520406248574686 0.8897218745724059 0.7342453124287343 0.8130312497149373 0.724160937286203 0.8082765621436717 0.7425484378563284 0.8920984378563284 0.7520406248574686
0 0.8611859372862031 0.7704281254275941 0.8635625005701255 0.7538187502850627 0.8106531254275942 0.7461078129988598 0.80025 0.7648687502850627 0.8611859372862031 0.7704281254275941
0 0.7089953124287344 0.2887703124287343 0.8528624994298746 0.29885468757126565 0.8564296875712657 0.27097499999999997 0.7173171870011402 0.2614015621436716 0.7089953124287344 0.2887703124287343
0 0.4688187502850627 0.20394687457240593 0.5122171870011403 0.20513281299885974 0.5163781254275941 0.19208281299885974 0.4729796875712657 0.18792968757126569 0.4688187502850627 0.20394687457240593
0 0.4658468745724059 0.22945312542759408 0.4634687502850627 0.24606249942987457 0.50865 0.25495937514253136 0.50865 0.23479218700114024 0.4658468745724059 0.22945312542759408