0 0.35187492816419613 0.216800417331813 0.4006800763968073 0.2214482725199544 0.4008502371721779 0.1676485393386545 0.3597010421892816 0.16146294298745725 0.35187492816419613 0.216800417331813
0 0.5463248301026226 0.6447359007981757 0.5081743534777651 0.645789873432155 0.5055458494868872 0.7402424401368302 0.5375934036488028 0.7434475381984037 0.5463248301026226 0.6447359007981757
0 0.44291655188141393 0.6827022177879133 0.43527784834663624 0.7344469441277081 0.4704692622576967 0.7370534218928164 0.47404262257696694 0.6875443797035348 0.44291655188141393 0.6827022177879133
0 0.6380870114025086 0.882139535917902 0.6039090193842646 0.878520322690992 0.6008569179019384 0.9595851550741163 0.6326633432155073 0.9609272029646523 0.6380870114025086 0.882139535917902
0 0.7565459600912201 0.8235091128848346 0.6912692075256557 0.8150546385404789 0.6834096773090079 0.9115163044469784 0.744106189281642 0.9136367035347777 0.7565459600912201 0.8235091128848346
0 0.8696225245153933 0.9325892485746864 0.7893537810718358 0.9236400775370581 0.7806164367160775 0.9872685096921322 0.8604380148232611 0.9937113078677309 0.8696225245153933 0.9325892485746864
0 0.0743570992018244 0.804316850627138 0.060845438996579244 0.8056236522234891 0.060120776510832384 0.8435891630558723 0.07085794754846066 0.8474908460661346 0.0743570992018244 0.804316850627138
0 0.03057792588369441 0.8088115974914482 0.031020480045610036 0.847003992018244 0.04430045952109464 0.8471674982896238 0.04643406499429875 0.8112888551881413 0.03057792588369441 0.8088115974914482
0 0.005995248574686431 0.8076639783352338 0.0016423352337514253 0.8425047776510833 0.017044067274800456 0.8473115678449259 0.020198545039908783 0.8061891870011403 0.005995248574686431 0.8076639783352338
0 0.19996329076396807 0.8722839521094641 0.16567721778791336 0.8701542953249715 0.16317097833523375 0.9017264640820981 0.19837723489167616 0.9073601413911061 0.19996329076396807 0.8722839521094641
0 0.32585851083238315 0.896755503990878 0.3303844526795895 0.8289817103762829 0.3097683705815279 0.829209984036488 0.30546746750285064 0.8949089064994299 0.32585851083238315 0.896755503990878
0 0.4077995142531357 0.9653063055872292 0.33190392474344355 0.9581144846066134 0.33274516989737746 0.9755770900798175 0.40620309350057016 0.9898558643101483 0.4077995142531357 0.9653063055872292
0 0.24664879817559862 0.9588416510832384 0.24148834207525657 0.9314665302166477 0.20387018244013683 0.9320175210946409 0.20390046750285062 0.9505322166476625 0.24664879817559862 0.9588416510832384
0 0.6097165108323831 0.38396074230330673 0.5738796408209806 0.391815496009122 0.5798408996579247 0.41716717673888254 0.6112740957810718 0.4142058175598632 0.6097165108323831 0.38396074230330673
0 0.6468247548460662 0.46164039794754846 0.6858036636259977 0.45409714481185864 0.6668191835803877 0.411694110604333 0.6355493489167617 0.4231584903078678 0.6468247548460662 0.46164039794754846
0 0.7390004230330673 0.22763207753705814 0.7183446567844926 0.22754861231470924 0.7206012417331814 0.2781908802736602 0.7408756123147093 0.27971236716077535 0.7390004230330673 0.22763207753705814