0 0.25274961003420754 0.9711160136830101 0.2544490376282782 0.8737558449258837 0.20288176168757124 0.8710726499429874 0.19921498289623718 0.9752292075256557 0.25274961003420754 0.9711160136830101
0 0.2703969635119726 0.4019263751425314 0.2408369030786773 0.3960674002280502 0.21860767046750285 0.48000473204104904 0.24921875142531355 0.49360353933865453 0.2703969635119726 0.4019263751425314
0 0.33952886887115163 0.4179806510832383 0.2969415473204105 0.4107050410490308 0.2769497126567845 0.4973537069555302 0.32368893272519955 0.5097494321550741 0.33952886887115163 0.4179806510832383
0 0.016937974914481187 0.4776722542759407 0.018459775370581525 0.5263937343215508 0.03714533865450399 0.525235290763968 0.03768538882554162 0.4786282428734322 0.016937974914481187 0.4776722542759407
0 0.03211772405929304 0.45774664310148233 0.050533510832383124 0.45628657012542756 0.057251397947548466 0.41127195667046745 0.03471420524515394 0.4108785689851768 0.034509963511972636 0.4566007183580388 0.03211772405929304 0.45774664310148233
0 0.024490766248574686 0.3168733283922463 0.006770727480045611 0.31240557810718356 0.0021372269099201825 0.3731949087799316 0.02464028734321551 0.3762599828962372 0.024490766248574686 0.3168733283922463
0 0.07073612542759407 0.25057501140250854 0.05071551995438996 0.2419117833523375 0.0392067685290764 0.30525182554161917 0.06199012542759407 0.30980639338654503 0.07073612542759407 0.25057501140250854
0 0.028178328392246293 0.24151839566704675 0.009313955530216647 0.2346568722919042 0.006408085518814139 0.2984439977194983 0.021805403648802738 0.30079119954389966 0.028178328392246293 0.24151839566704675
0 0.006608615735461802 0.11702924287343217 0.017214740022805017 0.12196353363740023 0.01786898517673888 0.1184134732041049 0.029310763968072976 0.07466743443557583 0.007427269099201825 0.07012857354618016 0.006608615735461802 0.11702924287343217
0 1 0.2652873819840365 0.9912437594070695 0.3307788620296465 1 0.33759209464082096 1 0.2652873819840365
0 0.3919374047890536 0 0.39281981071835803 0.026379188141391105 0.4145883694412771 0.02675915963511973 0.41564268072976057 0 0.3919374047890536 0
0 0.3838304150513113 0.08916936488027366 0.3707927651083238 0.08834795096921323 0.36550807753705816 0.1639719258836944 0.3824833078677309 0.16634510832383123 0.3838304150513113 0.08916936488027366
0 0.424536259977195 0.1023505370581528 0.40854379703534777 0.10088370695553021 0.4037196031927024 0.1664204321550741 0.4198582633979475 0.16640521322690993 0.424536259977195 0.1023505370581528
0 0.4541600296465222 0.10464914367160776 0.4345568962371722 0.10609005245153934 0.4343007035347776 0.14735749258836944 0.45340354960091217 0.14798785404789053 0.4541600296465222 0.10464914367160776
0 0.3949880969213227 0.26573629760547324 0.38255290649942986 0.2643315587229191 0.3756899464082098 0.2942007080957811 0.3896719874572406 0.2983062919042189 0.3949880969213227 0.26573629760547324