0 0.7719498289623717 0.5610034207525656 0.06385404789053592 0.03876852907639681
0 0.0261686590649943 0.4571270296465222 0.08023615165336373 0.46186539338654503 0.0807460661345496 0.3283142793614595 0.03240850627137971 0.3263153933865451 0.0261686590649943 0.4571270296465222
0 0.08161033409350057 0.7033563169897377 0.08465588027366021 0.6336894287343215 0.02219018700114025 0.6362002998859749 0.02183607867730901 0.6972954720638541 0.08161033409350057 0.7033563169897377
0 0.14630010262257698 0.9096446807297606 0.23288420524515394 0.9052922919042189 0.2321243135689852 0.7802865142531358 0.1497245724059293 0.7803042782212087 0.14630010262257698 0.9096446807297606
0 0.43342277309007976 0.5111073751425314 0.5143760661345496 0.5096943295324972 0.5165469042189281 0.47129746978335235 0.4299380148232611 0.4742297628278221 0.43342277309007976 0.5111073751425314
0 0.33733900912200687 0.29684225883694415 0.4438819464082098 0.29640307411630556 0.44353488939566704 0.276520165336374 0.3397577537058153 0.27264792360319273 0.33733900912200687 0.29684225883694415
0 0.4453764070695553 0.300638574686431 0.34164887343215505 0.29960808779931586 0.34488569897377425 0.32228161231470925 0.4441794287343216 0.3134457901938426 0.4453764070695553 0.300638574686431
0 0.5149628403648803 0 0.4799610410490308 0.0031146750285062715 0.4818769486887115 0.031494935005701254 0.5187793489167617 0.02943027251995439 0.5196661984036488 0 0.5149628403648803 0
0 0.8599407229190421 0 0.8569437742303306 0.03205076282782212 0.9023667502850626 0.0298373740022805 0.9064262725199543 0 0.8599407229190421 0
0 0.8041074424173318 0.7489914526795894 0.8464918962371721 0.73546530672748 0.8242716590649943 0.6832889076396808 0.7862466442417332 0.7024210741163056 0.8041074424173318 0.7489914526795894
0 0.7122380524515394 0.7761676841505132 0.7405935256556443 0.7728316807297605 0.7271417434435575 0.7347075142531356 0.7059627046750284 0.7421814036488028 0.7122380524515394 0.7761676841505132
0 0.24108158608893956 0.3774750877993159 0.24170093614595212 0.30758175940706955 0.15717581870011404 0.31028233751425316 0.16239676396807298 0.38118014139110606 0.24108158608893956 0.3774750877993159
0 0.20171947890535918 0.404520858608894 0.20386045267958952 0.38670577993158495 0.16526645153933867 0.38756540592930444 0.16438983352337513 0.407624385404789 0.20171947890535918 0.404520858608894
0 0.8765731391106043 0.3761902850627138 0.8681327491448119 0.27886964424173316 0.8100269384264539 0.28540035005701253 0.814064496009122 0.3762405940706956 0.8765731391106043 0.3761902850627138
0 0.3853297457240593 0.8120284834663627 0.38257800114025087 0.6894765929304447 0.2596849771949829 0.6883524503990879 0.2621340912200684 0.8111143420752565 0.3853297457240593 0.8120284834663627
0 0.689173236031927 0.8048855324971493 0.6845532303306727 0.7859632805017104 0.6504007571265679 0.7955201539338654 0.6537465644241733 0.811634527936146 0.689173236031927 0.8048855324971493