0 0.1078936385404789 0.47721174002280503 0.11925450285062714 0.4092775883694413 0.06533701938426455 0.4082522884834664 0.05913769555302167 0.47790725541619156 0.1078936385404789 0.47721174002280503
0 0.20642239566704676 0.185026181299886 0.1564646738882554 0.1819228654503991 0.1446409384264538 0.25278946180159634 0.20024019156214368 0.2543832850627138 0.20642239566704676 0.185026181299886
0 0.3006824914481186 0.25345796807297605 0.33629935233751423 0.2560933694412771 0.34286644241733183 0.21084485404789052 0.3096018038768529 0.20798085746864312 0.3006824914481186 0.25345796807297605
0 0.4635266431014823 0.22634864538198404 0.49667880501710376 0.22558792018244014 0.5018802508551882 0.1927472827822121 0.4700384994298746 0.19010864880273662 0.4635266431014823 0.22634864538198404
0 0.17190348802736602 0.49396256784492587 0.19278189851767388 0.4948647776510833 0.19727488027366022 0.45890617445838083 0.17442532725199544 0.45528716077537057 0.17190348802736602 0.49396256784492587
0 0.01518900912200684 0.8767250889395668 0.02906570125427594 0.8801236602052452 0.0378240535917902 0.828611126567845 0.024535834663625997 0.8253025940706956 0.01518900912200684 0.8767250889395668
0 0.05532213683010262 0.907728748004561 0.06433878335233752 0.8394233090079818 0.04775896351197263 0.8319865324971494 0.040767909920182435 0.9048224355758266 0.05532213683010262 0.907728748004561
0 0.41423318700114026 0.886423441277081 0.45228690193842647 0.8888452314709235 0.4584174218928164 0.8501386522234892 0.426455511972634 0.8405677491448118 0.41423318700114026 0.886423441277081
0 0.2434368985176739 0.8082741174458381 0.22819749258836944 0.8665767001140251 0.29695772748004556 0.8798734378563284 0.30886913340935 0.8198398665906499 0.2434368985176739 0.8082741174458381
0 0.2807618928164196 0.9404291425313569 0.29288641961231465 0.8828355131128849 0.23858875598631699 0.8667212189281642 0.2262463055872292 0.9281878152793615 0.2807618928164196 0.9404291425313569
0 0.17849747662485746 0.698798779931585 0.21368606499429876 0.6965571391106044 0.22053026111744584 0.6495490604332954 0.18726802622576968 0.6448819908779931 0.17849747662485746 0.698798779931585
0 0.20380603192702393 0.07640299885974915 0.21706689623717218 0.07609870809578108 0.21795452679589508 0.040170225769669325 0.20527831470923602 0.04056869669327252 0.20380603192702393 0.07640299885974915