0 0.06375519384264539 0.7574534937286203 0.03186566818700114 0.7470088198403649 0.02181431470923603 0.7850269395667047 0.054337556442417334 0.793776212086659 0.06375519384264539 0.7574534937286203
0 0.1427704196123147 0.1316958038768529 0.13198063968072976 0.12798454503990878 0.11600528392246294 0.18937752565564425 0.12878387229190422 0.1973583762827822 0.1427704196123147 0.1316958038768529
0 0.3188615290763968 0.841021834663626 0.3107861117445838 0.8389950114025085 0.29898973660205247 0.9035380832383125 0.31628184492588374 0.9068870182440137 0.3188615290763968 0.841021834663626
0 0.49318575484606614 0.7849409236031927 0.4742826488027366 0.844311976054732 0.526514330672748 0.8589480171037629 0.5440417696693273 0.8005402166476624 0.49318575484606614 0.7849409236031927
0 0.5165968962371722 0.37546981527936146 0.5005816738882555 0.4697159236031927 0.5343605735461802 0.4762749646522235 0.5516129281641962 0.38526154275940705 0.5165968962371722 0.37546981527936146
0 0.6958177194982895 0.9304015313568985 0.6641008916761687 0.9121478985176739 0.6398585792474345 0.9681642793614594 0.6675702542759407 0.988121748004561 0.6958177194982895 0.9304015313568985
0 0.7490865678449259 0.6829532109464083 0.7215292531356898 0.6684459737742303 0.7042397844925884 0.7054924458380843 0.7346879384264539 0.7202063751425314 0.7490865678449259 0.6829532109464083
0 0.9011405256556443 0.7429244515393387 0.8388763306727479 0.706623393386545 0.7930700604332953 0.8061658677309008 0.8472565336374003 0.8401382405929304 0.9011405256556443 0.7429244515393387
0 0.6779308460661345 0.3213187343215508 0.6943570992018244 0.32722967388825547 0.7133421801596351 0.27480812314709235 0.700886740022805 0.26628134207525656 0.6779308460661345 0.3213187343215508
0 0.6088642269099201 0.012748503990877994 0.5714769236031927 0.006156114025085519 0.5696406727480046 0.024281366020524518 0.6034071961231472 0.03686731927023945 0.6088642269099201 0.012748503990877994
0 0.5077685131128848 0.2786534230330673 0.5179043523375142 0.27923482668187005 0.5344322805017104 0.20346944925883695 0.5170837616875713 0.20191612542759407 0.5077685131128848 0.2786534230330673
0 0.8153192029646522 0.08870295324971494 0.7836714754846067 0.0837255142531357 0.7780751710376284 0.11258434549600911 0.8053538061573546 0.12131162941847207 0.8153192029646522 0.08870295324971494
0 0.7344666556442417 0.058770819840364884 0.7233640421892816 0.09781097947548462 0.756902842645382 0.10915096123147092 0.7713706830102622 0.07492454846066134 0.7344666556442417 0.058770819840364884
0 0.814112149372862 0.26635002166476623 0.785314669327252 0.3613552337514253 0.8234912588369441 0.37713044127708095 0.856594976054732 0.28198016875712656 0.814112149372862 0.26635002166476623
0 0.6019734697833524 0.8921495142531357 0.5876463078677309 0.8914303911060433 0.5805999429874572 0.924553771949829 0.5950817548460662 0.9249987080957811 0.6019734697833524 0.8921495142531357
0 0.9729012884834664 0.32570012770809575 0.957747598631699 0.3194106659064994 0.9282138825541619 0.4085584196123147 0.9417323762827823 0.4136567742303307 0.9729012884834664 0.32570012770809575