0 0.21072333865450402 0.9554415017103762 0.22702781755986318 0.9416174139110604 0.17824399543899658 0.9122595553021665 0.15517402622576967 0.9456466602052452 0.21072333865450402 0.9554415017103762
0 0.4144703044469783 0.6957927685290763 0.4434914116305587 0.6713959635119726 0.4209896134549601 0.6451428494868872 0.39151869099201825 0.6652431459521094 0.4144703044469783 0.6957927685290763
0 0.6425287126567845 0.43845706271379703 0.649670945267959 0.40478099657924743 0.6120972690992018 0.4007482542759407 0.6073769703534778 0.43948584492588366 0.6425287126567845 0.43845706271379703
0 0.8131792485746864 0.1716001231470924 0.8274345153933865 0.2241060205245154 0.8875916396807297 0.23170355644241733 0.8920537890535918 0.1773336488027366 0.8131792485746864 0.1716001231470924
0 0.9507253717217788 0.18139766590649944 0.9088671801596351 0.1794383637400228 0.9021340136830103 0.21077650855188143 0.9437162428734321 0.21088159635119727 0.9507253717217788 0.18139766590649944
0 0.24404502166476624 0.9169127251995439 0.29846433409350054 0.9433739201824402 0.3142777548460662 0.9118281402508551 0.2554669897377423 0.8897474914481186 0.24404502166476624 0.9169127251995439
0 0.6156515427594071 0.5053943192702395 0.6540059509692132 0.5169757525655645 0.6716633101482326 0.4835116510832383 0.6289531881413911 0.4709971801596351 0.6156515427594071 0.5053943192702395
0 0.31783422919042187 0.3992744982896237 0.35284519612314713 0.39219656100342076 0.33524293728620297 0.3501242234891676 0.30117667388825536 0.3638119384264538 0.31783422919042187 0.3992744982896237
0 0.6847192212086659 0.18207744811858606 0.6734983568985177 0.14998357582668187 0.6349808004561003 0.16668156328392247 0.6524639110604333 0.19747117445838083 0.6847192212086659 0.18207744811858606
0 0.8253857616875712 0.16050114367160775 0.9507477434435576 0.14706908551881415 0.9335309076396807 0.07717538312428734 0.8155960136830103 0.08950857240592931 0.8253857616875712 0.16050114367160775
0 0.6846404948688711 0.03208505587229191 0.6507913363740023 0.018887968072976057 0.6026800900798175 0.03871443329532497 0.6147262371721779 0.06613689623717217 0.6846404948688711 0.03208505587229191