0 0.9015967628278222 0.8267510820980616 0.8150039304446979 0.8504859384264538 0.8188562041049031 0.8819374675028506 0.9154099350057013 0.8601450741163056 0.9015967628278222 0.8267510820980616
0 1 0.48851810832383125 0.9508832041049031 0.505359488027366 0.962903086659065 0.5669219042189282 0.9965410079817559 0.5591140022805017 1 0.5199170273660205 1 0.48851810832383125
0 0.7699024743443558 0.5191737765108324 0.8355697046750284 0.5015978380843785 0.8256003945267959 0.4659228301026226 0.7543938358038769 0.48590166362599774 0.7699024743443558 0.5191737765108324
0 0.5696292348916762 0.886787725199544 0.5358494777651084 0.9017449657924743 0.5394521060433295 0.9355567685290764 0.5803168871151653 0.9252248266818701 0.5696292348916762 0.886787725199544
0 0.8641097149372862 0.05981406955530216 0.8169471425313568 0.07157365792474345 0.8241836328392246 0.11054355872291904 0.8765113637400228 0.09843131927023946 0.8641097149372862 0.05981406955530216
0 0.6918527651083238 0.06439591562143672 0.6562711470923603 0.07379058836944129 0.6685391231470923 0.13299256784492589 0.7001416374002281 0.12556618472063855 0.6918527651083238 0.06439591562143672
0 0.6589864709236032 0.3260202200684151 0.627130921322691 0.33401545610034206 0.6313240456100342 0.36788932155074117 0.6622004732041049 0.3588956442417332 0.6589864709236032 0.3260202200684151
0 0.26797383124287344 0.5279120661345496 0.20450943101482327 0.5415403876852908 0.21876786431014825 0.6385622953249716 0.2848375427594071 0.6219257594070696 0.26797383124287344 0.5279120661345496
0 0.2401976818700114 0.7864892428734322 0.2229360843785633 0.7918392223489168 0.24538814709236034 0.8789775176738883 0.26379801368301026 0.8731512052451539 0.2401976818700114 0.7864892428734322
0 0.033390782212086655 0.8984855632839225 0.06959310376282782 0.8945308848346637 0.05695235347776511 0.8275300285062713 0.018704595210946407 0.8393310718358039 0.033390782212086655 0.8984855632839225
0 0.3647375758266819 0.8557004150513112 0.30018927594070693 0.8739909794754847 0.30071810148232614 0.8859854002280502 0.37284270581527934 0.8738643238312429 0.3647375758266819 0.8557004150513112
0 0.11692048688711516 0.5066641060433296 0.12384211060433296 0.46918071265678446 0.030725857468643102 0.4528265735461801 0.026611001140250855 0.49179744127708097 0.11692048688711516 0.5066641060433296
0 0.42107833979475484 0.6204241995438997 0.4013872234891676 0.5013369817559863 0.3757407502850627 0.5069997172177879 0.39830474914481184 0.6231037023945268 0.42107833979475484 0.6204241995438997
0 0.5392936556442417 0.2901561972633979 0.5042389167616876 0.3002032679589509 0.5097371641961231 0.3330202656784492 0.541469905359179 0.3247136111744584 0.5392936556442417 0.2901561972633979