0 0.04959397149372862 0.451773511972634 0.003150884834663626 0.4421547525655644 0.000015320410490307868 0.4779944139110604 0.04093731014823261 0.4871301391106043 0.04959397149372862 0.451773511972634
0 0 0.9565098061573546 0.06756182098061574 0.9617143660205245 0.0712862976054732 0.9509291858608894 0 0.9336480524515394 0 0.9565098061573546
0 0.3700564116305587 0.842336740022805 0.2975107126567845 0.8290446351197264 0.2944292748004561 0.8801674823261117 0.35719278677309013 0.8939934196123147 0.3700564116305587 0.842336740022805
0 0.33839379589509694 0.9340182234891675 0.263450157354618 0.916348905359179 0.25334643899657927 0.9682454789053592 0.33003257354618015 0.9818998244013682 0.33839379589509694 0.9340182234891675
0 0.5979564971493728 0.8761657696693272 0.5035706955530217 0.8581851459521095 0.48800000342075256 0.9248818722919042 0.5756061208665907 0.9408812565564425 0.5979564971493728 0.8761657696693272
0 0.47599296579247435 0.934943992018244 0.3679258551881414 0.9143767457240594 0.3676721379703535 0.9490804412770809 0.465233669327252 0.9784499361459521 0.47599296579247435 0.934943992018244
0 0.9189163033067275 0.6570068574686431 0.9312434515393386 0.5955803044469784 0.8766401516533637 0.5838579578107183 0.8669522554161916 0.6469035074116306 0.9189163033067275 0.6570068574686431
0 0.9965357388825542 0.5471208757126568 0.8842252770809578 0.5289632782212087 0.8852287263397948 0.5651634868871152 0.9932795188141391 0.5843396431014823 0.9965357388825542 0.5471208757126568
0 0.9278671698973774 0.34804566134549597 0.9091747388825541 0.418638259977195 0.9535136339794754 0.4364061984036488 0.9713093101482326 0.3601796294184721 0.9278671698973774 0.34804566134549597
0 0.9586193683010262 0.13960929076396808 0.8655601037628279 0.10646627366020524 0.844106345496009 0.17681728620296466 0.9296084059293045 0.20096429418472064 0.9586193683010262 0.13960929076396808
0 0.6097094743443557 0.18547902622576967 0.6196247229190422 0.1516206054732041 0.5666431277080958 0.1372639486887115 0.5495850763968073 0.17327364424173317 0.6097094743443557 0.18547902622576967
0 0.5430991379703535 0.18381879703534776 0.47415908551881414 0.16111764082098062 0.4691063797035348 0.18706663740022805 0.5410490718358039 0.20725116419612316 0.5430991379703535 0.18381879703534776
0 0.4173988882554162 0.1422629794754846 0.43038303420752566 0.08922874800456101 0.3424816157354618 0.06070283580387685 0.3328601117445838 0.1070876488027366 0.4173988882554162 0.1422629794754846
0 0.4170368950969213 0.28946344583808437 0.34647317445838083 0.2694011322690992 0.3470637787913341 0.2944541915621437 0.41534852565564423 0.3087616054732041 0.4170368950969213 0.28946344583808437
0 0.6203214287343215 0.49337242075256554 0.5423751505131129 0.47821973204104906 0.5367209920182441 0.5110612873432154 0.6152687229190422 0.519321417331813 0.6203214287343215 0.49337242075256554
0 0.6037997194982897 0.5391535461801596 0.5341344469783352 0.5247237822120866 0.5324460775370582 0.5440219407069555 0.6066120604332953 0.5546780456100342 0.6037997194982897 0.5391535461801596
0 0.6698318563283923 0.4838152337514253 0.6301684538198403 0.4761777149372862 0.6276358985176739 0.505124953249715 0.6659187742303306 0.5126401231470924 0.6698318563283923 0.4838152337514253
0 0.6602104903078677 0.5301984914481186 0.6270870171037629 0.5273005621436716 0.6301420889395667 0.5400685416191562 0.6627832098061575 0.5484797844925884 0.6602104903078677 0.5301984914481186
0 0.8158473637400229 0.1489922212086659 0.7423943454960091 0.1267447730900798 0.7348739783352337 0.17525203876852907 0.8117388084378564 0.1891227833523375 0.8158473637400229 0.1489922212086659
0 0.1862880102622577 0.8525058392246294 0.19965828620296464 0.8018706419612315 0.12651875484606614 0.7930892576966933 0.11618662941847206 0.8362482998859749 0.1862880102622577 0.8525058392246294