0 0.3153694264538198 0.5949804846066133 0.32570804561003425 0.536991181299886 0.27596663968072976 0.5295013683010262 0.27045953591790195 0.5832491847206386 0.3153694264538198 0.5949804846066133
0 0.1715245701254276 0.6127878346636261 0.10118861573546181 0.5980596875712656 0.09097218928164197 0.641363094640821 0.16695808209806157 0.6504487514253136 0.1715245701254276 0.6127878346636261
0 0.3684416488027366 0.7283935496009122 0.33299113911060435 0.7213407833523375 0.3159977947548461 0.7828175233751425 0.3570346955530217 0.7830451299885975 0.3684416488027366 0.7283935496009122
0 0.33337016875712655 0.9327825952109464 0.2614416887115165 0.9217021687571266 0.25294501596351193 0.9524405381984037 0.3318955895096921 0.9613708221208666 0.33337016875712655 0.9327825952109464
0 0.84239734663626 0.6279290672748005 0.8373252702394527 0.6105629064994299 0.7479812679589509 0.607523708095781 0.7430143147092361 0.626198314709236 0.84239734663626 0.6279290672748005
0 0.7376778882554161 0.626477984036488 0.7042561801596351 0.6240722816419612 0.6953155929304448 0.6803751698973775 0.7312021881413912 0.6844338221208666 0.7376778882554161 0.626477984036488
0 0.7085214492588369 0.5466288597491448 0.6574653010262258 0.5481170330672748 0.6537990741163057 0.6029559384264539 0.6978332098061574 0.6036194663625998 0.7085214492588369 0.5466288597491448
0 0.6879514481185861 0.04635261003420752 0.693157369441277 0.01522030102622577 0.6512777023945268 0.010286602052451538 0.6465886396807298 0.04557881299885975 0.6879514481185861 0.04635261003420752
0 0.6338746921322691 0.0866364150513113 0.581825086659065 0.08045356898517673 0.5746058688711516 0.1129071197263398 0.622351189281642 0.1163442850627138 0.6338746921322691 0.0866364150513113
0 0.3893555336374003 0.509153228050171 0.39947271949828966 0.45828370809578106 0.36158847890535917 0.45017248688711514 0.3539284663625998 0.508190393386545 0.3893555336374003 0.509153228050171
0 0.7637493968072976 0.1653017936145952 0.7751999897377423 0.12853024629418472 0.7325116716077537 0.11948166704675028 0.7284760513112886 0.15592719726339796 0.7637493968072976 0.1653017936145952
0 0.9038849087799316 0.2185281117445838 0.9143119258836944 0.16222555530216648 0.8724338198403648 0.15729177537058153 0.8594668950969213 0.21618236944127708 0.9038849087799316 0.2185281117445838
0 0.9262007103762827 0.09978026567844926 0.9346858871151653 0.06315004903078678 0.8831035233751425 0.054567586088939565 0.869267330672748 0.09687156784492588 0.9262007103762827 0.09978026567844926
0 0.14574727137970353 0.04715548460661345 0.14285040136830102 0.03158732155074116 0.07026382326111745 0.03063959863169897 0.07181760889395666 0.04897246750285062 0.14574727137970353 0.04715548460661345
0 0.20385215165336373 0.7417711448118586 0.1864086488027366 0.7379334948688712 0.17925459064994298 0.760285417331813 0.19248703192702393 0.7631561938426454 0.20385215165336373 0.7417711448118586
0 0.17154797947548459 0.7606893033067275 0.17617352223489166 0.7355002006841506 0.16116227137970354 0.7327226476624857 0.1536031220068415 0.7586600581527936 0.17154797947548459 0.7606893033067275