0 0.5359179019384265 0.9566704675028507 0.046750285062713795 0.04789053591790194
0 0.14540033751425313 0.5832544218928164 0.19769113683010262 0.5892781881413911 0.2102123409350057 0.5461082599771949 0.16500642189281642 0.5263856419612314 0.14540033751425313 0.5832544218928164
0 0.3751180649942987 0.3279187958950969 0.37724180615735464 0.37852366134549603 0.4310004572405929 0.38849136259977196 0.4340184583808438 0.354409007981756 0.3751180649942987 0.3279187958950969
0 0.6857656944127708 0 0.6845863044469784 0.002225598631698974 0.7209561584948688 0.027277340935005702 0.7350814538198404 0 0.6857656944127708 0
0 1 0.4758865131128848 0.9981790433295324 0.4580116180159635 0.9600823147092361 0.4654455974914481 0.9674420672748004 0.5119132474344356 1 0.5080300809578107 1 0.4758865131128848
0 0.0581125165336374 0.358935 0.016046525655644243 0.3501875632839224 0.01405278905359179 0.4261550501710376 0.05049539794754846 0.4259864697833523 0.0581125165336374 0.358935
0 0 0.531380267958951 0.009844107183580387 0.5935335153933866 0.05320875940706955 0.5936702223489168 0.05787180957810718 0.5256865815279361 0 0.5225429441277081 0 0.531380267958951
0 0.2966158301026226 0.7400435017103763 0.2959040832383124 0.7709778859749145 0.33458133523375144 0.7760587343215508 0.33874895781071834 0.7403752633979476 0.2966158301026226 0.7400435017103763
0 0.674807494868871 0.2748698574686431 0.6693385347776512 0.3067617833523375 0.7103634446978335 0.3152786180159635 0.7123899327251996 0.2825271299885975 0.674807494868871 0.2748698574686431
0 1 0.6582176830102622 0.9365463740022806 0.6578129783352338 0.9354052542759407 0.6676880672748006 1 0.6719057867730901 1 0.6582176830102622
0 0.824248472063854 0.7060079760547321 0.8229351163055872 0.692022496009122 0.7674387183580388 0.6984108209806158 0.7732772314709236 0.7125006328392247 0.824248472063854 0.7060079760547321
0 0.8229481071835805 0.6864012565564424 0.8197170216647662 0.667908724059293 0.8016598962371723 0.6677660992018244 0.8022834583808437 0.6868851904218929 0.8229481071835805 0.6864012565564424