0 0.80722021322691 0.5762780114025086 0.7974521049030787 0.5439904446978335 0.7409059315849487 0.5704875974914482 0.761086779931585 0.6039514264538198 0.80722021322691 0.5762780114025086
0 0.9544039418472063 0.5881173534777651 0.9229698757126568 0.5733683945267959 0.8984721539338654 0.6157914629418473 0.9315375153933865 0.638944481185861 0.9544039418472063 0.5881173534777651
0 0.7273616647662485 0.7131066362599773 0.7278967810718359 0.675721290763968 0.6401490695553023 0.6837804903078677 0.6348853740022805 0.7224344914481187 0.7273616647662485 0.7131066362599773
0 0.8038298985176738 0.7052474481185861 0.7950042451539339 0.7439636225769669 0.8319576100342075 0.7516229897377423 0.8426454971493729 0.7176203432155074 0.8038298985176738 0.7052474481185861
0 0.5474251790193843 0.9511816590649943 0.5370196157354619 0.9163954629418471 0.49763380615735464 0.9223868768529077 0.5042122417331814 0.9590542155074117 0.5474251790193843 0.9511816590649943
0 0.5914817765108323 0.6174103671607754 0.6158436647662485 0.6521686123147092 0.6486537901938426 0.6266780524515393 0.629044314709236 0.5920165678449258 0.5914817765108323 0.6174103671607754
0 0.7310119874572406 0.4459381767388826 0.7071091277080959 0.47140921778791334 0.7319564355758267 0.5000455587229191 0.7623815610034207 0.47400278791334094 0.7310119874572406 0.4459381767388826
0 0.5856832873432155 0.5233628665906499 0.6134292006841505 0.49692304446978336 0.5931575233751426 0.4751766465222349 0.5603768950969213 0.5024466510832383 0.5856832873432155 0.5233628665906499
0 0.6345299532497148 0.2768087605473204 0.611608354618016 0.30755410490307866 0.6423922576966933 0.3360868221208666 0.6709551755986317 0.30533208437856324 0.6345299532497148 0.2768087605473204
0 0.5241194287343216 0.33043916989737737 0.4942446328392246 0.3539891436716078 0.5238017023945268 0.38027886887115164 0.5495086111744584 0.35609841391106045 0.5241194287343216 0.33043916989737737
0 0.33651375028506275 0.40122568415051313 0.36514809920182445 0.3747422257696693 0.31824220752565563 0.3411510433295325 0.3015747685290764 0.3728858244013683 0.33651375028506275 0.40122568415051313
0 0.2716617103762828 0.4112543489167617 0.2945440330672748 0.3783484230330673 0.2410975245153934 0.344277566704675 0.21913890421892818 0.3790707844925884 0.2716617103762828 0.4112543489167617
0 0.0859330535917902 0.436569929304447 0.11442192702394526 0.4016627263397948 0.06522424287343216 0.3728591436716078 0.047545452679589505 0.414695929304447 0.0859330535917902 0.436569929304447
0 0.26400866476624857 0.5341597571265678 0.23015888369441279 0.5681306909920182 0.25551703420752564 0.5920120798175599 0.289942503990878 0.557001251995439 0.26400866476624857 0.5341597571265678
0 0.35364683124287344 0.600383566704675 0.31818318928164196 0.5759175165336374 0.29894892474344353 0.5965938494868871 0.32908582098061573 0.6221702212086659 0.35364683124287344 0.600383566704675
0 0.8041492748004562 0.24715960433295325 0.7750562063854047 0.2815632132269099 0.8015913409350056 0.30483177993158495 0.8272257947548461 0.2765003945267959 0.8041492748004562 0.24715960433295325
0 0.8677013683010263 0.34995206043329535 0.852052126567845 0.33795616305587234 0.8223120763968073 0.3691361972633979 0.8361510159635119 0.37957282668187003 0.8677013683010263 0.34995206043329535
0 0.8876456887115166 0.3697757537058153 0.8692990193842645 0.35633921322691 0.8322247149372862 0.39269334891676166 0.8460740171037628 0.40372363740022804 0.8876456887115166 0.3697757537058153
0 0.35210226795895094 0.13766348574686432 0.3728385290763968 0.08387308209806157 0.3402067331812999 0.06845898859749144 0.317963464082098 0.12105519726339795 0.35210226795895094 0.13766348574686432
0 0.7702694823261118 0.14341633865450398 0.7494664754846067 0.1253407092360319 0.7253377137970354 0.15488037628278223 0.7452079646522235 0.17055004218928163 0.7702694823261118 0.14341633865450398
0 0.3289420205245154 0.3077420285062714 0.31122701938426456 0.3304937263397948 0.33923771265678454 0.3532442748004561 0.3583729692132269 0.32680629190421895 0.3289420205245154 0.3077420285062714
0 0.7216694036488028 0.1658601322690992 0.6891726339794755 0.1922922417331813 0.7151037730900799 0.2149790741163056 0.7484764982896238 0.1876987354618016 0.7216694036488028 0.1658601322690992
0 0.3213264549600912 0.7219739657924743 0.2681182850627138 0.6675364732041049 0.2321636419612315 0.717004314709236 0.2816201676168757 0.7606368871151653 0.3213264549600912 0.7219739657924743