0 0.8761939874572406 0.6194595131128848 0.8247659258836944 0.602896409350057 0.8153915017103762 0.6507076248574686 0.8663623922462942 0.6587806202964651 0.8761939874572406 0.6194595131128848
0 0.8675143762827823 0.2002799897377423 0.7709451619156215 0.22225788255416193 0.7775821927023945 0.25997930672748004 0.8721922246294185 0.235588661345496 0.8675143762827823 0.2002799897377423
0 1 0.3006853557582668 0.9809084606613455 0.2957899304446978 0.967592 0.3381659965792474 1 0.3396679885974914 1 0.3006853557582668
0 0.9841597080957811 0.4231477742303307 0.9476569156214367 0.4071483112884835 0.9321807035347777 0.4479784230330673 0.9687395701254277 0.46188590193842644 0.9841597080957811 0.4231477742303307
0 0.37487358266818704 0.34167669327252 0.3940224606613455 0.2966159019384264 0.3204236807297606 0.27594331470923605 0.30596193614595213 0.3217448939566705 0.37487358266818704 0.34167669327252
0 0 0.6758917685290764 0.0704049794754846 0.6866080501710377 0.07099181984036487 0.6374065997719498 0 0.6301740752565563 0 0.6758917685290764
0 0.3859126989737743 0.6397942257696693 0.3934932041049031 0.5995138472063853 0.3419010296465222 0.5991589965792474 0.33697823261117443 0.6302403147092361 0.3859126989737743 0.6397942257696693
0 0.37703743329532496 0.5289774264538198 0.3826104116305587 0.4937910296465222 0.34471616191562143 0.4865868677309008 0.33954231470923607 0.5230387833523376 0.37703743329532496 0.5289774264538198
0 0.3122046362599772 0.9383155997719498 0.30068754846066137 0.9617398221208666 0.3354773261117446 0.9801747309007982 0.34485778449258836 0.9482965598631699 0.3122046362599772 0.9383155997719498
0 0.7814132816419612 0.34955646408209806 0.7642361892816419 0.34803818244013685 0.7545193751425313 0.40180667958950966 0.7684918278221209 0.4013145188141391 0.7814132816419612 0.34955646408209806
0 0.7561919133409349 0.34195488483466363 0.7392005872291904 0.3392637229190422 0.7275693728620297 0.39753821892816416 0.7431958369441277 0.401815078677309 0.7561919133409349 0.34195488483466363
0 0.9414553021664767 0.2149968369441277 0.9058035997719499 0.2201724652223489 0.907724598631699 0.2535400353477765 0.94497386659065 0.24801628620296465 0.9414553021664767 0.2149968369441277
0 0.5060681881413911 0.03662877993158495 0.4584255416191562 0.030285228050171035 0.4568458859749145 0.08955058380843785 0.5010740102622577 0.09385045039908779 0.5060681881413911 0.03662877993158495
0 0.45498157126567845 0.26058338768529077 0.4210933454960091 0.25461486887115165 0.40617572976054733 0.2919281277080958 0.4430844082098062 0.2977738882554162 0.45498157126567845 0.26058338768529077
0 0.4976202930444698 0.5222263751425313 0.4932913363740023 0.49268548004561 0.45886795553021664 0.5052678859749145 0.46033308209806156 0.5301471379703534 0.4976202930444698 0.5222263751425313