0 0.5190848540478905 0.6566780570125428 0.5920136795895097 0.6428263340935005 0.5877183911060433 0.6080087183580388 0.5117119042189282 0.6201928517673888 0.5190848540478905 0.6566780570125428
0 0.4566058403648803 0.7320964846066135 0.4918572166476625 0.722938818700114 0.4807614583808438 0.6482546670467504 0.44371235233751427 0.6540627423033067 0.4566058403648803 0.7320964846066135
0 0.43912343557582667 0.7909839030786774 0.45651520638540477 0.8635824595210946 0.4697762930444698 0.8599168255416192 0.45473662485746863 0.7869892782212087 0.43912343557582667 0.7909839030786774
0 0.9366455632839225 0.8105119384264539 0.9681345131128849 0.7958808859749145 0.9429833363740023 0.744785558722919 0.9137671938426454 0.7581978118586089 0.9366455632839225 0.8105119384264539
0 0.6942179771949829 0.2874705096921323 0.7286350262257697 0.27663134549600915 0.7185586077537057 0.19640135803876851 0.678823031927024 0.20498690992018243 0.6942179771949829 0.2874705096921323
0 0.8963919030786773 0.11917834207525656 0.9026043990877993 0.15912751197263397 0.9362695393386545 0.1471932748004561 0.9312223397947549 0.11128058494868871 0.8963919030786773 0.11917834207525656
0 0.4395010843785633 0.2992552497149373 0.48977767844925885 0.2861855952109464 0.4845563295324971 0.2533000387685291 0.43514638768529074 0.26714727137970357 0.4395010843785633 0.2992552497149373
0 0.26088813683010265 0.26012000570125426 0.3077230638540479 0.24813678677309006 0.29998743785632837 0.21440384036488028 0.2513036202964652 0.22454835689851768 0.26088813683010265 0.26012000570125426
0 0.25157250969213224 0.09153520980615736 0.23839118700114026 0.03185293500570125 0.20373489965792477 0.03672355872291904 0.2139779110604333 0.09681878677309008 0.25157250969213224 0.09153520980615736
0 0.46609951425313567 0 0.3943432451539339 0.012037005701254277 0.40072089965792473 0.04776113568985177 0.4828088608893956 0.03202101824401368 0.4719037001140251 0 0.46609951425313567 0
0 0.07121560775370582 0.2999865496009122 0.10889129418472064 0.2952911607753706 0.10160303192702394 0.24768752793614593 0.06178189509692132 0.2565848985176739 0.07121560775370582 0.2999865496009122
0 0.1320246488027366 0.34907157126567845 0.1383288779931585 0.38540718129988594 0.2023558985176739 0.37640877080957813 0.20008885860889394 0.33470277651083236 0.1320246488027366 0.34907157126567845
0 0.03383889623717218 0.49434549486887114 0.04014290992018244 0.530679558722919 0.07421122462941847 0.5258915689851767 0.06540159977194983 0.4845054903078677 0.03383889623717218 0.49434549486887114
0 0.8271308335233751 0.6578095416191562 0.8192883591790194 0.5934749019384264 0.8028406259977195 0.59578648004561 0.8146229874572406 0.6625684868871151 0.8271308335233751 0.6578095416191562