0 0.1376055724059293 0.9307381151653364 0.0984696259977195 0.8840947251995439 0.05492510604332953 0.9329467924743444 0.10047980387685292 0.9704135393386545 0.1376055724059293 0.9307381151653364
0 0.2885678289623717 0.9630284344355757 0.317304464082098 0.9134018814139111 0.2858118643101482 0.8909400912200685 0.2531228244013683 0.940658353477765 0.2885678289623717 0.9630284344355757
0 0.18865688825541618 0.8406630524515393 0.20707533409350057 0.8065489977194983 0.17645786316989737 0.7900787183580388 0.15684077993158493 0.8232396727480045 0.18865688825541618 0.8406630524515393
0 0 0.8879101562143672 0.041925622576966935 0.8404036887115166 0 0.7979355587229191 0 0.8879101562143672
0 0.06780430444697833 0.4151565370581528 0.09296032953249714 0.38853192588369445 0.06317027936145952 0.36705120980615735 0.044199917901938425 0.3895438905359179 0.06780430444697833 0.4151565370581528
0 0.19122921778791332 0.03218343443557583 0.19022883124287343 0.01726688597491448 0.1575560809578107 0.02774315849486887 0.16382782326111744 0.0450169441277081 0.19122921778791332 0.03218343443557583
0 0.1673571755986317 0 0.14676656898517673 0.007854346636259977 0.15236573090079816 0.02479560205245154 0.18330784378563283 0.013336783352337513 0.17948181527936147 0 0.1673571755986317 0
0 0.4845589669327252 0.1361463557582668 0.4180500992018244 0.09044823489167618 0.3916595644241733 0.11581901824401368 0.46520160205245153 0.16545624971493728 0.4845589669327252 0.1361463557582668
0 0.4819530729760547 0.219844992018244 0.4532371470923603 0.2010961094640821 0.434785984036488 0.23580457924743442 0.4660586237172178 0.2511184994298746 0.4819530729760547 0.219844992018244
0 0.3747732269099202 0.24752356442417334 0.39132972633979474 0.2602825507411631 0.4299163432155074 0.20165917673888256 0.4136090513112885 0.1865334275940707 0.3747732269099202 0.24752356442417334
0 0.3813248027366021 0.28116254846066135 0.39460803534777655 0.28839890649942984 0.4257152850627138 0.2478150661345496 0.4129934834663626 0.23228422348916763 0.3813248027366021 0.28116254846066135
0 0.5857726100342076 0.04096928050171038 0.6125931231470925 0.005214582668187001 0.5575031014823262 0.002327436716077537 0.5472952314709236 0.015764738882554162 0.5857726100342076 0.04096928050171038
0 0.8137871938426454 0.3371225724059293 0.7781486374002281 0.31444506499429875 0.7572518779931585 0.3463482611174459 0.7895683625997719 0.36855438312428734 0.8137871938426454 0.3371225724059293
0 0.9209410068415051 0.3326306636259977 0.8823418517673889 0.32109473090079815 0.8662798129988597 0.35652140935005705 0.9053892554161916 0.3686802155074116 0.9209410068415051 0.3326306636259977
0 0.7355030581527937 1 0.7647275096921322 0.9558764047890537 0.7292132519954391 0.9308271527936146 0.6891931972633979 0.9917536636259977 0.7054790273660205 1 0.7355030581527937 1
0 0.3774489361459521 0.40046851881413914 0.402664669327252 0.36135961117445836 0.3896611083238313 0.34878682668187005 0.36019153591790193 0.39332116533637396 0.3774489361459521 0.40046851881413914
0 0.23562194526795896 0.919228685290764 0.26993640022805016 0.8538412029646522 0.20763979931584947 0.8184683124287343 0.16638699315849487 0.8790329338654503 0.23562194526795896 0.919228685290764
0 0.006515513112884835 0.38637824059293047 0.01832465450399088 0.39591716875712657 0.05092497263397947 0.34054745496009126 0.026601806157354618 0.31697655074116304 0.006515513112884835 0.38637824059293047