0 0.8603855336374003 0.07584530672748005 0.7979922223489166 0.010008866590649942 0.7656575803876854 0.05934112428734322 0.8226694139110605 0.11019230102622578 0.8603855336374003 0.07584530672748005
0 0.8764625028506271 0.2774925370581528 0.9046990205245153 0.2928361071835804 0.9304619304446978 0.24576606271379703 0.8993193158494869 0.22680716191562145 0.8764625028506271 0.2774925370581528
0 0.6445257616875713 0.5009490285062713 0.6289945108323831 0.47216421208665904 0.5973024994298746 0.4846802041049031 0.6106896966932726 0.5171344116305587 0.6445257616875713 0.5009490285062713
0 0.6776067115165336 0.4088607833523375 0.6560662736602053 0.3841310843785633 0.6247398950969213 0.4097210741163056 0.6422890992018244 0.4419713238312429 0.6776067115165336 0.4088607833523375
0 0.37318968757126564 0.3619673945267959 0.4105252257696693 0.3323238494868871 0.3920359828962372 0.30289668529076397 0.347557661345496 0.333496968072976 0.37318968757126564 0.3619673945267959
0 0.3838773979475485 0.2599852633979476 0.3478152234891676 0.21658834435575827 0.3219458232611175 0.2357382155074116 0.3573780615735462 0.281113503990878 0.3838773979475485 0.2599852633979476
0 0.4243510672748005 0.765001354618016 0.4432831311288483 0.7350381391106043 0.4174212234891676 0.7197375815279362 0.3964462291904219 0.7476663956670467 0.4243510672748005 0.765001354618016
0 0.28613431927023947 0.9265340547320411 0.3038583112884835 0.8977389954389966 0.2816309521094641 0.8783418700114025 0.260104511972634 0.9038419407069556 0.28613431927023947 0.9265340547320411
0 0.8935991242873432 0.9626803454960091 0.9077212713797035 0.9361977776510831 0.8767134230330672 0.9095181767388825 0.8554113557582668 0.9391743591790195 0.8935991242873432 0.9626803454960091
0 0.0866108882554162 0.6539666282782212 0.049257743443557586 0.616487141391106 0.02271172976054732 0.6403790513112885 0.05916076966932725 0.6785334857468642 0.0866108882554162 0.6539666282782212
0 0.14371619270239452 0.6484311596351198 0.11929041049030786 0.6188972474344355 0.09635819270239453 0.6398814709236033 0.12527459064994298 0.6672168574686431 0.14371619270239452 0.6484311596351198
0 0.194175417331813 0.751480614595211 0.21255529874572407 0.7191308358038768 0.1808397206385405 0.6989758152793615 0.16154200000000002 0.732877 0.194175417331813 0.751480614595211
0 0.42517189053591786 0.13952823033067274 0.39961216305587227 0.10700532269099201 0.36338101938426454 0.1414204321550741 0.38722196807297604 0.17034873204104903 0.42517189053591786 0.13952823033067274
0 1 0.14803404218928162 0.9636314880273661 0.21664364082098062 1 0.23574370809578107 1 0.14803404218928162
0 0.9435376476624858 0.551312677309008 0.9226219840364881 0.5248107993158495 0.8991168312428733 0.5445973420752566 0.9232901790193843 0.5715827092360319 0.9435376476624858 0.551312677309008
0 0.3419371516533637 0.41725850855188146 0.30335212086659064 0.4504432862029647 0.3087300193842646 0.46554412998859745 0.3547385210946408 0.43233265678449256 0.3419371516533637 0.41725850855188146
0 0.37905472177879135 0.5022551824401369 0.34922223945267955 0.47619150171037633 0.32155110604332954 0.4964991664766249 0.3487288289623717 0.521469473204105 0.37905472177879135 0.5022551824401369
0 0.3799330912200684 0.7921443511972635 0.38796161915621435 0.7744645883694413 0.36443133751425316 0.7615800900798176 0.3549536761687571 0.7772280022805017 0.3799330912200684 0.7921443511972635
0 0.37705367844925886 0.7528896818700115 0.3685159532497149 0.7658098335233752 0.4100319521094641 0.802768141391106 0.4209888905359179 0.7875148563283922 0.37705367844925886 0.7528896818700115