0 0.7115323922462942 0.6439693968072976 0.6661776488027366 0.6360170627137971 0.6578675849486887 0.6894916944127708 0.7112555267958952 0.6952511698973775 0.7115323922462942 0.6439693968072976
0 0.3326979486887115 0.9214820752565565 0.32859581185860887 0.9766746248574686 0.34195670011402507 0.9796762565564424 0.3467538255416192 0.9256149407069556 0.3326979486887115 0.9214820752565565
0 0.34804962941847206 0.8587475530216648 0.33108946864310146 0.8554632303306727 0.3290402223489168 0.9113702018244013 0.3436354446978335 0.9103912941847206 0.34804962941847206 0.8587475530216648
0 0.3812005678449259 0.9518076921322691 0.36709124857468645 0.9470819167616875 0.3645389874572406 0.9905165188141392 0.38086315735461806 0.9887903295324971 0.3812005678449259 0.9518076921322691
0 0.6599916727480045 0.980462236031927 0.6731472599771949 0.9810993249714938 0.6776297833523376 0.925575488027366 0.6639401197263398 0.923495078677309 0.6599916727480045 0.980462236031927
0 0.684198740022805 0.9849005906499431 0.699048062713797 0.9844954697833523 0.7085345404789053 0.9318103728620296 0.6927693899657925 0.9263370068415051 0.684198740022805 0.9849005906499431
0 0.7658867502850627 0.7888145324971494 0.7355640068415051 0.7825271584948688 0.730001244013683 0.8199669543899658 0.767912189281642 0.8255904458380844 0.7658867502850627 0.7888145324971494
0 0.9484215370581528 0.8878778551881413 0.9145012143671608 0.8813092109464082 0.9085362474344356 0.9214662770809579 0.9448192953249716 0.9215700205245154 0.9484215370581528 0.8878778551881413
0 0.7670597126567845 0.27136512542759406 0.7118659635119727 0.2666576636259977 0.7119132690992018 0.368274598631699 0.7653748859749145 0.3746252155074116 0.7670597126567845 0.27136512542759406
0 0.8503319589509692 0.44050265336374006 0.8363794424173319 0.43755121322690993 0.8428877651083239 0.5079079532497149 0.8543032873432155 0.5063147753705814 0.8503319589509692 0.44050265336374006
0 0.8533447958950969 0.32520758380843784 0.8316572428734321 0.32233528620296464 0.8270472177879133 0.37787184720638545 0.855047841505131 0.37870020866590653 0.8533447958950969 0.32520758380843784
0 0.8997121220068416 0.35154632041049033 0.8716502873432156 0.34386910604332954 0.8704354732041049 0.383910165336374 0.9003713968072976 0.37950148802736605 0.8997121220068416 0.35154632041049033
0 0.8260839270239453 0.15653385860889396 0.7681961379703536 0.1550421858608894 0.7678364743443558 0.19858296807297607 0.8243939418472064 0.20466116419612315 0.8260839270239453 0.15653385860889396
0 0.8493759464082098 0.09608473546180159 0.8458549464082098 0.13751802622576967 0.9043876670467502 0.13955086202964653 0.9112753033067275 0.10258960319270238 0.8493759464082098 0.09608473546180159
0 0.7084396465222349 0 0.703959685290764 0.026556522234891675 0.7173222668187001 0.029559573546180162 0.7231850182440136 0 0.7084396465222349 0
0 0.7386997901938426 0 0.7357965997719499 0.029731332953249714 0.7533466955530217 0.032964042189281645 0.7543476100342076 0 0.7386997901938426 0
0 0.5538740980615736 0.13505019384264538 0.5391230969213227 0.12978454161915623 0.5301710228050172 0.18927709007981755 0.5483821208665907 0.187981834663626 0.5538740980615736 0.13505019384264538