0 0.13979244013683012 0.6983898232611174 0.09315172405929305 0.7444199327251995 0.12360997833523375 0.7664767673888255 0.17005112770809577 0.7218435119726341 0.13979244013683012 0.6983898232611174
0 0.12966825883694413 0.666390566704675 0.1227453968072976 0.6439662098061574 0.07653771151653363 0.6714455005701254 0.09195204218928164 0.6942856807297606 0.12966825883694413 0.666390566704675
0 0.8647499794754846 0.6574936020524516 0.8689033762827822 0.7156394275940706 0.9093998597491448 0.7159456510832383 0.9067595689851768 0.651392046750285 0.8647499794754846 0.6574936020524516
0 0.8718470832383124 0.18089850627137968 0.8770390581527937 0.11791240250855188 0.7808159486887115 0.10627011402508553 0.7643700114025085 0.17800727936145952 0.8718470832383124 0.18089850627137968
0 0.18245203192702394 0.510182054732041 0.1193709338654504 0.5588160649942987 0.13131213911060433 0.5703652394526796 0.18809623033067277 0.5298569623717218 0.18245203192702394 0.510182054732041
0 0.693591637400228 0.8962946408209805 0.6747275701254276 0.862321110604333 0.6354429304446979 0.8803036009122006 0.6531366145952109 0.9122113477765109 0.693591637400228 0.8962946408209805
0 0.8154012884834664 0.7839610877993158 0.7399035530216647 0.8127304218928164 0.7512297605473204 0.8487631721778792 0.8288157993158495 0.815459771949829 0.8154012884834664 0.7839610877993158
0 0.7996729714937285 0.702395456100342 0.7665025792474344 0.7146541220068415 0.7824429030786773 0.7443511254275941 0.8156117525655644 0.7320927035347776 0.7996729714937285 0.702395456100342
0 0.5581531641961232 0.4632614663625998 0.5977396738882554 0.447184905359179 0.5835309201824401 0.40180203078677307 0.5460344994298746 0.4133458232611174 0.5581531641961232 0.4632614663625998
0 0.6468457958950969 0.43800562713797037 0.5656544549600913 0.46627510832383123 0.5740217206385405 0.5013748779931585 0.6570179076396807 0.475621220068415 0.6468457958950969 0.43800562713797037
0 0.6969971026225771 0.9744190615735462 0.7485755085518814 0.9656471117445838 0.7427649657924743 0.9422650843785633 0.6955739064994299 0.9692388597491448 0.6969971026225771 0.9744190615735462
0 0.7259591288483467 0.32121512884834663 0.7615600250855188 0.3179795222348917 0.751449078677309 0.28835113568985177 0.7193871904218928 0.2930258369441277 0.7259591288483467 0.32121512884834663