0 0.2978061710376283 0.5333008802736602 0.3364580296465222 0.5689906385404789 0.36391851539338654 0.5400322314709236 0.3251505245153934 0.5082818631698974 0.2978061710376283 0.5333008802736602
0 0.054426937286202966 0.30339704675028506 0.0924804526795895 0.29005518129988594 0.05915470239452679 0.22418517331812998 0.026880810718358038 0.23952248460661346 0.054426937286202966 0.30339704675028506
0 0.20906499087799316 0.17363397491448118 0.24609033865450397 0.13515120296465222 0.20553426567844924 0.10009866362599773 0.17820934663625995 0.14350299429874572 0.20906499087799316 0.17363397491448118
0 0.028491643101482327 0.17020371949828964 0.05903061687571266 0.15848832497149373 0.049094385404789054 0.11924250171037629 0.01981335347776511 0.13103754275940707 0.028491643101482327 0.17020371949828964
0 0.5863589110604333 0.9490764116305587 0.6400734754846066 0.9604054652223488 0.6473730102622577 0.926561244013683 0.5922604378563284 0.9115597867730901 0.5863589110604333 0.9490764116305587
0 0.5207734036488028 0.8789450763968073 0.48276272862029646 0.8446511208665907 0.45702380615735466 0.8696869258836943 0.498543401368301 0.9033653363740023 0.5207734036488028 0.8789450763968073
0 0.49877442987457243 0.8062545758266819 0.5252993557582668 0.7780640433295325 0.5001541106043329 0.751749441277081 0.47672059635119723 0.7830123318129989 0.49877442987457243 0.8062545758266819
0 0.6563404298745724 0.6217149555302166 0.620292574686431 0.5780280855188141 0.5938306590649943 0.5989725929304447 0.6331127411630558 0.643896323831243 0.6563404298745724 0.6217149555302166
0 0.6104217502850627 0.7983248768529075 0.634293078677309 0.7703007913340936 0.5846213204104903 0.7314294070695553 0.5608430649942988 0.7573268996579248 0.6104217502850627 0.7983248768529075
0 0.9474916009122007 0.8706276921322691 0.9402094196123147 0.8019742291904219 0.8893565598631699 0.8248078791334092 0.8981542588369441 0.8781213762827822 0.9474916009122007 0.8706276921322691
0 0.6908069452679589 0.40793365222348915 0.7015867468643101 0.4063343363740023 0.6872451299885974 0.3763060353477765 0.6776124994298746 0.37981325655644244 0.6908069452679589 0.40793365222348915
0 0.7322208871151654 0.5145811619156214 0.7701366795895096 0.5009621242873432 0.7553134367160775 0.47162165564424174 0.7209421539338654 0.4819026077537058 0.7322208871151654 0.5145811619156214
0 0.7089567491448119 0.48522177651083237 0.7455438095781072 0.4709326670467503 0.7134906225769669 0.40544118129988593 0.6830755632839225 0.4210536396807298 0.7089567491448119 0.48522177651083237
0 0.6039438608893957 0.23905950285062713 0.6597544823261118 0.2032934732041049 0.622125023945268 0.15747543101482325 0.5686872132269098 0.19644052793614597 0.6039438608893957 0.23905950285062713
0 0.7490767194982897 0 0.7234004743443558 0.023859202964652222 0.7459028232611175 0.06902697377423034 0.7813334298745724 0.04800831927023945 0.7502799270239453 0 0.7490767194982897 0
0 0.9407696830102623 0.44072944469783354 0.9764396351197264 0.42599913568985176 0.9638861003420753 0.3992730045610034 0.9273113557582668 0.41416285290763966 0.9407696830102623 0.44072944469783354
0 0.9109744994298745 0.24611703762827822 0.9467483808437855 0.23709604332953252 0.9239818779931585 0.1934805370581528 0.8938760182440136 0.20059774116305587 0.9109744994298745 0.24611703762827822
0 0.7859854082098062 0.5669008415051311 0.7697509076396808 0.5432338152793615 0.7401591379703535 0.5635243819840365 0.7605913865450399 0.5870541413911061 0.7859854082098062 0.5669008415051311
0 0.45042059749144814 0.5063908392246294 0.48020595096921326 0.5291741721778792 0.49734597377423034 0.5032413603192702 0.4735425017103763 0.47427852907639684 0.45042059749144814 0.5063908392246294