0 0.9431148255416192 0.28580132155074117 0.9681053409350057 0.2753720695553022 0.9603798962371721 0.23155889623717218 0.9212196875712657 0.24027103990877993 0.9431148255416192 0.28580132155074117
0 0.03767542873432155 0.7502318415051311 0.047439200684150515 0.7864570342075257 0.11379698631698974 0.752469338654504 0.09532179361459521 0.7160857103762828 0.03767542873432155 0.7502318415051311
0 0.21865414139110603 0.44787581185860886 0.1896205416191562 0.4644393945267959 0.20900209806157355 0.4991337194982896 0.23938287457240592 0.48337181984036487 0.21865414139110603 0.44787581185860886
0 0.26220818472063856 0.5239195701254276 0.23513471037628278 0.5413417616875713 0.24374984834663627 0.5679753831242874 0.2812555393386545 0.5464607320410491 0.26220818472063856 0.5239195701254276
0 0.21260702052451538 0.4272579646522235 0.19590191106043328 0.3940654458380844 0.1594727628278221 0.41313729418472067 0.18229958950969213 0.443444834663626 0.21260702052451538 0.4272579646522235
0 0.6161026408209805 0.14770559407069553 0.6296484150513112 0.16639990421892817 0.6908118494868871 0.13031673774230332 0.6757273420752565 0.10973438084378564 0.6161026408209805 0.14770559407069553
0 1 0.8253287582668186 0.9772786020524515 0.8146421870011402 0.9715631641961231 0.830107110604333 1 0.8438089464082098 1 0.8253287582668186
0 0.9144811482326112 0.790178314709236 0.8944483397947548 0.8406915724059293 0.9304561790193843 0.8500037879133409 0.9569106784492588 0.8017170535917902 0.9144811482326112 0.790178314709236
0 0.957626267958951 0.38519615393386547 0.9844828061573546 0.36825328962371723 0.982113865450399 0.35481835803876854 0.949109992018244 0.36425211516533634 0.957626267958951 0.38519615393386547
0 0.97974465336374 0.3413818871151653 0.9760864743443557 0.3257642314709236 0.9383183352337514 0.3372422896237172 0.946802889395667 0.35458715735461804 0.97974465336374 0.3413818871151653
0 0.9725811527936146 0.31614237172177884 0.9728434948688712 0.30224347206385405 0.930141558722919 0.30796583352337514 0.9370112611174458 0.324700598631699 0.9725811527936146 0.31614237172177884
0 0.6887024161915621 0.38848487913340934 0.6767939897377423 0.42009866590649947 0.7303469783352338 0.4451422542759407 0.737366582668187 0.40459956556442417 0.6887024161915621 0.38848487913340934
0 0.9199341026225769 0.8416191710376283 0.8622548631698973 0.84275386659065 0.8630363614595211 0.8745401288483466 0.9204593979475485 0.8822102485746864 0.9199341026225769 0.8416191710376283
0 0.4914051242873432 0.5449440353477765 0.4646770935005701 0.5574867993158495 0.48451708893956674 0.5896521596351197 0.508455677309008 0.5732571277080958 0.4914051242873432 0.5449440353477765
0 0.29267138540478904 0.5564948950969213 0.33594641277080955 0.6446333500570125 0.43869845838084376 0.5879656727480046 0.39294527594070694 0.50628851995439 0.29267138540478904 0.5564948950969213
0 0.359307724059293 0.39416369099201826 0.3312832189281642 0.37199962257696695 0.3073365438996579 0.40031623831242874 0.33329754846066134 0.42103542873432154 0.359307724059293 0.39416369099201826
0 0.9933090820980616 0.4678890011402509 0.9677899703534778 0.4633529988597492 0.9690500410490308 0.5046919087799315 0.9991152953249715 0.5025273090079818 0.9933090820980616 0.4678890011402509