0 0 0.6677652941847206 0.07893632953249714 0.8831250159635119 0.10879633751425313 0.8797597206385405 0.020109370581527935 0.6114240741163056 0 0.6178564618015963 0 0.6677652941847206
0 0.048728090079817564 0.6338965678449259 0.1248088118586089 0.8558460171037628 0.14914104675028506 0.847058251995439 0.0699098779931585 0.6256515860889397 0.048728090079817564 0.6338965678449259
0 0.2282315849486887 0.35609844925883694 0.26811668529076393 0.3673062588369441 0.2848254891676169 0.3144070524515393 0.24544705701254277 0.3054298928164196 0.2282315849486887 0.35609844925883694
0 0.30911956442417327 0.3696480353477765 0.3356155336374002 0.37254995781071837 0.34186116191562144 0.33745502622576967 0.3161759669327252 0.33260248460661346 0.30911956442417327 0.3696480353477765
0 0.31774683466362597 0.3204925815279362 0.3419690216647663 0.32837273204104905 0.3523386180159635 0.2795876202964652 0.32561531927023946 0.2739074082098062 0.31774683466362597 0.3204925815279362
0 0.1351334150513113 0.6358731892816419 0.17528456556442415 0.7554912748004561 0.1984571037628278 0.7464554116305587 0.1594830912200684 0.635585740022805 0.1351334150513113 0.6358731892816419
0 0.2079838700114025 0.7387681527936146 0.2235315518814139 0.7341833192702395 0.18351823261117448 0.6224841254275941 0.16610598061573548 0.6272812428734321 0.2079838700114025 0.7387681527936146
0 0.23508156670467503 0.7736646522234892 0.23121417217787915 0.7637373922462941 0.2105258494868871 0.7696608004561003 0.21499159179019386 0.7857837936145952 0.23508156670467503 0.7736646522234892
0 0.22975586431014822 0.751592228050171 0.2261159315849487 0.7420152257696693 0.20422992018244016 0.7507175347776511 0.20794059179019383 0.761825511972634 0.2264653990877993 0.7518017434435577 0.22975586431014822 0.751592228050171
0 0.19539766020524513 0.7761574401368301 0.19209516647662483 0.7620995518814139 0.17418759635119724 0.7692194458380844 0.1752918095781072 0.7840225062713796 0.19539766020524513 0.7761574401368301
0 0.6650345176738882 0.245895755986317 0.6486375860889395 0.18535109578107184 0.6333380022805016 0.18877623147092362 0.646676913340935 0.25170596237172177 0.6650345176738882 0.245895755986317
0 0.5311996841505131 0.26297438768529074 0.5405536248574687 0.19394190649942988 0.5240419692132269 0.1916462748004561 0.5141228859749144 0.26116564766248573 0.5311996841505131 0.26297438768529074