0 0.7627380661345496 0.7079664264538199 0.7276573409350057 0.7097119407069555 0.7262200148232612 0.7678847149372862 0.760362622576967 0.7589770992018244 0.7627380661345496 0.7079664264538199
0 0.954582748004561 0.8061590262257697 0.9311723637400228 0.8136590832383125 0.9343606134549601 0.858330377423033 0.9554793181299887 0.8575810148232612 0.954582748004561 0.8061590262257697
0 0.7119340376282781 0.7180745484606614 0.6786749201824401 0.7186954503990879 0.6793669030786773 0.7668426807297606 0.7140245724059293 0.7627059452679589 0.7119340376282781 0.7180745484606614
0 0.6454233397947547 0.7020873705815279 0.5906967080957811 0.7055217172177879 0.5902049817559863 0.7536291744583808 0.6458522884834664 0.7523048061573546 0.6454233397947547 0.7020873705815279
0 0.5808526396807298 0.8174666704675029 0.5497152930444698 0.8252910102622577 0.552257086659065 0.8544928187001141 0.5850280399087798 0.8508827457240592 0.5808526396807298 0.8174666704675029
0 0.7330145062713797 0.7942629076396808 0.6898959965792474 0.8052335267958951 0.6917216887115165 0.8379734367160775 0.7345882930444697 0.8364998129988597 0.7330145062713797 0.7942629076396808
0 0.8681872554161916 0.25477360205245153 0.8363736339794755 0.26495077194982897 0.8388325974914481 0.29652457354618017 0.8729130399087799 0.28939712086659064 0.8681872554161916 0.25477360205245153
0 0.8652975735461802 0.09960791904218928 0.8301546294184721 0.10313515849486887 0.831281819840365 0.13881967274800458 0.8649010843785633 0.13791429190421892 0.8652975735461802 0.09960791904218928
0 0.8694962212086659 0.1662950741163056 0.8348446180159635 0.1728100307867731 0.8345039749144813 0.19953317103762827 0.8717705689851767 0.19608165336374 0.8694962212086659 0.1662950741163056
0 0.3544543694412771 0.6889559498289625 0.32123669555302165 0.6883900752565564 0.31790805929304444 0.7666966100342075 0.3530286670467503 0.7637642656784494 0.3544543694412771 0.6889559498289625
0 0.31212138882554163 0.7284713728620297 0.278694937286203 0.7338393261117446 0.2761628198403649 0.7723681767388826 0.3116148722919042 0.7655856795895096 0.31212138882554163 0.7284713728620297
0 0.3057109304446979 0.623088141391106 0.2550933945267959 0.6278557685290764 0.25619975370581527 0.664136794754846 0.30728121778791334 0.660276534777651 0.3057109304446979 0.623088141391106
0 0.24161619156214367 0.6398614857468643 0.1784256111744584 0.6477562873432156 0.1813577172177879 0.716775661345496 0.24760322690992018 0.7125537742303307 0.24161619156214367 0.6398614857468643
0 0.1716041265678449 0.8091165176738883 0.13464275142531357 0.8137669167616876 0.13934027822120867 0.8662128061573546 0.17123110376282782 0.8604957354618016 0.1716041265678449 0.8091165176738883
0 0.3273196944127708 0.8371320410490308 0.27776304446978334 0.8455013865450399 0.2772092098061574 0.8953874469783352 0.3307905621436716 0.8907233192702395 0.3273196944127708 0.8371320410490308
0 0.374998905359179 0.9504885119726341 0.3422901163055872 0.9523184196123148 0.34415569099201826 0.9838714982896237 0.3772377354618016 0.9764121254275941 0.374998905359179 0.9504885119726341
0 0.376200755986317 0.9160719908779932 0.3428586989737742 0.9190680068415051 0.3455233158494869 0.9447078711516533 0.3753304503990878 0.9409942998859748 0.376200755986317 0.9160719908779932
0 0.45801618586088944 0.9017013660205245 0.45511050285062715 0.8659516191562143 0.4163912462941847 0.8699465210946408 0.4192777696693273 0.9062897103762827 0.45801618586088944 0.9017013660205245
0 0.4570422725199544 0.9295906168757128 0.42359666134549606 0.9355520136830102 0.42198791562143667 0.9646073181299886 0.4587258643101483 0.9623255644241733 0.4570422725199544 0.9295906168757128
0 0.16279681527936146 0.670380882554162 0.10974668529076397 0.6768458985176738 0.10924183010262259 0.7083161995438997 0.1645189007981756 0.7060877343215507 0.16279681527936146 0.670380882554162
0 0.14992175370581529 0.9880797708095782 0.16773886887115166 0.9878107901938427 0.16237919954389965 0.9100920205245154 0.1461064549600912 0.9104149315849487 0.14992175370581529 0.9880797708095782
0 0 0.7215505005701255 0.03992242645381985 0.7047072896237172 0.041817189281641964 0.6334800250855187 0 0.639079101482326 0 0.7215505005701255
0 0.1873554526795895 0.22208675256556443 0.14552576510832382 0.230131818700114 0.1543365290763968 0.31777394982896234 0.19310729190421894 0.31051323147092363 0.1873554526795895 0.22208675256556443
0 0.06562075142531357 0.22377680273660203 0.030927759407069554 0.23147697491448116 0.03320022805017103 0.26839127137970353 0.06658664994298746 0.2633189749144812 0.06562075142531357 0.22377680273660203
0 0.3274884401368301 0.3903610820980616 0.28002272633979475 0.38989333067274795 0.27869654503990876 0.4278701801596351 0.3261555131128848 0.42566575826681874 0.3274884401368301 0.3903610820980616
0 0.050889423033067274 0 0.05257184150513113 0.019539173318129988 0.08770422348916762 0.015419017103762827 0.08699399201824401 0 0.050889423033067274 0
0 0.14728929304446978 0.2646518939566705 0.11640060661345496 0.26535557240592933 0.09599359407069555 0.32286591220068417 0.1545697685290764 0.3180791505131129 0.14728929304446978 0.2646518939566705
0 0.6806504743443558 0.25416579247434434 0.6413393911060433 0.25814002622576965 0.641260590649943 0.29437810262257696 0.6797639327251995 0.2909697730900798 0.6806504743443558 0.25416579247434434
0 0.6122196305587229 0.19117515507411628 0.6147385085518814 0.1360122725199544 0.585754370581528 0.13321622462941848 0.5890801334093501 0.19096278221208665 0.6122196305587229 0.19117515507411628
0 0.47703552793614595 0.00014092588369441275 0.4603839566704675 0.0011041311288483467 0.4639735085518814 0.017270502850627138 0.47833776738882555 0.018366225769669328 0.47703552793614595 0.00014092588369441275
0 0.42777762713797035 0 0.42701213226909923 0.02192090193842645 0.44250749942987455 0.020085564424173318 0.44320890307867733 0 0.42777762713797035 0
0 0.4699092143671608 0.3911773055872292 0.43349983808437853 0.39703364082098064 0.4347512497149373 0.4291609475484606 0.4676280604332953 0.42704141619156216 0.4699092143671608 0.3911773055872292
0 0.688349755986317 0.35662346978335235 0.6526979806157354 0.3577533671607754 0.6505843249714938 0.41828053591790193 0.6916015860889395 0.4108012120866591 0.688349755986317 0.35662346978335235
0 0.7531663523375143 0.3701734789053592 0.7198020114025085 0.37376283010262257 0.7233972086659065 0.4237937776510832 0.7595595416191563 0.42505659407069557 0.7531663523375143 0.3701734789053592