0 0.12592345610034208 0.7828096419612315 0.09991957354618015 0.7587896522234892 0.05678713683010262 0.8054392052451539 0.08194407183580388 0.8290861288483465 0.12592345610034208 0.7828096419612315
0 0.2064885290763968 0.9390914937286203 0.23547617673888255 0.9120169942987457 0.1989510684150513 0.8775340353477765 0.1720780250855188 0.9108936841505131 0.2064885290763968 0.9390914937286203
0 0.2888776225769669 0.736826914481186 0.31207837400228045 0.7125318973774231 0.27083952337514255 0.6731925233751426 0.24461494070695552 0.7019381425313569 0.2888776225769669 0.736826914481186
0 0.2922541881413911 0.6744049806157355 0.3332774925883694 0.6939466875712657 0.3348373797035348 0.67859248004561 0.2970926704675029 0.6613087286202964 0.2922541881413911 0.6744049806157355
0 0.3359730148232611 0.6619794789053592 0.3382017411630559 0.6461212633979476 0.31333036488027366 0.6396294720638541 0.31023667730900795 0.6509765302166477 0.3359730148232611 0.6619794789053592
0 0.3142703911060433 0.6116094846066135 0.3684765062713797 0.6653499543899657 0.3784416841505131 0.6541718038768529 0.3265065872291904 0.6013485131128848 0.3142703911060433 0.6116094846066135
0 0.037621213226909915 0.41279438198403645 0.08357380501710376 0.45699016875712656 0.10718729190421893 0.42975838768529073 0.06358658608893956 0.3858931368301027 0.037621213226909915 0.41279438198403645
0 0.08324453363740023 0.25028583580387687 0.11167408095781071 0.26985636031927024 0.15253593500570126 0.2222865347776511 0.12703584378563285 0.19893693500570125 0.08324453363740023 0.25028583580387687
0 0.12772995096921322 0.17267798517673888 0.16223665564424172 0.13619723717217788 0.11822166818700114 0.09526853135689851 0.08656579361459521 0.14346158494868871 0.12772995096921322 0.17267798517673888
0 0.33468337970353473 0.4407659110604333 0.29662847206385407 0.46836326681870016 0.322834102622577 0.4973471425313569 0.3495257673888255 0.46741119498289624 0.33468337970353473 0.4407659110604333
0 0.1301087172177879 0.6378406647662486 0.13703985290763968 0.6567833911060433 0.19898583694412772 0.6127779099201823 0.1881867502850627 0.5978926043329532 0.1301087172177879 0.6378406647662486
0 0.439010322690992 0.910072992018244 0.4567540604332953 0.8862102120866591 0.43445324515393385 0.865705425313569 0.41863823831242875 0.8907765165336374 0.439010322690992 0.910072992018244
0 0.5741058551881414 0.8362136750285062 0.5854846944127707 0.8192430843785633 0.5448322668187001 0.779986125427594 0.5307566716077536 0.7969469304446979 0.5741058551881414 0.8362136750285062
0 0.31273483694412774 0.3921569555302166 0.32127638768529077 0.3825759042189282 0.2948498015963512 0.35729733751425313 0.2853604047890536 0.3672232668187001 0.31273483694412774 0.3921569555302166
0 0.3280542394526796 0.3727454047890536 0.34029021778791335 0.36248597947548455 0.3169669942987457 0.3364459692132269 0.30484125769669324 0.3501984811858609 0.3280542394526796 0.3727454047890536
0 0.22501347206385405 0.5769011060433296 0.22909915051311286 0.5648950684150513 0.1986593352337514 0.5468407742303307 0.19262639908779933 0.5598922291904219 0.22501347206385405 0.5769011060433296
0 0.6220669213226909 0.35416606043329535 0.5883537981755986 0.3721901345496009 0.6201749167616876 0.40601357126567844 0.6463994903078677 0.3815455176738882 0.6220669213226909 0.35416606043329535
0 0.6121524903078678 0.3521730935005701 0.5906771448118586 0.32579477879133406 0.5739241448118586 0.34260808779931584 0.5970806054732041 0.36342404789053595 0.6121524903078678 0.3521730935005701
0 0.7749213397947547 0.7170820969213226 0.8061680193842645 0.720873945267959 0.8099034777651083 0.6686859304446978 0.7800762839224629 0.667603945267959 0.7749213397947547 0.7170820969213226
0 0.2332670285062714 0.5523041527936146 0.2394467251995439 0.5381972257696693 0.2204563945267959 0.5325335381984037 0.21815855074116305 0.5446172770809578 0.2332670285062714 0.5523041527936146
0 0.5756889942987458 0.5519077856328392 0.5651662200684151 0.5414445952109463 0.5331662668187002 0.5728876909920182 0.5425813363740023 0.5848219703534777 0.5756889942987458 0.5519077856328392
0 0.3051542976054732 0.17305402964652222 0.3096527115165336 0.1581112269099202 0.2746119099201824 0.14719702394526796 0.27149995553021666 0.15867405473204108 0.3051542976054732 0.17305402964652222
0 0.3140884287343216 0.152147078677309 0.315904637400228 0.13922408095781072 0.3043928882554162 0.13580903192702395 0.29854679247434435 0.1454091527936146 0.3140884287343216 0.152147078677309
0 0.3657337331812999 0.2240974321550741 0.3712545564424173 0.21468985404789054 0.3527695632839225 0.2096967730900798 0.350505409350057 0.22367393842645383 0.3657337331812999 0.2240974321550741
0 0.37753527480045607 0.20838541847206385 0.3768261254275941 0.192111157354618 0.36086670809578103 0.19046779247434437 0.3586430011402509 0.20415716077537058 0.37753527480045607 0.20838541847206385
0 0.3434951459521095 0.22875872063854047 0.3501786305587229 0.21532218129988598 0.332611929304447 0.2080613945267959 0.32480336031927026 0.22095955074116308 0.3434951459521095 0.22875872063854047
0 0.16185750057012543 0.25833939794754845 0.1397604629418472 0.2875799019384265 0.18548887229190422 0.30778444469783356 0.19961070695553024 0.27342954732041047 0.16185750057012543 0.25833939794754845