0 1 0.3935004526795895 0.9828305176738883 0.3915571596351197 0.988709566704675 0.44173524629418476 1 0.4410145917901938 1 0.3935004526795895
0 0 0.620490787913341 0.0526419007981756 0.612979046750285 0.04701861231470924 0.5725627160775371 0 0.582248353477765 0 0.620490787913341
0 0.2509522405929304 0.35911835917901935 0.21810785746864308 0.3653271197263398 0.2251381117445838 0.4044412656784493 0.2589952725199544 0.39942911060433295 0.2509522405929304 0.35911835917901935
0 0.26737597149372866 0.44519895553021666 0.23610538768529077 0.4528577001140251 0.2355801014823261 0.48084509806157355 0.278046913340935 0.4727132554161916 0.26737597149372866 0.44519895553021666
0 0.2519470900798175 0.3376550524515394 0.24695852565564425 0.30083225769669325 0.2063049030786773 0.3070048745724059 0.218020921322691 0.34309290421892813 0.2519470900798175 0.3376550524515394
0 0.7244730433295324 0.20469841847206385 0.7311945518814139 0.22678430672748004 0.8007732451539339 0.21257987001140252 0.7932115233751426 0.18820783466362598 0.7244730433295324 0.20469841847206385
0 0.8973044709236032 1 0.8488383078677308 0.9528867457240593 0.8383993683010262 0.9656483534777651 0.873080724059293 1 0.8973044709236032 1
0 0.7974268061573546 0.9093108494868871 0.762039905359179 0.9505500285062715 0.7930542257696693 0.9710779064994298 0.8337880695553022 0.934034645381984 0.7974268061573546 0.9093108494868871
0 1 0.519523157354618 0.9688370285062714 0.517863763968073 0.9700706134549602 0.5404393705815279 1 0.533393913340935 1 0.519523157354618
0 1 0.49000390992018245 0.9674268551881414 0.4888120535917902 0.9698022223489168 0.5079742485746864 1 0.5064739646522235 1 0.49000390992018245
0 1 0.4646552371721778 0.9692270433295325 0.45846852223489165 0.9702741676168757 0.4765281094640821 1 0.4793755096921323 1 0.4646552371721778
0 0.7147274116305586 0.45599587913340933 0.6931753318129988 0.4820102976054732 0.7356572816419612 0.5231246237172178 0.7554938563283923 0.48707611744583806 0.7147274116305586 0.45599587913340933
0 0.7858351710376283 0.9597244424173318 0.7309289578107183 0.9420187947548461 0.7213192850627137 0.9723277274800456 0.7731166864310148 0.9982750809578107 0.7858351710376283 0.9597244424173318
0 0.4772410387685291 0.5396972029646522 0.4478856647662486 0.5428548232611174 0.456172732041049 0.579727038768529 0.4841448118586089 0.572018874572406 0.4772410387685291 0.5396972029646522
0 0.2855740045610034 0.48591737856328393 0.2977962736602052 0.5833428950969214 0.41339943215507413 0.5632153477765108 0.39673042759407073 0.47109230330672747 0.2855740045610034 0.48591737856328393
0 0.4014297708095781 0.35412487913340934 0.3821479954389966 0.3240444549600912 0.3502869817559863 0.34302206499429877 0.3680880855188141 0.37106452109464083 0.4014297708095781 0.35412487913340934
0 0.9768872189281642 0.630244181299886 0.9542352029646523 0.6176470969213227 0.9419679897377422 0.6571440421892817 0.9710999726339795 0.6648856636259978 0.9768872189281642 0.630244181299886