0 0.0744829874572406 0.5180882223489167 0.1072051014823261 0.52732051995439 0.12108265792474344 0.489687834663626 0.08684371607753706 0.48417296237172175 0.0744829874572406 0.5180882223489167
0 0.01251140250855188 0.3621471961231471 0.05610471607753706 0.3906758084378563 0.08890049714937287 0.3434404355758267 0.045636165336374004 0.3150811938426454 0.01251140250855188 0.3621471961231471
0 0.39558262371721775 0.3933622132269099 0.43359710034207527 0.3525077651083238 0.40506920524515394 0.33180151995439 0.3733179954389966 0.3685522166476625 0.39558262371721775 0.3933622132269099
0 0.44696170809578106 0.0687232212086659 0.42193780273660203 0.09670893500570125 0.44901466020524516 0.11584471379703536 0.47545622805017107 0.08162769783352337 0.44696170809578106 0.0687232212086659
0 0.6930536328392246 0.31681792018244015 0.7156538768529077 0.3342581185860889 0.7638831060433295 0.2857822109464082 0.7407739064994299 0.26892411060433297 0.6930536328392246 0.31681792018244015
0 0.5719320524515393 0.40987368072976055 0.6083343990877993 0.44614756670467504 0.6535102143671608 0.40115628050171037 0.6049567309007982 0.36788901938426455 0.5719320524515393 0.40987368072976055
0 0.19017537286202965 0.6222805393386546 0.19502652793614594 0.6377274538198403 0.2641968118586089 0.630375700114025 0.26384007069555304 0.6110434948688711 0.19017537286202965 0.6222805393386546
0 0.360678007981756 0.886550717217788 0.38513948802736603 0.9271188722919043 0.41862607297605475 0.9146092143671608 0.39216659635119727 0.8690072645381984 0.360678007981756 0.886550717217788
0 0.3503487206385405 0.920017669327252 0.34803283694412773 0.9167823090079819 0.33108159521094643 0.9008488369441278 0.3012994161915622 0.9139740775370581 0.3239330376282782 0.9392160444697834 0.3503487206385405 0.920017669327252
0 0.3379919498289624 0.7015658779931585 0.3485606488027366 0.7341243557582667 0.378957598631699 0.7172995849486887 0.37155567844925885 0.6876455336374002 0.3379919498289624 0.7015658779931585
0 0.31440060205245157 0.6740725769669328 0.2868715438996579 0.6862413899657925 0.29870047320410487 0.7077890364880274 0.3312306465222349 0.6949341185860889 0.31440060205245157 0.6740725769669328
0 0.3596646750285063 0.8080379270239453 0.3475237217787913 0.7769291904218928 0.31861685860889394 0.7860921562143672 0.3281528084378563 0.8178333797035348 0.3596646750285063 0.8080379270239453
0 0.5332752497149372 0.9438956328392246 0.5641042930444699 0.9221979623717218 0.5540385553021665 0.8947028289623716 0.5111351858608894 0.9179743432155074 0.5332752497149372 0.9438956328392246
0 0.27342130102622575 0.9922583603192703 0.30986971607753705 0.975675850627138 0.29708693158494864 0.9462080330672747 0.2610636510832383 0.9635869669327253 0.27342130102622575 0.9922583603192703