0 0.8663174025085518 0.030151249714937284 0.835115969213227 0.10065954503990877 0.8777777046750286 0.11034743785632839 0.9006249464082098 0.03314022234891676 0.8663174025085518 0.030151249714937284
0 0.8113893762827822 0.24923043101482326 0.8356646818700114 0.19657548232611172 0.7948062314709237 0.17990098289623718 0.7774538198403649 0.23517708779931584 0.8113893762827822 0.24923043101482326
0 0.8605818358038769 0.20470935689851766 0.8486075484606614 0.2393883181299886 0.8760912371721779 0.2590616681870011 0.8954737662485748 0.2214563044469783 0.8605818358038769 0.20470935689851766
0 0.4277657685290764 0.04239586316989737 0.4203699897377423 0.0792603078677309 0.47630298859749143 0.08713233409350057 0.48276098859749145 0.05759842417331813 0.4277657685290764 0.04239586316989737
0 0.07497724287343216 0.2461345416191562 0.0682230102622577 0.2824606647662486 0.11073848802736602 0.29382029760547324 0.12249719954389965 0.2616053625997719 0.07497724287343216 0.2461345416191562
0 0.054399704675028505 0.3110239521094641 0.04538300684150513 0.3459601003420753 0.07670305929304448 0.35584619270239454 0.08487946408209807 0.3237021197263398 0.054399704675028505 0.3110239521094641
0 0.2127429692132269 0.3201121858608894 0.20172044925883695 0.35070699429874574 0.25100950741163053 0.3766311550741163 0.2698529361459521 0.34178148004561004 0.2127429692132269 0.3201121858608894
0 0.29733971835803874 0.4704197434435576 0.279880755986317 0.5201012098061574 0.31397710262257694 0.5357229726339795 0.33356960547320413 0.4854988289623717 0.29733971835803874 0.4704197434435576
0 0.9389930718358039 0.4461731265678449 0.9589364503990878 0.4157643420752566 0.9064338038768529 0.3891386795895097 0.890830345496009 0.42099998973774233 0.9389930718358039 0.4461731265678449
0 0.7553664720638541 0.38544887799315847 0.7465335621436716 0.41147181413911055 0.7928127742303306 0.44112440136830106 0.8139509053591789 0.41070250741163056 0.7553664720638541 0.38544887799315847
0 0.862941685290764 0.4502368380843786 0.8512776191562144 0.48136996921322694 0.9058164583808438 0.5051952542759407 0.9185082987457241 0.47253338312428733 0.862941685290764 0.4502368380843786
0 0.8707540319270239 0.57894186659065 0.8551335895096922 0.6007964298745724 0.8843918859749145 0.6206234697833524 0.9024070638540478 0.5952407559863171 0.8707540319270239 0.57894186659065
0 0.7842565507411631 0.6547352793614596 0.7652361265678449 0.6882017662485747 0.7993525085518814 0.7138132896237173 0.8143379988597492 0.6821849429874572 0.7842565507411631 0.6547352793614596
0 0.9667110684150513 0.9023247035347776 0.9412432839224629 0.8768738175598632 0.9202476784492589 0.898854134549601 0.9573133797035348 0.9384603363740023 0.9667110684150513 0.9023247035347776
0 0.14060511858608893 0.8925705210946409 0.12850453477765109 0.9218805450399088 0.17192979247434437 0.9500914059293044 0.18856301254275942 0.9098661425313568 0.14060511858608893 0.8925705210946409
0 0.25494084150513113 0.7370405724059294 0.2411677274800456 0.7650122326111743 0.27170806727480046 0.7838284127708095 0.28569220296465225 0.7534268346636259 0.25494084150513113 0.7370405724059294
0 0.0812098494868871 0.6313341744583808 0.0668985496009122 0.6586627309007981 0.10047023033067275 0.6768751870011402 0.11782450399087799 0.6488278586088939 0.0812098494868871 0.6313341744583808
0 0.11757357582668188 0.5767583044469783 0.10585789509692133 0.6084813694412771 0.13504320068415052 0.6223481151653364 0.1489971242873432 0.5854614150513113 0.11757357582668188 0.5767583044469783
0 0.8607734367160776 0.12076913911060433 0.8282187913340935 0.11136948346636259 0.8219018962371721 0.1256655188141391 0.86104869327252 0.13806049030786774 0.8607734367160776 0.12076913911060433
0 0.49299550285062715 1 0.49851472405929304 0.9709234925883694 0.46127962941847206 0.9605214709236032 0.44748081527936145 0.9956352554161915 0.4925094116305587 1 0.49299550285062715 1
0 0.8498967879133409 0.810528732041049 0.8371592519954391 0.8266816123147093 0.8743268152793615 0.8651235119726339 0.8915945929304446 0.8516898779931584 0.8498967879133409 0.810528732041049
0 0.8736902805017104 0.8042739828962372 0.8616748517673889 0.8121551972633979 0.9012195051311288 0.8540831641961232 0.91327748004561 0.8422735222348917 0.8736902805017104 0.8042739828962372