0 0.6268166773090079 0.5385986784492588 0.62438169327252 0.5100082976054733 0.5887059851767389 0.5163773740022805 0.5928317993158495 0.5500666989737742 0.6268166773090079 0.5385986784492588
0 0.7831641915621437 0.4859606864310148 0.7785810513112884 0.4529755838084379 0.715481717217788 0.4616849942987457 0.7187496476624857 0.49419407981755986 0.7831641915621437 0.4859606864310148
0 1 0.453445015963512 0.9904563181299886 0.40854552337514255 0.9240744298745724 0.41780410262257694 0.9323059281641961 0.47366493386545044 1 0.46339573090079816 1 0.453445015963512
0 0.6750275085518814 0.07716988255416192 0.6342498015963512 0.08523043671607755 0.6376918460661346 0.12998178221208664 0.6835730820980616 0.12022942417331813 0.6750275085518814 0.07716988255416192
0 0.7753266636259978 0.06070196465222349 0.693313921322691 0.07752729532497149 0.7002921140250856 0.116068669327252 0.7802283261117445 0.10089714937286204 0.7753266636259978 0.06070196465222349
0 0.8272151698973774 0.07635581185860889 0.8181619749144812 0.03946792474344356 0.779221834663626 0.046185838084378567 0.7833746510832383 0.08143009007981755 0.8272151698973774 0.07635581185860889
0 0.8277088608893957 0 0.8214815541619156 0.0008255039908779932 0.8271764389965792 0.053319848346636264 0.9122665781071835 0.04069172063854048 0.9036172862029647 0 0.8277088608893957 0
0 0.0957450684150513 0.19908773432155075 0.09276035233751426 0.153632165336374 0.037059311288483464 0.16574174914481185 0.04136296351197264 0.20882755986316992 0.0957450684150513 0.19908773432155075
0 0.34861644127708097 0.24357880615735464 0.35443155530216647 0.2823674002280502 0.39823779019384264 0.2742685290763968 0.3891684481185861 0.23731219156214367 0.34861644127708097 0.24357880615735464
0 0.5985570171037627 0.3256855929304447 0.5994458939566705 0.2927498095781072 0.5640240558722919 0.2974499464082098 0.5637105085518814 0.33309244697833523 0.5985570171037627 0.3256855929304447
0 0.20147957810718356 0.8964415860889395 0.20013451767388823 0.8615557753705816 0.15526186088939564 0.8717694561003422 0.1589598700114025 0.9048740114025086 0.20147957810718356 0.8964415860889395
0 0.21202973090079819 0.9317972542759407 0.16535696351197263 0.9435373044469784 0.1711908164196123 0.9738316955530216 0.2160324218928164 0.9649073329532498 0.21202973090079819 0.9317972542759407
0 0.38384894526795893 0.8776900980615735 0.37333015963511973 0.8253473226909921 0.3374678472063854 0.8294030832383124 0.3472601117445838 0.8854672941847206 0.38384894526795893 0.8776900980615735
0 1 0.8484368244013684 0.9824481607753706 0.852362094640821 0.9854081049030786 0.8862704789053593 1 0.8843674047890535 1 0.8484368244013684
0 0.35659836716077536 0.6124087776510833 0.31909608209806156 0.621592566704675 0.32358626339794755 0.6370131698973773 0.35785199657924743 0.6297297628278221 0.35659836716077536 0.6124087776510833
0 0.6867726773090079 0.18383059179019384 0.6842701870011403 0.16920151995438998 0.6514676830102623 0.1733736545039909 0.6530877194982896 0.19099054960091222 0.6867726773090079 0.18383059179019384
0 0.6814808688711517 0.1303767890535918 0.6429028141391107 0.1373627787913341 0.646479543899658 0.15418997377423033 0.6813260524515394 0.14678311972633978 0.6814808688711517 0.1303767890535918
0 0.8407961915621436 0.2887500433295325 0.8442264287343215 0.2734669475484607 0.7895600866590651 0.27902128278221205 0.7916067776510832 0.2943542508551882 0.8407961915621436 0.2887500433295325