0 1 0.5667825883694413 0.9682722063854048 0.5564856955530216 0.9575151288483467 0.6135990285062713 1 0.6244362394526796 1 0.5667825883694413
0 0.7943954857468644 0.4339323740022805 0.8259329863169896 0.44560446636259976 0.8362572930444698 0.4179147856328392 0.8049374196123147 0.40593803762827824 0.7943954857468644 0.4339323740022805
0 0.8583183511972634 0.2668325176738882 0.9100476100342075 0.2846317856328392 0.9259905644241733 0.2306049726339795 0.8737285176738883 0.21460664652223488 0.8583183511972634 0.2668325176738882
0 0.9424514344355758 0.2077509498289624 0.9646662428734322 0.2149957023945268 0.98602503990878 0.1459269669327252 0.9647751140250854 0.1330028928164196 0.9424514344355758 0.2077509498289624
0 0.7599895416191561 0 0.7511272770809577 0.037088166476624856 0.8052173010262258 0.05658732953249715 0.8157386522234891 0 0.7599895416191561 0
0 0.47723204218928167 0.12626535917901938 0.5338043272519954 0.1427057172177879 0.5473399190421893 0.09173353135689852 0.4936631596351197 0.06924937628278222 0.47723204218928167 0.12626535917901938
0 0.4727901117445838 0.6412215769669327 0.5088503728620296 0.6402593819840364 0.5042240900798175 0.5928904173318129 0.4710057514253136 0.594646102622577 0.4727901117445838 0.6412215769669327
0 0.46574003192702396 0.5924519749144812 0.5042240900798175 0.5928904173318129 0.4965894754846066 0.5444398472063854 0.46457858152793613 0.5467459156214367 0.46574003192702396 0.5924519749144812
0 0.19999609236031926 0.9344377582668187 0.2141136636259977 0.864135047890536 0.18837761915621437 0.8570148221208665 0.17547443101482327 0.9299470661345496 0.19999609236031926 0.9344377582668187
0 0.0806224937286203 0.9195932303306728 0.10248883808437856 0.8065424903078677 0.08614128848346637 0.8053310228050171 0.06426477993158494 0.9106586636259977 0.0806224937286203 0.9195932303306728
0 0.3537396989737742 0.4359513318129989 0.37111814139110605 0.38900529646522236 0.3419231083238312 0.36982344127708094 0.3240549931584949 0.4197602622576967 0.3537396989737742 0.4359513318129989
0 0.45099288711516533 0.34878695895096923 0.4872179509692132 0.36118496237172176 0.49674321664766247 0.3275820661345496 0.4664635062713797 0.31141021094640825 0.45099288711516533 0.34878695895096923
0 0.03904012200684151 0.6988474629418472 0.006347052451539339 0.6904833397947548 0.009199017103762828 0.7462302656784493 0.030138064994298747 0.7502519543899657 0.03904012200684151 0.6988474629418472
0 0.7079218027366021 0.5548848814139111 0.7256260900798176 0.5512960741163055 0.7193571550741162 0.49091401026225767 0.6962916522234892 0.4940959236031927 0.7079218027366021 0.5548848814139111
0 0.5153814264538198 0.7422185621436715 0.5616897309007982 0.7370367685290764 0.5506490342075256 0.697022708095781 0.5126405302166477 0.6977558814139111 0.5153814264538198 0.7422185621436715