0 0.2439725872291904 0.8793753831242874 0.279663488027366 0.9176545838084378 0.32149749600912203 0.8813654321550741 0.2835839851767389 0.8441492725199543 0.2439725872291904 0.8793753831242874
0 0.23047752223489165 0.8130898757126568 0.2591895895096921 0.8357340307867731 0.2862661185860889 0.8080713568985177 0.254457322690992 0.7815418540478904 0.23047752223489165 0.8130898757126568
0 0.10129127594070696 0.702754401368301 0.11707745838084378 0.7102108141391106 0.13837950285062714 0.6703150216647662 0.11675078335233752 0.6622070034207526 0.10129127594070696 0.702754401368301
0 0.35712032725199544 0.5739213249714937 0.3145446180159635 0.5324897685290764 0.27701569783352337 0.5778075769669327 0.30129227023945265 0.5958124025085518 0.293103 0.6074963352337514 0.3032809007981756 0.6207585701254276 0.35712032725199544 0.5739213249714937
0 0.4841580433295325 0.7370380045610034 0.44779253705815275 0.7735671425313568 0.47760430900798173 0.799028763968073 0.5017571915621437 0.7718816088939566 0.4841580433295325 0.7370380045610034
0 0.5521395838084379 0.9003279372862029 0.5671635849486887 0.9205671505131129 0.5914526499429875 0.8976115895096922 0.5789295484606614 0.8778786031927024 0.5521395838084379 0.9003279372862029
0 0.5747950923603193 0.9330741505131128 0.5887891436716077 0.9474722223489167 0.6192345427594071 0.9252382770809578 0.6052816088939567 0.9093637582668187 0.5747950923603193 0.9330741505131128
0 0.6914201128848347 0.7294032098061574 0.7154212656784492 0.7492653272519955 0.7502054401368301 0.7106065553021665 0.7310865792474344 0.6893694971493729 0.6914201128848347 0.7294032098061574
0 0.6004756431014823 0.859882511972634 0.6243749589509692 0.8791580912200685 0.6511045062713797 0.8563751163055873 0.6271808061573546 0.8386618814139111 0.6004756431014823 0.859882511972634
0 0.9004922633979475 0.42088931698973775 0.8590037012542758 0.45229903990877995 0.8629265792474344 0.47282815849486887 0.9167539623717218 0.44813885860889396 0.9004922633979475 0.42088931698973775
0 0.7305609304446978 0.05211380501710376 0.7500535051311288 0.0805992109464082 0.7858918540478905 0.05646714025085519 0.7626258757126568 0.025378680729760548 0.7305609304446978 0.05211380501710376
0 0.4864527229190422 0.09696222348916762 0.45724499771949834 0.11596655986316991 0.4771163671607754 0.14318094298745723 0.5075372234891676 0.11909816989737743 0.4864527229190422 0.09696222348916762
0 0.5454490216647663 0.17510161117445838 0.5151097822120867 0.18767980615735463 0.5238069828962372 0.21648847092360318 0.5621197856328393 0.20468907639680728 0.5454490216647663 0.17510161117445838
0 0.11282459749144812 0.4399131995438997 0.13954500114025087 0.4580916088939566 0.15654646180159634 0.4177498916761687 0.13035901254275942 0.4059952782212087 0.11282459749144812 0.4399131995438997
0 0.4965136009122007 0 0.4729943124287343 0.013806238312428736 0.47893453021664767 0.03381781299885975 0.5108971163055872 0.016759984036488026 0.5021860900798175 0 0.4965136009122007 0
0 0.16166162143671609 0.4535889418472064 0.19013745952109465 0.4612162919042189 0.20235340820980616 0.4415953648802737 0.17270830672748003 0.42562715279361457 0.16166162143671609 0.4535889418472064
0 0.09082860889395666 0.49980832953249715 0.10379424629418471 0.5083649897377422 0.11590861003420752 0.4779191242873432 0.09582043443557582 0.47170042303306725 0.09082860889395666 0.49980832953249715
0 0.6656757251995439 0.22437618015963512 0.6297648779931585 0.2361296567844926 0.6335076761687571 0.25052657354618013 0.6699016864310149 0.23808499087799315 0.6656757251995439 0.22437618015963512
0 0.6469819064994299 0.282483228050171 0.6784908779931585 0.2697003660205245 0.6760185621436716 0.25567916419612313 0.6430153557582668 0.2668263375142531 0.6469819064994299 0.282483228050171
0 0.780415685290764 0.5571067194982896 0.799154 0.5778952314709236 0.8240975461801597 0.5518128939566704 0.8065157924743444 0.5324546499429875 0.780415685290764 0.5571067194982896
0 0.6404400342075257 0.525771558722919 0.650962110604333 0.5341561755986317 0.6760800558722918 0.505634621436716 0.6662020045610034 0.49577355302166476 0.6404400342075257 0.525771558722919
0 0.6819789099201824 0.5237019669327252 0.6748011106043329 0.5257355245153934 0.6546051539338654 0.5479693591790193 0.6638880171037628 0.5595838563283922 0.6900010262257696 0.5332953112884835 0.6819789099201824 0.5237019669327252
0 0.7037600228050171 0.7549358038768529 0.6813720125427595 0.7408119942987458 0.6626894424173317 0.7682004036488028 0.6843640570125428 0.7834162474344356 0.7037600228050171 0.7549358038768529