0 0.7495075701254276 0.21005805473204103 0.7913495940706956 0.20492050057012545 0.7885815005701253 0.18723539908779932 0.7476981915621437 0.1953218472063854 0.7495075701254276 0.21005805473204103
0 0.7981840935005701 0.2459669771949829 0.7963141596351198 0.22585274914481185 0.7533642964652223 0.2317245370581528 0.7498595039908781 0.2519004903078677 0.7981840935005701 0.2459669771949829
0 0.017967582668187 0.6666842884834664 0.029912256556442418 0.7561706157354617 0.0787640661345496 0.744786913340935 0.06242643101482326 0.6604477571265678 0.017967582668187 0.6666842884834664
0 0.031235625997719497 0.7572045450399089 0.033312265678449256 0.7916567058152794 0.10557348688711517 0.777995322690992 0.09859059521094642 0.7430483329532497 0.031235625997719497 0.7572045450399089
0 0.04185283124287343 0.8612140296465223 0.11669906499429875 0.8442457765108324 0.11315329076396809 0.8031748871151653 0.036134874572405926 0.8146450045610034 0.04185283124287343 0.8612140296465223
0 0.04169990763968073 0.8570453432155074 0.052420427594070694 0.9472801870011403 0.10743645952109464 0.9393286510832384 0.0929711197263398 0.8507500296465221 0.04169990763968073 0.8570453432155074
0 0.1860694561003421 1 0.1841420638540479 0.9550430342075256 0.12387737286202964 0.9660318608893956 0.12542027480045612 1 0.1860694561003421 1
0 0.5495496054732041 0.24777512656784492 0.5580704367160776 0.25869465336374003 0.6579953375142531 0.22967084378563285 0.6527544435575826 0.21378331356898517 0.5495496054732041 0.24777512656784492
0 0.39337828392246293 0.23284319726339794 0.3987236088939567 0.24714524743443558 0.5025170410490308 0.23499922348916763 0.49951484150513115 0.22272832269099202 0.39337828392246293 0.23284319726339794
0 0.5035099521094641 0.25282987571265675 0.4545234868871152 0.2582448745724059 0.45294182896237173 0.27459544127708096 0.5042130421892816 0.26830012884834664 0.5035099521094641 0.25282987571265675
0 0 0.2931257537058153 0.024799475484606613 0.29066452109464086 0.024935240592930445 0.2747181755986317 0 0.27796826909920186 0 0.2931257537058153
0 0 0.3259463420752565 0.02789120410490308 0.3255886784492588 0.03116901710376283 0.3035641071835804 0 0.30709051539338655 0 0.3259463420752565