0 0.5237213112884834 0.296459850627138 0.47876021892816417 0.32377697035347774 0.49902768985176743 0.35815570353477766 0.5402340091220069 0.3296411060433296 0.5237213112884834 0.296459850627138
0 0.8118034686431015 0.1258787993158495 0.8141395233751425 0.16613570353477763 0.8866436602052452 0.15225717103762829 0.8807963808437856 0.1170059794754846 0.8118034686431015 0.1258787993158495
0 0.8939157149372862 0.3102939874572406 0.9207021619156214 0.3564923261117446 0.9655755940706956 0.3271691151653364 0.9313844401368301 0.28893886316989736 0.8939157149372862 0.3102939874572406
0 0.9469858483466362 0.137661251995439 0.9498297263397948 0.17024639794754848 0.9902940296465221 0.1715126944127708 0.9870268551881415 0.14011480501710377 0.9469858483466362 0.137661251995439
0 0.044516304446978336 0.4592312793614595 0.018820379703534777 0.5077423215507412 0.049341508551881415 0.5240878164196123 0.07895291904218928 0.47524517331813 0.044516304446978336 0.4592312793614595
0 0.13000868757126569 0.4155172588369441 0.1734513158494869 0.3884317468643102 0.15647996351197263 0.3567891037628278 0.1126618449258837 0.3874172725199544 0.13000868757126569 0.4155172588369441
0 0.20594701938426452 0.4144067058152794 0.22573423831242875 0.44767446408209804 0.25796042645381984 0.43075658950969214 0.23436775940706955 0.39961363055872295 0.20594701938426452 0.4144067058152794
0 0.3399068129988598 0.6167348791334093 0.39183746294184724 0.5941251892816419 0.3789982029646522 0.5629152748004561 0.3249871322690992 0.588292977194983 0.3399068129988598 0.6167348791334093
0 0.1827953637400228 0.5239147194982896 0.2031540148232611 0.5545857970353477 0.25421097833523376 0.5175526442417332 0.23587088711516532 0.4875572018244014 0.1827953637400228 0.5239147194982896
0 0.020384394526795895 0.8279976989737743 0.08838558038768529 0.8399210752565565 0.08045341391106042 0.784744362599772 0.026780216647662485 0.7785060615735462 0.020384394526795895 0.8279976989737743
0 0.5359063318129988 0.7087923329532497 0.5344723774230331 0.7195953740022806 0.5672905176738883 0.7140862485746865 0.5665742736602052 0.7038600478905359 0.5359063318129988 0.7087923329532497
0 0.4219749361459521 0.7192059304446978 0.42461538654503994 0.7594068449258837 0.45690509464082096 0.7532451584948688 0.45649641847206385 0.7173715473204105 0.4219749361459521 0.7192059304446978
0 0.45660945381984036 0.7049355496009122 0.46026026681870014 0.7440439019384265 0.532049779931585 0.7312843010262258 0.5254256476624858 0.6977440923603192 0.45660945381984036 0.7049355496009122
0 0.7221812930444698 0.6718422006841505 0.7411783158494869 0.7353492668187 0.7955935290763969 0.7118066738882555 0.7728673318129989 0.6496987172177878 0.7221812930444698 0.6718422006841505
0 0.846497857468643 0.8551692303306728 0.8569362873432156 0.8950208415051311 0.9124401288483467 0.8781614663625997 0.8961183933865451 0.8459885085518813 0.846497857468643 0.8551692303306728
0 0.4354819236031927 0.9400321915621437 0.43980963511972637 0.978380574686431 0.4689606647662486 0.973680062713797 0.4647289897377423 0.9344179623717218 0.4354819236031927 0.9400321915621437
0 0.6389052314709236 1 0.6777801744583809 0.9920457537058153 0.6792369794754846 0.9611443762827823 0.6307680433295325 0.9650336727480046 0.629640496009122 1 0.6389052314709236 1
0 0.3568625222348917 0.7564664469783352 0.38408756214367157 0.7473843603192702 0.372739614595211 0.7133460877993159 0.3444894675028506 0.7265011448118587 0.3568625222348917 0.7564664469783352
0 0.5075226659064994 0.45057966590649945 0.47741196579247436 0.4729312462941847 0.4976157537058153 0.4965553454960091 0.5320177388825542 0.4816572189281642 0.5075226659064994 0.45057966590649945