0 0.9583587936145953 0.18301509806157357 0.8733590912200684 0.17944812200684152 0.888053220068415 0.2603283238312429 0.9630930444697834 0.2505785324971494 0.9583587936145953 0.18301509806157357
0 0.686580259977195 0.35469993044469783 0.685334770809578 0.4040547126567845 0.7146313489167616 0.4101609965792474 0.7152420068415052 0.35964015963511975 0.686580259977195 0.35469993044469783
0 0.37181151881413915 0.275979433295325 0.2634441448118586 0.30531051881413906 0.28158277309007984 0.36587063055872293 0.39201672519954395 0.3329042713797035 0.37181151881413915 0.275979433295325
0 0.3919830855188141 0.3438949532497149 0.2835064275940707 0.36996223831242875 0.2942229977194983 0.4218714207525656 0.40482261231470923 0.3936490433295325 0.3919830855188141 0.3438949532497149
0 0.13886309464082097 0.5110664868871152 0.15381906841505133 0.5824317559863169 0.2051245005701254 0.5729166750285063 0.18581071607753705 0.49576246636259974 0.13886309464082097 0.5110664868871152
0 0.10601904218928164 0.4373553261117446 0.18705837742303305 0.41432400114025086 0.1702104298745724 0.35490704104903076 0.0938479315849487 0.37777504675028506 0.10601904218928164 0.4373553261117446
0 0.5928874766248574 0.26023877993158495 0.575454030786773 0.2658975210946408 0.5814604686431015 0.3019285974914481 0.5966864549600913 0.2960498882554162 0.5928874766248574 0.26023877993158495
0 0.5119714139110604 0.542892708095781 0.4591098118586089 0.5545415222348917 0.46679280843785637 0.5875434925883694 0.5122742656784492 0.5812039144811858 0.5119714139110604 0.542892708095781
0 0.4995402109464082 0.7604762839224629 0.5116400581527936 0.8010474697833524 0.5609197901938426 0.7844737856328392 0.5530917445838085 0.7473180969213227 0.4995402109464082 0.7604762839224629
0 0.5510389954389966 0.5525195085518815 0.5345847901938426 0.5572528848346636 0.5513608631698974 0.6297443819840366 0.5667733443557583 0.629206165336374 0.5510389954389966 0.5525195085518815
0 0.5852259201824401 0.6986669931584949 0.5688338791334093 0.7051805359179019 0.5824181425313569 0.7712466978335234 0.5968111801596352 0.7754969771949829 0.5852259201824401 0.6986669931584949
0 0.5568663922462942 0.7070821653363739 0.5439764367160775 0.7072368004561004 0.5511266465222349 0.7420397115165336 0.5636183135689852 0.7427917172177878 0.5568663922462942 0.7070821653363739
0 0.5322560045610034 0.5885250832383124 0.5145485701254275 0.5953816157354618 0.5257665438996579 0.6276675952109464 0.5429990695553022 0.6282540456100342 0.5322560045610034 0.5885250832383124
0 0.7688924184720639 0.8654384047890535 0.7508263671607754 0.8687412257696694 0.76822817331813 0.9251698483466363 0.7848688734321552 0.9257769669327252 0.7688924184720639 0.8654384047890535
0 0.7388846681870012 0.8727244743443557 0.7227225963511973 0.8798240969213227 0.7315063580387685 0.910411181299886 0.7475329498289625 0.9104456316989737 0.7388846681870012 0.8727244743443557
0 0.7220373523375143 0.9000478323831242 0.7099175279361459 0.9040341733181301 0.7140757149372863 0.9211197753705815 0.72995569327252 0.9170005621436715 0.7220373523375143 0.9000478323831242
0 0.6633165815279362 0.9632919338654503 0.6552413831242874 0.919013968072976 0.6083676043329533 0.9194641767388826 0.6155061904218929 0.9709026282782212 0.6633165815279362 0.9632919338654503
0 0.14947152109464082 0.11798492930444698 0.11660611402508551 0.12863840478905358 0.1324704378563284 0.17502081527936147 0.16605350855188142 0.16790538654503992 0.14947152109464082 0.11798492930444698