0 0.2974191870011403 0.19109577651083237 0.31401572177879133 0.1622426636259977 0.28009987571265677 0.14410814595210947 0.26730464310148233 0.17801704218928163 0.2974191870011403 0.19109577651083237
0 0.3533935689851767 0.09862578791334094 0.3742172896237172 0.06299979817559863 0.34421734777651086 0.04658485290763968 0.3223826408209806 0.08058037970353478 0.3533935689851767 0.09862578791334094
0 0.49799166932725203 0.1056879441277081 0.5161684287343216 0.06871837058152794 0.47764830102622574 0.04837957810718358 0.4638870695553022 0.08909239794754846 0.49799166932725203 0.1056879441277081
0 0.4850045336374002 0.13450436031927024 0.4969959030786773 0.11369976168757127 0.4561053968072976 0.10131530102622578 0.45500470239452684 0.12833885860889396 0.4850045336374002 0.13450436031927024
0 0.388209078677309 0.30290389395667044 0.44964574344355757 0.17992818928164195 0.4133418380843786 0.17125839566704676 0.35542556100342076 0.29120013568985176 0.388209078677309 0.30290389395667044
0 0.4827373033067275 0.19338794754846064 0.4688920524515393 0.24466491106043328 0.5005061106043329 0.2565748779931585 0.5217117366020525 0.2018883101482326 0.4827373033067275 0.19338794754846064
0 0.5496108597491448 0.34378059064994304 0.5631158255416191 0.29738531698973775 0.5348078152793615 0.2863996807297605 0.5170705199543899 0.3368572303306727 0.5496108597491448 0.34378059064994304
0 0.7960214401368302 0.12548640136830103 0.7647859669327253 0.14305066248574688 0.7813160387685291 0.17872376168757126 0.8102792223489167 0.1582425781071836 0.7960214401368302 0.12548640136830103
0 0 0.5428798802736602 0.001038734321550741 0.5496352862029646 0.01764773888255416 0.5105320969213227 0 0.49997699429874576 0 0.5428798802736602
0 0.7728003340935006 0.42078780843785635 0.7861321630558723 0.41783413797035346 0.776852567844926 0.3652069338654504 0.7640218677309009 0.3671694652223489 0.7728003340935006 0.42078780843785635
0 0.6059683363740023 0.36278290535917906 0.6446940649942988 0.35354128962371717 0.6382662098061573 0.3136768437856328 0.5970582269099202 0.3269720193842645 0.6059683363740023 0.36278290535917906