0 0.9103098688711517 0.19363899657924744 0.8855276510832383 0.16966877194982896 0.8589258985176739 0.1954400684150513 0.8865455450399088 0.22312626111744585 0.9103098688711517 0.19363899657924744
0 0.7372133010262257 0.362351259977195 0.7087459304446979 0.3370893192702395 0.6810464025085519 0.38729374116305587 0.7100409726339795 0.40718009806157357 0.7372133010262257 0.362351259977195
0 0.8042185245153934 0.48369984378563285 0.7763300969213227 0.45781143215507414 0.7608418802736602 0.4800274686431015 0.7875578472063853 0.5018153728620297 0.8042185245153934 0.48369984378563285
0 0.8272738175598632 0.5832718700114025 0.7641709315849486 0.5321747058152794 0.7470266431014824 0.5568557924743444 0.8133794766248574 0.6086729179019384 0.8272738175598632 0.5832718700114025
0 0.7868739429874572 0.5951994583808438 0.7547665712656785 0.5683430228050171 0.7309379281641961 0.612993496009122 0.757307993158495 0.6395560467502851 0.7868739429874572 0.5951994583808438
0 0.7446046966932726 0.6354668449258838 0.7134082212086659 0.6870452291904219 0.7454311003420753 0.7079604435575827 0.7759724903078677 0.6552272622576967 0.7446046966932726 0.6354668449258838
0 0.9197903534777652 0.880164936145952 0.8886289064994298 0.852071361459521 0.8670967263397948 0.8847117502850627 0.8943745530216648 0.9058756442417332 0.9197903534777652 0.880164936145952
0 0.3915359304446978 0.9137967901938426 0.42295236031927025 0.9323655290763968 0.46067669327252 0.8691467388825541 0.4269371550741163 0.8495106191562143 0.3915359304446978 0.9137967901938426
0 0.43054501710376286 0.8412964777651083 0.46086418358038767 0.8614091334093501 0.4775398323831243 0.83913086659065 0.44526827480045605 0.8134705997719499 0.43054501710376286 0.8412964777651083
0 0.38873027137970356 0.6900870410490307 0.3578083888255416 0.6652510182440138 0.3188695473204105 0.7166405963511973 0.35216996237172177 0.7392725541619156 0.38873027137970356 0.6900870410490307
0 0.2686709201824401 0.7347300798175599 0.23513771493728622 0.7204342303306728 0.22106407981755988 0.7455489566704675 0.2573012234891676 0.7674324424173319 0.2686709201824401 0.7347300798175599
0 0.06804264310148232 0.4250682725199544 0.084384661345496 0.4298617537058153 0.10375288597491449 0.3682010957810718 0.08452400456100341 0.36445075484606615 0.06804264310148232 0.4250682725199544
0 0.38856749714937283 0.08333903306727479 0.4170622725199544 0.10503371265678449 0.43692264652223484 0.07545376282782212 0.498688322690992 0.11918738198403649 0.525446409350057 0.08508398517673889 0.4390609258836944 0.016777064994298745 0.38856749714937283 0.08333903306727479
0 0.5259852212086659 0.4471488574686431 0.5026915290763968 0.479287 0.536992929304447 0.49829910832383123 0.5592561220068415 0.46918779703534774 0.5259852212086659 0.4471488574686431
0 0.5669512554161915 0.4149748301026226 0.6072098244013683 0.4422974925883694 0.6258516077537057 0.412185275940707 0.5834365062713797 0.3858690456100342 0.5669512554161915 0.4149748301026226
0 0.4196377947548461 0.6331742805017104 0.47674516077537055 0.6310732576966932 0.4759151938426454 0.5811717445838084 0.41423265678449256 0.5844043888255416 0.4196377947548461 0.6331742805017104