0 0.10998538312428735 0.5889854675028506 0.08136569897377424 0.617031913340935 0.10971726681870012 0.639818725199544 0.13811421778791336 0.6110512987457241 0.10998538312428735 0.5889854675028506
0 0.2240249737742303 0.4468962212086659 0.18019795438996578 0.4094458312428734 0.12790239794754846 0.4696388882554162 0.16428356328392246 0.5040584344355759 0.2240249737742303 0.4468962212086659
0 0.17487920524515393 0.3635006784492588 0.14827360775370582 0.3439830285062714 0.12509097491448118 0.371406889395667 0.1515414526795895 0.39525548802736604 0.17487920524515393 0.3635006784492588
0 0.01101754275940707 0.3689711881413911 0.029913401368301024 0.3851584561003421 0.05435558038768529 0.36277668757126563 0.03132326909920183 0.3376628289623717 0.012693754846066134 0.35302309692132267 0.01101754275940707 0.3689711881413911
0 0.9441135142531357 1 0.9501647571265678 0.9884259908779932 0.9528341527936145 0.9630283888255416 0.910644157354618 0.9293306077537059 0.8748475940706956 0.9745380615735462 0.9085113842645383 1 0.9441135142531357 1
0 0.969762961231471 0.7474309270239453 0.9765492109464082 0.7373946795895098 0.9794670250855187 0.7096335324971493 0.958939078677309 0.6800051584948689 0.9332770638540479 0.7111527525655644 0.969762961231471 0.7474309270239453
0 0.9595105461801597 0.5439068323831242 0.9331229965792475 0.5166492622576967 0.8957412953249715 0.55989748004561 0.9197380752565564 0.5843554344355759 0.9595105461801597 0.5439068323831242
0 0.5964309087799315 0.3857115028506271 0.5705399361459521 0.3650749224629418 0.5280949270239452 0.4280959475484607 0.5512196054732041 0.44665071607753704 0.5964309087799315 0.3857115028506271
0 0.08836831812998859 0.9366648688711517 0.055236945267958956 0.9224331094640821 0.03534152793614596 0.9526628232611174 0.07815258722919041 0.9571624469783352 0.08836831812998859 0.9366648688711517
0 0.4301908472063854 0.6268211334093501 0.41878374914481187 0.6160667286202964 0.36042415963511976 0.6600967537058153 0.3782394675028506 0.675204220068415 0.4301908472063854 0.6268211334093501
0 0.5174761687571265 0.5064055974914481 0.4889431904218928 0.4825046567844926 0.46582433865450396 0.5093366305587229 0.4914993511972634 0.5348680763968072 0.5174761687571265 0.5064055974914481
0 0.46290770125427594 0.3041954732041049 0.4493594777651083 0.31949278677309007 0.48292837286202966 0.35228288141391106 0.4990213774230331 0.344015078677309 0.46290770125427594 0.3041954732041049
0 0.1805238962371722 0.04280735461801597 0.1010335370581528 0.09476893728620296 0.11924086659064995 0.14021325883694413 0.20048389623717217 0.09148697833523375 0.1805238962371722 0.04280735461801597