0 0.2534859794754846 0.4910361687571265 0.2573973683010262 0.5411971185860889 0.3096689851767389 0.5421528631698973 0.30899552109464085 0.49260596579247434 0.2534859794754846 0.4910361687571265
0 0.08890708779931585 0.22786679817559863 0.22531978449258835 0.2570210410490308 0.23590692474344357 0.20249102280501713 0.09950600342075257 0.17311208779931583 0.08890708779931585 0.22786679817559863
0 0.7083237423033067 0.026004790193842647 0.7119521425313569 0.058905400228050166 0.7724316442417332 0.062074996579247435 0.7675421459521095 0.030577497149372863 0.7083237423033067 0.026004790193842647
0 0.9476856955530217 0.6433890695553022 0.9868832006841506 0.6442541927023946 0.9815924184720638 0.5636887571265679 0.9476707525655644 0.5642892576966932 0.9476856955530217 0.6433890695553022
0 1 0.05518214139110604 0.9134098129988597 0.05516719498289624 0.9141449771949829 0.06950187799315849 1 0.07136337856328392 1 0.05518214139110604
0 0.49403271835803875 0.654704401368301 0.44054415507411626 0.6542794435575827 0.4441088472063854 0.6883658449258837 0.49531897035347777 0.6868861345496009 0.49403271835803875 0.654704401368301
0 0.38521497605473204 0.5074559600912201 0.37527122805017105 0.5610543112884835 0.4114698551881414 0.5623568358038769 0.4169522234891676 0.5144718859749144 0.38521497605473204 0.5074559600912201
0 0.6939541870011402 0.697296165336374 0.697549952109464 0.730789629418472 0.72975503990878 0.7289084732041049 0.7272933021664766 0.6964664253135691 0.6939541870011402 0.697296165336374
0 0.7363981938426455 0.26180036830102626 0.7365941539338654 0.30344112998859746 0.776538488027366 0.3013710045610034 0.7758793204104902 0.26289627822120865 0.7363981938426455 0.26180036830102626
0 0.9530481083238311 0.4616831938426454 0.9616718323831244 0.5126872371721779 0.9919426567844926 0.5136790992018244 0.9927506351197263 0.4642270501710376 0.9530481083238311 0.4616831938426454
0 0 0.8139832508551881 0.15606420752565564 0.8183829988597492 0.15436527137970354 0.7600109623717218 0 0.7585053352337514 0 0.8139832508551881
0 0.07331666704675029 0.8883888939566705 0.07394775028506272 0.9217269851767389 0.13917230102622577 0.9251452588369441 0.13780404446978334 0.883183330672748 0.07331666704675029 0.8883888939566705
0 0.2633637936145952 0.12103668643101483 0.26444187229190425 0.2025704732041049 0.31150371835803875 0.21217478791334093 0.31186406613454964 0.13155659977194983 0.2633637936145952 0.12103668643101483