0 0.12291749372862029 0.7058564070695553 0.12579291790193844 0.6707977844925884 0.05241407411630559 0.6724464549600913 0.0518367810718358 0.7115929771949829 0.12291749372862029 0.7058564070695553
0 0.20604297833523375 0.5448587194982896 0.13827958152793615 0.5483933466362599 0.1365741014823261 0.5880955644241733 0.20530951311288484 0.5778612896237172 0.20604297833523375 0.5448587194982896
0 0.7084034446978335 0.9140067023945269 0.7041330672748005 0.8792272645381984 0.6703656339794755 0.8819187924743443 0.6695064914481186 0.9187826476624857 0.7084034446978335 0.9140067023945269
0 0.8638490364880274 0.7525072953249715 0.8107374914481187 0.7584303648802736 0.8115649828962371 0.78465782668187 0.8622468711516534 0.7784348722919041 0.8638490364880274 0.7525072953249715
0 0.9300104606613455 0.911331220068415 0.9328133352337514 0.8756817229190422 0.8916406659064995 0.8789755233751425 0.8956123831242873 0.9137585712656784 0.9300104606613455 0.911331220068415
0 0.603003189281642 0.5427926009122007 0.6055048175598632 0.5095745017103763 0.5887662554161917 0.5096792622576967 0.5851769988597492 0.5437833899657925 0.603003189281642 0.5427926009122007
0 0.635043779931585 0.5406531379703535 0.6329739840364881 0.5091927571265679 0.6125253489167618 0.5058646989737743 0.6109627377423033 0.5394224549600912 0.635043779931585 0.5406531379703535
0 0.5496770935005701 0.9221267286202965 0.5419748597491448 0.9422214275940707 0.5538131961231471 0.9509405644241733 0.566891708095781 0.9307839498289623 0.5496770935005701 0.9221267286202965
0 0.5459550205245154 0.9064289521094641 0.5594889703534778 0.9143416841505131 0.5687419064994299 0.8922603808437856 0.558888732041049 0.8875290387685291 0.5459550205245154 0.9064289521094641
0 0.563395417331813 0.7756364070695553 0.5680066978335233 0.7888321664766248 0.6004816396807298 0.7902302006841505 0.5976935256556443 0.7723948563283923 0.563395417331813 0.7756364070695553
0 0.677474740022805 0.5013359156214368 0.650138298745724 0.5076834538198404 0.6474816955530217 0.5445114093500569 0.6745890615735461 0.5411830433295325 0.677474740022805 0.5013359156214368