0 0.3776965644241733 0.8783155712656784 0.34759324059293045 0.9352602622576967 0.3771910649942987 0.9584589281641962 0.4085821220068415 0.9009373762827821 0.3776965644241733 0.8783155712656784
0 0.42571387799315846 0.9457932633979476 0.4519180330672748 0.9543148620296464 0.46559625769669327 0.9023228643101482 0.4421323831242873 0.9018491733181301 0.42571387799315846 0.9457932633979476
0 0.24235449258836944 0.15072690992018245 0.1795738221208666 0.16598228506271379 0.1910305267958951 0.20482559635119726 0.2480687126567845 0.1927909361459521 0.24235449258836944 0.15072690992018245
0 0.7366490182440137 0.15711801140250856 0.8010740923603192 0.12153572063854048 0.7633601231470923 0.03224918015963512 0.7042450957810718 0.05460135005701255 0.7366490182440137 0.15711801140250856
0 0.5572719760547321 0.8080508415051311 0.5339847377423034 0.8738008061573547 0.5483779589509692 0.8820960467502851 0.577740464082098 0.8080532531356898 0.5572719760547321 0.8080508415051311
0 0.061546848346636256 0.46641648460661345 0.09709558380843786 0.4746297776510832 0.10355314937286203 0.43191031242873434 0.06569605473204104 0.4231413819840365 0.061546848346636256 0.46641648460661345
0 0.10612668643101482 0.2708744652223489 0.09549901368301025 0.3546346123147092 0.13325784378563285 0.3555900912200684 0.14010270581527937 0.27508710604332953 0.10612668643101482 0.2708744652223489
0 0.18990378563283924 0.26058793044469786 0.18726280729760547 0.2958507537058153 0.22020314823261117 0.30298797377423037 0.22284393500570127 0.2677235997719498 0.18990378563283924 0.26058793044469786
0 0.5706085131128849 0.4318636716077537 0.5713697046750285 0.39263789737742305 0.5238284230330673 0.39148878221208666 0.5192861607753706 0.433973078677309 0.5706085131128849 0.4318636716077537
0 0.4801543865450399 0.3423449977194983 0.47827523033067276 0.42922472291904223 0.5143216259977195 0.4275930478905359 0.5191166282782212 0.3417547958950969 0.4801543865450399 0.3423449977194983
0 0.6384850296465222 0.23206168643101482 0.6341411870011403 0.19995329874572407 0.602873598631699 0.19840072405929304 0.6095762713797035 0.23351435575826682 0.6384850296465222 0.23206168643101482