0 0.4960091220068415 0.9578107183580388 0.043329532497149374 0.04446978335233751
0 0.1394935952109464 0.5520322166476624 0.19106040592930446 0.5625905051311288 0.20729647092360318 0.5206761448118585 0.1639815142531357 0.49708862257696695 0.1394935952109464 0.5520322166476624
0 0.39059114367160774 0.3176894389965792 0.388296298745724 0.368286834663626 0.4409816396807298 0.3829019806157355 0.44695862941847203 0.3492123557582668 0.39059114367160774 0.3176894389965792
0 0.7403506636259978 0 0.7272677958950969 0.020207537058152796 0.7613158472063853 0.0483337913340935 0.7804538460661345 0.01815026795895097 0.7557555062713798 0 0.7403506636259978 0
0 1 0.505599197263398 0.999942850627138 0.5015905610034208 0.9613431778791335 0.5056759030786773 0.9646250022805017 0.5526081744583808 1 0.5514955393386545 1 0.505599197263398
0 0.0720886567844926 0.32095876282782215 0.030945128848346635 0.30857832041049027 0.02233797605473204 0.3840829623717218 0.05865660319270239 0.3870912063854048 0.0720886567844926 0.32095876282782215
0 0 0.4995857023945268 0.0035573158494868868 0.5504576909920182 0.046745036488027365 0.5543733568985176 0.057315507411630565 0.48705482554161916 0 0.4788881391106043 0 0.4995857023945268
0 0.276468598631699 0.7214039657924743 0.2730634515393387 0.7521586020524516 0.31115069897377423 0.7605910615735462 0.31841248232611175 0.7254066088939567 0.276468598631699 0.7214039657924743
0 0.6937636841505131 0.2909620228050171 0.6855359703534778 0.3222559395667046 0.7256624777651083 0.33431592018244016 0.7305357343215507 0.3018656818700114 0.6937636841505131 0.2909620228050171
0 1 0.7026672862029646 0.9211308757126567 0.6952599760547321 0.9191334275940707 0.7049980319270239 1 0.7174241163055873 1 0.7026672862029646
0 0.8050598301026226 0.7334841698973774 0.8049703876852907 0.7194374424173319 0.7491283899657925 0.7209646282782212 0.7537166784492589 0.7355096841505132 0.8050598301026226 0.7334841698973774
0 0.805473251995439 0.7138387251995439 0.8038661915621437 0.6951349543899659 0.7858902098061574 0.6934190912200685 0.7848450604332954 0.7125197753705815 0.805473251995439 0.7138387251995439