0 0.9998178529076396 0.21192133523375142 0.9928817981755986 0.17480244469783354 0.9402635393386545 0.20090529190421894 0.9496960102622578 0.23099949486887114 0.9998178529076396 0.21192133523375142
0 1 0.25700116647662485 0.9556941767388825 0.26768476396807295 0.9661764618015964 0.33271511060433295 0.9929560706955531 0.319882086659065 1 0.2788764310148233 1 0.25700116647662485
0 0.8462166932725199 0.490247078677309 0.804110606613455 0.4895121140250855 0.8061231927023945 0.5643711402508552 0.8510081003420753 0.5601663489167618 0.8462166932725199 0.490247078677309
0 0.3565793671607754 0.5939362713797035 0.27329720524515394 0.5683726545039909 0.2172204857468643 0.833435913340935 0.29660034663625995 0.8497862736602052 0.3565793671607754 0.5939362713797035
0 0.5225852428734321 0.9543289885974914 0.529643354618016 0.9054009669327252 0.5064736727480046 0.9016710319270239 0.49070014823261116 0.9496155484606613 0.5225852428734321 0.9543289885974914
0 0.06839930672748006 0.9297736111744584 0.13581269669327253 0.9334444458380843 0.1403205678449259 0.8653486852907639 0.07901852565564424 0.8592903945267959 0.06839930672748006 0.9297736111744584
0 0.13451865222348916 0.7222506328392246 0.14443387343215508 0.6172529988597492 0.07664565108323831 0.6148226864310148 0.06483395553021665 0.7210342827822122 0.13451865222348916 0.7222506328392246
0 0.6809868836944127 0.03176546750285063 0.7214904298745725 0.024574380843785635 0.7179808232611175 0.00414439338654504 0.6715253990877993 0.0033335108323831243 0.6809868836944127 0.03176546750285063
0 0.3572357993158495 0.08057110262257695 0.3811168882554162 0.09636685404789054 0.39840446180159633 0.05676253135689852 0.3687433637400228 0.04460552223489167 0.3572357993158495 0.08057110262257695
0 0.16646591220068413 0 0.14285702850627138 0.05742927708095781 0.1593624629418472 0.06326041277080958 0.18464326111744583 0 0.16646591220068413 0
0 0.20168617217787912 0 0.17608397263397949 0.056623107183580386 0.18841585062713798 0.06376754047890536 0.22097279247434434 0 0.20168617217787912 0
0 0.232935992018244 0 0.20365803306727479 0.06264744583808438 0.21460421208665909 0.06976613112884834 0.24610562257696694 0.009348891676168758 0.23596434777651082 0 0.232935992018244 0
0 0.16781474914481184 0.5303665678449259 0.1388838369441277 0.5229323968072976 0.12352514937286203 0.6099604184720638 0.14983595781071837 0.6090335267958951 0.16781474914481184 0.5303665678449259