0 0.9340937502850627 0.15643749942987456 0.9142015621436717 0.18555781299885976 0.9818906248574686 0.22292812542759408 1 0.19089687457240595 0.9340937502850627 0.15643749942987456
0 0.8200921870011403 0.07993749942987458 0.8150468745724059 0.044975 0.7657640627137969 0.04734687457240593 0.7681390627137971 0.084125 0.8200921870011403 0.07993749942987458
0 0.7719984378563284 0.17778593728620296 0.7651703124287342 0.15056093728620298 0.7182640627137971 0.1618312497149373 0.7224203124287344 0.18199843785632838 0.7719984378563284 0.17778593728620296
0 0.8447328129988598 0.5746812497149373 0.8762015621436716 0.5485812497149373 0.8399843751425313 0.5242609372862029 0.8138578129988597 0.5473953124287343 0.8447328129988598 0.5746812497149373
0 0.9153906248574687 0.5545124994298746 0.9038124994298745 0.569175 0.939139062713797 0.6037453124287343 0.952203125427594 0.5906968745724059 0.9153906248574687 0.5545124994298746
0 0.9622968745724059 0.5349375005701255 0.9385468745724059 0.5620578129988598 0.9551718745724059 0.5812062497149373 0.9848593751425314 0.5509546875712656 0.9622968745724059 0.5349375005701255
0 0.822764062713797 0.9513468745724059 0.7835765621436716 0.9329593751425314 0.770514062713797 0.9703281254275941 0.7984203124287343 0.9821921870011403 0.822764062713797 0.9513468745724059
0 0.08057187457240593 0.6446749999999999 0.11738593728620297 0.6616843751425313 0.15241718700114024 0.590103125427594 0.11144687457240594 0.5723078129988597 0.08057187457240593 0.6446749999999999
0 0.39971406271379706 0.006996874572405929 0.4017937502850627 0.046162499429874576 0.451075 0.04378906271379703 0.4546374994298746 0.007604687571265679 0.39971406271379706 0.006996874572405929
0 0.11738593728620297 0.35698437514253134 0.08354062485746865 0.3459046875712657 0.07107187457240592 0.37359375028506275 0.10432343785632839 0.39138906271379703 0.11738593728620297 0.35698437514253134
0 0.11293124971493729 0.20091250057012544 0.12272968757126569 0.1535265621436716 0.08532343785632839 0.14878124971493728 0.08116562485746864 0.19801562485746865 0.11293124971493729 0.20091250057012544
0 0.8762015621436716 1 0.8839218745724059 0.995835937286203 0.8272187502850628 0.9570062497149373 0.7990156248574687 0.9904968745724059 0.8120765621436716 1 0.8762015621436716 1
0 0.1868546875712657 0.5972218745724059 0.21594687457240594 0.5379046875712656 0.1518234378563284 0.5183281254275941 0.1351984378563284 0.5752734378563285 0.1868546875712657 0.5972218745724059