0 1 0.4956365610034208 0.9997178278221208 0.47947090763968075 0.9495846545039909 0.4821259441277081 0.9540877343215508 0.5189701527936146 1 0.5115420695553021 1 0.4956365610034208
0 0.48916804218928167 0.3353202120866591 0.49890113340935005 0.382612236031927 0.6433089236031927 0.35458145381984035 0.6414381870011403 0.3153596909920182 0.48916804218928167 0.3353202120866591
0 0.484625425313569 0.4493059144811859 0.4899544481185861 0.4824367069555302 0.5468939817559862 0.47847518358038765 0.5437665450399087 0.43538882896237174 0.484625425313569 0.4493059144811859
0 0.519274330672748 0.6652434709236033 0.5276855028506272 0.7048448950969213 0.5974594104903078 0.6876104857468643 0.5876265017103762 0.6517000615735462 0.519274330672748 0.6652434709236033
0 0.5649821710376283 0.8003038289623717 0.6626875496009121 0.7843602702394527 0.6499184743443558 0.7502529258836944 0.5589663352337514 0.7618467137970354 0.5649821710376283 0.8003038289623717
0 0.5718329635119727 0.92061665336374 0.7262620729760547 0.8882587537058153 0.7076354047890536 0.841770502850627 0.557840740022805 0.8674668198403649 0.5718329635119727 0.92061665336374
0 0.3280415632839225 0.7664713614595211 0.33569344127708095 0.7965939669327251 0.39380118586088936 0.7914274982896237 0.3842425017103763 0.7542167787913341 0.3280415632839225 0.7664713614595211
0 0.17642062713797035 0.6534299817559863 0.13794666020524515 0.6606291037628278 0.1468463865450399 0.6942882839224629 0.1853633660205245 0.6894637730900798 0.17642062713797035 0.6534299817559863
0 0.6595232964652223 0.5690592656784492 0.6487788825541618 0.5318708050171037 0.5234914310148233 0.5496194503990878 0.5274063876852907 0.5867911607753706 0.6595232964652223 0.5690592656784492
0 0.9006756784492588 0.7760524150513113 0.9398468757126568 0.77477640022805 0.919838622576967 0.7001689167616876 0.8834444469783352 0.7075348928164196 0.9006756784492588 0.7760524150513113
0 0.9640527126567845 0.6645996704675029 0.9720669190421893 0.7154800524515393 0.9987505393386545 0.7132343295324972 0.9867241014823261 0.6536304538198404 0.9640527126567845 0.6645996704675029