0 0.07979430216647662 0.8341844846066134 0.11325108437856328 0.8398176818700115 0.11671223717217788 0.7775232862029646 0.08245786202964653 0.7686116088939566 0.07979430216647662 0.8341844846066134
0 0.025211847206385408 0.6494365644241734 0.08322902964652223 0.6563892246294185 0.08782710490307868 0.6309343454960091 0.029257711516533638 0.6215966841505132 0.025211847206385408 0.6494365644241734
0 0.15989981755986316 0.5772605758266819 0.19731549828962372 0.5782105883694413 0.20249230444697833 0.5195107468643102 0.1634208038768529 0.5146718677309008 0.15989981755986316 0.5772605758266819
0 0.19403301596351197 0.7114720353477765 0.23233663511972635 0.7130313888255416 0.2299636795895097 0.679141062713797 0.199673740022805 0.6809861493728621 0.19403301596351197 0.7114720353477765
0 0.5049057822120867 0.5622029042189282 0.5421771687571265 0.5681964800456101 0.5466375267958952 0.5166102166476625 0.5141729315849487 0.5071359395667047 0.5049057822120867 0.5622029042189282
0 0.1064576385404789 0.3260224275940707 0.1416001094640821 0.33732497035347775 0.14992125199543901 0.3024336305587229 0.11218214367160775 0.28930424287343215 0.1064576385404789 0.3260224275940707
0 0.15223951197263397 0.27159439338654506 0.16359992702394527 0.23259922006841507 0.12584889395667045 0.22006346408209806 0.11693409122006841 0.25494444241733183 0.15223951197263397 0.27159439338654506
0 0.5754410672748005 0.25997850969213226 0.6017250581527936 0.2835970752565564 0.62108838654504 0.2619629669327252 0.5953638449258837 0.24013568757126566 0.5754410672748005 0.25997850969213226
0 0.9398023124287344 0.9017524218928163 0.974113054732041 0.9059127981755987 0.9786459498289625 0.8501709190421892 0.9461072291904219 0.8448537924743443 0.9398023124287344 0.9017524218928163
0 0.9764134321550741 0.6381293489167618 0.9941319874572406 0.6434878335233751 0.9972943124287343 0.5880173876852908 0.9838907491448119 0.5836281071835804 0.9764134321550741 0.6381293489167618
0 0.2148624230330673 0.9324489019384264 0.2556926157354618 0.9385061607753705 0.2621203831242873 0.9101124526795895 0.21965581984036486 0.8957144629418471 0.2148624230330673 0.9324489019384264
0 0.5162751847206386 0.7945929714937285 0.531069937286203 0.7966342987457241 0.5415850193842645 0.7380260741163056 0.5220560114025086 0.7353098323831243 0.5162751847206386 0.7945929714937285