0 0 0.40307403876852904 0.010566257696693272 0.43393578563283924 0.06604592474344355 0.422939425313569 0.04135590992018243 0.3777600581527936 0 0.38914851995439 0 0.40307403876852904
0 0 0.5209553523375142 0.0070333318129988595 0.5610670843785633 0.06134536716077537 0.5454331413911061 0.048159985176738876 0.4916390615735462 0 0.497951062713797 0 0.5209553523375142
0 0.3943857605473204 0.6659014925883694 0.3486856841505131 0.6834659167616877 0.36047342873432153 0.7185691299885975 0.4065918061573546 0.7068346852907639 0.3943857605473204 0.6659014925883694
0 0.5284875393386544 0.7008314595210946 0.4321150410490308 0.719836725199544 0.43969957924743447 0.757234913340935 0.5355546784492589 0.734028574686431 0.5284875393386544 0.7008314595210946
0 0.6857898221208666 0.9588185051311289 0.6978951847206385 0.9794564389965792 0.7559420752565564 0.9723291778791334 0.7315842896237172 0.9322788027366021 0.6857898221208666 0.9588185051311289
0 0.5881291835803877 0.35345807753705816 0.5996515131128848 0.4034389087799316 0.6519678608893956 0.3910394754846066 0.640835022805017 0.3417947901938426 0.5881291835803877 0.35345807753705816
0 0.2277379315849487 0.11741932611174458 0.31093806271379704 0.09345899657924743 0.2823216545039909 0.03091778677309008 0.2108739236031927 0.05315331584948688 0.2277379315849487 0.11741932611174458
0 0.3834139338654504 0.08934102850627137 0.3723565883694413 0.06260963968072976 0.34229003420752563 0.0710822976054732 0.35087329988597493 0.09957520410490309 0.3834139338654504 0.08934102850627137
0 0.2091400604332953 0.5505943443557583 0.1428858038768529 0.5712791391106044 0.14784558266818698 0.5921852120866591 0.21712964766248574 0.5669440900798176 0.2091400604332953 0.5505943443557583
0 0.20713165678449258 0.4952610364880274 0.20790482212086658 0.5113020034207526 0.24225219156214367 0.49871762257696695 0.24006150969213225 0.4833119555302166 0.20713165678449258 0.4952610364880274
0 0.2013646362599772 0.49702544925883696 0.20470199885974913 0.49496115165336374 0.16887590649942988 0.5101183591790194 0.1710556259977195 0.5229987263397948 0.20222846864310148 0.5137920250855188 0.2013646362599772 0.49702544925883696
0 0.1310020558722919 0.5183547890535918 0.13509582782212087 0.532194984036488 0.1622879315849487 0.5246718985176738 0.16212892588369443 0.5063248323831243 0.1310020558722919 0.5183547890535918