0 0.8103856476624858 0.504872818700114 0.7467423432155075 0.49298925427594076 0.7379279064994299 0.5258682941847206 0.7995041026225769 0.5356210057012543 0.8103856476624858 0.504872818700114
0 0.8755935735461802 0.4195908095781072 0.8027514515393386 0.4050479942987457 0.7969272565564425 0.4456160364880274 0.869703605473204 0.4643596567844926 0.8755935735461802 0.4195908095781072
0 1 0.5322918164196123 0.9113825895096921 0.5124514640820981 0.869005748004561 0.6813248129988597 0.974672393386545 0.6992630684150513 1 0.5393508563283922 1 0.5322918164196123
0 0.34407146066134553 0.43161705701254277 0.2624967240592931 0.4114814925883694 0.25760160205245153 0.4461835917901938 0.33612057012542756 0.46282941505131125 0.34407146066134553 0.43161705701254277
0 0.19938622006841505 0.38104188483466367 0.1880709441277081 0.4183340387685291 0.25961661915621437 0.4296657605473204 0.2688025849486887 0.3944409623717218 0.19938622006841505 0.38104188483466367
0 0.5147566259977194 0.2800599931584949 0.4704660832383124 0.2712400250855188 0.41466414823261116 0.37304532155074116 0.4909317833523375 0.3887334161915621 0.5147566259977194 0.2800599931584949
0 0.41688642189281644 0.01741772063854048 0.36271928278221205 0.006432302166476625 0.3498227206385405 0.05369832041049031 0.40676543557582673 0.06993255644241733 0.41688642189281644 0.01741772063854048
0 0.07509969213226911 0.04987351881413911 0.1621309167616876 0.06782009122006842 0.17629453363740025 0.03342955188141391 0.08391412770809578 0.01699447890535918 0.07509969213226911 0.04987351881413911
0 0.2714162793614595 0.3285969977194983 0.28037022805017103 0.29104158380843786 0.22768172748004561 0.28209697605473205 0.2177888392246294 0.31420405473204105 0.2714162793614595 0.3285969977194983
0 0.9100625051311289 0.1222566362599772 0.9194760364880274 0.08559505929304448 0.8647848985176738 0.07031700684150513 0.8545475883694412 0.10838420866590649 0.9100625051311289 0.1222566362599772
0 0.7173936887115165 0.3025329680729761 0.7221899828962373 0.2798414036488027 0.6708603717217788 0.2699081379703535 0.6683184982896238 0.2935579201824401 0.7173936887115165 0.3025329680729761