0 0.9588808187001141 0.5495183797035348 0.9600094971493728 0.4956025313568985 0.9292394082098061 0.4965773568985177 0.9285802531356898 0.5466528620296465 0.9588808187001141 0.5495183797035348
0 0.4166326168757126 0.8545171698973775 0.37825520410490304 0.850384102622577 0.37583526339794754 0.9188696921322691 0.40788281870011406 0.9220747901938426 0.4166326168757126 0.8545171698973775
0 0.3158751698973774 0.8594304515393386 0.28308285632839225 0.8482157753705815 0.2670893090079818 0.9055932485746865 0.30082275940706954 0.9188038597491448 0.3158751698973774 0.8594304515393386
0 0.7420287092360319 0.10936512884834663 0.7012299190421893 0.10082819270239453 0.7003111277080958 0.14601591790193844 0.7305147753705816 0.15249177537058153 0.7420287092360319 0.10936512884834663
0 0.7622147594070696 0.19222193500570123 0.7264048255416192 0.1891943899657925 0.722456250855188 0.2126197958950969 0.7609017491448119 0.21404421208665905 0.7622147594070696 0.19222193500570123
0 0.36947161459521094 0.8544229441277081 0.3471795005701254 0.8546262702394527 0.34386383466362597 0.8872508289623717 0.3680097172177879 0.8937573101482326 0.36947161459521094 0.8544229441277081
0 0.5616020900798175 0.6595019190421894 0.5459728483466363 0.6567663352337514 0.5424472736602053 0.6935825404789053 0.5593542679589509 0.6968689270239452 0.5616020900798175 0.6595019190421894
0 0.5404486351197263 0.6562958072976055 0.5238351265678449 0.6554875131128848 0.5209893090079818 0.6888066727480046 0.5366173283922463 0.6924493135689852 0.5404486351197263 0.6562958072976055
0 0.5190069019384265 0.663924377423033 0.5018613637400228 0.6627086442417331 0.4990129635119726 0.674250638540479 0.5136210490307868 0.683140385404789 0.5190069019384265 0.663924377423033
0 0.22608106727480046 0.6632376259977195 0.21077094526795895 0.6599576157354617 0.19694604218928163 0.7092901402508552 0.21514838768529077 0.7152477708095781 0.22608106727480046 0.6632376259977195
0 0.16024525655644242 0.6658644481185861 0.1433706009122007 0.6674232519954391 0.13608998517673887 0.7204457172177878 0.1512484549600912 0.7233922257696693 0.16024525655644242 0.6658644481185861
0 0.205569574686431 0.9232749042189281 0.18123015735461803 0.923987566704675 0.17824932269099203 0.9455461391106044 0.19923773888255414 0.949625874572406 0.205569574686431 0.9232749042189281
0 0.12914809236031927 0.8585188722919043 0.0967237149372862 0.8700596704675029 0.09460524971493729 0.9089639806157355 0.12640984264538196 0.9103072633979475 0.12914809236031927 0.8585188722919043
0 0.20038663169897378 0.9125896328392246 0.20113084948688711 0.899425716077537 0.18459618928164198 0.9004473363740023 0.18488828278221206 0.9113916488027366 0.20038663169897378 0.9125896328392246
0 0.2170369692132269 0.8964705142531357 0.22418811288483467 0.8772952109464082 0.2093861961231471 0.8756261448118586 0.20805913797035347 0.8886767696693272 0.2170369692132269 0.8964705142531357
0 0.15511177993158495 0.9116523124287343 0.15984985290763967 0.8907982314709236 0.14085445610034208 0.8889204903078677 0.13847530672748004 0.9011601527936146 0.15511177993158495 0.9116523124287343
0 1 0.3434504834663626 0.9885417046750284 0.3502337103762828 0.9933429395667046 0.3614496476624857 1 0.3585847457240593 1 0.3434504834663626
0 1 0.31937054503990875 0.9926337445838085 0.3105032987457241 0.9808837217787912 0.31819956670467503 0.9929928791334093 0.33355790421892817 1 0.32679051539338655 1 0.31937054503990875
0 1 0.2879885005701254 0.9934093694412771 0.28161904789053593 0.9794654139110605 0.2879831539338655 0.9883139361459521 0.3033125518814139 1 0.2942521345496009 1 0.2879885005701254
0 0.9524605131128848 0.33354242873432155 0.9670659578107184 0.34726897491448117 0.975859299885975 0.3314371984036488 0.9640042314709235 0.3146160935005701 0.9524605131128848 0.33354242873432155