0 0.543243708095781 0.25150466932725196 0.4991841265678449 0.14182043443557582 0.456911007981756 0.15168437856328393 0.5004889167616876 0.2688947172177879 0.543243708095781 0.25150466932725196
0 0.7279728836944128 0.3725247263397948 0.717769283922463 0.3351728529076397 0.6694174583808438 0.36014214937286204 0.6807098335233751 0.3917013283922463 0.7279728836944128 0.3725247263397948
0 0.7331615655644242 0.5011100330672748 0.7277386351197263 0.46351652223489165 0.6923385176738882 0.4644894070695553 0.6915790661345497 0.5012135815279362 0.7331615655644242 0.5011100330672748
0 0.9688438323831243 0.7914339726339794 0.9235139395667047 0.7873813580387685 0.9213033044469783 0.822705 0.9618759851767389 0.8288419247434435 0.9688438323831243 0.7914339726339794
0 0.27413873204104905 0.3802701824401369 0.24682597149372862 0.39291605017103765 0.26162063169897376 0.422112417331813 0.2935282041049031 0.4081708597491448 0.27413873204104905 0.3802701824401369
0 0.07934519384264538 0.2158493660205245 0.02152825541619156 0.22303267844925884 0.034688582668187 0.26347589737742305 0.0795623888255416 0.256402748004561 0.07934519384264538 0.2158493660205245
0 0.8939461140250855 0.07944022805017104 0.8766878141391107 0.04995794754846066 0.8426688768529077 0.06559343671607754 0.8615072394526795 0.09720716077537059 0.8939461140250855 0.07944022805017104
0 0.7043873705815279 0.006254273660205245 0.6921047217787912 0.018658392246294182 0.7397816647662485 0.08218194298745725 0.755306669327252 0.06594087913340935 0.7043873705815279 0.006254273660205245
0 0.6653830741163056 0.01072173204104903 0.6234884777651083 0.01931311174458381 0.6266483557582668 0.03381440022805017 0.666336858608894 0.02467909007981756 0.6653830741163056 0.01072173204104903
0 0.022742924743443558 0.4077324446978335 0.07226902736602052 0.4116480638540479 0.07713680957810719 0.35718315165336373 0.017515589509692134 0.3558615017103763 0.022742924743443558 0.4077324446978335
0 0.2446899338654504 0.40473686659064995 0.23002692702394525 0.32841735689851764 0.19342824743443557 0.3396892075256557 0.2083335952109464 0.4105445598631699 0.2446899338654504 0.40473686659064995
0 0.19838284834663628 0.22075954047890536 0.19531159977194984 0.14179476852907638 0.15451670923603195 0.15320361459521092 0.16635890193842645 0.23062183466362599 0.19838284834663628 0.22075954047890536