0 0.3807248198403649 0.996139590649943 0.4698475233751426 0.9959701379703535 0.47386383808437854 0.9830368015963512 0.38334329988597493 0.9721507366020524 0.3807248198403649 0.996139590649943
0 0.5338470786773091 0.7795108916761687 0.5384660433295325 0.7493646647662486 0.4825485781071836 0.7343383945267958 0.46987631698973775 0.7654682280501711 0.5338470786773091 0.7795108916761687
0 0.3563085610034208 0.436357409350057 0.3723386214367161 0.36857399657924744 0.33528026909920183 0.35795858722919044 0.3173091984036488 0.43024106271379703 0.3563085610034208 0.436357409350057
0 0.05074364766248574 0.3056434070695553 0.006619159635119726 0.30172453591790194 0.005354761687571265 0.33793215279361455 0.04420102850627138 0.33988124287343213 0.05074364766248574 0.3056434070695553
0 0.09753761801596351 0.36076163169897374 0.12896647548460663 0.36245326453819837 0.1360895165336374 0.31159431128848347 0.10550624971493729 0.30270124059293047 0.09753761801596351 0.36076163169897374
0 0.20385296807297607 0.463719078677309 0.2436722041049031 0.4633256978335234 0.2437543511972634 0.42694702850627136 0.20346002394526794 0.4238873511972634 0.20385296807297607 0.463719078677309
0 0.2616515872291904 0.2036606134549601 0.2572544754846066 0.24451172976054733 0.2976670444697833 0.24414063169897376 0.30047953249714937 0.20613438312428733 0.2616515872291904 0.2036606134549601
0 0.2551035952109464 0.20402606499429873 0.2562850524515393 0.1701935621436716 0.2252068175598632 0.1669679190421893 0.20536263968072976 0.19931694982896236 0.2551035952109464 0.20402606499429873
0 0.11003815051311287 0.22391922120866592 0.18644169783352338 0.23074763968072975 0.18810523489167616 0.21713646750285065 0.10699602508551882 0.20895550057012544 0.11003815051311287 0.22391922120866592
0 0.009666103762827822 0.2144714709236032 0.08110717445838085 0.21875014595210945 0.07964432953249716 0.20109458836944127 0.010543165336374003 0.19786227366020526 0.009666103762827822 0.2144714709236032
0 0.15262768072976055 0 0.14724615279361458 0.026136340935005702 0.20610822348916763 0.04186111402508552 0.2148097354618016 0.005301896237172178 0.18376206955530217 0 0.15262768072976055 0
0 0.23272520752565565 0 0.2333476157354618 0.010405093500570124 0.26277802394526795 0.018285437856328392 0.2702966704675029 0 0.23272520752565565 0
0 0.5176748221208666 0.017677712656784493 0.5034802656784493 0.049867563283922466 0.5436778631698973 0.07266557696693272 0.559225023945268 0.03576850171037628 0.5176748221208666 0.017677712656784493
0 0.6144284766248576 0.08820983124287343 0.5967487753705815 0.13513546750285063 0.6259223249714938 0.1504160433295325 0.6485564025085518 0.0977207354618016 0.6144284766248576 0.08820983124287343
0 0.5624542565564424 0.18147933865450397 0.54874948004561 0.21665685290763967 0.5802949669327252 0.23202182212086658 0.5911571858608894 0.19317880843785631 0.5624542565564424 0.18147933865450397
0 0.6853884230330672 0.2339094298745724 0.7031847525655645 0.2006571322690992 0.6606141664766249 0.17771527594070696 0.6463345963511972 0.21233958152793614 0.6853884230330672 0.2339094298745724
0 0.6855032816419612 0.4347779897377423 0.6952616088939566 0.3935199794754846 0.6508259486887116 0.38145403420752566 0.6426196362599772 0.42080098175598635 0.6855032816419612 0.4347779897377423
0 0.7480749931584949 0.2081674150513113 0.7814214218928165 0.22299959977194983 0.8105075302166477 0.15567367730900797 0.7724762155074116 0.13889399429874572 0.7480749931584949 0.2081674150513113
0 0.15923724287343216 0.1590795598631699 0.16036873660205245 0.19477516761687572 0.19056937514253136 0.19761213340935005 0.19242923375142532 0.16136589851767388 0.15923724287343216 0.1590795598631699
0 0.3883723603192702 0.8451504446978336 0.46146429076396805 0.8447323112884835 0.4607749954389966 0.8304448643101483 0.3877675131128848 0.8284894994298746 0.3883723603192702 0.8451504446978336
0 0.7366713135689852 0.9090151208665906 0.7434342793614594 0.8854805575826682 0.7263504013683011 0.8813177411630558 0.7166618848346636 0.90356348004561 0.7366713135689852 0.9090151208665906
0 0.7091397605473204 0.9318244275940707 0.730991464082098 0.9355596305587229 0.7356762063854048 0.9119915803876852 0.7189111083238313 0.9072066966932725 0.7091397605473204 0.9318244275940707
0 0.9491579703534777 0.982994614595211 0.9819016476624858 0.9912689543899659 0.9824086168757127 0.9767512417331814 0.9491035062713797 0.9675411128848347 0.9491579703534777 0.982994614595211
0 0.9432396989737742 0.352854205245154 0.8564960250855188 0.3189234116305587 0.8477932075256556 0.329910755986317 0.9301360114025086 0.37081877423033066 0.9432396989737742 0.352854205245154
0 0.20898143101482325 0.5720562428734322 0.21509654275940707 0.5330474572405929 0.17429629418472065 0.5274623329532497 0.1717637936145952 0.5660021151653364 0.20898143101482325 0.5720562428734322
0 0.3952200889395667 0.6320439840364881 0.4011709361459521 0.5977839201824401 0.3689394823261118 0.5935111436716077 0.3651661185860889 0.6250517936145953 0.3952200889395667 0.6320439840364881
0 0 0.9035638118586089 0.025572416191562145 0.9073611824401369 0.02912216077537058 0.8397360592930445 0 0.8363926499429875 0 0.9035638118586089
0 0.7769153272519954 0.23294527366020523 0.7674134139110604 0.24984739452679589 0.8336505165336374 0.27554969327251994 0.8412552976054732 0.2619349281641961 0.7769153272519954 0.23294527366020523
0 0.7496609087799316 0.23080530330672747 0.7648402907639681 0.23846628620296464 0.7739133283922464 0.22533899543899658 0.756623496009122 0.2185674025085519 0.7496609087799316 0.23080530330672747
0 0.8417389920182441 0.6904253340935006 0.8464316351197264 0.6751376031927024 0.83108648004561 0.6722237286202964 0.8238340136830102 0.6842560752565564 0.8417389920182441 0.6904253340935006
0 0.8205704435575826 0.7182112998859749 0.8389654800456101 0.718853669327252 0.8419385621436717 0.7017235553021665 0.8217633603192702 0.7010190216647663 0.8205704435575826 0.7182112998859749
0 0.5181319190421894 0.2767983888255416 0.5296366704675028 0.21955565222348916 0.4902551505131129 0.207414488027366 0.47586394526795894 0.26224876966932725 0.5181319190421894 0.2767983888255416