0 0.8341617981755987 0.07012210490307869 0.8219777537058153 0.103913078677309 0.8582571573546179 0.1131764606613455 0.8662634629418473 0.07657156442417332 0.8341617981755987 0.07012210490307869
0 0.770690763968073 0.3006034789053592 0.7361901425313568 0.30670644925883694 0.7443731231470924 0.34258073660205246 0.7772385153933866 0.33740048688711516 0.770690763968073 0.3006034789053592
0 0.431221984036488 0.411911275940707 0.46387776282782217 0.40254091220068416 0.448429 0.354181425313569 0.41183844127708097 0.35887604903078674 0.431221984036488 0.411911275940707
0 0 0.291415338654504 0.007552450399087799 0.3172097377423033 0.04788207981755986 0.3099769064994298 0.038617686431014826 0.2592039817559863 0 0.26671049942987457 0 0.291415338654504
0 0.2028704583808438 0.413394425313569 0.15433072862029648 0.4312897172177879 0.170701913340935 0.48128290193842643 0.22527966590649942 0.46644479475484607 0.2028704583808438 0.413394425313569
0 0.47257801140250855 0.5748815860889396 0.45651798061573545 0.5109303956670468 0.4192161470923603 0.5181811379703535 0.43494466818700117 0.5835386066134549 0.47257801140250855 0.5748815860889396
0 0.6397816123147092 0.6384613990877993 0.6359893740022805 0.5878345222348917 0.5849765610034208 0.5898951482326111 0.5846549646522234 0.6473639372862029 0.6397816123147092 0.6384613990877993
0 0.5838043489167617 0.5496353808437856 0.6446763740022805 0.5547233055872292 0.6414960011402508 0.5196911984036489 0.5809573797035348 0.5225338004561003 0.5838043489167617 0.5496353808437856
0 0.700519945267959 0.8544687673888255 0.6950023899657926 0.8416421562143672 0.6402505051311288 0.8462409885974915 0.647030062713797 0.8624482873432155 0.700519945267959 0.8544687673888255
0 0.6992184766248575 0.8788908004561004 0.7001294458380843 0.861795070695553 0.6662113660205246 0.8677832143671608 0.6676392166476625 0.884464118586089 0.6992184766248575 0.8788908004561004
0 0.5260695575826682 0.8998597445838085 0.5324076955530217 0.9324666374002281 0.5561147457240593 0.9315146921322691 0.553202558722919 0.8994181596351197 0.5260695575826682 0.8998597445838085
0 0.471207842645382 0.944362684150513 0.47334134549600915 0.9584503603192702 0.5164394754846066 0.9561167879133409 0.5144510809578108 0.9365603215507411 0.471207842645382 0.944362684150513
0 0.4855488962371722 0.9621213090079818 0.4876821014823261 0.9762074515393386 0.5180846259977194 0.9739237924743444 0.514047748004561 0.9578152953249714 0.4855488962371722 0.9621213090079818
0 0.39297063055872294 0.9215006966932725 0.3836164481185861 0.9076068517673889 0.3677161197263398 0.9191592782212086 0.3732581037628278 0.928999803876853 0.39297063055872294 0.9215006966932725
0 0.42262323603192703 0.8873369019384265 0.4098667924743443 0.8777303854047891 0.3584295324971494 0.8931661767388825 0.3669029589509692 0.9103001060433296 0.42262323603192703 0.8873369019384265