0 0.07411948004561004 0.4957935929304447 0.10631356670467502 0.5067257822120866 0.12214164766248574 0.46987096579247434 0.08823825541619157 0.4625717240592931 0.07411948004561004 0.4957935929304447
0 0.020394147092360322 0.33682293728620294 0.062434644241733186 0.3675939498289624 0.09765758836944129 0.3221397092360319 0.055936758266818695 0.29155505245153934 0.020394147092360322 0.33682293728620294
0 0.4013067149372862 0.38804357354618013 0.4414072508551881 0.34923463854047887 0.4140021322690992 0.32706373660205246 0.3803710547320411 0.3621023375142532 0.4013067149372862 0.38804357354618013
0 0.4696056784492588 0.06653846180159635 0.4431514070695553 0.09317617217787913 0.46918966704675025 0.11370281870011402 0.4973857787913341 0.08091654047890537 0.4696056784492588 0.06653846180159635
0 0.7023760695553022 0.32717261231470923 0.724032590649943 0.3457717137970353 0.774732755986317 0.2998863637400228 0.7525375119726341 0.28184192474344355 0.7023760695553022 0.32717261231470923
0 0.5765503192702395 0.41376182782212084 0.6110043500570126 0.4518911539338654 0.6584729144811858 0.40932584720638543 0.6117270456100341 0.3735630843785633 0.5765503192702395 0.41376182782212084
0 0.1842003078677309 0.6058979897377422 0.18823638540478907 0.6215776248574686 0.25769663511972635 0.617856038768529 0.2583521527936146 0.5985316579247435 0.1842003078677309 0.6058979897377422
0 0.3406384424173318 0.8787294127708096 0.3629432257696693 0.9205221858608894 0.3970386237172178 0.9097822246294185 0.3730020296465222 0.8628579885974914 0.3406384424173318 0.8787294127708096
0 0.3285717867730901 0.9116099076396807 0.3264284025085519 0.9082577765108324 0.31033428506271377 0.8914589817559864 0.279906 0.9030075553021665 0.30118753933865455 0.9293994811858609 0.3285717867730901 0.9116099076396807
0 0.3276648335233751 0.6928107924743443 0.3365150684150513 0.7258777730900797 0.36775090193842647 0.7106669133409349 0.3619110992018244 0.6806661151653364 0.3276648335233751 0.6928107924743443
0 0.30554470467502853 0.6641204948688711 0.2774165085518814 0.6748318711516533 0.2881015096921323 0.6969690661345496 0.3212598757126568 0.6858342633979475 0.30554470467502853 0.6641204948688711
0 0.34373554047890537 0.8002711881413912 0.333239330672748 0.7685696761687572 0.30389253135689853 0.7762072166476626 0.3117542052451539 0.8084040125427594 0.34373554047890537 0.8002711881413912
0 0.509997944127708 0.9450287822120867 0.5419203055872293 0.9249743135689852 0.5333073477765109 0.8969900615735462 0.4892448392246294 0.9179842941847206 0.509997944127708 0.9450287822120867
0 0.24796900684150514 0.9797255245153934 0.28523533181299887 0.9650733033067275 0.2740122930444698 0.9349768711516533 0.23712883808437857 0.9504466750285063 0.24796900684150514 0.9797255245153934