0 0.7513447058152793 0.1196642542759407 0.7569517708095782 0.19269108551881414 0.7997219965792474 0.19389470581527937 0.80202469327252 0.11840581984036488 0.7513447058152793 0.1196642542759407
0 0.836295881413911 0.18156907069555303 0.8356300399087799 0.21664870125427593 0.8944875347776511 0.22612278335233751 0.8937548187001141 0.1855306031927024 0.836295881413911 0.18156907069555303
0 0.7833137331812998 0.05402659863169897 0.783410409350057 0.018597037628278225 0.7460952793614595 0.01598770923603193 0.7427347058152793 0.04702263740022805 0.7833137331812998 0.05402659863169897
0 1 0.2777317708095781 0.9601904218928164 0.269635417331813 0.9519519749144812 0.3236125302166477 1 0.33356702166476626 1 0.2777317708095781
0 1 0.3473038050171038 0.985179251995439 0.3463779908779932 0.9832107160775371 0.37878524059293045 1 0.3803433124287343 1 0.3473038050171038
0 0.7991856499429875 0.5760820296465222 0.7613073990877993 0.5645021938426453 0.7498328369441277 0.643478526795895 0.7879182862029646 0.6520952862029646 0.7991856499429875 0.5760820296465222
0 0.46770887343215506 0.5838627069555302 0.460828511972634 0.6226741767388825 0.5073718836944128 0.6295015701254275 0.5126800410490309 0.5918943021664766 0.46770887343215506 0.5838627069555302
0 0.4328013489167617 0.5212877525655644 0.4271882120866591 0.559000566704675 0.4571886088939567 0.5640743979475484 0.46454802850627136 0.5269238301026226 0.4328013489167617 0.5212877525655644
0 0.4830824127708096 0.42359314025085515 0.42524385290763966 0.41657110946408205 0.42306332953249715 0.43070812770809574 0.48018689167616874 0.4394657616875713 0.4830824127708096 0.42359314025085515
0 0.18147456670467504 0.6340980695553022 0.17708756556442415 0.671299858608894 0.2146221288483466 0.6792828950969213 0.22252142531356897 0.6429234777651083 0.18147456670467504 0.6340980695553022
0 0.06924343671607754 0.5196811334093501 0.06534132383124287 0.5414369315849487 0.11907684378563284 0.5475752850627138 0.12265116419612315 0.5262288688711517 0.06924343671607754 0.5196811334093501
0 0.09263822690992018 0.7213606031927023 0.0935052850627138 0.734518763968073 0.167389913340935 0.7504004435575826 0.16966686431014824 0.7348620501710377 0.09263822690992018 0.7213606031927023
0 0.5218302394526796 0.19292008209806158 0.5193445108323831 0.22846765336374 0.5771417628278221 0.23608042987457242 0.5808850296465222 0.20382860889395665 0.5218302394526796 0.19292008209806158
0 0.4716424686431015 0.15309245381984035 0.4636004127708096 0.20849455074116305 0.5167022109464082 0.21518379019384265 0.5176245062713797 0.16369144241733183 0.4716424686431015 0.15309245381984035
0 0.09778372633979475 0.13707123375142533 0.09678487571265679 0.17689074458380843 0.17742111744583808 0.18133741391106045 0.17773582896237172 0.1470680763968073 0.09778372633979475 0.13707123375142533
0 0.7047107582668187 0.08008513454960091 0.6706471812998859 0.0735352109464082 0.6626741368301026 0.15776390421892816 0.6937042451539338 0.1608797958950969 0.7047107582668187 0.08008513454960091
0 0.02951725655644242 0.2876870364880274 0.026480641961231472 0.3226008871151653 0.10145458950969213 0.33141634207525655 0.09584931698973774 0.29668918015963514 0.02951725655644242 0.2876870364880274
0 0.3285733808437857 0.8712195940706955 0.3245761961231471 0.885823212086659 0.36458702166476625 0.8966969646522235 0.3676377981755986 0.8828823751425313 0.3285733808437857 0.8712195940706955
0 0.36491873318129986 0.9047208996579248 0.31562104104903077 0.894723338654504 0.3128083557582668 0.9094113511972635 0.3594054903078677 0.9239816704675028 0.36491873318129986 0.9047208996579248