0 0.9497635153933865 0.7790625188141391 0.9172230877993158 0.7872572497149374 0.9240840387685291 0.8241484287343216 0.9571383751425313 0.8176891755986317 0.9497635153933865 0.7790625188141391
0 0.8930733705815279 0.15456248916761686 0.8820509897377423 0.15751205017103764 0.8914230763968073 0.22399032497149374 0.9047272531356898 0.21692030444697832 0.8930733705815279 0.15456248916761686
0 0.6651058757126568 0.8513681299885975 0.6569087457240593 0.8528267035347777 0.6548876237172178 0.9187113922462942 0.6723712189281642 0.9165768529076397 0.6651058757126568 0.8513681299885975
0 0.5016367149372862 0.8452672006841505 0.48692117217787917 0.7847221596351197 0.4351008882554162 0.7967359167616875 0.44851130900798175 0.8562240912200685 0.5016367149372862 0.8452672006841505
0 0.5015322531356898 0.4697491185860889 0.4921303192702395 0.3746154230330673 0.4565165484606613 0.3819407046750285 0.4673781014823261 0.47393588483466365 0.5015322531356898 0.4697491185860889
0 0.3159549874572406 1 0.31061766020524517 0.9799720570125428 0.27320701824401367 0.990769810718358 0.27650929988597495 1 0.3159549874572406 1
0 0.30754886545039906 0.89969682668187 0.2746359897377423 0.9156935416191562 0.2987882873432155 0.975243598631699 0.32782461915621436 0.9572678141391106 0.30754886545039906 0.89969682668187
0 0.26726018358038767 0.6525825484606613 0.23875802394526793 0.6651321459521095 0.250522929304447 0.703298961231471 0.28192330444697833 0.6907448301026227 0.26726018358038767 0.6525825484606613
0 0.14753583580387686 0.6824812519954391 0.08289107981755986 0.7143505518814139 0.12986252109464083 0.8150862896237172 0.18628679133409348 0.7849765290763967 0.14753583580387686 0.6824812519954391
0 0 0.15534176624857468 0.0020715963511972633 0.16104555074116306 0.038958631698973775 0.14880870809578106 0.023187708095781072 0.10091359407069556 0 0.10937280387685291 0 0.15534176624857468
0 0.3181681938426454 0.31409286773090084 0.33496676054732044 0.30934216419612315 0.31590599999999996 0.25283751881413913 0.3028861014823261 0.26047468072976054 0.3181681938426454 0.31409286773090084
0 0.4631459988597491 0.002373114025085519 0.42538990763968076 0.006341440136830102 0.4291512006841505 0.030782166476624857 0.4637134230330673 0.020582304446978335 0.4631459988597491 0.002373114025085519
0 0.49753906271379705 0.27852365450399086 0.5076907662485747 0.2786507080957811 0.5037511334093501 0.20145054047890534 0.48633651995439 0.20178990877993158 0.49753906271379705 0.27852365450399086
0 0.24605737514253134 0.06495161687571266 0.21413953021664767 0.06770929646522235 0.22180598631698975 0.10093369099201824 0.24962695553021666 0.09413052679589509 0.24605737514253134 0.06495161687571266
0 0.3052353489167617 0.0832096031927024 0.29688308551881415 0.04349006499429875 0.25894212656784493 0.057030149372862035 0.2709872109464082 0.09218241277080957 0.3052353489167617 0.0832096031927024
0 0.2250517126567845 0.34179042075256555 0.20295161117445837 0.24500782554161915 0.1594819669327252 0.25763644583808437 0.18586769669327252 0.35486413568985176 0.2250517126567845 0.34179042075256555
0 0.3852623911060433 0.8843629897377422 0.3709199646522235 0.8840809486887115 0.3755034481185861 0.9173308654503991 0.3899810205245154 0.9178972120866591 0.3852623911060433 0.8843629897377422
0 0.055964726339794754 0.28791971379703535 0.04040922006841505 0.2931367867730901 0.06536666020524515 0.383053409350057 0.0792078677309008 0.37891047662485744 0.055964726339794754 0.28791971379703535