0 0.05423439794754846 0.5380158084378563 0.035660680729760544 0.5171652554161915 0.0035661436716077537 0.5423795872291904 0.022180555302166477 0.5647486157354618 0.05423439794754846 0.5380158084378563
0 0.23044042417331811 0.21146280501710377 0.19318680159635118 0.2507958871151653 0.22292659977194984 0.28742632611174457 0.26126413112884833 0.25495583466362604 0.23044042417331811 0.21146280501710377
0 0.3081814218928164 0.32244491562143673 0.2876411550741163 0.29335206727480045 0.254331913340935 0.33103081641961235 0.2754860661345496 0.34966107183580386 0.3081814218928164 0.32244491562143673
0 0.37976620752565565 0.434348992018244 0.4062974868871152 0.44767180045610033 0.427780417331813 0.41797532953249716 0.4044097274800456 0.39830935917901944 0.37976620752565565 0.434348992018244
0 0.05022785974914481 0.43289655074116307 0.028789009122006843 0.4078614846066135 0.012087716077537058 0.43637039110604336 0.03485948688711517 0.4528940376282782 0.05022785974914481 0.43289655074116307
0 0.805805787913341 0.6275502018244014 0.786885511972634 0.6568375085518815 0.8095377525655644 0.6736403500570126 0.8284806431014824 0.6476841858608895 0.805805787913341 0.6275502018244014
0 0.7465587890535919 0.6214775188141392 0.7244025370581527 0.6519519954389965 0.7449528677309009 0.6701592656784493 0.7676163238312429 0.6437165803876853 0.7465587890535919 0.6214775188141392
0 0.8213060296465222 0.3208716761687571 0.8020729897377423 0.3549370923603193 0.8032350045610034 0.35788484834663625 0.8231777115165337 0.36720508551881414 0.8427527628278221 0.328669677309008 0.8213060296465222 0.3208716761687571
0 0.6168613397947549 0.1571331402508552 0.6041992006841506 0.1794712542759407 0.6371898004561004 0.19556178563283924 0.6501971220068415 0.16905672748004563 0.6168613397947549 0.1571331402508552
0 0.544319417331813 0.144848598631699 0.5237576727480046 0.17290954161915623 0.5429073283922463 0.18630966704675028 0.5617533033067275 0.163963842645382 0.544319417331813 0.144848598631699
0 0.7882931847206386 0.9293010912200684 0.7798756966932725 0.9195008369441278 0.7424087981755987 0.9630265051311289 0.7531797616875712 0.9760077035347776 0.7882931847206386 0.9293010912200684
0 0.8010144846066134 1 0.814740511972634 0.9795042269099202 0.8064435940706955 0.9724492930444698 0.7825026966932725 0.9992485324971494 0.7833270444697833 1 0.8010144846066134 1
0 0.42127244013683013 0.06286383808437856 0.39696388711516534 0.04180743215507412 0.3760149646522235 0.06253316761687572 0.399855503990878 0.0828937377423033 0.42127244013683013 0.06286383808437856
0 0.569319701254276 0.05353334777651083 0.5471904458380844 0.08582606955530217 0.5695725290763968 0.10197153591790194 0.5954885359179019 0.07434649258836945 0.569319701254276 0.05353334777651083