0 0.20230710376282782 0.9537431197263398 0.23733255644241733 0.9556508688711517 0.23996094982896238 0.9188846396807296 0.20575949030786775 0.915881645381984 0.20230710376282782 0.9537431197263398
0 0.025198572405929303 0.8045768437856328 0.039688645381984036 0.8033649555302166 0.04294463169897377 0.7206136955530217 0.025835167616875713 0.7215039623717218 0.025198572405929303 0.8045768437856328
0 0.03843695210946408 0.9449883648802737 0.056687394526795894 0.9472292371721779 0.05842746066134549 0.9010816966932725 0.04261293728620297 0.9012336488027366 0.03843695210946408 0.9449883648802737
0 0.11198755758266818 0.5406552793614595 0.09322923489167617 0.5425379350057012 0.08839147092360318 0.6059522907639681 0.10734392018244014 0.6076811505131129 0.11198755758266818 0.5406552793614595
0 0.06640963511972633 0.27423833409350057 0.04903659635119726 0.26971078221208666 0.040342324971493725 0.3622645370581528 0.05651566362599772 0.3645494777651084 0.06640963511972633 0.27423833409350057
0 0.046980543899657924 0.2718527423033067 0.029835028506271382 0.27034417103762826 0.024919745724059295 0.3199917765108324 0.04134710376282782 0.32260543899657923 0.046980543899657924 0.2718527423033067
0 0.24474642873432154 0.5545616077537058 0.21434811288483466 0.5490345381984036 0.20634272519954389 0.6087713842645383 0.24259088141391108 0.6159140376282782 0.24474642873432154 0.5545616077537058
0 0.5052109771949829 0.380158968072976 0.5045442976054731 0.3417917366020524 0.43448294526795894 0.3331892850627138 0.43066720866590646 0.373997189281642 0.5052109771949829 0.380158968072976
0 0.41837291448118585 0.08474913112884835 0.38340782668187 0.077464913340935 0.3791451516533637 0.12838749258836946 0.4122223215507412 0.1348416944127708 0.41837291448118585 0.08474913112884835
0 0.35078478335233754 0.026797434435575824 0.3483632234891676 0.06598189509692132 0.4127650604332953 0.07688049144811858 0.41495754503990884 0.03467685860889396 0.35078478335233754 0.026797434435575824
0 0 0.6599691698973774 0.025062042189281642 0.6618872428734321 0.024377222348916764 0.6214240535917901 0 0.6197976408209807 0 0.6599691698973774
0 0.10717914823261117 0.2780462086659065 0.08414485404789053 0.2758161607753706 0.07894959977194983 0.30329408551881415 0.10216542417331813 0.30913567502850625 0.10717914823261117 0.2780462086659065
0 0.05761109578107184 0.14633613568985177 0.057390117445838086 0.18220154047890535 0.09808708209806158 0.1866002896237172 0.0980081755986317 0.14830522805017102 0.05761109578107184 0.14633613568985177
0 0.5348787354618016 0.1385344652223489 0.4995652029646522 0.13898575370581528 0.49391408323831243 0.1936262120866591 0.5280887080957811 0.19871964082098062 0.5348787354618016 0.1385344652223489
0 0.7830287297605473 0.34188741619156215 0.7516790992018244 0.33923615735461804 0.751944086659065 0.39131129874572407 0.7869581539338654 0.3926194412770809 0.7830287297605473 0.34188741619156215
0 0.937872929304447 0.32680198175598635 0.9015891242873433 0.32055226453819846 0.897563929304447 0.38047713683010265 0.9316604207525656 0.38227082326111744 0.937872929304447 0.32680198175598635
0 0.9218514116305587 0.4426835267958951 0.9212380547320411 0.50123269327252 0.9548677799315849 0.5047636955530216 0.9548225553021664 0.4467318734321551 0.9218514116305587 0.4426835267958951
0 0.776091181299886 0.5103303010262258 0.7772322508551882 0.5643092143671607 0.8097898643101482 0.5698023090079818 0.81221248004561 0.5081851402508551 0.776091181299886 0.5103303010262258
0 0.6846772177879134 0.7437751163055872 0.6696686282782213 0.7443251288483467 0.6653180912200685 0.8194643831242873 0.6834408540478905 0.8219886841505132 0.6846772177879134 0.7437751163055872
0 0.6464660752565564 0.6607180045610035 0.6138600250855187 0.6537218654503991 0.6085791311288483 0.6976415952109464 0.6435292930444697 0.6992394218928164 0.6464660752565564 0.6607180045610035
0 0.7829595404789054 0.7366999817559863 0.7674341790193843 0.7365867594070695 0.7571974823261117 0.8594597844925883 0.77416796009122 0.8618426020524516 0.7829595404789054 0.7366999817559863
0 0.7861201413911061 0.7352934275940708 0.7835360729760548 0.7660830102622577 0.7977367069555302 0.7672284196123147 0.8005498494868871 0.7394580091220069 0.7861201413911061 0.7352934275940708
0 0.8503164549600912 0.07616803192702394 0.8361038244013683 0.07023547776510833 0.8248532565564424 0.10833587343215507 0.8414835484606614 0.10918139908779932 0.8503164549600912 0.07616803192702394
0 0.8718118517673887 0.08120017103762828 0.8587055108323831 0.07600166020524517 0.845097645381984 0.11381261687571266 0.8613659464082098 0.11760631356898518 0.8718118517673887 0.08120017103762828
0 0.8927268198403648 0.09094671379703534 0.879546566704675 0.08633733751425313 0.8695608665906499 0.11950826225769669 0.8816103352337514 0.12308305701254277 0.8927268198403648 0.09094671379703534
0 0.8310792702394527 0.34479623603192705 0.803098614595211 0.3341821356898518 0.7950824834663626 0.390326834663626 0.818162873432155 0.3964508985176739 0.8310792702394527 0.34479623603192705
0 0.6460816556442417 0.15278667502850626 0.7575275404789055 0.21372901710376283 0.7757930763968074 0.1824736157354618 0.6620541596351197 0.12005173204104903 0.6460816556442417 0.15278667502850626
0 0.5132968985176739 0.09042224173318131 0.5018108985176739 0.08661752793614595 0.496417314709236 0.12214692132269099 0.5100495952109464 0.12172859749144811 0.5132968985176739 0.09042224173318131
0 0.5428077468643101 0.09344593500570125 0.5247091767388825 0.09481453819840364 0.526232669327252 0.13478092018244014 0.5391351790193842 0.133075 0.5428077468643101 0.09344593500570125
0 0.11093376624857468 0.20851676966932725 0.0977639589509692 0.20869434663626 0.09758935689851767 0.24636164766248575 0.10851356784492588 0.2477029714937286 0.11093376624857468 0.20851676966932725
0 0.13523840935005702 0.21987592930444697 0.12214096237172178 0.2194641835803877 0.11698420182440138 0.23438444469783354 0.13380010490307867 0.23644917787913342 0.13523840935005702 0.21987592930444697
0 0.1915212896237172 0.2190098825541619 0.17621436716077535 0.21713042873432153 0.17502476966932726 0.2361270513112885 0.19022770581527937 0.23440448232611175 0.1915212896237172 0.2190098825541619
0 0.23311215849486885 0.15771540364880274 0.21449836488027368 0.15842096237172176 0.21583088483466362 0.1738389030786773 0.22682074230330673 0.17488918358038769 0.23311215849486885 0.15771540364880274
0 0.20174103078677308 0.17958649942987456 0.19415992930444698 0.1780574481185861 0.19137126225769668 0.19057653477765107 0.20080924629418473 0.19203447776510835 0.20174103078677308 0.17958649942987456