0 0.630857614595211 0.13730666590649943 0.6517634401368301 0.1632082793614595 0.6794612588369441 0.1455796134549601 0.6615190364880273 0.11408980729760547 0.630857614595211 0.13730666590649943
0 0.5558722234891676 0.04870324515393387 0.5820127023945268 0.08063307183580387 0.6098189110604333 0.05795865450399088 0.5829349532497149 0.027797370581527935 0.5558722234891676 0.04870324515393387
0 0.4165633204104903 0.07655746180159635 0.4402996088939567 0.11022840820980616 0.4713882086659065 0.08850204446978335 0.4514275131128848 0.0504431984036488 0.4165633204104903 0.07655746180159635
0 0.44253644013683013 0.11798581413911059 0.4576347331812999 0.13665841049030786 0.48630071835803873 0.12587580843785634 0.4809861607753706 0.0993571425313569 0.44253644013683013 0.11798581413911059
0 0.49966404903078676 0.17599166362599772 0.5795819657924743 0.2878425210946408 0.6101309931584948 0.27115438312428736 0.534164740022805 0.1617494275940707 0.49966404903078676 0.17599166362599772
0 0.490781748004561 0.24294215507411632 0.4690854709236032 0.19446237058152793 0.43192062827822125 0.20895502394526796 0.4614200421892816 0.2596510182440137 0.490781748004561 0.24294215507411632
0 0.4059653158494869 0.30975333067274796 0.4265618323831243 0.3534647594070695 0.45761849486887113 0.3415362063854048 0.4322062748004561 0.2944745963511972 0.4059653158494869 0.30975333067274796
0 0.18263480957810718 0.18886695210946408 0.14903624059293044 0.17640524059293042 0.14007819042189282 0.2109885427594071 0.17188875142531357 0.22668672976054732 0.18263480957810718 0.18886695210946408
0 1 0.4166129555302166 0.9780612873432156 0.4349459110604333 1 0.4700371094640821 1 0.4166129555302166
0 0.20453702508551883 0.4636066670467503 0.2181667730900798 0.4644384161915622 0.21844940592930445 0.4101069486887115 0.20546966590649943 0.4101757434435576 0.20453702508551883 0.4636066670467503
0 0.3341761687571266 0.3779795781071836 0.3738708278221209 0.3810493762827822 0.3770691812998859 0.3442855324971494 0.3342887126567845 0.3376003922462942 0.3341761687571266 0.3779795781071836