0 0.6563620250855189 0.2273791094640821 0.664888496009122 0.13095775940706955 0.6086347856328392 0.12940491562143672 0.6026919532497149 0.2295781322690992 0.6563620250855189 0.2273791094640821
0 0.028748785632839224 0.0954025347776511 0.03294532269099202 0.1629535724059293 0.07545381299885975 0.15878365678449258 0.06528816191562144 0.08307762029646522 0.028748785632839224 0.0954025347776511
0 0.2232745267958951 0.17923868643101482 0.1780312371721779 0.16298056898517674 0.1620184834663626 0.19638244241733183 0.20848779817559862 0.21213109007981754 0.2232745267958951 0.17923868643101482
0 0.16417430900798177 0.34414276168757124 0.1970208882554162 0.2910875952109464 0.1702170524515393 0.2782005245153934 0.13482479703534778 0.3301864458380844 0.16417430900798177 0.34414276168757124
0 0.3121658620296465 0.39615689623717215 0.3374981790193843 0.40804670239452684 0.3564749509692132 0.3492584994298746 0.33147428620296465 0.34393751767388825 0.3121658620296465 0.39615689623717215
0 0.39906672633979473 0.28438245496009124 0.3697694161915622 0.2781689543899658 0.35325061459521095 0.32581867046750285 0.37217825769669327 0.33726061915621436 0.39906672633979473 0.28438245496009124
0 0.650978464082098 0.4234201801596351 0.6663161870011403 0.39115993956670464 0.6451267685290764 0.3795613990877993 0.6291195872291905 0.41028526111744584 0.650978464082098 0.4234201801596351
0 0.6632511527936146 0.4349919692132269 0.6763632018244013 0.4430496841505131 0.6957594287343215 0.4122652075256556 0.677321322690992 0.40383505701254274 0.6632511527936146 0.4349919692132269
0 0.7000681094640822 0.4101857001140251 0.6833402485746864 0.4453247331812999 0.6957371915621436 0.45511961003420753 0.7160570649942987 0.41963812086659064 0.7000681094640822 0.4101857001140251
0 0.9217245336374001 0.02951882212086659 0.9022604777651083 0.06125087685290764 0.9406648768529076 0.08179236944127709 0.9672867115165336 0.03270484036488027 0.9217245336374001 0.02951882212086659
0 0.9950033375142532 0.282604810718358 0.9807192417331813 0.28279636944127706 0.9720149874572406 0.31373330216647666 0.9894770262257696 0.3191207651083239 0.9950033375142532 0.282604810718358