0 0.08883156670467503 0.8737591721778791 0.04503178335233751 0.8314648814139111 0.00286324401368301 0.8657325952109464 0.03706098859749145 0.9137898722919042 0.08883156670467503 0.8737591721778791
0 0.07486094754846066 0.6534130410490308 0.023350716077537057 0.6786179019384265 0.04319378677309008 0.7155370216647663 0.09507120980615735 0.6863957822120866 0.07486094754846066 0.6534130410490308
0 0.17376434891676168 0.770827338654504 0.13844858836944127 0.7868212428734321 0.15361014595210945 0.8197752417331814 0.188058740022805 0.8025191368301027 0.17376434891676168 0.770827338654504
0 0.05293418015963512 0.9910270992018244 0.14554663511972635 0.9926436556442417 0.17301618472063854 0.9837951550741163 0.12847186431014823 0.9332131698973775 0.05293418015963512 0.9910270992018244
0 0 0.9897867080957811 0.020876563283922463 0.9904675313568986 0.05674169897377423 0.9770211037628278 0.04693900456100342 0.9602584070695552 0 0.9855697822120867 0 0.9897867080957811
0 0.5828028916761687 0.9138237616875713 0.5544883409350057 0.9370612690992018 0.5783920376282782 0.962394803876853 0.6021532326111745 0.9450396636259978 0.5828028916761687 0.9138237616875713
0 0.9599486567844926 0.8426903420752566 0.9451382269099201 0.840651865450399 0.9304245541619157 0.867091291904219 0.9472187662485747 0.8745527149372861 0.9599486567844926 0.8426903420752566
0 0.9804990148232612 0.8560994743443557 0.963386401368301 0.8498686202964653 0.9497970832383125 0.8799360330672747 0.9663064925883694 0.8867033169897378 0.9804990148232612 0.8560994743443557
0 0.9028375815279361 0.6103191619156214 0.8618902029646522 0.540784566704675 0.8313014059293045 0.5580502234891677 0.8756876898517674 0.6348756339794754 0.9028375815279361 0.6103191619156214
0 0.794913763968073 0.5674994218928164 0.7782136750285062 0.5375455917901938 0.745907606613455 0.5512197924743444 0.759002754846066 0.5834844982896238 0.794913763968073 0.5674994218928164
0 0.7315530547320411 0.6251274025085518 0.7431260376282782 0.6425335929304448 0.8066766556442417 0.60804682668187 0.792725291904219 0.5907241402508552 0.7315530547320411 0.6251274025085518
0 0.7037338722919043 0.6198957810718357 0.7100260114025085 0.6336514401368301 0.7609943671607754 0.6054694811858609 0.7463887844925883 0.5916952930444698 0.7037338722919043 0.6198957810718357
0 1 0.42312258266818703 0.9638957377423033 0.44645669213226913 0.9863548369441277 0.48659852223489164 1 0.477661645381984 1 0.42312258266818703
0 0.7045055997719498 0.23547257582668185 0.684369354618016 0.1983389315849487 0.6513246898517674 0.22030619384264538 0.6712224344355758 0.2540929771949829 0.7045055997719498 0.23547257582668185
0 0.7051402850627139 0.13106931356898519 0.6963249931584948 0.09175947890535917 0.6592784207525656 0.10475865678449259 0.6686794720638541 0.14462098631698975 0.7051402850627139 0.13106931356898519
0 0.005762974914481186 0.236920244013683 0.022641673888255415 0.27696466704675027 0.08621142873432154 0.24129211630558725 0.06370054503990878 0.2041170228050171 0.005762974914481186 0.236920244013683
0 0.6315128985176739 0.606769290763968 0.5907402976054732 0.6291955005701254 0.596666424173318 0.6469094367160775 0.6431479737742303 0.6206182098061573 0.6315128985176739 0.606769290763968
0 0.13097231128848347 0.7048204618015964 0.06335045381984036 0.7344901288483466 0.0986187046750285 0.8063603409350056 0.16191344355758266 0.7694327993158494 0.13097231128848347 0.7048204618015964
0 0.5798891596351198 1 0.649555023945268 0.9850120900798175 0.627738236031927 0.9591039509692133 0.5702293169897378 0.9877624595210946 0.5787758152793615 1 0.5798891596351198 1