0 0.3870342417331813 0.9402207115165336 0.384740558722919 0.986954181299886 0.4161833044469783 0.9930660319270239 0.4240095598631699 0.9434763762827821 0.3870342417331813 0.9402207115165336
0 0.6633332303306727 0.5236435997719499 0.6150510262257697 0.5233314344355758 0.6124452018244014 0.6704114948688711 0.6511988221208665 0.6767363021664766 0.6633332303306727 0.5236435997719499
0 0.5527828517673888 0.4955012896237172 0.5192680809578107 0.49382558152793615 0.5113046408209806 0.5503444971493728 0.5540996864310148 0.5562435587229191 0.5527828517673888 0.4955012896237172
0 0.33436013568985173 0.48449709122006845 0.2938753181299886 0.4844908597491448 0.2962263021664766 0.5563232748004561 0.33339637514253134 0.5541714367160775 0.33436013568985173 0.48449709122006845
0 0.19274797605473204 0.5011254777651084 0.1880290410490308 0.6000106111744583 0.22404589737742303 0.5946118871151653 0.2316154754846066 0.50323678677309 0.19274797605473204 0.5011254777651084
0 0.07363991676168757 0.48281212086659064 0.07318310148232611 0.6405941698973775 0.12252817445838085 0.6320399897377423 0.12853744583808438 0.48017613340935006 0.07363991676168757 0.48281212086659064
0 0.2751038472063854 0.27639675712656786 0.24404857696693272 0.2776185803876853 0.23702086659064994 0.3355307012542759 0.27540580501710377 0.33391744127708095 0.2751038472063854 0.27639675712656786
0 0.41719876624857466 0.1515917251995439 0.418156149372862 0.11246172519954391 0.38338214595210945 0.114168834663626 0.38009309920182444 0.15284719726339793 0.41719876624857466 0.1515917251995439
0 0.399283086659065 0.6416791014823261 0.43789277993158493 0.638901393386545 0.4465807115165336 0.5126616237172178 0.4094073261117446 0.5087625963511972 0.399283086659065 0.6416791014823261
0 0.146674834663626 0.8345254287343215 0.13977881527936145 0.8731059395667046 0.21691589623717217 0.8690466830102623 0.2172776590649943 0.8319163352337515 0.146674834663626 0.8345254287343215
0 0.24251524287343215 0.9196898517673888 0.1910804732041049 0.9169503021664767 0.18772928392246296 0.9435177343215507 0.2485311094640821 0.9441464446978335 0.24251524287343215 0.9196898517673888