0 0.3029289429874572 0.24548497491448118 0.394339322690992 0.26688412200684153 0.4209373614595211 0.1891641448118586 0.326954189281642 0.1654503078677309 0.3029289429874572 0.24548497491448118
0 0.31178027137970354 0.2855219794754846 0.29587100228050167 0.3409181949828962 0.3674632474344356 0.35846508779931585 0.38404291676168756 0.30118403648802733 0.31178027137970354 0.2855219794754846
0 0.6197556921322691 0.41416085746864306 0.523017 0.39372362941847205 0.5209628152793615 0.42762962143671607 0.6137642269099202 0.44808784036488025 0.6197556921322691 0.41416085746864306
0 0.5671677229190422 0.29261374914481186 0.6598734538198404 0.31668413911060433 0.6693588985176738 0.2834363169897377 0.578047267958951 0.2584255929304447 0.5671677229190422 0.29261374914481186
0 0.7863160022805018 0.16096196009122005 0.7572073112884835 0.2484781790193843 0.8157340900798175 0.26167081413911064 0.8384479042189281 0.17593587115165338 0.7863160022805018 0.16096196009122005
0 0.756640701254276 0.2731753854047891 0.7392046066134549 0.3224235621436716 0.8033332109464082 0.33791480615735464 0.8162201676168758 0.28717591220068417 0.756640701254276 0.2731753854047891
0 0.5816883956670468 0.11211184492588369 0.6114296704675029 0.12091727822120867 0.6129837571265679 0.0849164378563284 0.5881478757126568 0.07888069783352337 0.5816883956670468 0.11211184492588369
0 0.2960789646522235 0 0.2879026157354618 0.02717242417331813 0.3488579726339795 0.03720635689851767 0.35928404903078676 0.005351100342075257 0.34154542645381986 0 0.2960789646522235 0
0 0.20803761459521097 0.09574967046750285 0.2607362805017104 0.10780784264538198 0.27938673774230327 0.046088816419612315 0.227141244013683 0.03169927822120867 0.20803761459521097 0.09574967046750285
0 0.35559317901938425 0.05545648802736602 0.34170251083238307 0.09268851767388825 0.38204792132269094 0.10295191676168758 0.39291109007981756 0.0657362622576967 0.35559317901938425 0.05545648802736602
0 0.2110389737742303 0.5517392326111745 0.19839337058152792 0.5996805929304447 0.2706820490307868 0.6167564036488027 0.2837147548460661 0.5714911984036488 0.2110389737742303 0.5517392326111745
0 0.574456669327252 0.4791696020524515 0.5111703819840365 0.46400444469783353 0.4952867103762828 0.5254924686431015 0.5555620136830103 0.5390249806157354 0.574456669327252 0.4791696020524515
0 0.8347447696693272 0.46260558494868875 0.8224878004561004 0.5007600376282783 0.8840423751425314 0.5139347605473203 0.8936426476624858 0.48010439452679593 0.8347447696693272 0.46260558494868875
0 0.8009078164196123 0.624226433295325 0.8737805701254276 0.6414173683010261 0.8809361858608894 0.6077166716077538 0.8083224720638541 0.5954165860889395 0.8009078164196123 0.624226433295325
0 0.4645202782212086 0.8813682075256557 0.451463984036488 0.9096401345496009 0.4947724321550741 0.9295540250855189 0.5058961767388825 0.897229518814139 0.4645202782212086 0.8813682075256557
0 0.4712963124287343 1 0.4784048061573546 0.982640661345496 0.43418971607753704 0.9673910330672748 0.4243003112884835 0.993373606613455 0.458390149372862 1 0.4712963124287343 1
0 0.5652405632839225 0.6432730022805018 0.56420848004561 0.6532420433295325 0.6269627274800457 0.6727001812998861 0.6312999703534777 0.6566023158494869 0.5652405632839225 0.6432730022805018
0 0.5623994903078677 0.6672161151653364 0.5621366088939567 0.67945965336374 0.6242916374002281 0.695777 0.6251494458380844 0.6820287080957811 0.5623994903078677 0.6672161151653364
0 0.38389990763968074 0.6006478038768528 0.3083499258836944 0.5878947537058153 0.2978326191562144 0.6202193500570126 0.3746398129988598 0.6327281128848347 0.38389990763968074 0.6006478038768528
0 0.5271362554161916 0.638586567844926 0.5094220182440137 0.6861539144811859 0.5467093055872292 0.6903759224629419 0.5629942633979476 0.6439298950969213 0.5271362554161916 0.638586567844926
0 0.41383546636259977 0.6240124903078678 0.4123784401368301 0.6346199908779931 0.47675030444697836 0.6519715188141392 0.4814450376282782 0.6371544595210946 0.41383546636259977 0.6240124903078678
0 0.36963824743443563 0.4546392748004561 0.3586429965792474 0.5158725610034207 0.39689970695553023 0.5275461368301027 0.40845885632839224 0.4680794686431015 0.36963824743443563 0.4546392748004561
0 0.030968247434435575 0.3003170330672748 0.05463785062713797 0.30612925655644246 0.059575689851767394 0.2713910148232611 0.03859340935005701 0.26731247206385406 0.030968247434435575 0.3003170330672748
0 0.9734777981755987 0.5579411790193842 0.9569968779931585 0.611610654503991 0.985549543899658 0.6159510045610034 0.9971086921322692 0.5564843363740023 0.9734777981755987 0.5579411790193842