0 0.5279361459521095 0.9572405929304447 0.046750285062713795 0.04789053591790194
0 0.20945177651083238 0.5410437445838084 0.16459695096921323 0.5205351790193843 0.14400135461801597 0.5770531242873432 0.19617906043329533 0.5839885735461801 0.20945177651083238 0.5410437445838084
0 0.43295706043329535 0.38730413797035346 0.43656942075256555 0.35327964538198403 0.3781403158494869 0.32576551425313566 0.3793805575826682 0.37639973774230334 0.43295706043329535 0.38730413797035346
0 0.6962968700114024 0 0.6932455518814139 0.005522887115165336 0.72917265336374 0.031205555302166475 0.7460291961231471 0 0.6962968700114024 0
0 1 0.4805260045610034 0.9988359669327252 0.46671243671607754 0.9606152998859749 0.4734804036488028 0.9671629589509692 0.5200694218928165 1 0.5167330843785632 1 0.4805260045610034
0 0.01541557354618016 0.4176853489167617 0.05185557468643102 0.4181528061573546 0.06064174230330673 0.3512444857468643 0.01873482212086659 0.3417642280501711 0.01541557354618016 0.4176853489167617
0 0 0.5260042394526796 0.008286376282782212 0.5849648700114025 0.05164203648802737 0.5858583740022805 0.05749085518814139 0.5179664675028507 0 0.513836102622577 0 0.5260042394526796
0 0.32978863968072974 0.7731297354618015 0.3345783899657925 0.7375244344355759 0.29245746978335235 0.7364573990877994 0.2912059521094641 0.7673746499429874 0.32978863968072974 0.7731297354618015
0 0.7135552383124287 0.31897810034207524 0.7161530102622577 0.286266968072976 0.6787099338654504 0.2779549578107184 0.6726852155074117 0.30974657924743443 0.7135552383124287 0.31897810034207524
0 1 0.6669874207525655 0.9337256704675029 0.6654077274800456 0.9324123797035347 0.6752613979475485 1 0.6808606659064995 1 0.6669874207525655
0 0.7639352394526796 0.7030480513112884 0.7695269623717218 0.7172376134549601 0.8206037525655644 0.7116355165336373 0.819534677309008 0.697629244013683 0.7639352394526796 0.7030480513112884
0 0.7986860296465221 0.6730052394526795 0.7989758221208665 0.6921323010262258 0.8196457708095781 0.6920090877993159 0.8167379156214367 0.6734629817559863 0.7986860296465221 0.6730052394526795