0 0.10313831128848346 0.7558990604332954 0.14438251311288483 0.7881178939566704 0.17602221778791335 0.7455870718358039 0.13564329646522236 0.7110614355758267 0.10313831128848346 0.7558990604332954
0 0.1865315496009122 0.7691552029646522 0.21159195781071835 0.7957844446978335 0.24092995210946408 0.7691463021664766 0.21172908209806157 0.7397707468643102 0.1865315496009122 0.7691552029646522
0 0.323963 0.8997864857468644 0.3327668962371722 0.9148627274800456 0.37181261231470925 0.8959281094640822 0.36185038198403646 0.8750883534777651 0.323963 0.8997864857468644
0 0.42187071151653366 0.7063021881413911 0.44192286659064994 0.7289171562143671 0.48379736602052453 0.687581338654504 0.43881275142531356 0.6487786396807298 0.39684615165336373 0.7064953272519955 0.41094498289623715 0.7154786168757127 0.42187071151653366 0.7063021881413911
0 0.2320240433295325 0.5758517457240593 0.26524471493728624 0.5364408962371722 0.22899983352337513 0.5219455381984036 0.20406104332953248 0.5483725427594071 0.2320240433295325 0.5758517457240593
0 0.07517954161915621 0.4697468358038769 0.09665116761687571 0.48294970125427594 0.1166801755986317 0.4543050923603193 0.09593081870011402 0.4435494891676169 0.07517954161915621 0.4697468358038769
0 0.046492060433295325 0.4505485005701254 0.06205500456100342 0.463234425313569 0.08301809806157355 0.43079742189281645 0.06598790763968072 0.4182811391106043 0.046492060433295325 0.4505485005701254
0 0.23290800228050174 0.30712338198403655 0.25478637742303306 0.3293021049030787 0.29121058836944125 0.28629741391106045 0.2683880250855188 0.26910223717217785 0.23290800228050174 0.30712338198403655
0 0.11144472862029646 0.4091441299885975 0.13272992018244015 0.4312725245153934 0.15154229076396808 0.40281948346636265 0.13181137286202965 0.3805306294184721 0.11144472862029646 0.4091441299885975
0 0.5162302098061574 0.13820500342075256 0.5439044424173318 0.09413677993158495 0.515341291904219 0.08031191676168757 0.4954373078677309 0.13608628392246294 0.5162302098061574 0.13820500342075256
0 0.8960112428734321 0.2143448369441277 0.9260871436716077 0.23128057012542758 0.9499258882554162 0.19700752223489168 0.9169279669327253 0.1765396157354618 0.8960112428734321 0.2143448369441277
0 0.8862984218928165 0.5091215860889395 0.902684818700114 0.47836866818700113 0.8787954709236032 0.4592936761687571 0.8574556921322691 0.4916977240592931 0.8862984218928165 0.5091215860889395
0 0.8098148164196123 0.45772721664766247 0.8197009087799316 0.426407165336374 0.78877307981756 0.41237855644241733 0.7803577662485747 0.4515739509692132 0.8098148164196123 0.45772721664766247
0 0.5731646408209806 0.855430802736602 0.5936027115165335 0.88046517331813 0.6258633397947548 0.8600413409350057 0.6118710695553021 0.8349780239452679 0.5731646408209806 0.855430802736602
0 1 0.4551098084378563 0.9804513956670468 0.4470272086659065 0.9662442006841505 0.4803548540478905 0.9866973489167616 0.48452834435575826 1 0.4565302884834664 1 0.4551098084378563
0 0.5656424241733181 0.8053031972633979 0.575722582668187 0.8330059087799316 0.6026151858608894 0.8195642291904219 0.5841239977194983 0.7914236579247433 0.5656424241733181 0.8053031972633979
0 0.5261984481185861 0.8954271277080957 0.5358525769669327 0.9075976647662486 0.5634184583808438 0.9001750695553021 0.555472621436716 0.8807053306727479 0.5261984481185861 0.8954271277080957
0 0.7515564823261118 0.34773110034207527 0.7601353968072976 0.31093252223489165 0.7461104355758267 0.30791744355758266 0.7368881436716077 0.34525731927023945 0.7515564823261118 0.34773110034207527
0 0.7138667696693273 0.30211639794754847 0.7038787377423033 0.3346195678449259 0.7198217571265678 0.3372064367160776 0.7280500923603193 0.30335727822120867 0.7138667696693273 0.30211639794754847
0 0.3963281938426454 0.2087733888255416 0.4186707514253135 0.2256285598631699 0.4409542383124287 0.19747920182440135 0.4201373078677309 0.18165153363740022 0.3963281938426454 0.2087733888255416
0 0.4528165838084378 0.352589251995439 0.46208635461801595 0.36234052223489166 0.48972490421892817 0.3340620855188141 0.4790404321550741 0.32508107183580387 0.4528165838084378 0.352589251995439
0 0.42635909578107184 0.34192870125427594 0.43873845153933866 0.35016397035347774 0.4591274868871152 0.32810705929304446 0.46052771949828963 0.32077933751425314 0.4502717069555302 0.3136238631698974 0.42635909578107184 0.34192870125427594
0 0.24429675598631698 0.3403063112884835 0.22827544811858608 0.3192344652223489 0.20159385062713797 0.3410388574686431 0.21864086088939566 0.36130484606613456 0.24429675598631698 0.3403063112884835