0 0.8798216020524516 0.7750456408209806 0.8644539703534777 0.8069360421892816 0.9216758643101483 0.8345447879133409 0.9369343546180159 0.8035734002280502 0.8798216020524516 0.7750456408209806
0 1 0.649012251995439 0.9713530923603193 0.6325032793614596 0.9490557822120866 0.6775142565564425 0.9888146909920182 0.6934596567844926 1 0.666231771949829 1 0.649012251995439
0 0.7882049144811859 0.6326558449258837 0.7581882303306727 0.6175720319270239 0.7326248734321551 0.6685106602052452 0.7677817708095781 0.6851849486887115 0.7882049144811859 0.6326558449258837
0 0.7275233101482327 0.6476772269099201 0.7342170843785633 0.6027330022805018 0.7190777149372862 0.6057304116305586 0.7135846659064995 0.6468791356898518 0.7275233101482327 0.6476772269099201
0 0.7028585952109464 0.6095015701254276 0.6870416921322692 0.6120067206385404 0.6881052485746865 0.6376893534777651 0.699861 0.6373303033067275 0.7028585952109464 0.6095015701254276
0 0.6610347639680729 0.6449826522234892 0.6965786955530217 0.5774328939566705 0.682975441277081 0.5711713215507412 0.6476446305587229 0.6362811379703535 0.6610347639680729 0.6449826522234892
0 0.5517913261117446 0.9676714880273659 0.5806207309007982 0.9108052075256556 0.5476749338654504 0.8961853204104903 0.5184739977194983 0.950705841505131 0.5517913261117446 0.9676714880273659
0 0.3830446624857468 0.971554590649943 0.3934480535917902 0.9386454116305588 0.33600995324971494 0.9134770969213227 0.3211361254275941 0.9446897183580387 0.3830446624857468 0.971554590649943
0 0.29582162941847207 0.9517033135689852 0.2508461322690992 0.9293703261117445 0.22457455416191563 0.983428464082098 0.2799170809578107 0.9996108415051311 0.29582162941847207 0.9517033135689852
0 0.49168806157354616 0.675411441277081 0.5292057229190422 0.7037348449258838 0.5492613557582668 0.6702002109464082 0.5128295781071835 0.6534272679589509 0.49168806157354616 0.675411441277081
0 0.7399634275940707 0.8134280820980616 0.7560519794754846 0.801261488027366 0.6958580763968073 0.7548882063854048 0.6847805347776511 0.7695674663625998 0.7399634275940707 0.8134280820980616
0 0.9099864082098061 0.43843097833523376 0.8819785518814139 0.4284393591790194 0.8688898540478905 0.45576075484606615 0.8974893181299886 0.4635546431014823 0.9099864082098061 0.43843097833523376
0 0.7998562816419613 0.3308328529076397 0.7803003740022806 0.3249129361459521 0.7546443774230331 0.375266669327252 0.7749793819840365 0.38376836830102623 0.7998562816419613 0.3308328529076397
0 0.45162021892816423 0.7106128209806157 0.4399605062713797 0.705245724059293 0.4235128779931585 0.7379083306727481 0.4357795233751426 0.7440810262257698 0.45162021892816423 0.7106128209806157
0 0.4285779007981756 0.7016381915621437 0.41518930900798173 0.692936433295325 0.3971061744583808 0.7228539042189281 0.41380298973774227 0.7304289589509692 0.4285779007981756 0.7016381915621437
0 0.6539391733181299 0.7404872177879134 0.6412632052451539 0.7400902884834664 0.6328975393386546 0.7744785940706955 0.6471425678449259 0.7764320433295324 0.6539391733181299 0.7404872177879134
0 0.32484939680729763 0.42590454047890536 0.3519426670467503 0.4528748312428734 0.3749845860889396 0.4125551277080958 0.34391834663626003 0.3946302098061573 0.32484939680729763 0.42590454047890536
0 0.3258422120866591 0.4359684446978335 0.30689528734321553 0.46421769327252 0.3278720376282782 0.4753229304446978 0.3410081459521095 0.44709229874572404 0.3258422120866591 0.4359684446978335
0 0.6272174207525655 0.17362275256556442 0.6217079384264538 0.14263277423033066 0.5707081493728621 0.15431883694412768 0.5783940695553021 0.1831590661345496 0.6272174207525655 0.17362275256556442
0 0.6280038836944127 0.7397857548460661 0.6127065940706956 0.7380005484606614 0.6128426180159635 0.7578169931584948 0.6250701790193843 0.7564814891676168 0.6280038836944127 0.7397857548460661
0 0.5275103420752566 0.4124418871151654 0.520580905359179 0.42556400684150514 0.5600059669327252 0.4469726431014823 0.5686660763968073 0.4344797206385405 0.5275103420752566 0.4124418871151654
0 0.24430738312428735 0.781921622576967 0.22870230216647663 0.7819886202964652 0.2285099361459521 0.8186893090079818 0.240395322690992 0.8183097274800456 0.24430738312428735 0.781921622576967
0 0.2217018802736602 0.7794904720638541 0.2088125473204105 0.7815319418472063 0.20891242987457243 0.7935391448118585 0.21980230444697832 0.7963229908779932 0.2217018802736602 0.7794904720638541
0 0.2754087206385405 0.7090655735461802 0.26479807525655646 0.7065364937286204 0.2654276567844926 0.7256736157354617 0.2794560615735462 0.7237523101482326 0.2754087206385405 0.7090655735461802
0 0.25693280957810716 0.7023734515393387 0.24157699087799317 0.707809748004561 0.24467151539338655 0.7235522873432154 0.2584128734321551 0.7216764458380844 0.25693280957810716 0.7023734515393387
0 0.28636826567844925 0.7289696123147091 0.2715647765108324 0.7265066271379703 0.2697572588369441 0.7454285963511972 0.28437483124287344 0.7491249110604332 0.28636826567844925 0.7289696123147091
0 0.36776211516533636 0.8940220022805017 0.40218549714937285 0.906604409350057 0.4081375051311289 0.8569668768529076 0.37115492816419615 0.8535064994298747 0.36776211516533636 0.8940220022805017