0 0.9745147366020523 0.1655297628278221 0.9462068209806158 0.12432854846066134 0.902353976054732 0.1531973124287343 0.9206139988597491 0.19491270695553023 0.9745147366020523 0.1655297628278221
0 0.9192348175598632 0.6358901835803877 0.9603946259977195 0.6111098460661346 0.9416099452679589 0.5780407012542759 0.8997063420752566 0.607517188141391 0.9192348175598632 0.6358901835803877
0 0.7432817936145951 0.16562057924743442 0.768138873432155 0.20206084948688713 0.8078574059293044 0.1674227434435576 0.7878597286202965 0.13686824059293043 0.7432817936145951 0.16562057924743442
0 0.6745854675028506 0.11019959521094641 0.6978799806157355 0.13375238312428733 0.7266952314709236 0.11363901482326112 0.7076357137970354 0.08353367844925882 0.6745854675028506 0.11019959521094641
0 0.07146242645381984 0.03152708779931585 0.06923950171037628 0.03418551197263398 0.061609173318129984 0.07962473660205245 0.07537743101482326 0.07127261231470924 0.07146242645381984 0.03152708779931585
0 0.04068850057012543 0.21444943671607755 0.1131131778791334 0.1970287377423033 0.10265372063854049 0.15293717787913338 0.047798942987457245 0.1668190969213227 0.04068850057012543 0.21444943671607755
0 0 0.7624172405929304 0.010879777651083238 0.7628790296465222 0.011252532497149373 0.7226103158494869 0 0.7226834104903079 0 0.7624172405929304
0 0.1367416031927024 0.4914909817559863 0.12989724059293045 0.4512830741163056 0.09461560205245155 0.4541222018244014 0.10038021208665907 0.49355636031927025 0.1367416031927024 0.4914909817559863
0 0.09659658608893956 0.5591659840364881 0.1309195188141391 0.558584362599772 0.12804525769669328 0.5271302907639681 0.09615928050171037 0.5277973112884835 0.09659658608893956 0.5591659840364881
0 0.7289836488027366 0.6388633865450399 0.7518434561003421 0.668966314709236 0.7940839771949829 0.6434554196123147 0.7772392816419613 0.6109925302166477 0.7289836488027366 0.6388633865450399
0 0.9695091322690992 0.5156478745724059 0.9526953500570126 0.4852970752565564 0.9281911584948689 0.5072971322690992 0.9405401265678449 0.527912433295325 0.9695091322690992 0.5156478745724059
0 0.5567459167616876 0.8655857981755987 0.5884201744583808 0.8627796316989738 0.5853081459521094 0.8243667525655645 0.5464144104903079 0.8284372337514253 0.5567459167616876 0.8655857981755987
0 0.5460399464082097 0.9445472223489169 0.5857687320410491 0.9363930330672747 0.5780807297605474 0.8927420102622577 0.5403116453819841 0.8972927765108323 0.5460399464082097 0.9445472223489169
0 0.24967311516533638 0.9463606887115165 0.2714805233751425 0.9413874515393387 0.26844325085518816 0.9087052588369442 0.2409133740022805 0.9106649521094641 0.24967311516533638 0.9463606887115165