0 0.4776789236031927 0.38991662257696696 0.47284228620296465 0.4142471140250855 0.5632187388825541 0.43809661231470926 0.5681049441277081 0.4151855678449259 0.4776789236031927 0.38991662257696696
0 0.5735034640820981 0.4476872736602052 0.5629394686431015 0.4707965917901939 0.6000961174458381 0.4766065074116305 0.610907952109464 0.4605944264538198 0.5735034640820981 0.4476872736602052
0 0.6472051995438997 0.4010523363740023 0.6365420695553021 0.4213227594070696 0.6752668688711516 0.43134144925883694 0.6833389464082099 0.4182673990877993 0.6472051995438997 0.4010523363740023
0 0.6848443489167616 0.5020737263397947 0.6698237400228051 0.51965396009122 0.718405236031927 0.567703385404789 0.7364134435575828 0.5542823568985177 0.6848443489167616 0.5020737263397947
0 0.6854077936145951 0.5589058700114025 0.6646582656784493 0.575264984036488 0.6896843283922464 0.5999753899657925 0.7075934002280501 0.5837154675028506 0.6854077936145951 0.5589058700114025
0 0.755976622576967 0.6260871037628278 0.7080577080957811 0.637708716077537 0.708702149372862 0.6561630923603192 0.7622988529076398 0.6443432075256555 0.755976622576967 0.6260871037628278
0 0.8300435302166477 0.6306065210946409 0.7806060866590651 0.6394403694412771 0.7839902862029646 0.6549567149372861 0.832057850627138 0.6475918814139111 0.8300435302166477 0.6306065210946409
0 0.9321093580387686 0.7450126066134549 0.8410570353477765 0.7425059464082099 0.8379388711516533 0.7753050615735462 0.9262018677309009 0.7793303044469783 0.9321093580387686 0.7450126066134549
0 0.34231252565564424 0.7249089726339795 0.3910841812998859 0.725752692132269 0.38570200342075256 0.6681992177879134 0.3427717628278221 0.6678581915621437 0.34231252565564424 0.7249089726339795
0 0.2603025450399088 0.6940429019384264 0.3426170148232611 0.6985275872291904 0.33907606385404787 0.6673743740022805 0.2604572919042189 0.6633735051311288 0.2603025450399088 0.6940429019384264
0 0.34316440935005704 0.4045637833523375 0.33549043899657927 0.42899335803876854 0.4539103671607754 0.4419137457240593 0.4588461413911061 0.4204221470923603 0.34316440935005704 0.4045637833523375