0 0.5208796488027366 0.9587681619156215 0.5307281710376283 0.9995244789053592 0.5665076499429874 0.9957639042189281 0.5560798118586089 0.9494957605473203 0.5208796488027366 0.9587681619156215
0 0.07318893728620297 1 0.05662157810718359 0.9365182075256556 0.045903042189281644 0.9404303432155074 0.05153930444697834 1 0.07318893728620297 1
0 0.10855891676168757 0.6496615963511974 0.12347812314709236 0.7121742531356898 0.17453940592930445 0.7082010684150514 0.15998322805017104 0.6358983968072977 0.10855891676168757 0.6496615963511974
0 0.02113991220068415 0.6783518517673889 0.03613053591790194 0.7547880057012543 0.08784287001140251 0.7437801049030787 0.06886829646522234 0.6691562531356899 0.02113991220068415 0.6783518517673889
0 0.057866383124287345 0.4320998335233751 0.07539226795895096 0.5194133797035347 0.14180709007981757 0.5026810410490308 0.12218194526795895 0.4086234196123147 0.057866383124287345 0.4320998335233751
0 0.02222968985176739 0.5431111391106044 0.05329739566704675 0.6401452417331813 0.08799137742303306 0.6392859007981756 0.06554123261117446 0.5315941961231471 0.02222968985176739 0.5431111391106044
0 0.3467146659064994 0.13566745381984036 0.4095815370581528 0.12488073546180159 0.39690801596351194 0.07049033523375142 0.3357059578107184 0.0838876465222349 0.3467146659064994 0.13566745381984036
0 0.40706428734321554 0.008267539338654505 0.42812326909920184 0.11596720524515393 0.4643354777651083 0.11633872177879134 0.4442205575826682 0.004362258836944128 0.40706428734321554 0.008267539338654505
0 0.6315735940706956 0.02632227023945268 0.555669212086659 0.04544557354618016 0.5742082645381984 0.08946762257696693 0.644463882554162 0.06954602850627138 0.6315735940706956 0.02632227023945268
0 0.7914924606613455 0.0652381322690992 0.817128007981756 0.15030574686431014 0.8870938859749146 0.1276274629418472 0.8523318072976055 0.035160797035347774 0.7914924606613455 0.0652381322690992
0 0.8258112143671608 0.4447203135689852 0.8615177217787914 0.4270364059293044 0.8462385952109465 0.37431343785632837 0.8125583762827823 0.384818086659065 0.8258112143671608 0.4447203135689852
0 0.7919878437856329 0.45384800798175595 0.8134248688711516 0.5254274743443558 0.8392817309007982 0.5199226659064994 0.8153808631698974 0.4513893033067275 0.7919878437856329 0.45384800798175595
0 0.8957695017103762 0.660257165336374 0.9419793329532496 0.6498276009122007 0.9119236727480046 0.5624374150513113 0.8591241242873432 0.5763451584948689 0.8957695017103762 0.660257165336374
0 0.6926866408209806 0.5813010114025086 0.7081836088939567 0.6493256590649944 0.7332431584948689 0.649478937286203 0.711952393386545 0.5792760992018244 0.6926866408209806 0.5813010114025086
0 0.47866980957810723 0.3850860387685291 0.4882995279361459 0.4634776465222349 0.5210374025085519 0.4572511858608894 0.5045266716077538 0.37958123033067276 0.47866980957810723 0.3850860387685291
0 0.4434696453819841 0.394358441277081 0.45541850171037623 0.4683271527936146 0.4746842554161916 0.46630224059293046 0.4590408631698974 0.3968994127708096 0.4434696453819841 0.394358441277081
0 0.4844661197263398 0.3343270969213227 0.4926482736602052 0.37247298403648804 0.5215469042189281 0.3694356157354618 0.5132183272519955 0.3299115461801596 0.4844661197263398 0.3343270969213227
0 0.44868663968072975 0.3380876716077537 0.45766626909920183 0.3705770250855188 0.4704856214367161 0.37340879931584947 0.46701005017103764 0.34034094640820983 0.44868663968072975 0.3380876716077537
0 0.8053892770809579 0.18288311630558723 0.8205993842645382 0.2594941607753706 0.8689680136830104 0.2511283705815279 0.8454420228050171 0.17807481071835804 0.8053892770809579 0.18288311630558723
0 0.17050137970353477 0.8896232554161916 0.21347352793614596 0.8785394754846065 0.20341702052451538 0.8055643397947548 0.1530228779931585 0.8198162850627138 0.17050137970353477 0.8896232554161916