0 0.2726389714937286 0.2257793888255416 0.3088645895096921 0.2368743078677309 0.33449879475484606 0.1654341505131129 0.29614348118586087 0.1582433283922463 0.2726389714937286 0.2257793888255416
0 0.19425439224629418 0.3354328164196123 0.25332579817559864 0.34613467958950966 0.2746118620296465 0.28429057810718356 0.21740230444697833 0.27054635005701255 0.19425439224629418 0.3354328164196123
0 0.07709376168757126 0.3796007981755986 0.054346778791334094 0.4262310193842645 0.09983355074116305 0.4482334937286203 0.12469318129988598 0.40790234777651085 0.07709376168757126 0.3796007981755986
0 0.48644951881413906 0.32606989965792477 0.5572094823261117 0.3432174743443558 0.5718150456100342 0.29904371721778794 0.5038513523375142 0.28018742873432156 0.48644951881413906 0.32606989965792477
0 0.6406456522234891 0.27870168072976054 0.6187611870011402 0.3362598551881414 0.6548952896237172 0.3437396681870012 0.6750247217787912 0.29013667046750286 0.6406456522234891 0.27870168072976054
0 0.7503577993158496 0.3643589589509692 0.7809400615735462 0.36865701596351197 0.7916199714937286 0.3353394401368301 0.765683322690992 0.32419000114025087 0.7503577993158496 0.3643589589509692
0 0.7807814310148232 0.412459661345496 0.8033046932725199 0.4186277582668187 0.8298665062713797 0.34911987685290763 0.8056461721778791 0.34061156784492586 0.7807814310148232 0.412459661345496
0 0.532948086659065 0.8999228209806157 0.5758808494868871 0.9059566271379703 0.5942097286202965 0.8352901049030788 0.5450627993158496 0.8316854059293044 0.532948086659065 0.8999228209806157
0 0.611224858608894 0.8977156750285062 0.6413948472063854 0.9049584503990877 0.6606866385404789 0.853038062713797 0.6273446316989738 0.8477525632839226 0.611224858608894 0.8977156750285062
0 0.717771007981756 0.7199815245153934 0.7326475450399087 0.725074944127708 0.7428223340935006 0.6910852155074116 0.727767709236032 0.6835652702394527 0.717771007981756 0.7199815245153934
0 0.7423893740022804 0.7240409942987458 0.7573500912200684 0.7285466602052452 0.7693731927023945 0.6942155324971494 0.7523383500570126 0.6879194036488027 0.7423893740022804 0.7240409942987458
0 0.764077874572406 0.7318936852907639 0.778789141391106 0.738163047890536 0.7889535017103764 0.6999700250855188 0.7746486202964652 0.6955581083238312 0.764077874572406 0.7318936852907639
0 0.6267864925883694 1 0.6401606681870011 0.9564140091220068 0.6222790524515394 0.9542007058152794 0.60774734663626 1 0.6267864925883694 1
0 0.2440505541619156 0.7620666362599772 0.2548115051311289 0.766580070695553 0.2738902668187001 0.733240550741163 0.25666008095781073 0.7278179247434436 0.2440505541619156 0.7620666362599772
0 0.2655722394526796 0.7710950524515393 0.28002650513112887 0.7749268004561004 0.28969617331813 0.7402649179019384 0.27593208437856326 0.7308262212086659 0.2655722394526796 0.7710950524515393
0 0.28397836830102624 0.7766829464082098 0.2946564675028506 0.7817858996579247 0.3105381550741163 0.7455971425313569 0.29547076738882555 0.7389763591790194 0.28397836830102624 0.7766829464082098
0 0.3045813283922463 0.7879821619156214 0.3179420684150513 0.7910622177879134 0.3319772052451539 0.7552135302166477 0.3153967137970353 0.750781590649943 0.3045813283922463 0.7879821619156214
0 0.8268003409350057 1 0.8300366100342075 0.9794970889395668 0.7837895610034208 0.9696966157354618 0.784778984036488 1 0.8268003409350057 1
0 0.692215818700114 0.8676747696693273 0.7302038050171038 0.8790173728620296 0.7456558871151653 0.8373640832383124 0.7021223329532498 0.8276451744583809 0.692215818700114 0.8676747696693273
0 0.8942537924743443 0.45001904903078677 0.925599724059293 0.4574270923603193 0.9321889270239452 0.43614009350057015 0.9023119293044469 0.42713816191562143 0.8942537924743443 0.45001904903078677