0 0.008699411630558722 0 0.008167254275940707 0.04474543557582668 0.04585768072976055 0.028791418472063856 0.035107223489167616 0 0.008699411630558722 0
0 0.4275177662485747 0 0.4232094789053592 0.030907125427594072 0.5083319441277081 0.0362716590649943 0.5101509863169897 0.00010102166476624857 0.5001756408209806 0 0.4275177662485747 0
0 0.700952330672748 0.16006626567844925 0.7027400935005701 0.12568754275940708 0.6728386841505131 0.12067274002280502 0.6671033728620297 0.1600692702394527 0.700952330672748 0.16006626567844925
0 0.82279069327252 0.18829693728620298 0.804684275940707 0.23900116077537056 0.835859921322691 0.25615723831242876 0.8570573147092361 0.19838713454960089 0.82279069327252 0.18829693728620298
0 0.09764759635119727 0.9741752018244013 0.10624637172177878 0.9919576670467503 0.14809780957810717 0.9926881858608894 0.1311943033067275 0.9575565792474344 0.09764759635119727 0.9741752018244013
0 0.44644905473204105 0.7577890444697833 0.4483093010262258 0.7192578289623718 0.4156166009122007 0.7210609749144813 0.4202733785632839 0.7603747970353478 0.44644905473204105 0.7577890444697833
0 0.4553746738882554 0.7567571607753706 0.48448468871151656 0.7560791596351197 0.4863656328392246 0.7163621870011403 0.45486022576966934 0.7181876202964652 0.4553746738882554 0.7567571607753706
0 0.5901218517673888 0.8279274754846067 0.6208679099201825 0.8355839851767388 0.6324078187001141 0.8209534686431015 0.5933696339794755 0.8119676636259977 0.5901218517673888 0.8279274754846067
0 0.6340609806157355 0.7942860695553022 0.5980739384264538 0.7806059258836945 0.594795070695553 0.798346716077537 0.6252328175598632 0.8066557571265678 0.6340609806157355 0.7942860695553022
0 0.6599685564424174 0.9430546282782212 0.6668388802736601 0.9235965678449259 0.627783150513113 0.9157950136830103 0.6257417970353478 0.9305913272519954 0.6599685564424174 0.9430546282782212
0 0.6853888266818701 0.9156144059293044 0.6886366362599773 0.899653031927024 0.6365586647662486 0.889251937286203 0.635960945267959 0.9064847548460662 0.6853888266818701 0.9156144059293044
0 0.847619913340935 1 0.8470577149372861 0.9753903340935006 0.7657056579247434 0.9751564458380845 0.7652720114025086 1 0.847619913340935 1
0 0.9404287251995439 0.7634438517673888 0.9442701664766249 0.7474944036488027 0.9110459555302166 0.7457267913340935 0.9101387993158495 0.7635871174458381 0.9404287251995439 0.7634438517673888
0 0.911128771949829 0.7409822018244014 0.9461339897377423 0.7427793375142531 0.9470278574686432 0.7255907582668186 0.9108027263397948 0.7255507229190422 0.911128771949829 0.7409822018244014
0 0.8884909509692132 0.40479997719498295 0.8756514367160776 0.4259322417331813 0.9077301984036488 0.4423805347776511 0.9190920992018244 0.42075834663625994 0.8884909509692132 0.40479997719498295
0 0.8259218152793615 0.349126078677309 0.8380330957810718 0.33569321664766244 0.7783944116305587 0.31626035575826683 0.776937945267959 0.33165915621436715 0.8259218152793615 0.349126078677309
0 0.8825611676168756 0.37028498175598634 0.8863627765108324 0.35670707297605475 0.866760086659065 0.356958748004561 0.862970401368301 0.3699430239452679 0.8825611676168756 0.37028498175598634
0 1 0.14162396351197265 0.960786874572406 0.14146379475484608 0.9629233968072977 0.1551469167616876 1 0.15369624857468642 1 0.14162396351197265
0 1 0.11933291562143672 0.9576597001140251 0.11649291562143672 0.9576571402508552 0.13365017217787914 1 0.1349715701254276 1 0.11933291562143672