0 0.5685167023945268 0.8877366442417332 0.5853909578107184 0.917253274800456 0.6153084583808438 0.8970548700114025 0.601674251995439 0.8651671391106043 0.5685167023945268 0.8877366442417332
0 0.7134647844925883 0.9042617822120868 0.7516921516533638 0.9396584914481186 0.7893464880273661 0.896131378563284 0.751363046750285 0.8610129042189282 0.7134647844925883 0.9042617822120868
0 0.6591754002280501 0.5287488483466363 0.6287310387685291 0.5755177183580388 0.6581903728620297 0.5911189110604333 0.6861681037628278 0.5514200490307868 0.6591754002280501 0.5287488483466363
0 0.9101965518814139 0.47817847776510836 0.9312971391106044 0.44712753249714937 0.9118825336374002 0.4226012964652223 0.8850787035347777 0.45653528278221206 0.9101965518814139 0.47817847776510836
0 0.608647244013683 0.25065537514253133 0.6310368882554162 0.2683651288483466 0.6659634686431015 0.21047579019384263 0.644015503990878 0.1921313762827822 0.608647244013683 0.25065537514253133
0 0.526044322690992 0.381855511972634 0.570047244013683 0.4084011060433296 0.6027953888255416 0.36620039452679587 0.5587701562143672 0.3271372348916762 0.526044322690992 0.381855511972634
0 0.44014340136830105 0.8292337423033067 0.4563050763968073 0.8302038517673889 0.4493872291904219 0.7560088221208665 0.43054297035347777 0.7603395621436717 0.44014340136830105 0.8292337423033067
0 0.11335565678449258 0.714778070695553 0.15863653249714935 0.7286986157354618 0.1680410889395667 0.6939012280501711 0.11739258608893957 0.6792598209806158 0.11335565678449258 0.714778070695553
0 0.1463927434435576 0.7929477206385406 0.15192314709236032 0.7608749167616875 0.13236209122006842 0.7482818551881414 0.12866257126567845 0.7468174675028507 0.1164250022805017 0.7770929988597493 0.1463927434435576 0.7929477206385406
0 0.3094666339794755 0.7035807628278221 0.34361478449258837 0.7059589179019384 0.349001834663626 0.6700245393386546 0.3184379486887115 0.6700164515393386 0.3094666339794755 0.7035807628278221
0 0.3708512155074116 0.7518534994298747 0.3759986807297605 0.7221982713797035 0.3516852588369441 0.7109150136830104 0.3470819486887115 0.7455887879133409 0.3708512155074116 0.7518534994298747
0 0.2681841413911061 0.7149423158494869 0.23506230444697834 0.7106878848346636 0.2331812291904219 0.7436334492588369 0.26628655644241733 0.745207244013683 0.2681841413911061 0.7149423158494869
0 0.07483488939566704 0.5399388095781072 0.061239953249714936 0.5751012405929304 0.09174743557582668 0.5903127217787913 0.10394842189281643 0.5430538768529076 0.07483488939566704 0.5399388095781072
0 0.08445043443557582 0.7995590057012543 0.07717816533637399 0.8389364184720639 0.10798748118586089 0.843990755986317 0.11613536602052452 0.8048331767388825 0.08445043443557582 0.7995590057012543