0 0.9106886898517674 0.9504046784492588 0.8692508152793614 0.9408191539338654 0.858233338654504 0.975318322690992 0.9009060946408209 0.9805417491448118 0.9106886898517674 0.9504046784492588
0 0.9162078175598632 0.8328744025085518 0.8887224583808437 0.8203374378563284 0.877885968072976 0.852767945267959 0.9021340763968073 0.8644256681870012 0.9162078175598632 0.8328744025085518
0 0.9240214823261118 0.6619032474344356 0.9116450957810718 0.6876428335233752 0.9331188643101482 0.701143897377423 0.9484768050171037 0.6682165062713797 0.9240214823261118 0.6619032474344356
0 0.4279768791334093 0.5875120307867732 0.45551243101482325 0.5994573683010262 0.47007805815279363 0.5640765860889395 0.43860801596351195 0.5544706761687571 0.4279768791334093 0.5875120307867732
0 0.5152092793614595 0.9175911984036488 0.48690459977194983 0.9008119965792474 0.46707380843785634 0.925003810718358 0.5006269828962372 0.9413481710376284 0.5152092793614595 0.9175911984036488
0 0.6224587753705815 0.4471782326111745 0.6115982542759407 0.47602896237172176 0.6418827069555303 0.4905988688711516 0.6548266362599772 0.45835430672748 0.6224587753705815 0.4471782326111745
0 0.008918381984036487 0.39052031470923604 0.052607417331813 0.3997067708095781 0.06433091220068415 0.3640757673888255 0.01835848118586089 0.3555851345496009 0.008918381984036487 0.39052031470923604
0 0 0.7768720319270239 0.010211088939566706 0.7822188244013683 0.029217387685290766 0.7487165952109465 0.01447518244013683 0.7402746031927023 0 0.7683599885974914 0 0.7768720319270239
0 0.03803021550741163 0.7500836362599772 0.01683545496009122 0.7881625427594071 0.03140158038768529 0.7918225553021664 0.048629842645381983 0.7578651915621437 0.03803021550741163 0.7500836362599772
0 0.05814291562143672 0.7583994675028507 0.04339657696693273 0.7976385564424173 0.05989099885974914 0.7996776499429875 0.07313068871151654 0.7635864139110605 0.05814291562143672 0.7583994675028507
0 0.7154006955530218 0.39213168643101487 0.6986268312428735 0.3864920376282782 0.683584488027366 0.4200430570125428 0.7021980216647663 0.42733370125427594 0.7154006955530218 0.39213168643101487
0 0.7322599350057012 0.3423491277080958 0.7048264606613455 0.32921911630558726 0.6928728711516533 0.3546976841505131 0.7188590638540479 0.3662094606613455 0.7322599350057012 0.3423491277080958