0 0.7074740604332953 0.6988842668187002 0.6667085381984037 0.7178834378563284 0.7013639110604333 0.7967504526795894 0.7375928711516534 0.773393834663626 0.7074740604332953 0.6988842668187002
0 0.9513518141391106 0.5406329532497149 0.93502117331813 0.5371254720638541 0.908043755986317 0.6178744777651083 0.9237386704675029 0.6192239988597491 0.9513518141391106 0.5406329532497149
0 0.6008257993158495 0.1927419110604333 0.5879714161915621 0.19019682098061574 0.576611503990878 0.264227433295325 0.5946395712656785 0.261346094640821 0.6008257993158495 0.1927419110604333
0 0.5820105952109464 0.1901673329532497 0.5642491505131129 0.18889755074116305 0.559129550741163 0.2319419589509692 0.5713114059293044 0.2365059361459521 0.5820105952109464 0.1901673329532497
0 0.4528476795895097 0.17062155872291904 0.43586292246294184 0.16764234663625996 0.4216152371721779 0.21808564310148232 0.43745073432155074 0.22512320410490308 0.4528476795895097 0.17062155872291904
0 0.4293116043329533 0.16755079589509692 0.4135700684150513 0.16410366248574687 0.3985455302166477 0.2162579384264538 0.41491634093500573 0.21827709122006841 0.4293116043329533 0.16755079589509692
0 0.3468042086659065 0.5099285689851768 0.3161298825541619 0.5293913477765109 0.34531721436716073 0.5808192953249715 0.37357989509692135 0.5605044503990878 0.3468042086659065 0.5099285689851768
0 0.16904176396807297 0.3455704002280502 0.1254813614595211 0.36845496237172176 0.13864830330672748 0.4020779726339795 0.1906848677309008 0.37739927023945263 0.16904176396807297 0.3455704002280502
0 0.23349268985176738 0.23174631698973774 0.21035845039908782 0.18513528962371723 0.17931174116305587 0.20814105245153935 0.1955524196123147 0.25223647434435575 0.23349268985176738 0.23174631698973774
0 0.04375579817559863 0.22672967844925884 0.025911044469783352 0.23918261231470922 0.023531088939566704 0.28281348004561 0.06269581870011402 0.26215350513112884 0.04375579817559863 0.22672967844925884
0 0.05616855302166477 0.10863020296465221 0.08808299315849487 0.08869917445838084 0.07951441391106043 0.0680984732041049 0.04633909236031927 0.08282073318129989 0.05616855302166477 0.10863020296465221
0 0.09957336488027366 0.10423692474344357 0.06622828392246294 0.1264040992018244 0.07367442075256556 0.15464966476624858 0.10755462143671607 0.13612085632839224 0.09957336488027366 0.10423692474344357