0 0.5596169201824401 0.39347245952109466 0.5547308916761687 0.36297283124287344 0.41830106841505127 0.3905425610034208 0.42464139338654505 0.42071315165336376 0.5596169201824401 0.39347245952109466
0 0.7917180216647663 0.2403030330672748 0.8433753477765108 0.2324434834663626 0.8276856579247435 0.1890658551881414 0.7781307696693273 0.1948311710376283 0.7917180216647663 0.2403030330672748
0 0.9640890684150514 0.21847620296465223 0.9606175689851767 0.19377520296465223 0.9039019224629419 0.20234407525655645 0.9120171687571266 0.22810125541619156 0.9640890684150514 0.21847620296465223
0 0.9535917194982896 0.14378368643101483 0.8895631949828963 0.15578023375142533 0.8963532337514253 0.1934281938426454 0.9579724104903078 0.17495392132269097 0.9535917194982896 0.14378368643101483
0 0.6626174082098061 0.10670930330672748 0.713274921322691 0.09599076510832384 0.7085634766248574 0.06246709578107183 0.6532021904218929 0.07384670695553021 0.6626174082098061 0.10670930330672748
0 0.23598711516533638 0.1342812166476625 0.22581865792474343 0.10032531128848346 0.16970391334093501 0.1106100638540479 0.17410618472063855 0.14833325655644242 0.23598711516533638 0.1342812166476625
0 0 0.2690230741163056 0.06629153819840365 0.25792185062713796 0.05970290763968073 0.2238288962371722 0 0.23257477537058152 0 0.2690230741163056
0 0.4388911402508552 0.7588945655644241 0.554815055872292 0.7390034332953249 0.549643425313569 0.7235367274800456 0.4393420091220068 0.7450375872291904 0.4388911402508552 0.7588945655644241
0 0.5977437844925885 0.5794338015963513 0.5936563648802736 0.5674153854047891 0.5307338643101482 0.580455661345496 0.5321973568985177 0.5908689498289623 0.5977437844925885 0.5794338015963513
0 0.6507211744583808 0.883860937286203 0.6284061995438998 0.8744010820980616 0.5599254196123147 0.8948211163055871 0.5619090706955531 0.9089355302166477 0.6507211744583808 0.883860937286203
0 0.9050635005701254 0.7353603169897377 0.8939654549600912 0.7033338118586089 0.8385323968072976 0.7099252497149372 0.8525390410490308 0.7541374218928164 0.9050635005701254 0.7353603169897377
0 0.8065128563283923 0.9471290216647663 0.8430497343215507 0.9425936830102623 0.8370890285062713 0.9044473283922463 0.7989537217787913 0.9104080592930445 0.8065128563283923 0.9471290216647663
0 0.8478020649942988 0.46872216419612317 0.8148771984036488 0.47334945267958956 0.8300144857468642 0.5085414857468643 0.8511645290763967 0.5054349236031928 0.8478020649942988 0.46872216419612317
0 0.8732926510832383 0.37277834207525656 0.8686529771949829 0.34404284492588366 0.8337052132269099 0.35135277309007984 0.84365513340935 0.3816093420752566 0.8732926510832383 0.37277834207525656
0 0.8282462896237172 0 0.827521062713797 0.0001676066134549601 0.8348604618015963 0.022526251995438996 0.8681362611174458 0.011852214367160776 0.8635301505131129 0 0.8282462896237172 0
0 0.2330839669327252 0.34400281641961233 0.16697392246294185 0.35569389509692134 0.1645336670467503 0.4257891128848347 0.24578678335233753 0.40879043443557583 0.2330839669327252 0.34400281641961233