0 0 0.7831091904218928 0.001486358038768529 0.7835207274800456 0.02157584606613455 0.7075244310148232 0 0.7041643489167617 0 0.7831091904218928
0 0.006574687571265679 0.7832481824401367 0.022102229190421895 0.7908440068415051 0.04219984948688711 0.7196406773090079 0.028277801596351196 0.7113415210946408 0.006574687571265679 0.7832481824401367
0 0.2602022793614595 0.4109906727480046 0.2752951847206385 0.41284384834663623 0.2759645484606613 0.37818583694412766 0.2636735051311288 0.37607847890535917 0.2602022793614595 0.4109906727480046
0 0.2870139441277081 0.41158606727480046 0.3012731904218928 0.41543376282782213 0.3032645610034207 0.3797400820980616 0.28869013112884834 0.376754149372862 0.2870139441277081 0.41158606727480046
0 0.31703226225769665 0.4152718529076397 0.3347595553021665 0.4201451550741163 0.3367419600912201 0.3407275952109464 0.3162890045610034 0.3418086898517674 0.31703226225769665 0.4152718529076397
0 0.4847385769669327 0.5894978289623717 0.555562078677309 0.5736358084378563 0.5467585655644241 0.5479968209806158 0.481380110604333 0.5645274082098062 0.4847385769669327 0.5894978289623717
0 0.6878996864310147 0.5479582474344356 0.7055304287343215 0.5447328529076396 0.6807552805017104 0.4398678118586089 0.6639897628278222 0.4449956431014824 0.6878996864310147 0.5479582474344356
0 0.7108424435575826 0.5435873101482326 0.7295067366020525 0.5392908289623717 0.7042968563283923 0.4379663842645382 0.6878935188141391 0.4401444925883694 0.7108424435575826 0.5435873101482326
0 0.7560741208665906 0.48175754618015965 0.7927379395667047 0.47697603762827817 0.7835876761687571 0.4249417958950969 0.7526923329532497 0.42833470467502854 0.7560741208665906 0.48175754618015965
0 0.9283589304446979 0.5259724161915621 0.9763935883694413 0.5192921995438997 0.9719728232611174 0.47742103078677306 0.9217288814139111 0.48263198859749146 0.9283589304446979 0.5259724161915621
0 0.6386708289623717 1 0.6490184002280501 0.96604869327252 0.6374519087799316 0.9580403375142531 0.6237711391106043 1 0.6386708289623717 1
0 0.21682741619156215 0.8890256180159636 0.23524232497149375 0.8996710558722919 0.24283072405929304 0.8670621619156214 0.22509569555302167 0.8654827833523375 0.21682741619156215 0.8890256180159636