0 0.052657805017103765 0.6403273409350058 0.047276963511972636 0.6744562428734321 0.08533310490307867 0.6823333295324971 0.09296672976054733 0.6519358221208665 0.052657805017103765 0.6403273409350058
0 0.2798352086659065 0.712238330672748 0.22590017103762827 0.6919665051311289 0.20696487115165338 0.727759685290764 0.2704012668187001 0.7474615245153935 0.2798352086659065 0.712238330672748
0 0.3868390456100342 0.8090633124287344 0.42342902964652224 0.8147307343215507 0.43599818700114024 0.7611936316989738 0.4001705096921323 0.74954182668187 0.3868390456100342 0.8090633124287344
0 0.5403398985176738 0.8948015940706956 0.5808980558722919 0.9035678916761687 0.5925776225769669 0.8525297035347776 0.5505222428734321 0.8413135484606614 0.5403398985176738 0.8948015940706956
0 0.619556046750285 0.9699388859749144 0.6270678289623718 0.9385362348916761 0.5976063454960091 0.925153496009122 0.5844463375142531 0.9616984481185861 0.619556046750285 0.9699388859749144
0 0.6665196978335234 0.9480365758266819 0.6786377559863169 0.9298145564424173 0.6500939897377424 0.916585181299886 0.6420988358038768 0.9367174207525656 0.6665196978335234 0.9480365758266819
0 0.69000148004561 0.9200522120866591 0.69446161345496 0.9027720433295325 0.6617800114025085 0.8948316795895097 0.6546500444697834 0.9073942428734322 0.69000148004561 0.9200522120866591
0 0.7751718779931585 0.9535377730900798 0.7974909885974915 0.9672276123147092 0.8876576020524516 0.956156543899658 0.7932572759407069 0.9181307366020525 0.7751718779931585 0.9535377730900798
0 0.7320904629418472 0.7122882770809579 0.7366542645381984 0.6812491664766248 0.6757810387685291 0.6678066111744584 0.6743498187001141 0.7024344561003422 0.7320904629418472 0.7122882770809579
0 0.9151707023945268 0.7125187514253136 0.9295361288483466 0.6784831003420753 0.8678675142531357 0.6585626282782212 0.8581853740022805 0.6942004116305587 0.9151707023945268 0.7125187514253136
0 0.763607669327252 0.45741311972633975 0.7946422462941847 0.4763124538198404 0.8285402987457241 0.4356957582668187 0.7988273500570126 0.417828992018244 0.763607669327252 0.45741311972633975
0 0.904222267958951 0.12639194298745723 0.8804263352337515 0.09823833409350057 0.8179106111744583 0.15425588027366022 0.846501496009122 0.1824850695553022 0.904222267958951 0.12639194298745723
0 0.41123599885974915 0.320792763968073 0.366092197263398 0.35263173204104903 0.40099095667046747 0.3981302839224629 0.4414706237172178 0.36728116989737747 0.41123599885974915 0.320792763968073
0 0.4653738905359179 0.22091617445838083 0.43769442303306727 0.24395807981755985 0.4733978437856329 0.28626603420752567 0.5093293454960091 0.2573512462941847 0.48376543899657926 0.22941471949828962 0.4805798962371722 0.2375747001140251 0.4653738905359179 0.22091617445838083
0 0.7487688973774231 0.921203534777651 0.7644574994298745 0.8882002611174459 0.7295145427594071 0.8715738688711516 0.7076892291904219 0.900881850627138 0.7487688973774231 0.921203534777651
0 0.5616772383124288 0.32802027480045615 0.57522369327252 0.2970715017103763 0.5400112098061574 0.28068600114025083 0.5232076111744584 0.3070443785632839 0.5616772383124288 0.32802027480045615
0 0.5986270832383124 0.1758674732041049 0.5904709361459521 0.16790523261117446 0.5468577366020525 0.2073251117445838 0.5572842679589509 0.21672607297605476 0.5986270832383124 0.1758674732041049
0 0.5743327844925883 0.23622339908779932 0.6156639566704675 0.19768035233751424 0.5990388289623717 0.18896492018244015 0.5621196180159636 0.22688753477765108 0.5743327844925883 0.23622339908779932
0 0.8319206830102622 0 0.8134834948688712 0.015887470923603195 0.8460035438996579 0.046885012542759404 0.871616267958951 0.02162689851767389 0.8506887822120867 0 0.8319206830102622 0
0 0.6216813968072976 0.27104857354618017 0.6468211790193842 0.29067169783352337 0.673708496009122 0.25629339566704673 0.6552147423033068 0.2396544424173318 0.6216813968072976 0.27104857354618017
0 0.48004867274800456 0.3404326898517674 0.510544062713797 0.3695567605473204 0.5283291984036488 0.3536283819840365 0.4991388164196123 0.32782470923603196 0.48004867274800456 0.3404326898517674
0 0.3561790855188141 0.17934033751425313 0.384908244013683 0.20868284834663625 0.41073785632839227 0.18519115621436716 0.3843308768529076 0.15282435005701253 0.3561790855188141 0.17934033751425313
0 0.3767410798175599 0.2055029087799316 0.3522832725199544 0.17683078563283924 0.3030272565564424 0.19955137742303308 0.33248512770809574 0.23484160205245155 0.3767410798175599 0.2055029087799316
0 0.4438061128848347 0.15244519156214367 0.41795295781071834 0.12215291676168757 0.39883332725199544 0.1393927662485747 0.41593029418472066 0.16901591448118586 0.4438061128848347 0.15244519156214367