0 1 0.5611040216647663 0.9372272736602052 0.5700985108323832 0.9451237958950969 0.6449928015963512 1 0.6348059030786773 1 0.5611040216647663
0 0.23473821208665904 0.2524648551881414 0.22896354047890538 0.20094992816419613 0.19135448232611174 0.20064229646522233 0.1968399794754846 0.2537813033067275 0.23473821208665904 0.2524648551881414
0 0.29949877423033067 0.3052193945267959 0.3047114538198404 0.269719409350057 0.23320815393386546 0.2757518392246294 0.23475610604332953 0.3117538711516534 0.29949877423033067 0.3052193945267959
0 0.20485995781071836 0.7997746419612315 0.2014313409350057 0.7665608095781071 0.13212488939566705 0.779219236031927 0.13358354047890536 0.8069742896237172 0.20485995781071836 0.7997746419612315
0 0.21842526567844925 0.9381106944127708 0.10176139452679589 0.9517117251995438 0.1128104378563284 0.9773956670467503 0.2191181778791334 0.9603623055872292 0.21842526567844925 0.9381106944127708
0 0.7522574025085519 0.796226725199544 0.7490553717217788 0.7641785735461802 0.7098340399087799 0.7649117662485747 0.7144724629418472 0.7981260136830103 0.7522574025085519 0.796226725199544
0 0.8338025553021664 0.28727568757126565 0.8317740296465223 0.23321799429874573 0.7671491242873432 0.24659000114025087 0.7733564184720638 0.2972106374002281 0.8338025553021664 0.28727568757126565
0 0.1874062896237172 0.18966585404789052 0.18410704446978338 0.15400583010262256 0.13860579703534778 0.15827411060433297 0.14433441847206385 0.19864463283922462 0.1874062896237172 0.18966585404789052
0 0.4375657172177879 0.1960982417331813 0.43567466590649945 0.18012974800456102 0.36403915165336376 0.18703786887115165 0.36290248004561 0.20456108209806156 0.4375657172177879 0.1960982417331813
0 0.36119563968072976 0.0929613614595211 0.36011277879133413 0.07804709007981757 0.3152946111744584 0.08582132155074117 0.3149796123147092 0.10133998403648802 0.36119563968072976 0.0929613614595211
0 0.17887209350057012 0.8187427958950969 0.12613993044469785 0.8247572576966932 0.12533554047890536 0.8642408551881413 0.1819253078677309 0.8562652337514254 0.17887209350057012 0.8187427958950969
0 0.6551648848346636 0.45873658152793617 0.6208979703534777 0.4569277217787914 0.6182805792474345 0.5494011402508552 0.657120677309008 0.5466902930444698 0.6551648848346636 0.45873658152793617
0 0.6935818916761687 0.656374944127708 0.690690205245154 0.610348251995439 0.6153180114025086 0.6245072736602052 0.6166975142531357 0.665874394526796 0.6935818916761687 0.656374944127708
0 0.8788624116305588 0.6312507776510833 0.874317882554162 0.5891761345496008 0.8279782884834664 0.5922432485746865 0.8315128586088939 0.633797921322691 0.8788624116305588 0.6312507776510833
0 1 0.6600575655644242 0.9830567468643101 0.6609941562143672 0.989460378563284 0.7017173603192702 1 0.6999704891676168 1 0.6600575655644242