0 0.7976811242873432 0.7363393340935005 0.8502028688711517 0.7420952109464082 0.8529529623717218 0.6857435279361459 0.8000980957810718 0.6838331550741164 0.7976811242873432 0.7363393340935005
0 0.6851618472063854 0.7609096134549601 0.70197644013683 0.7260758107183581 0.6679869258836943 0.7085214355758267 0.6539425860889396 0.7390849532497149 0.6851618472063854 0.7609096134549601
0 0.9555347810718359 0.38132648004561004 0.9722346385404789 0.3762446488027366 0.9601020832383125 0.3283754675028506 0.9400957890535918 0.3335236898517674 0.9555347810718359 0.38132648004561004
0 0.8151618700114025 0.45989939680729763 0.8481437445838084 0.44881215165336374 0.8282243568985177 0.3667712348916761 0.7876577673888255 0.376433740022805 0.8151618700114025 0.45989939680729763
0 0.8060489623717217 0.3485534184720639 0.7978774800456101 0.30691322006841504 0.7476269418472063 0.31887455644241736 0.7545497924743444 0.36459540706955534 0.8060489623717217 0.3485534184720639
0 0.7185831003420752 0.5013571413911061 0.7010480866590649 0.4656093819840365 0.6523384036488027 0.48958246294184715 0.6649969407069555 0.5214180273660205 0.7185831003420752 0.5013571413911061
0 0.5538660205245154 0.37377345952109464 0.5796340798175599 0.34343611060433293 0.5397080456100343 0.3293338472063854 0.5228124298745724 0.3495795860889396 0.5538660205245154 0.37377345952109464
0 0.03374245724059293 0 0.032919458380843786 0.011769428734321552 0.06035341961231471 0.04106855872291904 0.09206742987457242 0 0.03374245724059293 0
0 0.0779176157354618 0.07086636031927024 0.032463860889395665 0.018284768529076397 0.02504994754846066 0.1243086818700114 0.0779176157354618 0.07086636031927024
0 0.12575457354618017 0.3099105974914481 0.09854807297605472 0.3377696944127708 0.1423165701254276 0.375947078677309 0.16304514823261118 0.3434686031927024 0.12575457354618017 0.3099105974914481
0 0.24769051083238314 0.6059202953249715 0.2853075267958951 0.5817683055872291 0.2545204059293044 0.5337835039908779 0.22099575256556442 0.5534616271379703 0.24769051083238314 0.6059202953249715
0 0.5101859441277081 0.493926992018244 0.5414486579247435 0.5002794925883695 0.5441408209806158 0.461779755986317 0.5110453010262258 0.45827509122006843 0.5101859441277081 0.493926992018244
0 0.13277902394526797 0 0.0934051322690992 0.07075738768529076 0.14533073318129988 0.10295797263397947 0.1981588574686431 0.0030872976054732043 0.19241897833523375 0 0.13277902394526797 0
0 0.8148434207525656 0.9250289657924744 0.7724089190421892 0.8414105062713797 0.7036224515393387 0.880051645381984 0.7532411026225769 0.953754905359179 0.8148434207525656 0.9250289657924744