0 0.25954836031927025 0.21115865678449258 0.2981907103762828 0.13887534435575827 0.20451789737742304 0.10422844469783352 0.1706532645381984 0.17080175940706954 0.25954836031927025 0.21115865678449258
0 0.11929370923603193 0 0.11364713340935007 0.014505539338654505 0.15417593728620296 0.02651869897377423 0.16530862371721777 0 0.11929370923603193 0
0 0.6809187263397947 0.13854513112884834 0.6982471231470923 0.08728186659064995 0.6672755028506271 0.07236743557582667 0.6440570342075257 0.1257233591790194 0.6809187263397947 0.13854513112884834
0 0.5208064606613455 0.27023022690992016 0.5444441379703535 0.2214211550741163 0.491749236031927 0.19165937514253137 0.4630559942987457 0.24030158152793613 0.5208064606613455 0.27023022690992016
0 0.4815230307867731 0.5076605963511973 0.50118669327252 0.47394066248574684 0.43355515849486886 0.4556601619156215 0.4214133363740023 0.48881795096921327 0.4815230307867731 0.5076605963511973
0 0.1529094116305587 0.5327674082098062 0.08459326339794755 0.5124652086659065 0.07288380957810718 0.5386691596351197 0.14296989623717218 0.5591573876852908 0.1529094116305587 0.5327674082098062
0 0.058767696693272524 0.6332131083238313 0.06012577765108324 0.5975707514253136 0.021743448118586087 0.5935366054732041 0.013703868871151654 0.6302661995438997 0.058767696693272524 0.6332131083238313
0 0.6049849703534778 0.8212446670467504 0.6064052770809577 0.7850102588369441 0.4893126248574686 0.7942447685290764 0.48654738768529077 0.8290746499429875 0.6049849703534778 0.8212446670467504
0 0.29159285176738886 0.9457652827822121 0.29842057696693275 0.9035398460661346 0.2069341117445838 0.8906783238312429 0.19854219384264538 0.9336003238312428 0.29159285176738886 0.9457652827822121
0 0.4008678905359179 0.7240417594070696 0.39849712200684145 0.6897954036488027 0.3531246921322691 0.6897995929304447 0.35589992930444697 0.7258779498289624 0.4008678905359179 0.7240417594070696
0 0.7226216123147092 0.6051698643101482 0.7550753945267958 0.5179233238312428 0.689028432155074 0.49592716533637404 0.6506383534777651 0.585676275940707 0.7226216123147092 0.6051698643101482
0 0.8331192862029647 0.18436480273660205 0.8510676681870012 0.12720277993158494 0.8162578095781072 0.11758019384264538 0.7998843204104903 0.17395879703534778 0.8331192862029647 0.18436480273660205
0 0.7423646259977195 0.04241480273660205 0.7049153637400228 0.04086366590649943 0.7000156887115165 0.07613535803876853 0.7378694218928165 0.079518496009122 0.7423646259977195 0.04241480273660205
0 0.9488635952109464 1 0.9515758449258837 0.9715922098061573 0.9013636864310148 0.9636658141391106 0.896201834663626 0.998576874572406 0.9034193010262258 1 0.9488635952109464 1
0 0.3444991379703535 0.6298445359179019 0.3487479669327252 0.5950998871151654 0.32203905473204103 0.587940701254276 0.30910033637400225 0.6201600501710376 0.3444991379703535 0.6298445359179019
0 0.9504071676168757 0.7782216830102622 0.9476022793614595 0.7481057023945268 0.9226774253135689 0.746678464082098 0.9241536282782212 0.7809156374002281 0.9504071676168757 0.7782216830102622
0 0.5669165575826681 0.46772726681870014 0.5818279623717217 0.45080573432155074 0.5276205108323831 0.42976958722919045 0.518458716077537 0.44593484834663627 0.5669165575826681 0.46772726681870014
0 0.18803003762827822 0.30086185974914476 0.2110151527936146 0.2525812223489168 0.1925772462941847 0.2433973762827822 0.17239643671607754 0.29623831242873433 0.18803003762827822 0.30086185974914476