0 0.8959363055872291 0.5630708403648803 0.8737007913340935 0.5631559885974915 0.858574622576967 0.6359057172177879 0.885010425313569 0.6379871254275942 0.8959363055872291 0.5630708403648803
0 0.6625020136830103 0.5429307137970354 0.6015693591790193 0.5332799293044469 0.5919818152793614 0.5786512029646522 0.6533993409350056 0.5877776316989738 0.6625020136830103 0.5429307137970354
0 0.6687601710376282 0.4465354196123147 0.6554425655644242 0.4396169087799316 0.6395735781071836 0.5170566123147092 0.6546464481185862 0.5230508278221209 0.6687601710376282 0.4465354196123147
0 0.644925047890536 0.4415580045610034 0.6315421584948689 0.4388372109464082 0.6192540068415052 0.5126360068415051 0.6345361163055872 0.5135535769669327 0.644925047890536 0.4415580045610034
0 0.6132390581527936 0.36860777194982897 0.5830436088939567 0.3734437023945268 0.5844738939566705 0.4061339817559863 0.6114413329532498 0.4034903842645382 0.6132390581527936 0.36860777194982897
0 0.48498931128848344 0.30621442645381985 0.45042330558722915 0.3007397092360319 0.43812636830102625 0.38596056670467505 0.47151152565564425 0.38854307525655646 0.48498931128848344 0.30621442645381985
0 0.48091026111744584 0.2220083557582668 0.4217936670467503 0.2198590205245154 0.40452020296465224 0.2940705222348917 0.469263748004561 0.30312259064994296 0.48091026111744584 0.2220083557582668
0 0.41781514367160777 0.07434987115165335 0.37171690763968074 0.06584632611174458 0.35381149486887115 0.1447669464082098 0.4055856431014823 0.1508647194982896 0.41781514367160777 0.07434987115165335
0 0.5079021619156214 0.009867450399087799 0.46982214595210947 0.003836168757126568 0.4616123033067274 0.06325212542759406 0.5022972759407069 0.06338390421892817 0.5079021619156214 0.009867450399087799
0 0.6704743637400229 0.17027580045610033 0.6337516944127709 0.1632556180159635 0.6252064686431015 0.21991485632839225 0.6586576282782212 0.22972163397947548 0.6704743637400229 0.17027580045610033
0 0.2965826009122007 0.18379645496009123 0.22772769555302166 0.17108745610034207 0.21223724059293045 0.23476063740022804 0.2851964732041049 0.240004157354618 0.2965826009122007 0.18379645496009123
0 0.23622164424173317 0.09849117217787913 0.22129767388825541 0.09792931927023944 0.20842283922462942 0.17163677309007982 0.2270622269099202 0.1748895393386545 0.23622164424173317 0.09849117217787913
0 0.21281633751425313 0.09839104218928164 0.19934056556442417 0.0962566898517674 0.18597241847206386 0.1692832793614595 0.19880927936145953 0.17131643785632839 0.21281633751425313 0.09839104218928164
0 0.1890670969213227 0.10424795096921323 0.17587021778791334 0.1003527354618016 0.16204441163055872 0.16489230330672747 0.17624454846066137 0.1659390832383124 0.1890670969213227 0.10424795096921323
0 0.17940696807297604 0.36241682326111746 0.18504393044469783 0.3230309201824401 0.1386846031927024 0.31779393500570124 0.13139303420752566 0.35841748916761684 0.17940696807297604 0.36241682326111746
0 0.07496358722919041 0.7943349703534778 0.08711025655644242 0.7517736282782213 0.0514083740022805 0.7494253363740023 0.04203333409350057 0.7861135758266818 0.07496358722919041 0.7943349703534778
0 0 0.9270403420752565 0.024503652223489165 0.9309213397947548 0.03413763740022805 0.8852568460661346 0 0.8853745689851766 0 0.9270403420752565
0 0.11737670581527936 0.18907749486887115 0.06458275370581527 0.18492381185860887 0.054537872291904224 0.2179006339794755 0.10655954047890537 0.22704020182440138 0.11737670581527936 0.18907749486887115
0 0.619254307867731 0.315456889395667 0.6048788483466363 0.32279845952109465 0.6183955758266818 0.3549984378563284 0.6315008939566704 0.35076203078677304 0.619254307867731 0.315456889395667