0 0.41501526111744586 0.1670034857468643 0.41361126111744584 0.18610020296465224 0.5647507844925883 0.21461687343215508 0.568770030786773 0.19640832497149374 0.41501526111744586 0.1670034857468643
0 0.41032200912200684 0.19347172405929303 0.4103261288483466 0.21348156898517673 0.5551990444697833 0.24393726339794752 0.5634406602052451 0.21845597035347775 0.41032200912200684 0.19347172405929303
0 0.5582995222348917 0.24994900912200685 0.40749420410490306 0.2201488677309008 0.4021482257696693 0.2406904937286203 0.5565258289623717 0.26730645724059293 0.5582995222348917 0.24994900912200685
0 0.4067784184720638 0.2481949361459521 0.4037200524515393 0.26522003420752566 0.5519556989737743 0.29435394298745726 0.5527412588369441 0.2723552029646522 0.4067784184720638 0.2481949361459521
0 0.3981073740022805 0.273083818700114 0.3948363979475485 0.29197195553021665 0.5450624697833524 0.3218952189281642 0.5538970159635119 0.2977830684150513 0.3981073740022805 0.273083818700114
0 0.3960352896237172 0.29474900228050166 0.38616655758266816 0.3168589828962372 0.5455588517673888 0.344228488027366 0.5458245564424173 0.3240526670467503 0.3960352896237172 0.29474900228050166
0 0.39134018358038763 0.3212160376282782 0.38810807753705817 0.3431277913340935 0.5298305473204105 0.3730407023945268 0.5363230148232611 0.3478976567844926 0.39134018358038763 0.3212160376282782
0 0.38814421436716073 0.34615358722919043 0.3820051755986317 0.3686832291904219 0.5255603375142531 0.3957801277080958 0.5275074458380844 0.3735344925883694 0.38814421436716073 0.34615358722919043
0 0.38063439566704677 0.37079404446978337 0.3768699543899658 0.3873606100342075 0.5202143591790194 0.41632175370581526 0.5274606419612314 0.3961605324971494 0.38063439566704677 0.37079404446978337
0 0.1279408905359179 0.09582160889395668 0.1273707787913341 0.2245053135689852 0.18798659635119727 0.22981389395667046 0.18740786659064992 0.10286476396807297 0.1279408905359179 0.09582160889395668
0 0 0.19049708209806157 0.04754912428734321 0.20023486431014823 0.051112128848346636 0.14274720524515394 0 0.13971913568985175 0 0.19049708209806157
0 0.39138789053591794 0.050133885974914486 0.36957566818700116 0.18454517331812997 0.4181186556442418 0.19302692816419612 0.436299023945268 0.057235906499429876 0.39138789053591794 0.050133885974914486
0 0.7157114868871152 0.3165500513112885 0.7963217571265678 0.3188211117445838 0.8026868529076396 0.21740818015963514 0.7118611915621437 0.21419032953249714 0.7157114868871152 0.3165500513112885
0 0.7381897753705815 0.0024949441277080956 0.7389185735461802 0.03448146408209806 0.7933204834663626 0.036257927023945265 0.7924673591790193 0.003694014823261117 0.7381897753705815 0.0024949441277080956
0 0.8445722725199544 0.03749313683010262 0.8426952611174457 0.06578762941847206 0.8877400034207527 0.06495089167616876 0.8826053648802736 0.03365486202964652 0.8445722725199544 0.03749313683010262