0 0.3833669087799316 0.5903805165336374 0.4140318061573546 0.5866704310148232 0.4030129429874572 0.44941507525655644 0.3722634789053592 0.45163650513112885 0.3833669087799316 0.5903805165336374
0 0.33745524173318125 0.9038221402508552 0.330771637400228 0.8519995461801597 0.2833161242873432 0.8514723842645382 0.2914333249714937 0.9006967366020524 0.33745524173318125 0.9038221402508552
0 0.355007763968073 1 0.3522014754846066 0.9710017742303306 0.3252052189281642 0.9703005393386545 0.3290669635119726 1 0.355007763968073 1
0 0.3141388802736602 1 0.3145540228050171 0.9655018244013682 0.2764928928164196 0.9693520045610035 0.27938348004561003 1 0.3141388802736602 1
0 0.17042793272519954 0.8163730490307868 0.16676815051311286 0.7647234925883695 0.13258340935005702 0.7647311641961231 0.1369042645381984 0.8210844937286202 0.17042793272519954 0.8163730490307868
0 0.04023341049030787 0.346605251995439 0.07567672862029647 0.3470202850627138 0.07212771949828962 0.2836632497149373 0.034652429874572406 0.2898294355758267 0.04023341049030787 0.346605251995439
0 0.13596497605473204 0.046248000000000004 0.0995412189281642 0.051666817559863173 0.11316497035347776 0.1528823432155074 0.14775329418472063 0.14981844925883694 0.13596497605473204 0.046248000000000004
0 0.7448539224629419 0.486813338654504 0.7320215450399088 0.36989737970353476 0.7188256385404789 0.3741502839224629 0.7285608757126568 0.48610525085518813 0.7448539224629419 0.486813338654504
0 0.5906190205245154 0.5714460775370581 0.6032985085518815 0.572062433295325 0.5962236339794755 0.5059032086659065 0.58581034663626 0.507366701254276 0.5906190205245154 0.5714460775370581
0 0.8952909646522235 0.5202330376282782 0.9105352018244013 0.539076078677309 0.9101585131128849 0.44679290992018245 0.8960440992018245 0.4487765621436716 0.8952909646522235 0.5202330376282782
0 0.8040486009122007 0.8226575074116306 0.8378934903078677 0.8244979315849488 0.8414654982896237 0.7688325096921323 0.7951052759407069 0.7675549851767388 0.8040486009122007 0.8226575074116306
0 1 0.6724854606613455 0.9769123603192703 0.6742489692132269 0.9816940535917902 0.7125499794754846 1 0.7102637377423033 1 0.6724854606613455
0 0.5611737673888255 0.810025275940707 0.5658010558722919 0.8429501425313569 0.6020184458380844 0.8360629429874573 0.5991749224629418 0.8148759315849488 0.5611737673888255 0.810025275940707
0 0.4516988916761688 0.8973596031927024 0.4806000923603193 0.8938989680729761 0.48091978791334095 0.8629754047890535 0.44909273660205246 0.8617507673888255 0.4516988916761688 0.8973596031927024
0 0.11157758608893957 0.9865334868871152 0.13223433751425315 0.9884270513112884 0.13332282668187 0.9534981368301025 0.10980730558722919 0.9526059315849487 0.11157758608893957 0.9865334868871152
0 0.2694896408209806 0.21965094184720638 0.2764738529076397 0.28642249258836944 0.34225307981755987 0.28077533637400226 0.3361968631698974 0.19798435689851768 0.2694896408209806 0.21965094184720638