0 1 0.1565606134549601 0.9573235917901939 0.16153297263397945 0.9626973477765108 0.2275446237172178 1 0.22688180045610032 1 0.1565606134549601
0 0.891461921322691 0.46799582896237174 0.8896662269099203 0.5368499760547321 0.9432016841505131 0.5303614344355758 0.9396465792474344 0.46052156556442414 0.891461921322691 0.46799582896237174
0 0.8345564104903079 0.7710504093500571 0.8844598449258837 0.7671707537058153 0.8863057879133409 0.6953482805017104 0.8310258061573546 0.7015078871151653 0.8345564104903079 0.7710504093500571
0 0.7316897833523376 0.7164030661345496 0.6960527673888255 0.7187502212086658 0.6958469623717218 0.7644723443557582 0.7291864640820981 0.7626789247434436 0.7316897833523376 0.7164030661345496
0 0.5742033090079818 0.7659120877993157 0.5414796545039908 0.7712792998859749 0.5408993614595211 0.804524236031927 0.572798457240593 0.8027056750285063 0.5742033090079818 0.7659120877993157
0 0.8257437480045611 0.4603164675028506 0.8049429612314709 0.4623287502850627 0.8054981755986318 0.4985627092360319 0.8286290273660206 0.49896645952109464 0.8257437480045611 0.4603164675028506
0 0.9276628449258836 0.05946852565564424 0.9134482098061573 0.05803428962371721 0.911944251995439 0.11026443557582669 0.9255636088939567 0.11169140592930445 0.9276628449258836 0.05946852565564424
0 0.8836054150513113 0.03435204218928164 0.8841827970353477 0.10324761231470925 0.9016362622576967 0.10830454960091221 0.8984224811858609 0.035204515393386544 0.8836054150513113 0.03435204218928164
0 0.5311523876852908 0.10540077194982896 0.49313196009122007 0.10829860319270239 0.49244801710376285 0.14748169669327255 0.5254308882554162 0.15251121892816422 0.5311523876852908 0.10540077194982896
0 0.7111627822120866 0.15901930330672748 0.7181397274800456 0.09916320068415051 0.6481981140250855 0.09556544127708096 0.6447576887115165 0.15667251767388826 0.7111627822120866 0.15901930330672748
0 0.6558086077537058 0.03334503534777651 0.6518175598631699 0.09206557696693272 0.7078294789053591 0.10046627366020525 0.7114973158494869 0.037880128848346635 0.6558086077537058 0.03334503534777651
0 0.7907062394526796 0.25839141277080957 0.7561720809578107 0.26550854275940705 0.7559367514253136 0.31301167046750283 0.7895248107183581 0.3130041117445838 0.7907062394526796 0.25839141277080957
0 0.8522647377423034 0.8782523511972634 0.839175275940707 0.880399236031927 0.8432965610034208 0.9161015997719498 0.855793953249715 0.9139428187001141 0.8522647377423034 0.8782523511972634
0 0.7694571345496009 0.9658830068415051 0.7563883979475484 0.9668425712656784 0.7572026716077537 0.9882350410490308 0.7715326488027366 0.9870005701254276 0.7694571345496009 0.9658830068415051
0 0.7468474059293044 0.9696452348916762 0.7319888905359179 0.9711674002280501 0.7357978631698974 0.9908306214367161 0.749267449258837 0.9883934515393387 0.7468474059293044 0.9696452348916762
0 0.7236440182440137 0.9733971014823262 0.7058099669327252 0.9754611687571266 0.7126374857468643 0.9922078757126568 0.7243339042189281 0.9897397559863169 0.7236440182440137 0.9733971014823262