0 0.6750012645381983 0.4960648061573546 0.638542503990878 0.5304421505131128 0.667956134549601 0.5574144697833523 0.7040242474344356 0.519115432155074 0.6750012645381983 0.4960648061573546
0 0.9537967023945267 0.2071538677309008 0.9205315518814139 0.1941052314709236 0.8918818403648803 0.26213946978335234 0.9307733409350057 0.27279435689851766 0.9537967023945267 0.2071538677309008
0 0.7961388129988598 0.12192442189281642 0.765852724059293 0.0805319110604333 0.7278405849486888 0.11832811288483466 0.7674601630558723 0.15413438654503991 0.7961388129988598 0.12192442189281642
0 0.9532794161915621 0.09844018928164197 0.9232469304446977 0.08871642189281642 0.9160725530216648 0.12855976168757127 0.9473543603192703 0.13811632611174457 0.9532794161915621 0.09844018928164197
0 0.43667326339794754 0.9169930102622577 0.3827413911060433 0.9358023831242874 0.3923839988597492 0.9690549726339795 0.445177441277081 0.9540065781071836 0.43667326339794754 0.9169930102622577
0 0.5295903945267959 0.9022811516533638 0.5686595632839224 0.8657885188141391 0.541236929304447 0.842609156214367 0.505711070695553 0.8794710638540478 0.5295903945267959 0.9022811516533638
0 0.5429646385404788 0.7806990387685291 0.5174074184720638 0.7511469418472063 0.49415903876852907 0.7791514868871151 0.5225858232611175 0.8054230638540479 0.5429646385404788 0.7806990387685291
0 0.37724921436716075 0.652831274800456 0.41330188711516536 0.605276795895097 0.3854434161915622 0.5862291984036488 0.3525308129988598 0.6323242212086659 0.37724921436716075 0.652831274800456
0 0.45725536259977195 0.7609442622576967 0.43172851197263395 0.7367685416191563 0.3848892827822121 0.7790101630558723 0.41065732269099203 0.8053008038768529 0.45725536259977195 0.7609442622576967
0 0.12919203990877992 0.9049741288483467 0.13424934549600911 0.8511768050171038 0.08192756556442418 0.8319460912200684 0.07945214709236033 0.9009402976054732 0.12919203990877992 0.9049741288483467
0 0.3144363523375142 0.3924956465222349 0.30458253477765107 0.3896689076396807 0.2923705222348917 0.42062448232611177 0.3032356271379703 0.42146794070695554 0.3144363523375142 0.3924956465222349
0 0.27833363968072977 0.49735883808437853 0.243328921322691 0.4895005484606614 0.23058847434435575 0.5198035632839225 0.2693619224629418 0.5307445530216648 0.27833363968072977 0.49735883808437853
0 0.3118633797035348 0.4340166545039909 0.2804333397947549 0.42056387457240596 0.2530266875712657 0.4881317445838084 0.2905213819840365 0.49983386202964647 0.3118633797035348 0.4340166545039909
0 0.41030486659064996 0.2019713614595211 0.35427915963511974 0.16682881527936147 0.3199374709236032 0.2151601448118586 0.3781070524515393 0.24694589851767387 0.41030486659064996 0.2019713614595211
0 0.24392981527936144 0.04060268757126568 0.21585339338654505 0.01794848802736602 0.18782253819840367 0.0687341755986317 0.22463302508551883 0.08723011630558722 0.24392981527936144 0.04060268757126568
0 0.06774185632839225 0.4441796807297605 0.03021754275940707 0.43187742873432156 0.01955890763968073 0.45941414709236034 0.056169505131128845 0.4716203637400228 0.06774185632839225 0.4441796807297605
0 0.08619819840364881 0.22880247206385407 0.05566920296465223 0.22380268415051313 0.03600062257696693 0.2689000558722919 0.07231663397947549 0.2754036157354618 0.08619819840364881 0.22880247206385407
0 0.24611599087799316 0.6050200182440137 0.2648571151653364 0.5801222941847206 0.23392202964652223 0.5619453717217788 0.21937800456100343 0.5866872086659065 0.24611599087799316 0.6050200182440137
0 0.5245988095781071 0.47249560433295323 0.5028736670467503 0.5030483283922463 0.5217809190421893 0.5277223420752566 0.5499044321550741 0.50291678677309 0.5245988095781071 0.47249560433295323