0 0.826703857468643 0.7271996750285062 0.8222060843785634 0.6884361858608895 0.7491517981755986 0.7090245347776511 0.7576927194982896 0.7459358517673889 0.826703857468643 0.7271996750285062
0 0.70918169327252 0.7979151790193842 0.6994616830102623 0.7398862314709236 0.6362833899657925 0.7568064184720639 0.6428385712656783 0.8164804538198404 0.70918169327252 0.7979151790193842
0 0.5656932269099202 0.8808169977194983 0.5237262052451539 0.9028027126567845 0.542502086659065 0.9497134971493728 0.5906054675028507 0.9302746841505132 0.5656932269099202 0.8808169977194983
0 0.7195457753705815 0.511491378563284 0.7054763272519954 0.4423778939566705 0.6603913432155075 0.4538664732041049 0.672561181299886 0.5256502234891677 0.7195457753705815 0.511491378563284
0 0.721561221208666 0.3400409555302166 0.6666846385404789 0.356382197263398 0.6716256442417331 0.3929500444697833 0.7305701915621436 0.3751339441277081 0.721561221208666 0.3400409555302166
0 0.69391486659065 0.24722775484606613 0.6846018358038768 0.22057654047890538 0.6506204275940707 0.22890631698973776 0.6527747035347777 0.2597139007981756 0.69391486659065 0.24722775484606613
0 0.680320968072976 0.20621674116305586 0.6735229110604333 0.18146189737742305 0.602331488027366 0.20311038312428734 0.6069134173318129 0.22600904446978337 0.680320968072976 0.20621674116305586
0 0.17226598517673888 0.4319097673888256 0.17209838312428735 0.3826311060433295 0.10032544241733181 0.39598588939566703 0.1033497126567845 0.43923496693272523 0.17226598517673888 0.4319097673888256
0 0.16197765678449258 0.3487075803876853 0.15903085404789052 0.315078094640821 0.10589121436716079 0.330701110604333 0.11101179475484606 0.3613028358038769 0.16197765678449258 0.3487075803876853
0 0.332770157354618 0.2599822554161916 0.32631868871151654 0.24443973888255416 0.291702 0.2522187377423033 0.2957452770809578 0.2674143352337514 0.332770157354618 0.2599822554161916
0 0.33014059179019384 0.23516773774230332 0.32504809122006845 0.2177351961231471 0.2899619030786773 0.22733419156214366 0.29341298631698975 0.24257276396807298 0.33014059179019384 0.23516773774230332
0 0.3240767810718358 0.21237896579247434 0.32067346978335237 0.1978011710376283 0.2818644526795895 0.20527656100342076 0.2870923375142531 0.2203893204104903 0.3240767810718358 0.21237896579247434
0 0 0.34747352109464086 0.0012278517673888255 0.35945334663626 0.05543545952109464 0.3463353728620297 0.054474906499429876 0.32834292474344356 0 0.3409779532497149 0 0.34747352109464086
0 0.2557624937286203 0.7268553808437856 0.2515549931584949 0.7092889030786773 0.21696581984036487 0.725995542759407 0.22071761459521094 0.7370451220068415 0.2557624937286203 0.7268553808437856
0 0.25410587229190423 0.7074204732041048 0.2456503010262258 0.6930315028506272 0.21039833181299886 0.7002597263397948 0.21321246750285064 0.7149460718358038 0.25410587229190423 0.7074204732041048
0 0.24733853705815279 0.6873608620296465 0.24178493044469784 0.6718683352337514 0.20457647662485745 0.6851869350057013 0.2089221322690992 0.6961949874572406 0.24733853705815279 0.6873608620296465
0 0.23695202622576966 0.6666599623717218 0.23368748004561002 0.6498107035347777 0.1969470763968073 0.6613109737742304 0.19908763055872292 0.6748540205245155 0.23695202622576966 0.6666599623717218
0 0.051243700114025084 0.18413735689851768 0.044693132269099205 0.13731931698973773 0.00974499087799316 0.1403583283922463 0.011926891676168758 0.1800951117445838 0.051243700114025084 0.18413735689851768
0 0.18725229418472064 0.2755146545039909 0.18059380729760546 0.23140918928164197 0.1379640992018244 0.24391804446978335 0.146629165336374 0.2826047149372862 0.18725229418472064 0.2755146545039909
0 0.6007482120866591 0.10375066704675028 0.5938523226909921 0.0733185062713797 0.5721575381984036 0.07840675142531357 0.5773609543899658 0.11019308551881414 0.6007482120866591 0.10375066704675028