0 0.35185344925883694 0.3858540285062714 0.3876303933865451 0.37344154389965795 0.37464377309007985 0.3194894994298746 0.3394781014823261 0.32982955530216646 0.35185344925883694 0.3858540285062714
0 0.5153605598631699 0.5732011744583808 0.5263159247434436 0.6212550775370581 0.5795936499429875 0.607354976054732 0.5675381641961231 0.5514733135689851 0.5153605598631699 0.5732011744583808
0 0.5906414230330672 0.732949070695553 0.6028623933865451 0.7900082234891677 0.638793716077537 0.7765610581527936 0.627151401368301 0.7236192554161917 0.5906414230330672 0.732949070695553
0 0.4641332542759407 1 0.4952734766248575 0.9898515689851768 0.47984924059293044 0.9356425245153934 0.4040398836944128 0.9622189749144812 0.4189429578107184 1 0.4641332542759407 1
0 0.31341212542759406 0.609978945267959 0.3243435678449259 0.6514407742303308 0.3543761117445838 0.6366073181299886 0.34782765336374 0.5985451448118586 0.31341212542759406 0.609978945267959
0 0.8772684389965792 0.4443701824401368 0.8761625461801597 0.4578663762827822 0.9510121391106043 0.4394040250855188 0.9474265290763968 0.4267123443557583 0.8772684389965792 0.4443701824401368
0 0.8736203740022805 0.42269034663626 0.8733116716077537 0.4375813534777651 0.927596401368301 0.42230268871151655 0.9287209703534778 0.4089506123147092 0.8736203740022805 0.42269034663626
0 0.22580704675028507 0.033621519954389965 0.23937458608893955 0.1087945496009122 0.2789103683010262 0.09964064652223488 0.26663647662485745 0.02939490307867731 0.22580704675028507 0.033621519954389965
0 0.27370462485746866 0.06046672177879133 0.2817722348916762 0.09863885404789054 0.3985217354618016 0.07503418129988597 0.3902042827822121 0.037217467502850626 0.27370462485746866 0.06046672177879133
0 0.1525035849486887 0.838378669327252 0.15750077651083239 0.871791174458381 0.19334946522234892 0.8577560376282781 0.18400914481185862 0.8254825005701255 0.1525035849486887 0.838378669327252
0 0.2647465952109464 0.6396089863169898 0.2778494868871152 0.6858557993158495 0.3199013774230331 0.673239905359179 0.30389071607753704 0.6191132770809579 0.2647465952109464 0.6396089863169898