0 0.6360511128848346 0.4428859908779932 0.605470857468643 0.4385329977194983 0.5805899623717218 0.5739633819840365 0.6108666111744584 0.5797761927023946 0.6360511128848346 0.4428859908779932
0 0.76152303990878 0.15200744469783353 0.7545662326111745 0.203794070695553 0.800268298745724 0.21658566020524517 0.8051678836944128 0.16693770125427593 0.76152303990878 0.15200744469783353
0 0.7981392725199543 0.03410822576966933 0.773381449258837 0.031068346636259975 0.7646666419612316 0.0833002953249715 0.7905615290763968 0.09096478221208666 0.7981392725199543 0.03410822576966933
0 0.8373685245153935 0.10448867388825542 0.8482457924743444 0.04026053249714937 0.8170038517673889 0.036424503990877995 0.7996077958950969 0.09835671721778792 0.8373685245153935 0.10448867388825542
0 0.9002255416191562 0.27970662827822124 0.890392732041049 0.3305434903078677 0.9234146419612315 0.33938374230330676 0.933826330672748 0.28383228620296463 0.9002255416191562 0.27970662827822124
0 0.9043989407069555 0.767164298745724 0.8702707434435576 0.7575900011402509 0.8573008141391105 0.8197067491448119 0.8950950912200684 0.8234499897377424 0.9043989407069555 0.767164298745724
0 0.7755001984036487 1 0.7838132850627139 0.9354101824401369 0.7496105359179019 0.9294175598631699 0.7390536351197263 1 0.7755001984036487 1
0 0.2600763135689852 0.44936447776510835 0.2422113614595211 0.5656178859749145 0.2560583614595211 0.5649252485746864 0.275630921322691 0.45426538882554157 0.2600763135689852 0.44936447776510835
0 0.43096035347776507 0.4075344595210946 0.4188724321550741 0.4036574127708096 0.4085829692132269 0.46939342873432155 0.41902021208665907 0.47067496123147096 0.43096035347776507 0.4075344595210946
0 0.12341494412770809 0.3781475564424173 0.11356707981755987 0.3560010775370581 0.09004629076396807 0.4452372668187001 0.10419317445838085 0.44697428620296464 0.12341494412770809 0.3781475564424173
0 0.28982151197263395 0.10964321208665906 0.2576061961231471 0.09910579703534778 0.23974863055872292 0.15194996123147095 0.2841985188141391 0.16518286431014825 0.28982151197263395 0.10964321208665906
0 0.05148668187001141 0.16472683808437857 0.04758969099201824 0.2013373044469783 0.08443698631698973 0.20825441847206386 0.08973125655644242 0.1700208905359179 0.05148668187001141 0.16472683808437857
0 0.5211511242873432 0.18470564310148233 0.5252030889395667 0.15170503306727479 0.48843723831242875 0.14898380729760546 0.48570026909920183 0.17018484606613454 0.5211511242873432 0.18470564310148233
0 0.6494995210946408 0.12868134321550742 0.6206874264538199 0.12454387913340935 0.6123750171037629 0.1543310045610034 0.6428006282782212 0.16375136031927023 0.6494995210946408 0.12868134321550742
0 1 0.13016612428734323 0.981648574686431 0.12340045496009122 0.9715569064994298 0.15685747320410492 0.994040236031927 0.1638055416191562 1 0.13579857810718357 1 0.13016612428734323
0 0.6500962326111746 0.8304568665906499 0.6606317514253136 0.7641528540478906 0.5956323067274801 0.7525826716077537 0.5800542793614595 0.8341200809578108 0.6500962326111746 0.8304568665906499