0 0.6865667069555302 0.5585443797035348 0.6893621881413912 0.5961124823261118 0.8045012941847206 0.5914538882554162 0.8004577913340936 0.5550095096921323 0.6865667069555302 0.5585443797035348
0 0.3843426966932725 0.5094411527936146 0.3913336864310148 0.5804934709236033 0.4382660205245154 0.5823585245153934 0.4325603078677309 0.5037991231470924 0.3843426966932725 0.5094411527936146
0 0.35033859749144813 0.5789380102622577 0.3038455507411631 0.5800656716077537 0.3120256157354618 0.6511787411630559 0.3603315849486887 0.6495530900798175 0.35033859749144813 0.5789380102622577
0 0.5078529771949829 0.12922786316989737 0.5134952189281642 0.18060606727480047 0.5508970159635119 0.18256621208665907 0.5434116419612315 0.1265899315849487 0.5078529771949829 0.12922786316989737
0 0.588866441277081 0.8438846932725199 0.5957535302166477 0.8828547924743443 0.6720549749144812 0.8809141915621437 0.6700107594070696 0.8404157662485747 0.588866441277081 0.8438846932725199
0 0.7700081596351197 0.7838811220068416 0.773120245153934 0.8380979851767388 0.8487652075256557 0.8373089806157354 0.8432259669327252 0.7782928882554162 0.7700081596351197 0.7838811220068416
0 0.7715993181299886 0.5944813945267959 0.7161702303306727 0.5957353021664766 0.7180280672748004 0.6113977491448118 0.7706369087799316 0.6128452542759407 0.7715993181299886 0.5944813945267959
0 0.8829029167616875 0.5153747240592931 0.8883806419612315 0.547142441277081 0.9164707377423033 0.5450518871151654 0.9143270364880274 0.5121242554161916 0.8829029167616875 0.5153747240592931
0 0.9078951128848347 0.14068953363740022 0.906828802736602 0.12697117673888256 0.8681464310148232 0.12672604903078677 0.8702318825541618 0.1437178551881414 0.9078951128848347 0.14068953363740022
0 0.896514472063854 0.11930210490307867 0.8949792782212087 0.10318561117445837 0.8578290068415052 0.10777103648802736 0.862444205245154 0.1219319851767389 0.896514472063854 0.11930210490307867
0 0.8475346624857469 0.24741427366020524 0.8388035769669326 0.2095350992018244 0.8104514412770809 0.2109532063854048 0.8181329179019384 0.25181278449258837 0.8475346624857469 0.24741427366020524
0 0.9014472269099202 0.2864721801596351 0.9047518677309009 0.26882563511972635 0.8205480843785633 0.27391791448118585 0.8243339281641962 0.2925290570125427 0.9014472269099202 0.2864721801596351
0 0.8763480980615735 0.26555649030786777 0.8748440592930445 0.2488454982896237 0.813700677309008 0.2512081140250855 0.8231076738882553 0.27048779703534775 0.8763480980615735 0.26555649030786777
0 0.8418517810718358 0.7193370456100343 0.697653984036488 0.7218781744583809 0.7045320843785633 0.7496449498289623 0.8439549703534778 0.7473652177879133 0.8418517810718358 0.7193370456100343
0 0.49676828734321554 0.7951024800456101 0.453367259977195 0.7940154948688711 0.4566842200684151 0.8102284971493728 0.5002405393386545 0.808352362599772 0.49676828734321554 0.7951024800456101
0 0.4502287537058153 0.7516775906499429 0.4517343511972634 0.7683886624857469 0.49475824059293044 0.7652970604332954 0.49581371037628275 0.7451575108323831 0.4502287537058153 0.7516775906499429