0 0.7906896442417332 0.7231382246294185 0.7953650125427594 0.6817902041049031 0.7433544196123147 0.6680301721778792 0.7352122018244014 0.7163752782212087 0.7906896442417332 0.7231382246294185
0 0.2745776237172178 0.40067870011402507 0.26937899315849484 0.4324638015963512 0.3612934754846066 0.4543709851767389 0.3721856031927024 0.4177932417331813 0.2745776237172178 0.40067870011402507
0 0.3121277765108324 0.4765328437856329 0.26338086088939566 0.4671705621436716 0.25679031584948686 0.5018374640820981 0.30874892474344356 0.5078515632839224 0.3121277765108324 0.4765328437856329
0 0.08911431128848346 0.25256031242873433 0.08217851995438996 0.28363030672748 0.16127107753705813 0.30166332611174457 0.16662110148232612 0.26771319954389966 0.08911431128848346 0.25256031242873433
0 0.16363695667046751 0.15715447092360318 0.14997569099201824 0.21633159863169898 0.24518470125427594 0.233705992018244 0.25391317331812996 0.16846531128848347 0.16363695667046751 0.15715447092360318
0 0.11639971949828963 0.02406172291904219 0.10196363968072976 0.10283096579247433 0.1656853762827822 0.11085958950969213 0.17781622234891675 0.03100972063854048 0.11639971949828963 0.02406172291904219
0 0.053279481185860886 0.8245821425313569 0.05426923261117445 0.835963283922463 0.09112865678449258 0.8450895096921323 0.09588800570125429 0.8323764743443557 0.053279481185860886 0.8245821425313569
0 0.08192655302166477 0.8575435655644241 0.046718228050171035 0.8503183945267959 0.04343905017103763 0.8631881881413911 0.0802155290763968 0.8735005826681871 0.08192655302166477 0.8575435655644241
0 0.08006220182440137 0.884205023945268 0.0395245929304447 0.8766087594070696 0.04018133523375142 0.8927297787913342 0.07496157924743443 0.8975426499429875 0.08006220182440137 0.884205023945268
0 0.02845460205245154 0.6859126556442418 0.024784266818700114 0.7213773911060433 0.055929303306727476 0.7271280285062713 0.06274610148232611 0.6934590296465223 0.02845460205245154 0.6859126556442418
0 0.06819856442417332 0.5856940501710376 0.13277200570125428 0.5985438301026226 0.13832833523375143 0.5786893055872292 0.07169247776510831 0.5655198814139111 0.06819856442417332 0.5856940501710376
0 0 0.5393195336374003 0.013988922462941847 0.5437995872291904 0.026685380843785633 0.4686286966932725 0.0025591436716077536 0.46381682668187 0 0.5004142873432156 0 0.5393195336374003
0 0 0.6725909236031927 0.006059082098061573 0.6742250763968073 0.016327594070695554 0.6380313306727481 0 0.6301819897377423 0 0.6725909236031927
0 0.6116706716077537 0.41472264538198406 0.600674708095781 0.4443183249714937 0.6236196647662485 0.4566379566704675 0.6404820387685292 0.42405515849486886 0.6116706716077537 0.41472264538198406
0 0.609305952109464 0.38895742873432154 0.628472921322691 0.3617202884834664 0.5924282793614596 0.3324079749144812 0.5750535735461801 0.3681063728620297 0.609305952109464 0.38895742873432154
0 0.7751247092360319 0.32434666020524516 0.7713469589509692 0.3443239885974914 0.8196795872291904 0.3596108654503991 0.8249450718358038 0.3396373238312429 0.7751247092360319 0.32434666020524516