0 0.8015347651083239 0.4473653740022805 0.7622515917901939 0.4814252542759407 0.8959574538198404 0.6166262462941847 0.9323793534777651 0.5864034070695553 0.8015347651083239 0.4473653740022805
0 0.8233086590649943 0.8425637491448118 0.7909856316989737 0.8719342816419613 0.8482799543899657 0.9350400456100342 0.8859954925883695 0.9121567046750284 0.8233086590649943 0.8425637491448118
0 0.7222173021664767 1 0.7004962930444698 0.9733867571265677 0.6731416282782211 0.9958677799315849 0.6763196624857468 1 0.7222173021664767 1
0 0.37298865906499434 0.9187907080957811 0.4171650615735462 0.9684686237172179 0.44918215621436713 0.9468954766248574 0.407060945267959 0.8913121482326112 0.37298865906499434 0.9187907080957811
0 0.4650309806157355 0.6786553101482325 0.42239616647662487 0.7175026898517675 0.45923184378563287 0.7582772873432155 0.5022926351197263 0.7203420079817561 0.4650309806157355 0.6786553101482325
0 0.3452348494868871 0.7037121835803877 0.31393086088939565 0.7278402143671608 0.33747232269099203 0.7545462383124287 0.37169450741163057 0.729400070695553 0.3452348494868871 0.7037121835803877
0 0.128064590649943 0.8065256180159635 0.09837732725199544 0.8285516385404789 0.12200834777651083 0.8594645438996579 0.15489777765108323 0.8365153762827822 0.128064590649943 0.8065256180159635
0 0.5067246054732041 1 0.5202655701254276 0.9981775917901938 0.4927081505131129 0.964142503990878 0.45372536031927024 0.9888694789053591 0.46850812542759407 1 0.5067246054732041 1
0 0.9554063603192703 0.4772749817559863 0.9936198734321551 0.43938277879133414 0.9628691254275941 0.40308906613454965 0.9251881847206386 0.44602079361459523 0.9554063603192703 0.4772749817559863
0 0.8801495450399088 0.179844417331813 0.8086739087799315 0.24571488711516531 0.8944517879133409 0.3427587981755986 0.9774734663625998 0.2672852953249715 0.8801495450399088 0.179844417331813
0 0.8076561778791335 0.18871564538198404 0.8338892508551882 0.21556921550741162 0.865776377423033 0.1915529441277081 0.8380210684150513 0.16319534777651085 0.8076561778791335 0.18871564538198404
0 0.6076110467502851 0.41813054503990876 0.580030393386545 0.44177418472063856 0.6213734697833523 0.4842542303306728 0.6419603272519954 0.4592495438996579 0.6076110467502851 0.41813054503990876
0 0.5194256567844926 0.47350097833523375 0.49301038768529076 0.4973727366020525 0.5331133842645381 0.5415648072976055 0.5572531790193842 0.5122765381984037 0.5194256567844926 0.47350097833523375
0 0.6492565564424173 0.306578929304447 0.6899359110604333 0.3555770877993159 0.7229887206385405 0.3317874025085519 0.6769335290763968 0.2793280171037628 0.6492565564424173 0.306578929304447
0 0.8154329942987457 0.08024888027366021 0.7697876202964652 0.044351673888255415 0.7394551505131128 0.0588140558722919 0.7848418164196124 0.1069333261117446 0.8154329942987457 0.08024888027366021
0 0.683525598631699 0.027584035347776512 0.6103621801596352 0.015008371721778793 0.5804404207525655 0.04602832953249715 0.6227480718358039 0.08509375256556444 0.683525598631699 0.027584035347776512
0 0.4185258517673888 0.046605108323831246 0.3713431356898518 0.08396360205245153 0.40780733181299883 0.12664930558722917 0.4528560296465222 0.08470244583808438 0.4185258517673888 0.046605108323831246
0 0.5351990456100343 0.29588964994298744 0.5646068563283922 0.3281928631698973 0.6104936248574687 0.2881661938426454 0.5786566590649943 0.2559128928164196 0.5351990456100343 0.29588964994298744
0 0.2516566088939567 0.08668254047890536 0.2836272930444698 0.14003016875712657 0.31927140250855185 0.12157990193842645 0.28741401140250855 0.06764943329532497 0.2516566088939567 0.08668254047890536
0 0.19391682440136832 0.2561380193842645 0.21751413454960092 0.290336102622577 0.26848110262257696 0.2599591984036488 0.2385755370581528 0.22554089851767387 0.19391682440136832 0.2561380193842645
0 0.2312051094640821 0.4688421858608894 0.26450118015963514 0.44691278335233753 0.22944988711516534 0.400078259977195 0.19892909007981757 0.4232888745724059 0.2312051094640821 0.4688421858608894
0 0.35183185176738885 0.5297529555302166 0.2904740182440137 0.46888163854047893 0.2469019395667047 0.5063355142531357 0.2994020319270239 0.5660915165336374 0.35183185176738885 0.5297529555302166
0 0.38567681755986316 0.5018879828962372 0.35968517331813 0.47689593272519953 0.3325586282782212 0.49821157240592934 0.35589476738882553 0.5275215735461801 0.38567681755986316 0.5018879828962372
0 0.3931229623717218 0.43867869213226907 0.41391965792474344 0.47172593500570126 0.47798227366020524 0.4128746442417332 0.44825062143671607 0.3853410193842645 0.3931229623717218 0.43867869213226907
0 0.42608199543899655 0.35625636716077536 0.45380335803876853 0.37856510148232614 0.4768348734321551 0.35343074572405925 0.4546023432155074 0.334001929304447 0.42608199543899655 0.35625636716077536
0 0.3595259566704675 0 0.33787894070695557 0.013405418472063854 0.3790127023945268 0.0600740433295325 0.40824555872291907 0.04037755644241733 0.3813896316989738 0 0.3595259566704675 0
0 0.3860958848346636 0 0.40182755074116305 0.017375645381984037 0.4315396864310148 0 0.3860958848346636 0
0 0.007529245153933865 0.7202506499429874 0.042555854047890536 0.7578769053591791 0.05798294526795895 0.7469781026225769 0.018746480045610036 0.7061156738882555 0.007529245153933865 0.7202506499429874
0 0.7514495952109465 0.4654264446978335 0.727451566704675 0.4426333181299886 0.7000802280501711 0.46208837742303305 0.7240158836944128 0.4945376374002281 0.7514495952109465 0.4654264446978335
0 0.6407484230330673 0.4094645484606614 0.6958473568985177 0.3718334059293044 0.6531138449258838 0.3302912212086659 0.6014946887115166 0.3718109042189282 0.6407484230330673 0.4094645484606614
0 0.7398028209806157 0.11147288597491448 0.7142151881413911 0.13731851767388825 0.7335492508551881 0.15920346750285064 0.7653076465222349 0.13274590535917902 0.7398028209806157 0.11147288597491448