0 0.31892011174458385 0.8951723933865451 0.351098362599772 0.871292496009122 0.3337045188141391 0.840058117445838 0.30084900456100344 0.8636052383124287 0.31892011174458385 0.8951723933865451
0 0.5394112348916762 0.8300305450399088 0.5092779771949829 0.7808845769669327 0.4434739099201825 0.8309483318129988 0.47177842645381984 0.8722659874572406 0.5394112348916762 0.8300305450399088
0 0.5990740136830103 0.8718024891676169 0.5839586909920182 0.8424712166476624 0.5489440068415051 0.8605540957810719 0.5683612234891676 0.8904096670467503 0.5990740136830103 0.8718024891676169
0 0.5737959874572406 1 0.5870213375142531 0.9883016704675028 0.5658197194982896 0.961624251995439 0.5398899087799316 0.9822642280501711 0.550794732041049 1 0.5737959874572406 1
0 0.060288369441277086 0 0.08994337172177878 0.05553329304446978 0.14019406271379703 0.027249449258836947 0.12470485632839225 0 0.060288369441277086 0
0 0.3310423671607754 0 0.359226354618016 0.03902572748004561 0.3940048928164196 0.018552212086659064 0.3746020011402509 0 0.3310423671607754 0
0 0.5513110809578107 0.06960494868871152 0.5285170193842645 0.039278249714937284 0.4823446225769669 0.07223350057012543 0.5027475359179019 0.09976090649942987 0.5513110809578107 0.06960494868871152
0 0.6442988027366021 0.45143545952109465 0.6279665336374002 0.42263497491448115 0.5607049771949829 0.4577566590649943 0.5754138095781072 0.4834992405929305 0.6442988027366021 0.45143545952109465
0 0 0.8791743831242873 0.013191473204104904 0.8732041858608894 0.004317818700114025 0.8382543774230331 0 0.8396150410490308 0 0.8791743831242873
0 0.37265722462941847 0.5620595074116306 0.36381968757126565 0.5491104903078677 0.30790529076396805 0.59285348004561 0.32003983124287344 0.6128127810718359 0.37265722462941847 0.5620595074116306
0 0.5155502805017104 0.5136575564424174 0.4964071402508552 0.48173693500570125 0.46423141391106043 0.5029414230330673 0.4854320672748005 0.532294330672748 0.5155502805017104 0.5136575564424174
0 0.6703629475484607 0.5782546031927024 0.6875913340935006 0.5672662075256556 0.6539113979475484 0.525367992018244 0.6432278848346636 0.5399694948688711 0.6703629475484607 0.5782546031927024
0 0.8378298905359178 0.9574466282782212 0.901586771949829 0.8870635096921323 0.8566289076396807 0.8597340798175599 0.7957933181299887 0.9323544025085518 0.8378298905359178 0.9574466282782212