0 1 0.49563656328392247 0.9996738962371722 0.4769541037628278 0.9526729714937286 0.4833097263397948 0.9588421915621436 0.5191840843785632 1 0.5129707423033067 1 0.49563656328392247
0 1 0.9621324925883695 0.8962141482326113 0.9797363010262258 0.8991772143671607 0.990755015963512 1 0.9900422839224629 1 0.9621324925883695
0 0.6149757514253136 0.9029953990877994 0.6785508221208666 0.8935813021664766 0.67904303990878 0.8423680376282782 0.6057468483466363 0.8505672314709236 0.6149757514253136 0.9029953990877994
0 0.6359377628278221 0.9925822690992018 0.7133895724059293 0.9843105381984038 0.7069305872291904 0.9318355838084378 0.6309369578107185 0.9442340558722919 0.6359377628278221 0.9925822690992018
0 0.39382372976054736 0.934533275940707 0.482332503990878 0.9246839589509691 0.4714522702394527 0.8570635461801596 0.3760421220068415 0.8684163489167617 0.39382372976054736 0.934533275940707
0 0.501306661345496 0.9797096328392246 0.6006792497149372 0.9572172291904218 0.6028469578107183 0.9225803717217788 0.4936083945267959 0.9355591368301026 0.501306661345496 0.9797096328392246
0 0.12369415165336374 0.620948362599772 0.1184276898517674 0.5573805952109464 0.06313968985176739 0.5652654538198404 0.0711519110604333 0.6274022725199544 0.12369415165336374 0.620948362599772
0 0.002038849486887115 0.549724755986317 0.11116409578107182 0.5381325553021665 0.11469030102622577 0.5020905245153934 0.0013868107183580387 0.5123695085518813 0.002038849486887115 0.549724755986317
0 0.03959215165336374 0.32764334891676167 0.052027182440136835 0.40492559749144813 0.09749749828962372 0.39029386545039907 0.0837748928164196 0.31856931014823264 0.03959215165336374 0.32764334891676167
0 0.09229777537058152 0.17172476168757128 0.17927596693272518 0.15360089737742302 0.16278190763968076 0.0819247172177879 0.06763739110604333 0.10849551539338655 0.09229777537058152 0.17172476168757128
0 0.47332698859749145 0.17061065336374 0.45882240022805015 0.13349876510832384 0.40496839566704673 0.14412464082098062 0.4124976465222349 0.1785922371721779 0.47332698859749145 0.17061065336374
0 0.47947204789053594 0.2051008472063854 0.5526474925883694 0.18998395781071833 0.5494172052451539 0.16374571265678448 0.47906153477765107 0.1815825553021665 0.47947204789053594 0.2051008472063854
0 0.6941409236031927 0.11970385290763967 0.6877784982896237 0.0727608677309008 0.5981013363740022 0.09508559977194983 0.6073543717217788 0.14889637058152794 0.6941409236031927 0.11970385290763967
0 0.5977853842645382 0.3151324401368301 0.6669018266818699 0.30562318129988597 0.669238605473204 0.2806723500570126 0.5974472976054732 0.2957635165336374 0.5977853842645382 0.3151324401368301
0 0.3836642725199544 0.5112336111744584 0.4625968620296465 0.5084728152793615 0.4592473876852907 0.4753168472063854 0.3804339851767389 0.48499536716077535 0.3836642725199544 0.5112336111744584
0 0.3898334937286203 0.5471079703534778 0.4645621448118586 0.5416513819840365 0.4642240581527936 0.522282457240593 0.39372191790193845 0.5318174675028506 0.3898334937286203 0.5471079703534778
0 0.3336036647662486 0.5010354241733181 0.37231751767388827 0.49620903876852906 0.3718103888255416 0.4671556522234892 0.33171083694412773 0.4720077879133409 0.3336036647662486 0.5010354241733181
0 0.3342315427594071 0.5370065074116306 0.3673798905359179 0.5308926830102623 0.3713181698973774 0.5183689179019384 0.33807323375142534 0.5189492098061573 0.3342315427594071 0.5370065074116306
0 0.21070627023945268 0.1681342645381984 0.28835143557582665 0.15965912770809576 0.28423308437856326 0.11074542873432154 0.20940709007981756 0.1278148597491448 0.21070627023945268 0.1681342645381984
0 0.8594229247434435 0.8622026830102623 0.852126590649943 0.8184280421892817 0.7785526647662486 0.822086078677309 0.7883582383124287 0.8735305952109463 0.8594229247434435 0.8622026830102623