0 0.629091589509692 0 0.6345053238312429 0.025665765108323833 0.6682096145952109 0.01912522805017104 0.664564771949829 0 0.629091589509692 0
0 0.8724556704675029 0.0763489361459521 0.8588609589509691 0.08150788369441278 0.8785404424173318 0.1619509714937286 0.8947417240592931 0.15637918472063853 0.8724556704675029 0.0763489361459521
0 0.861775385404789 0.35396891334093505 0.8792881117445838 0.3469886932725199 0.8664591037628279 0.2846974344355758 0.8477643010262258 0.28825955188141394 0.861775385404789 0.35396891334093505
0 0.9790221584948688 0.5975023397947549 0.996970157354618 0.5970658437856329 0.9798163557582669 0.5057009988597492 0.9636397286202965 0.5079625496009122 0.9790221584948688 0.5975023397947549
0 1 0.5428533979475485 0.9897820285062714 0.5441007251995439 0.998356157354618 0.5944401356898518 1 0.5941214469783351 1 0.5428533979475485
0 0.7303262633979475 0.3771945963511973 0.7610704675028507 0.3741286465222349 0.7523000330672748 0.3144993204104903 0.7154872873432155 0.31762470695553024 0.7303262633979475 0.3771945963511973
0 0.5280235530216648 0.6166349327251995 0.5392398483466363 0.6533321208665906 0.6089582998859749 0.642289802736602 0.6013780376282782 0.602010968072976 0.5280235530216648 0.6166349327251995
0 0.6929236419612315 0.8766652805017104 0.7285420444697833 0.8740296351197264 0.7186034253135689 0.8239047582668187 0.6850285895096921 0.8268178848346636 0.6929236419612315 0.8766652805017104
0 0.7738671755986317 0.9137422132269098 0.7653942269099201 0.8754082200684151 0.7004831482326112 0.8826833683010261 0.7100084948688712 0.9238564344355757 0.7738671755986317 0.9137422132269098
0 0.923728952109464 0.25218030330672747 0.9655394287343216 0.24315357012542757 0.956387157354618 0.20432601938426453 0.9119174948688711 0.2134733511972634 0.923728952109464 0.25218030330672747
0 0.938782393386545 0.6050795769669328 0.961539063854048 0.6008741242873432 0.9589591197263398 0.5730286419612315 0.9350324777651083 0.5738124948688712 0.938782393386545 0.6050795769669328
0 1 0.685751007981756 0.9727281607753705 0.6904769224629419 0.9833595598631699 0.7272667491448119 1 0.7233608848346637 1 0.685751007981756
0 0.566105811858609 0.8570768563283921 0.5999269657924743 0.8469093204104903 0.5902982189281643 0.7928278814139111 0.5560435222348917 0.7973515655644242 0.566105811858609 0.8570768563283921
0 0.27151705701254275 0.7300008608893956 0.30238304332953253 0.7239082850627138 0.2877744663625998 0.673923488027366 0.25375621208665905 0.6823172052451539 0.27151705701254275 0.7300008608893956
0 0.12682936944127707 0.7871827571265678 0.16343025655644242 0.7831891984036489 0.15078198859749145 0.724476220068415 0.11751193044469783 0.7321502850627138 0.12682936944127707 0.7871827571265678
0 0.11028895781071836 0.6713741379703535 0.09474021664766248 0.6149240034207526 0.061439973774230335 0.620799393386545 0.07747918472063854 0.6765706955530216 0.11028895781071836 0.6713741379703535
0 0.23175670581527935 0.5661709201824402 0.21578123489167617 0.5145975803876853 0.18297074572405927 0.5182913740022805 0.19762597149372862 0.5781893603192703 0.23175670581527935 0.5661709201824402
0 0.2552833363740023 0.3165722588369441 0.269558913340935 0.3119066248574686 0.2530297331812999 0.2384789669327252 0.2349132246294185 0.24104776282782212 0.2552833363740023 0.3165722588369441
0 0.3149078859749145 0.3858794606613455 0.3481792303306727 0.38361713454960095 0.34114963397947545 0.3399431698973774 0.30711296123147097 0.348040810718358 0.3149078859749145 0.3858794606613455
0 0.16275847548460662 0.3504635940706956 0.1777136191562144 0.3462930604332953 0.15368536716077538 0.22535831242873433 0.13671550285062714 0.2277454982896237 0.16275847548460662 0.3504635940706956
0 0.16010800912200684 0.35268684036488024 0.15410521664766247 0.3223777286202965 0.14013897263397948 0.3251909156214367 0.14508936944127707 0.3526609543899658 0.16010800912200684 0.35268684036488024
0 0.29542077765108327 1 0.29568827137970355 0.9660334161915621 0.2794691516533637 0.9698045735461801 0.2800073112884835 1 0.29542077765108327 1
0 0.27248731128848347 1 0.27471852109464084 0.9663489418472064 0.25803474116305586 0.9671863580387685 0.258029236031927 1 0.27248731128848347 1
0 0.2492069771949829 1 0.24963303192702394 0.967616913340935 0.23706499087799318 0.9675018836944127 0.23531557354618016 1 0.2492069771949829 1
0 0.22452613454960094 0.7404492485746865 0.2543485085518814 0.7429396624857468 0.24657853249714937 0.6867603683010263 0.2227042166476625 0.6872353580387686 0.22452613454960094 0.7404492485746865
0 0.45528226225769663 0.8740284310148232 0.3313556168757127 0.8461655404789054 0.32241281299885977 0.8812448255416192 0.4489514789053592 0.9098978962371722 0.45528226225769663 0.8740284310148232
0 0.6001131311288483 0.8973765324971494 0.6122029042189281 0.8978678871151653 0.607594322690992 0.8622281698973775 0.5946054378563284 0.8663878540478905 0.6001131311288483 0.8973765324971494
0 0.5709120410490308 0.9026042645381984 0.5879322633979475 0.8963000364880274 0.5754515610034208 0.8583018152793614 0.5635190889395667 0.8634980649942988 0.5709120410490308 0.9026042645381984
0 0.9543381345496009 0.6729504766248574 0.966948818700114 0.6691496875712657 0.956734141391106 0.6328934275940707 0.9458633979475485 0.6346151835803876 0.9543381345496009 0.6729504766248574
0 0.9278440034207526 0.6687306191562145 0.9405475701254277 0.6655162690992018 0.9413919851767389 0.6497525974914481 0.9246583842645382 0.6524029384264538 0.9278440034207526 0.6687306191562145
0 0.873980141391106 0.6850767810718358 0.8892121470923604 0.682664267958951 0.8851194834663626 0.664075645381984 0.8709802873432154 0.6699219817559863 0.873980141391106 0.6850767810718358
0 0.8508954811858609 0.7554608129988597 0.8685937286202965 0.749651929304447 0.8630630672748004 0.7351985450399088 0.8522094424173319 0.7372181664766249 0.8508954811858609 0.7554608129988597
0 0.8750228529076397 0.7257899110604332 0.8827317388825542 0.7251700946408209 0.8819616499429874 0.7123673158494869 0.8724874127708097 0.7135673112884835 0.8750228529076397 0.7257899110604332