0 0.705436007981756 0.45111290193842646 0.6846961459521095 0.5247209737742303 0.7890360057012542 0.5420004070695553 0.8074049771949828 0.47435781755986317 0.705436007981756 0.45111290193842646
0 0.9926104207525654 0.6280234663625998 0.938879369441277 0.6078795883694413 0.9255960889395667 0.6538010820980615 0.9799998779931585 0.6786580832383124 0.9926104207525654 0.6280234663625998
0 0.9133624230330674 0.7386519247434435 0.8776727616875712 0.7307591208665907 0.871376204104903 0.7581991288483467 0.9043013090079817 0.767590078677309 0.9133624230330674 0.7386519247434435
0 0.27327112884834664 0.7563396567844927 0.22010609806157355 0.7412334948688711 0.20730440022805016 0.797980488027366 0.2618441698973774 0.8149173945267959 0.27327112884834664 0.7563396567844927
0 0.0890642850627138 0.7096014469783353 0.0841271778791334 0.7434296556442417 0.15490083466362597 0.765414149372862 0.16572656442417333 0.7279062143671607 0.0890642850627138 0.7096014469783353
0 0.6731543625997719 0 0.6784925416191562 0.04012110604332954 0.8024681014823262 0.023178015963511975 0.7961849806157355 0 0.6731543625997719 0
0 0.8921155644241734 0.25664258380843785 0.8887710684150513 0.3065232690992018 0.9288192736602053 0.3180422462941847 0.9301396134549601 0.26434270581527936 0.8921155644241734 0.25664258380843785
0 0.6738937685290763 0.21956253363740022 0.6407738848346637 0.21537260889395668 0.6360821448118585 0.2503626944127708 0.6697589384264538 0.25473775028506274 0.6738937685290763 0.21956253363740022
0 0.4474478802736602 0 0.4191941562143672 0.0060055142531356895 0.4207372508551881 0.01326520410490308 0.4824819509692132 0.033526773090079814 0.4833907662485747 0 0.4474478802736602 0
0 0.1368626111744584 0.6023176442417332 0.07796694298745724 0.5917697457240594 0.06341191790193842 0.6573876259977195 0.12067973888255415 0.6785991870011402 0.1368626111744584 0.6023176442417332
0 0.5763190319270239 0.6910127172177879 0.5690622052451539 0.7253355963511973 0.6302297537058152 0.7420777537058153 0.639525118586089 0.7030740649942987 0.5763190319270239 0.6910127172177879
0 0.07254800342075257 0.15829743329532497 0.06774688483466362 0.09861487343215507 0.026687565564424174 0.09945110832383124 0.03658730216647662 0.15744131356898516 0.07254800342075257 0.15829743329532497
0 0.7042386864310148 0.1059728244013683 0.7125033272519954 0.06749332725199544 0.6576982839224629 0.05819889395667047 0.65230417331813 0.09273285518814138 0.7042386864310148 0.1059728244013683