0 0.9391770239452679 0.484110228050171 0.8951333922462942 0.45415646522234887 0.8669600923603192 0.5019569247434436 0.9093929224629419 0.5305353261117446 0.9391770239452679 0.484110228050171
0 1 0.5245092611174458 0.9707619828962372 0.49826958950969213 0.9400967730900799 0.5444587001140251 0.9718915017103763 0.5654481915621437 1 0.5265848038768529 1 0.5245092611174458
0 0.7167760763968073 0.8103594857468642 0.6659014720638541 0.7814770250855189 0.6450186009122008 0.8144828916761688 0.691416314709236 0.8487360387685291 0.7167760763968073 0.8103594857468642
0 0.693230802736602 0.6521916316989739 0.6134273283922463 0.5923000478905359 0.5779761641961231 0.6465629897377423 0.654049456100342 0.7055250136830103 0.693230802736602 0.6521916316989739
0 0.6369476807297606 0.7016616887115166 0.589899778791334 0.6725132041049031 0.5735021539338655 0.7016342326111744 0.6202006864310149 0.731699945267959 0.6369476807297606 0.7016616887115166
0 0.7368827844925884 0.7535983329532497 0.7065006795895097 0.732807661345496 0.6911079771949828 0.767810417331813 0.7187596966932726 0.789089614595211 0.7368827844925884 0.7535983329532497
0 0.454038566704675 0.4558360273660205 0.4408674789053592 0.5055634287343216 0.47444845381984035 0.5180952155074117 0.4854191163055872 0.47090248118586087 0.454038566704675 0.4558360273660205
0 0.39743767616875714 0.43896194982896236 0.36584736259977196 0.41914856442417336 0.35013205245153933 0.47500587457240595 0.3819361163055872 0.4876619144811859 0.39743767616875714 0.43896194982896236
0 0.5455955074116305 0.13486903990877994 0.5113087890535918 0.12684903648802737 0.5047530992018244 0.16064021550741164 0.5418956727480045 0.16459015165336374 0.5455955074116305 0.13486903990877994
0 0.22875676966932726 0.19452215507411633 0.19845538996579248 0.17670027251995438 0.1783413888255416 0.20370037514253136 0.20836087343215506 0.22481556898517674 0.22875676966932726 0.19452215507411633
0 1 0.6612849464082099 0.9972878175598631 0.6565250558722919 0.9598970763968073 0.708541259977195 0.9892807263397948 0.7288065507411631 1 0.710552275940707 1 0.6612849464082099
0 0.858426701254276 0.677543968072976 0.8904017787913341 0.6919736499429875 0.9118426465222349 0.6505959669327253 0.883474369441277 0.6275812748004561 0.858426701254276 0.677543968072976
0 0.40141901938426455 0.26637161687571265 0.41432323375142527 0.2705284652223489 0.42048292474344356 0.24807534207525656 0.41178584606613455 0.24273150285062714 0.40141901938426455 0.26637161687571265
0 0.4414925712656785 0.252855802736602 0.43054273432155077 0.24737189167616874 0.4254832565564424 0.26855768072976055 0.4335067537058153 0.2727582223489167 0.4414925712656785 0.252855802736602
0 0.46671091220068417 0.2564491641961231 0.4528503272519955 0.251763992018244 0.44571467616875715 0.2772613591790194 0.4543304777651083 0.2814204834663626 0.46671091220068417 0.2564491641961231
0 0.48495521436716077 0.26231579703534774 0.47224249600912205 0.256955157354618 0.4672244344355758 0.27873325085518813 0.4759644891676169 0.28466928506271383 0.48495521436716077 0.26231579703534774