0 0.46702917217787915 0.3836320250855188 0.41683243101482326 0.371489007981756 0.4011569646522235 0.44166013568985174 0.45377141733181303 0.45341865792474345 0.46702917217787915 0.3836320250855188
0 0.43894645724059295 0.520680968072976 0.43223988939566704 0.5564622987457241 0.47773291676168755 0.5610384401368301 0.4827154971493729 0.5279310923603192 0.43894645724059295 0.520680968072976
0 0.7100134686431016 0.52889665336374 0.6999279441277081 0.5828620581527936 0.7621820558722919 0.60023365336374 0.777667489167617 0.549265913340935 0.7100134686431016 0.52889665336374
0 0.5876504561003421 0.8443041094640821 0.5764337001140251 0.8975745267958951 0.6734541858608895 0.926333606613455 0.6813615005701255 0.8734214275940707 0.5876504561003421 0.8443041094640821
0 0.37243566134549605 0.8994018802736602 0.37110439224629416 0.9350559019384265 0.42246057810718357 0.9407410216647661 0.41971463968072975 0.9005958084378564 0.37243566134549605 0.8994018802736602
0 0.6209805724059293 1 0.6269638050171038 0.9535948152793614 0.5186221778791335 0.9384241790193844 0.5097434789053592 1 0.6209805724059293 1
0 0.8860829726339795 0.8531243432155075 0.9685587696693273 0.8812053762827822 0.9722537651083238 0.8389713911060434 0.8972625872291904 0.8207160114025085 0.8860829726339795 0.8531243432155075
0 0.8898825952109465 0.9118822189281641 0.8843591436716078 0.9477654891676169 0.9108727229190422 0.9512771630558723 0.9150392508551881 0.9206848244013683 0.8898825952109465 0.9118822189281641
0 0.8354721037628278 0.8457148072976054 0.8311110718358039 0.8751420102622577 0.8638204196123147 0.8827734207525655 0.8719062052451539 0.8516471972633979 0.8354721037628278 0.8457148072976054
0 0.15688246408209808 0.5836433124287344 0.15447171151653363 0.6180108540478905 0.2696662006841505 0.6161655701254276 0.26341223147092363 0.5820547594070695 0.15688246408209808 0.5836433124287344
0 0.7159863340935007 0.0518754503990878 0.7118009737742303 0.08608930330672748 0.7478819007981756 0.08924597605473204 0.7506903181299887 0.0605518677309008 0.7159863340935007 0.0518754503990878
0 0.17409420524515395 0.059911393386545046 0.12029974686431014 0.04805120296465222 0.12133288369441278 0.08391208437856328 0.1674189589509692 0.08854011060433295 0.17409420524515395 0.059911393386545046
0 0.12157342987457241 0.34685079703534777 0.12492929646522236 0.41749334663626 0.1425186328392246 0.42082183694412767 0.13827617217787913 0.34670598631698973 0.12157342987457241 0.34685079703534777
0 0.0329679441277081 0.3581761037628278 0.03603585290763968 0.391234913340935 0.07134948118586089 0.38955474344355756 0.06879310490307868 0.3540374104903079 0.0329679441277081 0.3581761037628278
0 0.05110232155074116 0.5392127058152794 0.05822150171037628 0.5940904469783352 0.09042087343215507 0.5939258677309007 0.09053395324971493 0.534744897377423 0.05110232155074116 0.5392127058152794
0 0.21201329304446978 0.975390558722919 0.2098847810718358 0.917969354618016 0.11825316875712656 0.9332271311288484 0.11973449486887115 0.9673893603192703 0.21201329304446978 0.975390558722919