0 0.06756326795895097 0.41603773204104905 0.11827129874572406 0.42904824059293045 0.129565834663626 0.3941944663625998 0.07794562143671609 0.3870409509692132 0.06756326795895097 0.41603773204104905
0 0.02005149030786773 0.6279558369441277 0.07593817901938427 0.6395433956670468 0.0898418244013683 0.5832376681870012 0.03622254846066135 0.578504802736602 0.02005149030786773 0.6279558369441277
0 0.10145953819840364 0.5200801835803877 0.1516100262257697 0.5295705108323832 0.16188309236031928 0.48826744013683016 0.11130329076396808 0.4782439589509692 0.10145953819840364 0.5200801835803877
0 0.4093216134549601 0.6703022405929304 0.46184937286202965 0.6872310102622576 0.48293374914481185 0.6231753044469783 0.4330283591790194 0.6103382451539339 0.4093216134549601 0.6703022405929304
0 0.5338903968072977 0.5922592383124287 0.5686507115165337 0.5993779201824402 0.5791027879133409 0.5478285085518815 0.5459122656784493 0.5383555849486887 0.5338903968072977 0.5922592383124287
0 0.48889105473204103 1 0.4985111881413911 0.9717819452679589 0.45212006043329533 0.9556831003420753 0.43833014139110604 0.9975447673888256 0.4534331698973774 1 0.48889105473204103 1
0 0.5925639179019384 0.4735567537058153 0.6280311539338654 0.4775577137970353 0.6338959806157355 0.43875629190421894 0.5972180718358039 0.43013787457240593 0.5925639179019384 0.4735567537058153
0 0.08844127936145951 0.3658411881413911 0.12360072405929305 0.3716943511972634 0.1469931755986317 0.2994581174458381 0.11145616875712658 0.2915607251995439 0.08844127936145951 0.3658411881413911
0 1 0.5986957537058153 0.9951439030786774 0.5961527913340935 0.9862846795895097 0.6312204196123147 1 0.6378134800456101 1 0.5986957537058153
0 0.36484452793614597 0.2643527023945268 0.3933082565564424 0.2658560022805017 0.3981393135689852 0.24705630216647662 0.36355030102622576 0.23991048916761687 0.36484452793614597 0.2643527023945268
0 0.35665608437856333 0.28849336944127707 0.3921233204104903 0.2924943295324971 0.39109460775370586 0.2746227263397948 0.35485670923603196 0.26954152451539337 0.35665608437856333 0.28849336944127707