0 0.07788303192702395 0.10798277423033066 0.055688557582668184 0.1382858734321551 0.13544505587229191 0.18525423261117446 0.15047342531356897 0.1543832143671608 0.07788303192702395 0.10798277423033066
0 0.09203826225769669 0.026356643101482325 0.07365252109464082 0.04991992132269099 0.11015882098061573 0.07714820752565565 0.12108978221208666 0.03613397947548461 0.09203826225769669 0.026356643101482325
0 0.6016920592930445 0.11918877309007982 0.5913189589509692 0.17087749714937286 0.6518909680729761 0.18078817217787915 0.6599203990877993 0.12411684036488028 0.6016920592930445 0.11918877309007982
0 0.15951948460661344 0.41772223945267956 0.13385354275940706 0.4838905473204105 0.16917640820980615 0.49988255872291903 0.19717631698973775 0.4328690661345496 0.15951948460661344 0.41772223945267956
0 0.35247393500570123 0.4123664435575827 0.3065428038768529 0.38682122234891675 0.28515503192702396 0.4325469874572406 0.33957379931584947 0.46121634435575826 0.35247393500570123 0.4123664435575827
0 0.31868528506271376 0.6639233055872291 0.3168388141391106 0.696730527936146 0.366765842645382 0.7077920843785632 0.36760564994298744 0.6727641904218928 0.31868528506271376 0.6639233055872291
0 0.7427744424173318 0.7350710114025085 0.7248789840364881 0.8020243443557583 0.7907523454960091 0.8223609201824401 0.8067654207525655 0.7478519977194983 0.7427744424173318 0.7350710114025085
0 0.9444667160775371 0.4312989441277081 0.9981929783352338 0.4524270216647663 0.995107692132269 0.3935562508551882 0.9607986111744583 0.3798909338654504 0.9444667160775371 0.4312989441277081
0 0.8331087126567845 0.18972715621436717 0.8246388836944127 0.24369752223489166 0.8658623135689852 0.2474843078677309 0.8721910376282782 0.19236661231470925 0.8331087126567845 0.18972715621436717
0 0.7433538129988597 0.20156735461801598 0.7465648141391106 0.2174570171037628 0.8062625746864309 0.22206086202964653 0.8053405267958951 0.21013965450399086 0.7433538129988597 0.20156735461801598
0 0.8552387354618015 0.7595076374002281 0.8515808209806157 0.7918152291904219 0.9213560581527936 0.8071892326111744 0.9257982143671608 0.7728284082098063 0.8552387354618015 0.7595076374002281
0 0.8994677765108324 0.8660247833523376 0.8872282041049031 0.9047293340935005 0.9499193625997719 0.9210707274800457 0.9542348015963512 0.8786195096921322 0.8994677765108324 0.8660247833523376
0 1 0.6245887012542759 0.9564502383124288 0.6089058038768529 0.9442665461801596 0.6430339714937287 1 0.6625124675028505 1 0.6245887012542759
0 0.17215330330672746 0.5907199999999999 0.1644380581527936 0.625023921322691 0.2023525473204105 0.6337422029646522 0.2066889692132269 0.5973638346636261 0.17215330330672746 0.5907199999999999
0 0.10144630102622577 0.5462517628278221 0.0829004732041049 0.5894503295324972 0.12084368072976054 0.6100615313568984 0.14073912884834663 0.5642528175598631 0.10144630102622577 0.5462517628278221
0 0.005649522234891676 0.5970678335233752 0.00788745724059293 0.6397701687571266 0.04334848118586089 0.6515914196123148 0.03929292930444698 0.6025692998859749 0.005649522234891676 0.5970678335233752
0 0.1262961094640821 0.5098607274800456 0.11027819726339794 0.5445997730900798 0.12984273660205245 0.5548742998859749 0.14211650285062713 0.5167625222348917 0.1262961094640821 0.5098607274800456
0 0 0.2412633352337514 0.01740395438996579 0.2586451071835804 0.035478868871151654 0.229150905359179 0 0.2031270513112885 0 0.2412633352337514
0 0.6209197537058152 0.24783064766248575 0.6149196088939567 0.2808555553021665 0.6437846818700114 0.2870752725199544 0.6467890729760547 0.2536128015963512 0.6209197537058152 0.24783064766248575