0 1 0.24692740592930446 0.9871578928164196 0.23703657468643102 0.9625112223489167 0.26226024287343214 1 0.2925126362599772 1 0.24692740592930446
0 0.8403288996579247 0.10037313797035348 0.8362813637400228 0.13700493500570127 0.8881723546180159 0.14190261801596352 0.8892748665906499 0.10659516761687572 0.8403288996579247 0.10037313797035348
0 0.773670527936146 0.20486994982896237 0.7742616396807298 0.22545247776510832 0.8238180547320411 0.22991312542759407 0.821821236031927 0.20191604332953247 0.773670527936146 0.20486994982896237
0 0.8306063808437856 0.5829300262257696 0.8008594982896238 0.6011761083238313 0.8265272839224629 0.6334088985176739 0.8620501698973775 0.6131699076396807 0.8306063808437856 0.5829300262257696
0 0.9144523694412771 0.6784248859749145 0.9295837970353478 0.6678432337514254 0.8996139122006842 0.625816157354618 0.8856655678449259 0.6382453808437857 0.9144523694412771 0.6784248859749145
0 0.934155473204105 0.6590123112884835 0.9686450832383124 0.6343755188141392 0.9492067126567845 0.6146837309007982 0.9211081356898517 0.637267881413911 0.934155473204105 0.6590123112884835
0 0.7387215416191562 1 0.7040857901938427 0.9756243021664767 0.6904250068415052 1 0.7387215416191562 1
0 0.14205150741163056 0.5283771345496009 0.10479374914481185 0.5037377525655644 0.06182137970353478 0.5696441322690992 0.09512250741163056 0.5927877913340935 0.14205150741163056 0.5283771345496009
0 0.4864892907639681 0 0.4820937787913341 0.036003974914481186 0.5310384789053592 0.042224194982896236 0.5408302063854048 0.007208163055872291 0.5024398871151654 0 0.4864892907639681 0
0 0.09953847206385405 0.3010315575826682 0.12919474572405928 0.3243305929304447 0.1480331071835804 0.29271686887115167 0.11662594868871151 0.2759283295324972 0.09953847206385405 0.3010315575826682
0 0.15261180273660205 0.08210922234891677 0.13996769669327253 0.1298736202964652 0.17074769327251993 0.1382425290763968 0.18862575256556444 0.09327797035347776 0.15261180273660205 0.08210922234891677
0 0.1539303762827822 0.45758945496009124 0.1276694982896237 0.5107827388825541 0.1747296670467503 0.5413677434435576 0.21368019954389966 0.4880035222348917 0.1539303762827822 0.45758945496009124