0 0.34960890079817564 0.058843847206385407 0.34846190535917904 0.07367672177879134 0.4380699931584949 0.07345585860889396 0.4396793694412771 0.0556936259977195 0.34960890079817564 0.058843847206385407
0 0.2672472976054732 0.08543705929304447 0.26492742303306727 0.10008416989737742 0.4423811904218928 0.0993633055872292 0.44506165336374004 0.08623505359179019 0.2672472976054732 0.08543705929304447
0 0.366946165336374 0.11258798403648802 0.3668158289623717 0.10961537286202964 0.18951616419612316 0.10555776396807297 0.18663972519954392 0.12371888255416191 0.3698680969213227 0.12451377765108324 0.366946165336374 0.11258798403648802
0 0.5497427274800456 0.10281490763968072 0.5494898392246294 0.10251382668187001 0.4745739247434435 0.10866544469783351 0.47546465564424173 0.12201919270239452 0.553527921322691 0.1187690889395667 0.5497427274800456 0.10281490763968072
0 0.4831775108323831 0.13405043671607755 0.4833889179019384 0.14789774116305587 0.560925251995439 0.15177008323831243 0.5593645256556442 0.13315772177879132 0.4831775108323831 0.13405043671607755
0 0.500885488027366 0.1626808757126568 0.5000467730900798 0.1793628677309008 0.5626770809578108 0.1748691425313569 0.5596329167616876 0.165622842645382 0.500885488027366 0.1626808757126568
0 0.5200746259977195 0.1933461961231471 0.5273865632839224 0.20411322006841506 0.5712806670467503 0.2002541345496009 0.5665296419612315 0.19229574116305587 0.5200746259977195 0.1933461961231471
0 0.5400989760547321 0.21873818814139112 0.5416986602052452 0.2352068141391106 0.5773191083238313 0.23424378563283924 0.5785084834663626 0.21724556898517672 0.5400989760547321 0.21873818814139112
0 0.5480491254275941 0.25963537742303305 0.5488472166476625 0.27357402166476624 0.636015118586089 0.2735678221208666 0.6360012474344356 0.2641765929304447 0.5480491254275941 0.25963537742303305
0 0.5522692291904219 0.2861279646522235 0.5524806362599771 0.2999752690992018 0.6449579144811859 0.30441215279361455 0.6501157343215507 0.2889268004561003 0.5522692291904219 0.2861279646522235
0 0.5452839646522235 0.31504910718358037 0.5470395381984037 0.32673796237172176 0.5780909806157355 0.32805386659064995 0.5810734618015964 0.31491649942987454 0.5452839646522235 0.31504910718358037
0 0.4273020022805017 0.24771681527936146 0.42742052565564426 0.26215056100342077 0.5346205131128848 0.2647143979475485 0.5279855484606614 0.25157089167616875 0.4273020022805017 0.24771681527936146
0 0.42506947776510834 0.2731889897377423 0.4271348757126568 0.2867272029646522 0.5254747673888255 0.2920942166476625 0.5251080923603193 0.27543171265678446 0.42506947776510834 0.2731889897377423
0 0.45429264538198405 0.30124023261117444 0.45450429532497144 0.3150859931584949 0.5279056738882554 0.31470126111744584 0.5288504310148232 0.30304302166476627 0.45429264538198405 0.30124023261117444
0 0.4058064287343216 0.1860575393386545 0.39938301824401373 0.20005471265678448 0.4404041847206385 0.20294808437856326 0.44239490649942986 0.18848139224629418 0.4058064287343216 0.1860575393386545
0 0.33165873090079817 0.20254090877993158 0.3289678141391106 0.21953069213226908 0.3921215518814139 0.21932318244013682 0.39229397605473204 0.2030624583808438 0.33165873090079817 0.20254090877993158
0 0.3316178643101482 0.23316308779931585 0.33328055530216644 0.24543838198403647 0.3750736818700114 0.24725329988597494 0.37598660889395663 0.23200051311288483 0.3316178643101482 0.23316308779931585
0 0.3559231220068415 0.2922647822120867 0.3481382234891676 0.3072470376282782 0.38684325997719504 0.3133773135689852 0.39314724287343217 0.29635863283922464 0.3559231220068415 0.2922647822120867
0 0.357053590649943 0.3230724846066134 0.35112219498289626 0.3377487354618016 0.39047846636259975 0.3397772622576967 0.39739699543899654 0.3245517947548461 0.357053590649943 0.3230724846066134
0 0.37463905473204107 0.3486809258836944 0.3704687651083239 0.363634527936146 0.40704344013683014 0.3718288278221209 0.41186317559863167 0.3527747765108324 0.37463905473204107 0.3486809258836944
0 0.3675920820980616 0.3817971904218928 0.36786519726339795 0.3914493740022805 0.3947207092360319 0.39269869555302167 0.397009669327252 0.38393006157354614 0.3675920820980616 0.3817971904218928