0 0.5519976316989738 0.3115037753705815 0.5894452884834664 0.30739888825541617 0.5807712348916761 0.19249250513112884 0.54449017331813 0.19780543443557583 0.5519976316989738 0.3115037753705815
0 0.5134717833523375 0.6152573568985177 0.5842368358038769 0.6057909350057012 0.5844628392246294 0.558822101482326 0.5061504207525656 0.5672660228050171 0.5134717833523375 0.6152573568985177
0 0.584113030786773 0.6468153352337515 0.5868625883694413 0.6932407046750284 0.6576468586088939 0.6825838129988597 0.6543363443557583 0.6343640045610034 0.584113030786773 0.6468153352337515
0 0.12917966248574686 0.5050915678449259 0.1803296567844926 0.4976596898517674 0.18098330444697835 0.460212267958951 0.12530235917901938 0.4696466259977195 0.12917966248574686 0.5050915678449259
0 0.8405738129988597 0.3991862907639681 0.8792798175598633 0.39094336031927024 0.8746775176738882 0.31475612314709234 0.8342751037628279 0.31821246750285065 0.8405738129988597 0.3991862907639681
0 0.77428503990878 0.22024901368301028 0.8283602668187001 0.21524668301026226 0.8249317719498289 0.13967533751425315 0.766144945267959 0.147270834663626 0.77428503990878 0.22024901368301028
0 0.5849451584948688 0.22526877993158495 0.5881327514253135 0.2806203409350057 0.6037208187001141 0.278217023945268 0.6033314196123147 0.22558971379703532 0.5849451584948688 0.22526877993158495
0 0.5020022383124287 0.1167937662485747 0.5335594344355759 0.11021070125427594 0.5304898232611175 0.08221067616875713 0.49765706499429874 0.08550223033067275 0.5020022383124287 0.1167937662485747
0 0.1266730809578107 0.10489312086659064 0.1130002953249715 0.10643754503990878 0.11410531242873431 0.14510490763968073 0.13101398631698974 0.14242772063854048 0.1266730809578107 0.10489312086659064
0 0.10569586088939566 0.11701323831242873 0.08964276168757127 0.11910995438996579 0.09552192018244013 0.15607756556442415 0.10951317331812999 0.15097096921322692 0.10569586088939566 0.11701323831242873
0 0.23543935689851767 0.16149216077537057 0.19788796807297607 0.17153989167616876 0.2002946875712657 0.19982526567844927 0.24086129418472063 0.19072248802736602 0.23543935689851767 0.16149216077537057
0 0.2725919486887115 0.10624933751425313 0.25484082326111746 0.10356256556442417 0.2628686716077537 0.1875373363740023 0.28133635233751425 0.18310427822120864 0.2725919486887115 0.10624933751425313
0 0.25256494754846065 0.1320631242873432 0.23591662599771948 0.13414945153933866 0.24041167502850627 0.1951731322690992 0.259351314709236 0.18509901482326113 0.25256494754846065 0.1320631242873432
0 0.7072729771949829 0.1507017126567845 0.7148449874572406 0.2947229851767389 0.7423548061573546 0.28688002850627137 0.7352106738882555 0.1476216362599772 0.7072729771949829 0.1507017126567845
0 0.7950354971493728 0.49293081527936145 0.7954638472063854 0.5363433397947548 0.8115512132269099 0.532462574686431 0.8081561277080958 0.4889982645381984 0.7950354971493728 0.49293081527936145
0 0.7532612668187001 0.5409575062713797 0.7699096145952109 0.5388696180159636 0.7653183842645381 0.49597983238312426 0.7451542668187 0.4956278654503991 0.7532612668187001 0.5409575062713797