0 0.11954754389965794 0.437271433295325 0.10306656556442416 0.5234441835803877 0.18308759521094642 0.5423654777651084 0.19511764766248574 0.4593794287343216 0.11954754389965794 0.437271433295325
0 0.23667161915621437 0.5500335621436716 0.18774863055872293 0.5368130843785633 0.1710007274800456 0.6423330695553021 0.21760719498289624 0.65207434663626 0.23667161915621437 0.5500335621436716
0 0.36140004332953246 0.62352934663626 0.3301246385404789 0.6130433010262257 0.31718416875712657 0.688203031927024 0.3510497628278221 0.6941459783352337 0.36140004332953246 0.62352934663626
0 0.12249360775370582 0.7170632041049031 0.06469825997719499 0.7030664960091221 0.05411993044469783 0.7724711391106043 0.1127348164196123 0.7877315838084379 0.12249360775370582 0.7170632041049031
0 0.07063276738882554 0.8668962052451539 0.02942452337514253 0.8609068791334095 0.024253458380843786 0.9298905701254276 0.058559762827822125 0.9367661003420752 0.07063276738882554 0.8668962052451539
0 0 0.9213306145952109 0.015168740022805017 0.9216455347776511 0.016750696693272518 0.896751181299886 0 0.8949542428734322 0 0.9213306145952109
0 0.31677596123147095 0.8610125473204105 0.26808364196123147 0.851985945267959 0.2586180171037628 0.9182098380843786 0.3114679600912201 0.9284957799315849 0.31677596123147095 0.8610125473204105
0 0.41797573660205245 0.7673512793614595 0.36712147206385404 0.7557498916761687 0.36009075028506277 0.8224863888255416 0.4131853603192702 0.8289180513112885 0.41797573660205245 0.7673512793614595
0 0.5184987046750286 0.8381317753705815 0.5262113568985177 0.7976812998859749 0.4909195758266819 0.7922095974914481 0.48561763169897376 0.8272103785632838 0.5184987046750286 0.8381317753705815
0 0.48042906499429877 0.8848666271379704 0.44626682440136833 0.8800913329532497 0.4370534583808438 0.9376950342075258 0.47793051083238314 0.9406752941847206 0.48042906499429877 0.8848666271379704
0 0.642149362599772 0.6582224675028506 0.639909551881414 0.7110736818700114 0.668153637400228 0.7153327742303307 0.6764134070695553 0.6618162006841506 0.642149362599772 0.6582224675028506
0 0.3223963979475485 0.22435786202964653 0.2848939007981756 0.2169046921322691 0.28241130672748005 0.27837536031927024 0.31631954275940705 0.2870041174458381 0.3223963979475485 0.22435786202964653
0 0.39428512542759403 0.05005228050171038 0.39295467502850623 0.08569696237172178 0.4161841436716078 0.08594279247434436 0.42090842873432155 0.05238151767388826 0.39428512542759403 0.05005228050171038
0 0.6379255781071836 0.011408643101482327 0.6315382326111744 0.07080923717217788 0.6728499726339795 0.07561558152793614 0.6771228620296466 0.01996371721778791 0.6379255781071836 0.011408643101482327
0 0.7615849623717218 0.5673486636259977 0.7586574036488027 0.6076233295324972 0.7715197559863171 0.610535125427594 0.7771976362599772 0.5728867217787913 0.7615849623717218 0.5673486636259977
0 0.7470238335233752 0.5702468563283922 0.7340374207525655 0.5619584754846066 0.7278875496009123 0.6025456761687571 0.7426324321550741 0.6068157753705815 0.7470238335233752 0.5702468563283922
0 0.7992577559863171 0.9544817844925884 0.7819222223489167 0.9481985461801596 0.7744165644241733 0.9862830581527936 0.7914192155074117 0.9895586510832384 0.7992577559863171 0.9544817844925884
0 0.6577371163055873 0.20065076852907637 0.6625147069555302 0.1664981402508552 0.6262374241733182 0.16004618928164197 0.6228817172177878 0.1970037297605473 0.6577371163055873 0.20065076852907637