0 0.46299651653363744 0.15098542189281644 0.5045221858608894 0.2689384481185861 0.5475739635119726 0.2522972234891676 0.50543534663626 0.141860748004561 0.46299651653363744 0.15098542189281644
0 0.6718325119726339 0.36312019270239454 0.6825723831242874 0.3948716442417332 0.7301629122006842 0.3765228164196123 0.7206127468643102 0.3389985553021665 0.6718325119726339 0.36312019270239454
0 0.6929289692132269 0.4678515849486887 0.6915287069555303 0.504556913340935 0.7331066807297606 0.5051790935005701 0.7283406738882554 0.4674966659064994 0.6929289692132269 0.4678515849486887
0 0.9156071584948688 0.8300086077537058 0.9560665553021664 0.8368526875712656 0.9636862006841505 0.7995720387685291 0.9184339395667046 0.7947289258836944 0.9156071584948688 0.8300086077537058
0 0.26301626453819843 0.4179639863169897 0.2951622896237172 0.4045814161915621 0.2762627058152794 0.37634659521094643 0.24873340364880273 0.3885138631698974 0.26301626453819843 0.4179639863169897
0 0.03888736602052451 0.2553911174458381 0.08387778221208667 0.2491022006841505 0.08436837400228049 0.20855120524515394 0.026434875712656784 0.2147243785632839 0.03888736602052451 0.2553911174458381
0 0.8501981265678449 0.07163999543899659 0.8684818848346636 0.10357767844925884 0.9012258939566704 0.08637958836944128 0.8844847605473204 0.056600599771949825 0.8501981265678449 0.07163999543899659
0 0.7470370752565565 0.08643034549600913 0.7628431607753706 0.0704627046750285 0.7129732919042189 0.009896524515393386 0.7004760330672748 0.022084392246294184 0.7470370752565565 0.08643034549600913
0 0.634765126567845 0.03609572063854048 0.6746070182440137 0.027654461801596354 0.673896968072976 0.013682583808437855 0.6318588129988597 0.021541493728620298 0.634765126567845 0.03609572063854048
0 0.07969371151653364 0.34982492246294183 0.020104638540478906 0.3474629395667047 0.024425904218928162 0.39941721322690993 0.07387612770809579 0.4041965860889396 0.07969371151653364 0.34982492246294183
0 0.19627274914481185 0.3343632086659065 0.20993923033067274 0.40546790421892814 0.2463913899657925 0.4002956009122007 0.23306257468643102 0.3237318095781072 0.19627274914481185 0.3343632086659065
0 0.16062175940706955 0.1472269190421893 0.1711110148232611 0.22484002166476624 0.20330220410490307 0.21553812542759407 0.20160954846066134 0.1365317787913341 0.16062175940706955 0.1472269190421893