0 0.21192469441277081 0.7338876282782213 0.1791814606613455 0.7571246659064994 0.21987620980615735 0.7946366031927024 0.252355590649943 0.7727569703534778 0.21192469441277081 0.7338876282782213
0 0.5600228517673889 1 0.5461148791334094 0.9750474047890536 0.5107199612314709 1 0.5600228517673889 1
0 0.4428802542759407 0.7364929543899658 0.39472933067274796 0.7736489236031927 0.4201199236031927 0.7955014184720639 0.4603755210946408 0.7553988768529076 0.4428802542759407 0.7364929543899658
0 0.6862820604332953 1 0.7148145769669327 0.9711893797035347 0.6931600285062713 0.9373800752565564 0.656335670467503 0.9598222326111745 0.6812784606613456 1 0.6862820604332953 1
0 0.8404711607753705 0.8983525689851767 0.7951837970353477 0.913513314709236 0.8138544823261117 0.9481544937286203 0.8501886784492588 0.9354811014823261 0.8404711607753705 0.8983525689851767
0 0.9366899247434436 0.6647369851767388 0.8960492348916762 0.6850302200684151 0.9205053591790193 0.7334805883694413 0.9492477993158495 0.7235623671607754 0.9366899247434436 0.6647369851767388
0 0.9128286887115165 0.5769333477765108 0.8814040809578108 0.5933784549600912 0.8897238779931584 0.6231870524515393 0.9214511197263398 0.6124403226909919 0.9128286887115165 0.5769333477765108
0 0.9688849931584949 0.44827972633979474 0.9445113295324972 0.41394028848346637 0.9138788779931585 0.4263101094640821 0.9300927651083238 0.4590634492588369 0.9688849931584949 0.44827972633979474
0 0.7142114070695552 0.33534357354618016 0.7366996602052451 0.3721355062713797 0.7925617480045609 0.3533923181299886 0.7790269600912201 0.31411149600912197 0.7142114070695552 0.33534357354618016
0 0.7730241003420752 0.4539048050171038 0.8313429840364881 0.43704945610034207 0.8186406659064994 0.40074943101482324 0.7638733671607754 0.4211157103762828 0.7730241003420752 0.4539048050171038
0 0.3207468198403649 0.32652210376282786 0.3721873078677309 0.294233236031927 0.3470199543899658 0.26396878563283926 0.2999232075256556 0.29569329646522235 0.3207468198403649 0.32652210376282786
0 0.9424271003420752 0.5263023181299886 0.9023162451539339 0.5438779703534777 0.9214746214367161 0.5687467206385405 0.9523727582668187 0.5550182565564424 0.9424271003420752 0.5263023181299886
0 0.8501712862029647 0.5699398871151654 0.7814237457240593 0.6031050125427594 0.7910486328392246 0.611156645381984 0.8551803500570125 0.5908549293044469 0.8501712862029647 0.5699398871151654
0 0.7845639407069556 0.6025088620296465 0.8025647194982896 0.5939201482326112 0.7801343272519955 0.5599504834663626 0.7603853238312429 0.5681977844925884 0.7845639407069556 0.6025088620296465