0 0.39487596465222347 0.04019740136830103 0.38074969441277084 0.008439815279361459 0.32342216191562145 0.014235711516533637 0.3391999258836944 0.05686551881413911 0.39487596465222347 0.04019740136830103
0 0.5616720410490308 0.18690090763968073 0.5464870843785633 0.15700451767388826 0.520028275940707 0.17016662713797034 0.5349329931584949 0.20031129646522236 0.5616720410490308 0.18690090763968073
0 0.7447646704675029 0.09848707753705815 0.7233911140250855 0.04818360889395667 0.6713267571265679 0.06968656442417331 0.6944356989737743 0.11927191562143673 0.7447646704675029 0.09848707753705815
0 0.7537581664766249 0 0.7348721664766249 0.008088185860889396 0.7443993112884835 0.02942401710376283 0.8149874116305588 0 0.7537581664766249 0
0 0.9720541516533637 0.13141236830102623 0.9090797137970353 0.15010546636259978 0.9341260057012544 0.2018609612314709 0.9780394002280501 0.18636309122006842 0.9720541516533637 0.13141236830102623
0 0.929053307867731 0.461276425313569 0.9010815735461802 0.41024394754846066 0.8518034732041049 0.4290334344355758 0.8740671835803877 0.4835773249714937 0.929053307867731 0.461276425313569
0 0.40890310262257695 0.5387286271379703 0.4071769087799316 0.5055087434435576 0.35958385746864313 0.5058592075256556 0.3623962576966933 0.541822503990878 0.40890310262257695 0.5387286271379703
0 0.4572127092360319 0.5401136545039908 0.45616009578107186 0.508037070695553 0.4071769087799316 0.5055087434435576 0.4116356282782212 0.5437361505131129 0.4572127092360319 0.5401136545039908
0 0.10633038768529077 0.8676894903078677 0.17751435005701252 0.8472334925883694 0.16774298175598631 0.8223826989737743 0.09930108437856329 0.843771566704675 0.10633038768529077 0.8676894903078677
0 0.1371377001140251 0.9762737354618015 0.2396016282782212 0.9435073329532496 0.23668801254275942 0.9273759692132268 0.1265422314709236 0.9609395473204104 0.1371377001140251 0.9762737354618015
0 0.5981914367160776 0.6665938255416192 0.6459869726339795 0.6436037742303307 0.6238584846066134 0.616573724059293 0.5789861676168757 0.6387641630558724 0.5981914367160776 0.6665938255416192
0 0.6910621927023946 0.5136397765108324 0.6718138369441278 0.4852163614595211 0.6393906818700115 0.498201905359179 0.6555073181299885 0.5329325803876853 0.6910621927023946 0.5136397765108324
0 0.3581329361459521 1 0.35042527137970353 0.9792199110604333 0.30023289851767393 0.9934464344355758 0.30222055074116305 1 0.3581329361459521 1
0 0.48535366818700115 0.3041665108323831 0.48610714937286204 0.28089476168757127 0.425400582668187 0.28097181299885976 0.4236820376282782 0.2989542474344356 0.48535366818700115 0.3041665108323831
0 0.3020061505131129 0.5080998335233751 0.29876233751425313 0.4702229076396807 0.2578134116305587 0.46342530102622576 0.25750053933865447 0.5100215689851767 0.3020061505131129 0.5080998335233751