0 0.024523754846066132 0.6335372930444698 0.01581197833523375 0.6787774743443556 0.06283191448118586 0.6848812314709236 0.08099389509692131 0.6367053603192702 0.024523754846066132 0.6335372930444698
0 0.0033319532497149374 0.5081349167616875 0.0011745359179019385 0.5716525553021665 0.05372087913340935 0.5711635461801596 0.05929125313568985 0.5160579361459521 0.0033319532497149374 0.5081349167616875
0 0.3246247445838084 0.3393784435575826 0.372324566704675 0.35041171037628277 0.37871502394526796 0.30817812428734326 0.33141234777651085 0.302976314709236 0.3246247445838084 0.3393784435575826
0 0.40218033409350057 0.2917504709236032 0.5002599646522234 0.29715831927023945 0.5026381801596351 0.2633007194982896 0.4044862383124287 0.2536606761687571 0.40218033409350057 0.2917504709236032
0 0.6282809042189281 0 0.6201265336374002 0.01978974002280502 0.6691689464082098 0.03969780045610034 0.6862713329532497 0 0.6282809042189281 0
0 0.9386050706955531 0 0.990209992018244 0.006211636259977196 0.9901015678449259 0 0.9386050706955531 0
0 0.612120417331813 0.5817525553021665 0.6076662098061574 0.632850574686431 0.6614823352337514 0.6370651208665906 0.6656532941847205 0.5867502896237172 0.612120417331813 0.5817525553021665
0 0.36935757240592926 0.9288969099201825 0.2836325062713797 0.9167489817559864 0.2758767172177879 0.9827365758266818 0.34972371151653364 0.9948121083238312 0.36935757240592926 0.9288969099201825
0 0.4344717787913341 0.950898236031927 0.4417012234891676 0.9228881117445839 0.4080529521094641 0.9172823135689852 0.40351866362599775 0.9466924903078677 0.4344717787913341 0.950898236031927
0 0.1364410763968073 0.4791152348916762 0.2049293181299886 0.49037791562143673 0.21056570581527936 0.47307535005701257 0.13844302394526795 0.45772235005701256 0.1364410763968073 0.4791152348916762
0 0.20917453705815278 0.5294597787913341 0.2106413671607754 0.5454522394526795 0.24491374002280503 0.5527020832383124 0.24493904789053592 0.5371414595210946 0.20917453705815278 0.5294597787913341
0 0.17105608551881415 0.5230053044469783 0.17069018015963514 0.5360636784492588 0.2082770912200684 0.5460873489167617 0.20468491220068416 0.5445076123147092 0.20320688141391105 0.5277839863169898 0.17105608551881415 0.5230053044469783
0 0.13416637514253135 0.518903181299886 0.1320386259977195 0.5331784264538199 0.16453681755986316 0.5407592850627139 0.1621408574686431 0.5225686431014823 0.13416637514253135 0.518903181299886