0 0.5294801436716078 0.2576156510832383 0.47834870923603195 0.2750722371721779 0.4968359407069555 0.3218539315849487 0.551013298745724 0.2987355359179019 0.5294801436716078 0.2576156510832383
0 0.571674629418472 0.14165031927023944 0.5457287297605473 0.0696557685290764 0.5058333831242874 0.089351496009122 0.5360061949828963 0.15457163169897378 0.571674629418472 0.14165031927023944
0 0.7436305051311288 0.2970275872291904 0.7341774378563284 0.2570936590649943 0.6780990136830102 0.2874807229190422 0.6929456488027367 0.32043611060433297 0.7436305051311288 0.2970275872291904
0 0.9117306533637399 0.2324182417331813 0.8852692371721779 0.15750004218928162 0.8572300250855188 0.17269357468643104 0.8842068494868871 0.2402859794754846 0.9117306533637399 0.2324182417331813
0 0.6776301858608893 0.7083974287343215 0.6605515302166476 0.7174379532497149 0.6836108620296466 0.8038084025085519 0.7016728985176739 0.8048439464082099 0.6776301858608893 0.7083974287343215
0 0.7317159714937287 0.6837879076396808 0.7196886145952109 0.6497340820980615 0.66683996009122 0.6711109167616875 0.6767022531356899 0.7031348631698974 0.7317159714937287 0.6837879076396808
0 0.6454664948688712 0.669453449258837 0.6349144481185861 0.6266971664766249 0.5823057822120866 0.6426054982896238 0.5923408848346635 0.6926878472063854 0.6454664948688712 0.669453449258837
0 0.0902008677309008 0.7450541071835804 0.05686800228050171 0.7575620091220069 0.07109612656784493 0.7972584629418471 0.10025944013683011 0.7851827229190421 0.0902008677309008 0.7450541071835804
0 0.1537003842645382 0.7055190935005701 0.1396109543899658 0.659770677309008 0.10961315621436715 0.6741053272519955 0.12734614937286204 0.7234300672748004 0.1537003842645382 0.7055190935005701
0 0.4751215279361459 0.3558298323831243 0.42031374572405933 0.3763447080957811 0.4367391767388826 0.4114333511972634 0.48402904218928167 0.39013231584948693 0.4751215279361459 0.3558298323831243
0 0.2161416898517674 0.8000197651083238 0.18153807297605473 0.8121504127708096 0.19995751995438996 0.8517091448118587 0.2332107913340935 0.8322802303306728 0.2161416898517674 0.8000197651083238
0 0.3043190535917902 0.9140988574686432 0.2498547457240593 0.9399809418472064 0.26408259749144813 0.9796758551881415 0.3165965541619156 0.9568507628278222 0.3043190535917902 0.9140988574686432
0 0.20439794298745723 1 0.19027079817559864 0.9504871995438996 0.15216353249714937 0.9734850957810719 0.16311739452679588 1 0.20439794298745723 1
0 0.6872361516533637 0.14117130672748004 0.6814622998859748 0.12892379589509692 0.6612925701254275 0.14092258380843786 0.668955794754846 0.15705572748004562 0.6872361516533637 0.14117130672748004
0 0.6741082748004561 0.10429539794754845 0.6505360763968072 0.11749545610034208 0.6566192383124286 0.1314971550741163 0.6801222246294184 0.12132384948688711 0.6741082748004561 0.10429539794754845