0 0.753400385404789 0.9539266898517674 0.7904680570125427 0.959555330672748 0.7979906864310149 0.9253464207525656 0.7619320843785633 0.9177215678449259 0.753400385404789 0.9539266898517674
0 1 0.18223535233751426 0.9805307787913341 0.18407099885974912 0.9880613215507411 0.24790774686431016 1 0.2466092143671608 1 0.18223535233751426
0 0.16052398745724059 0.21424878449258838 0.19504522006841504 0.21488492816419613 0.19910543215507412 0.17530694184720638 0.1642466590649943 0.17791936716077536 0.16052398745724059 0.21424878449258838
0 0.07119012086659066 0.60159617331813 0.1059422953249715 0.6064230809578107 0.11174748460661346 0.5741499760547321 0.07550679361459521 0.5688932645381984 0.07119012086659066 0.60159617331813
0 0.8083757445838085 0.8502626978335234 0.7702213489167616 0.8570553580387685 0.7757035233751426 0.9034299429874572 0.8140161698973775 0.8954559543899658 0.8083757445838085 0.8502626978335234
0 0.8540811402508552 0.6140629988597491 0.9101313740022805 0.6207563808437857 0.9202019236031926 0.5605440239452679 0.8682629201824401 0.5473576887115166 0.8540811402508552 0.6140629988597491
0 0.16024199429874572 0.006212253135689853 0.15265664994298747 0.05203802622576967 0.17422834777651083 0.053627297605473204 0.17606166362599773 0.009384347776510833 0.16024199429874572 0.006212253135689853
0 0.10180231128848347 0 0.10061926909920182 0.04033469783352338 0.11274112656784493 0.041097214367160774 0.1196252417331813 0.0002746750285062714 0.11453128164196123 0 0.10180231128848347 0
0 0.15332563283922462 0.3578569407069555 0.19332722006841505 0.3571829315849487 0.19692169327251993 0.3229283614595211 0.15522066248574687 0.32196207525655646 0.15332563283922462 0.3578569407069555
0 0.1389073409350057 0.6861950421892816 0.1253594686431015 0.7183867673888256 0.17556643671607755 0.733209622576967 0.18546281071835802 0.6992083888255416 0.1389073409350057 0.6861950421892816
0 0.9411757331812999 0.3272483135689852 0.951653322690992 0.2620069828962372 0.9013864241733182 0.26416539794754845 0.8959446431014824 0.3268672143671608 0.9411757331812999 0.3272483135689852