0 0.268134149372862 0.784773700114025 0.3030208198403649 0.790063645381984 0.29551065678449256 0.732359787913341 0.2604396510832383 0.7342907708095782 0.268134149372862 0.784773700114025
0 0.0843932394526796 0.903232701254276 0.10547458380843786 0.9017704538198403 0.10397594526795895 0.8570106111744583 0.07990983580387685 0.8519986909920183 0.0843932394526796 0.903232701254276
0 0.31460812542759403 0.7836384743443557 0.34950834321550744 0.7841298346636261 0.3451637787913341 0.7361740285062714 0.3120219566704675 0.7390330524515393 0.31460812542759403 0.7836384743443557
0 0.38131973888255416 0.7661683694412771 0.4368006385404789 0.761668755986317 0.43128300684150517 0.7138762360319271 0.37649718700114027 0.7161811927023946 0.38131973888255416 0.7661683694412771
0 0.4521149863169897 0.8578484241733182 0.485083771949829 0.8580132234891675 0.4845592212086659 0.8287056955530216 0.452774582668187 0.8241789566704675 0.4521149863169897 0.8578484241733182
0 0.3018706145952109 0.8591775860889396 0.34465642645381983 0.8561623568985176 0.3430498654503991 0.8234109623717217 0.2990208221208666 0.8170075530216647 0.3018706145952109 0.8591775860889396
0 0.10711582098061573 0.32953085290763967 0.14175458950969214 0.3330568836944128 0.14089972063854048 0.301399015963512 0.10819657468643101 0.29460302622576967 0.10711582098061573 0.32953085290763967
0 0.09924962029646522 0.1780403842645382 0.13277935233751426 0.1754266362599772 0.13017031927023945 0.13981978221208666 0.09485119612314709 0.13998530216647662 0.09924962029646522 0.1780403842645382
0 0.09849791106043329 0.23660715621436718 0.13592113683010262 0.23614434663625997 0.1327890307867731 0.20960320524515394 0.09764625427594072 0.206746015963512 0.09849791106043329 0.23660715621436718
0 0.6737370820980616 0.7469566499429874 0.7089718084378563 0.7462018278221209 0.6974761448118587 0.6686722018244013 0.6644995917901938 0.6727071687571267 0.6737370820980616 0.7469566499429874
0 0.7151143968072975 0.744439165336374 0.7510812041049031 0.7474787594070695 0.7445355963511973 0.7094256510832383 0.7107311539338655 0.7075811197263397 0.7151143968072975 0.744439165336374
0 0.7084165085518814 0.6392539258836943 0.7596216499429874 0.6377535701254277 0.7569295484606614 0.6015556510832383 0.7060909486887115 0.6021051140250856 0.7084165085518814 0.6392539258836943
0 0.7732320364880274 0.6850067354618016 0.839555953249715 0.6822809532497149 0.8352575085518814 0.6133331858608894 0.7715878608893957 0.6120868472063854 0.7732320364880274 0.6850067354618016
0 0.8646499315849487 0.8241551938426454 0.8969636522234892 0.8265074481185861 0.8961533568985177 0.7738578369441277 0.8589083614595212 0.7730964287343216 0.8646499315849487 0.8241551938426454
0 0.7091241984036488 0.87089569327252 0.7628995621436716 0.8699334948688712 0.7571342474344356 0.820378606613455 0.7069742394526796 0.8172351892816421 0.7091241984036488 0.87089569327252
0 0.6718883865450399 0.9609701391106044 0.705568921322691 0.9649306339794754 0.7041260809578107 0.9333554002280502 0.6714051984036488 0.9349545165336374 0.6718883865450399 0.9609701391106044
0 0.6700830535917901 0.9255469703534778 0.7001150752565564 0.926124503990878 0.7000850000000001 0.9003465701254275 0.6666124241733181 0.9008521607753706 0.6700830535917901 0.9255469703534778
0 0.6227488643101482 0.8956262428734321 0.6218206784492588 0.8591804207525655 0.5828959486887115 0.8592546681870011 0.5837430478905359 0.8951123010262259 0.6227488643101482 0.8956262428734321
0 0.589374212086659 0.9554785746864309 0.6261494150513113 0.9539076670467503 0.6215123762827822 0.9251796909920184 0.5876268483466363 0.922746969213227 0.589374212086659 0.9554785746864309
0 0.8551853329532497 0.6698914401368301 0.910392527936146 0.6663296704675029 0.9066008962371721 0.6350845393386545 0.8531656020524515 0.6342001870011403 0.8551853329532497 0.6698914401368301
0 0.8948549213226911 0.8711746875712657 0.8786375667046751 0.8725545108323832 0.8814310820980615 0.9504077662485747 0.8991787092360319 0.9488128768529076 0.8948549213226911 0.8711746875712657
0 1 0.5857180114025086 0.9696252987457241 0.5848556624857468 0.9789549589509692 0.6554946795895097 1 0.6618785461801596 1 0.5857180114025086
0 0.7854047571265679 0.2794722371721779 0.8247220809578106 0.2826405313568985 0.8243234811858609 0.1945575370581528 0.7818820034207525 0.19092893614595213 0.7854047571265679 0.2794722371721779
0 0.9062991630558723 0.21931150741163058 0.9400328893956671 0.22086618472063854 0.938434314709236 0.18391657240592932 0.903126488027366 0.17988498631698974 0.9062991630558723 0.21931150741163058
0 0.6651221049030787 0.40790127137970356 0.712551511972634 0.40513280501710375 0.7072629350057013 0.36750262029646524 0.6601061356898518 0.3729293272519954 0.6651221049030787 0.40790127137970356
0 0.8245220216647663 0.2829684401368301 0.8832776624857468 0.28160610262257696 0.8569709749144812 0.2265439236031927 0.8261779441277081 0.2290728472063854 0.8245220216647663 0.2829684401368301
0 0.29937122462941845 0.3109053101482326 0.3380199087799316 0.3102702725199544 0.33415362941847204 0.27423894982896235 0.29464247548460665 0.27439561459521095 0.29937122462941845 0.3109053101482326
0 0.37910467160775374 0.20196712884834664 0.3763760558722919 0.14418927708095783 0.34784296237172174 0.14999967502850625 0.35611413340935005 0.20459707525655643 0.37910467160775374 0.20196712884834664
0 0.4807813181299886 0 0.4705891687571266 0.00047876510832383127 0.4711991265678449 0.01874034549600912 0.4853701630558723 0.01614915165336374 0.4872154823261118 0 0.4807813181299886 0
0 0.5046650992018245 0 0.5070128323831243 0.016704984036488027 0.5226151596351197 0.016910559863169895 0.520238534777651 0 0.5046650992018245 0
0 0.524568354618016 0.42405730216647664 0.5574866134549601 0.42272866020524513 0.5553729509692132 0.3906465416191562 0.5185508757126568 0.3886281037628278 0.524568354618016 0.42405730216647664
0 0.30012421550741164 0.4313176716077537 0.34169858152793614 0.4344685518814139 0.33326969327251993 0.3744938939566705 0.29769511516533637 0.3770968118586089 0.30012421550741164 0.4313176716077537
0 0.2340286339794755 0.45259850171037624 0.2698608654503991 0.4475626100342075 0.26820670923603196 0.3974299361459521 0.23464995324971494 0.39734777194982895 0.2340286339794755 0.45259850171037624