0 0.12580672633979476 0.052552840364880275 0.09077435575826683 0.08821249714937286 0.13875392474344356 0.1265088141391106 0.16398033979475485 0.0885979897377423 0.12580672633979476 0.052552840364880275
0 0.027305781071835802 0.5294751505131129 0.06353721778791334 0.5610263443557583 0.08769593158494869 0.5364754823261118 0.05154747662485747 0.5001703249714937 0.027305781071835802 0.5294751505131129
0 0.28767134891676166 0.16002538768529076 0.31847858038768534 0.12845511402508553 0.27957067616875714 0.09239871151653364 0.2545710741163056 0.11901646180159635 0.28767134891676166 0.16002538768529076
0 0.3687244914481186 0.10495500912200684 0.39575500798175595 0.08580509122006841 0.3678373568985177 0.053805173318129985 0.3438396602052452 0.08014349258836945 0.3687244914481186 0.10495500912200684
0 0.7960440034207525 0.061279548460661346 0.8433424184720639 0.005916899657924744 0.7993959885974915 0.005149811858608894 0.7631638802736602 0.041679288483466366 0.7960440034207525 0.061279548460661346
0 1 0.1251317913340935 0.9926193283922463 0.1515208802736602 1 0.15799171151653363 1 0.1251317913340935
0 1 0.24897219498289624 0.9515765233751425 0.2272082998859749 0.9336195496009122 0.2688137434435576 1 0.29771086659064994 1 0.24897219498289624
0 0.9926978392246294 0.851349149372862 0.9929338164196123 0.8132990364880274 0.9426664196123147 0.804098472063854 0.9360409224629418 0.8438201413911061 0.9926978392246294 0.851349149372862
0 0.9417764070695553 0.8891083876852908 0.9919508221208666 0.8941457559863171 0.992238637400228 0.8531257810718359 0.9423781881413912 0.8546323888255416 0.9417764070695553 0.8891083876852908
0 0.8729396727480045 0.5162908631698974 0.8592172611174459 0.5546994116305587 0.8946675917901938 0.5630475017103763 0.9071922941847207 0.5252134515393386 0.8729396727480045 0.5162908631698974
0 0.853300251995439 0.621784488027366 0.8870007445838084 0.6283173876852908 0.892878518814139 0.5975012132269099 0.861592787913341 0.5913073842645382 0.853300251995439 0.621784488027366
0 0.2226419190421893 0.6226671790193843 0.2503817537058153 0.5969911459521094 0.20769895553021664 0.5611642086659064 0.18547304675028506 0.5902088620296465 0.2226419190421893 0.6226671790193843
0 0.05673524629418472 0.4069107229190422 0.03490654161915621 0.43388074230330675 0.0613057251995439 0.45098938996579246 0.07704689395667047 0.43283165792474343 0.05673524629418472 0.4069107229190422
0 0.3499271049030787 0.8419141915621436 0.38063287343215507 0.8501779030786774 0.39725820182440136 0.815387755986317 0.35966218129988603 0.8046252884834664 0.3499271049030787 0.8419141915621436
0 0.3397554321550741 0.9148696590649943 0.37746468871151656 0.9297987993158494 0.3913116123147092 0.8842569623717217 0.3549065575826682 0.8732168004561004 0.3397554321550741 0.9148696590649943
0 0.6484016259977196 0.9743637753705815 0.6690141368301027 0.9830482736602052 0.6838392976054732 0.9494159486887115 0.6570679578107184 0.9427055142531358 0.6484016259977196 0.9743637753705815