0 0.934307700114025 0.8768879315849487 0.9431685735461801 0.9184867856328393 0.9734717844925883 0.9092316453819841 0.9689938962371721 0.8664742269099202 0.934307700114025 0.8768879315849487
0 0.8135045062713797 0.894253913340935 0.8255598757126569 0.9219538871151652 0.8573519578107183 0.9084329350057013 0.8461191984036487 0.883985063854048 0.8135045062713797 0.894253913340935
0 0.6804300570125428 0.9148572200684151 0.654478393386545 0.9267825028506272 0.6603638871151654 0.9513442827822121 0.6935542953249715 0.9365633432155074 0.6804300570125428 0.9148572200684151
0 0.6002186351197264 0.45725497719498287 0.5887556795895098 0.4295151448118586 0.5555338175598631 0.4395680102622577 0.5645890376282783 0.471200905359179 0.6002186351197264 0.45725497719498287
0 0.9009794971493728 0.49390172862029647 0.9172621596351197 0.5224949338654504 0.9412700091220068 0.5083294754846066 0.9255137217787913 0.47449616191562144 0.9009794971493728 0.49390172862029647
0 0.47408495438996584 0.6111629042189282 0.44504907753705814 0.6215182576966932 0.4556585518814139 0.6540762383124288 0.4881241060433295 0.6416970250855187 0.47408495438996584 0.6111629042189282
0 0.40753012314709236 0.05092519954389966 0.3991075438996579 0.007082492588369441 0.3640129327251996 0.015911450399087798 0.37169994298745723 0.062025061573546175 0.40753012314709236 0.05092519954389966
0 0.7487115849486887 0.018742500570125428 0.7568950045610034 0.03362979361459521 0.7907238358038768 0.015211083238312429 0.7838076419612315 0.0014224446978335233 0.7487115849486887 0.018742500570125428
0 0.7965510387685291 0.02193817331812999 0.7581080319270239 0.042465136830102626 0.7657034127708096 0.0531989566704675 0.7999562793614595 0.036565955530216646 0.7965510387685291 0.02193817331812999
0 0.8055620524515393 0.04866062827822121 0.7660715815279362 0.06271990535917901 0.7709961641961232 0.07779592018244014 0.807312968072976 0.06518812656784492 0.8055620524515393 0.04866062827822121
0 0.38304280957810716 0.6966155917901938 0.3883888551881414 0.7134853272519954 0.42381592588369443 0.7008990250855188 0.4168512428734321 0.6821610866590649 0.38304280957810716 0.6966155917901938
0 0.3256704127708096 0.7018147274800457 0.33831964424173316 0.7294731744583809 0.3624102212086659 0.7164907628278221 0.35135371835803875 0.6903076202964652 0.3256704127708096 0.7018147274800457