0 0.3147041322690992 0.8535115153933865 0.3015644218928164 0.8023390353477765 0.2571213945267959 0.811192472063854 0.26902376282782214 0.861952969213227 0.3147041322690992 0.8535115153933865
0 0.3800342371721779 0.8388806351197263 0.36841345952109467 0.8078550638540478 0.30839922234891676 0.8219256522234891 0.3184333090079817 0.8549106248574686 0.3800342371721779 0.8388806351197263
0 0.33344379589509693 1 0.324945976054732 0.9623166841505131 0.26055000114025084 0.9744597297605473 0.2667976567844926 1 0.33344379589509693 1
0 0.197309251995439 0.9464715541619156 0.25399700000000003 0.9405134310148233 0.24694699657924743 0.9018384925883695 0.18879668415051312 0.9109370102622577 0.197309251995439 0.9464715541619156
0 0.14569204675028505 0.6712169600912201 0.23647437514253136 0.6545111071835804 0.2158473021664766 0.5832235769669327 0.12978928050171037 0.5994360285062713 0.14569204675028505 0.6712169600912201
0 0.5009652645381985 0.5580342063854048 0.5762386100342075 0.5471375575826681 0.5694687856328392 0.5054480672748005 0.4960912234891676 0.5173410741163056 0.5009652645381985 0.5580342063854048
0 0.13173587229190423 0.20329683808437857 0.12866346408209806 0.16838455074116304 0.011525478905359179 0.1842799441277081 0.020036491448118584 0.2198146510832383 0.13173587229190423 0.20329683808437857
0 0.3457602953249715 0.06972472177879134 0.34187804675028505 0.038482818700114024 0.2333506567844926 0.05108354732041049 0.23772492246294186 0.08702162257696694 0.3457602953249715 0.06972472177879134
0 0.5920712337514253 0.2092566510832383 0.5818523135689851 0.15180697833523374 0.5199121527936146 0.15891417217787912 0.5344491915621437 0.21770105359179018 0.5920712337514253 0.2092566510832383
0 0.8216560125427593 0.6270456351197264 0.8086130387685291 0.5483921881413911 0.7595079327251995 0.558331078677309 0.7722051014823261 0.6308542770809578 0.8216560125427593 0.6270456351197264
0 0.636727889395667 0.475088763968073 0.650268732041049 0.535772984036488 0.6853563340935006 0.5344732098061573 0.6710084971493729 0.4661109714937286 0.636727889395667 0.475088763968073
0 0.6461050456100342 0.5415853603192703 0.6007292782212086 0.5529249144811859 0.6194270900798176 0.6285927890535918 0.6680053169897376 0.6193062976054732 0.6461050456100342 0.5415853603192703
0 0.48780823945267954 0.6430235085518814 0.538715141391106 0.6388670193842646 0.5194873409350057 0.5638518677309008 0.4713768757126568 0.5718935849486887 0.48780823945267954 0.6430235085518814
0 0.35597700228050166 0.6043260114025085 0.41652122690992016 0.5896026978335234 0.40687997263397946 0.5205933808437857 0.34159747206385405 0.5299968985176738 0.35597700228050166 0.6043260114025085
0 0 0.41855700228050174 0.013570938426453821 0.4849146054732041 0.059534395667046755 0.4820066864310148 0.04024889965792474 0.3723609817559863 0 0.37858790992018243 0 0.41855700228050174
0 0.6604506271379703 0.15548951539338654 0.6506375678449259 0.09620612428734322 0.614397558722919 0.10359722576966932 0.6229637981755987 0.15668324515393386 0.6604506271379703 0.15548951539338654
0 0.526225802736602 0.122419921322691 0.5242635860889395 0.15487312314709234 0.6013812314709236 0.1473081938426454 0.5918043249714937 0.11015258494868872 0.526225802736602 0.122419921322691
0 0.7506449258836945 0.36039978905359177 0.74083186659065 0.3011163979475484 0.7030400353477765 0.3050884789053592 0.7148604287343215 0.3664295689851767 0.7506449258836945 0.36039978905359177
0 0.17172041847206385 0.5496427582668187 0.1629929110604333 0.5063679669327251 0.11155602166476625 0.511177181299886 0.11443968415051312 0.5584943397947548 0.17172041847206385 0.5496427582668187