0 0.09128824401368302 0.040203197263397945 0.1154794583808438 0.11699991448118587 0.15796561915621435 0.10656894640820981 0.12553839794754845 0.03661593044469783 0.09128824401368302 0.040203197263397945
0 0.2179666408209806 0.2400596590649943 0.19965217103762828 0.18509481299885974 0.15909095324971492 0.2024798517673888 0.18428151767388826 0.25470311858608896 0.2179666408209806 0.2400596590649943
0 0.09972520752565564 0.22840069783352338 0.11976109007981756 0.26566206157354616 0.14689724515393385 0.24551205131128848 0.1343195496009122 0.21104735233751426 0.09972520752565564 0.22840069783352338
0 0.5095154139110604 0.05736494184720639 0.5164878677309008 0.08678164538198403 0.5722749623717217 0.07793465336374003 0.5642369361459522 0.041204897377423035 0.5095154139110604 0.05736494184720639
0 0.8732847445838084 0.255053338654504 0.8856038939566705 0.28705814937286206 0.9279146431014824 0.27495824971493726 0.9205274606613455 0.2387555370581528 0.8732847445838084 0.255053338654504
0 0.9119804891676169 0.31648411858608894 0.9207166396807297 0.3484805974914481 0.9518593865450399 0.33804940022805013 0.9422343420752566 0.30327593614595216 0.9119804891676169 0.31648411858608894
0 0.7273507172177879 0.3377889566704675 0.7467994868871151 0.3723044618015963 0.795628598631699 0.3455240364880274 0.7840738050171038 0.3151262565564424 0.7273507172177879 0.3377889566704675
0 0.6661519669327253 0.4825964264538199 0.6866180171037628 0.5324709851767389 0.7204365324971495 0.5162565381984037 0.7021131687571266 0.466887338654504 0.6661519669327253 0.4825964264538199
0 0.1078504401368301 0.4278329521094641 0.09169330102622578 0.3962488129988597 0.03966333295324971 0.42378671721778793 0.060134380843785626 0.4538428107183581 0.1078504401368301 0.4278329521094641
0 0.18453845496009122 0.41619530672748006 0.20620430102622578 0.44624365564424173 0.2519589566704675 0.41578790079817557 0.2426732291904219 0.38992308437856327 0.18453845496009122 0.41619530672748006
0 0.08107608437856328 0.47984154389965794 0.09433601938426453 0.512276936145952 0.1484507434435576 0.4875034458380844 0.13624510490307867 0.45657862371721775 0.08107608437856328 0.47984154389965794
0 0.0993164047890536 0.6022492223489168 0.11777182896237172 0.627313661345496 0.1466796385404789 0.6069790136830103 0.13068016077537056 0.5854003933865451 0.0993164047890536 0.6022492223489168
0 0.18888944127708093 0.687643149372862 0.2044246408209806 0.7190051459521094 0.23808884378563283 0.6928021106043329 0.21848724515393386 0.6596726738882553 0.18888944127708093 0.687643149372862
0 0.05040845952109464 0.9463747753705816 0.08677729190421893 0.9061277194982895 0.0654012748004561 0.8845171755986316 0.040381548460661346 0.9104086590649944 0.05040845952109464 0.9463747753705816
0 0.8185427046750284 0.9043683933865451 0.8358754184720638 0.9442972394526796 0.8788017149372862 0.9153328004561003 0.8661914446978335 0.886238425313569 0.8185427046750284 0.9043683933865451
0 0.7186980649942987 0.7496480501710376 0.7332106522234892 0.7798009407069556 0.763417953249715 0.7604546248574687 0.7491587628278221 0.732727598631699 0.7186980649942987 0.7496480501710376
0 0.88471469327252 0.6421353090079817 0.9025558175598632 0.6698754925883694 0.9358045324971493 0.6510799030786774 0.9210184640820981 0.6240052759407069 0.88471469327252 0.6421353090079817
0 0.8524409236031927 0.5793225541619156 0.8670364834663625 0.6159601071835803 0.8959753352337514 0.601586118586089 0.883707795895097 0.5700723523375143 0.8524409236031927 0.5793225541619156
0 0.1326895803876853 0.14441678449258838 0.17161409350057014 0.1313404937286203 0.16504866020524514 0.11715688141391106 0.13266301938426453 0.12712326225769668 0.1326895803876853 0.14441678449258838
0 0.5467516818700113 0.9597755678449259 0.5097037981755986 0.9708258472063854 0.5157392212086659 0.999847709236032 0.5611612132269099 0.9946431812998859 0.5467516818700113 0.9597755678449259
0 0.11460288369441278 0.858470582668187 0.13210248004561004 0.8716008061573546 0.1685934789053592 0.8325160980615736 0.15557597605473206 0.8165879783352338 0.11460288369441278 0.858470582668187
0 0.09275896123147093 0.8494340786773089 0.10502120524515393 0.8610314811858608 0.14382809236031927 0.8184197514253136 0.13167694868871152 0.8107494355758267 0.09275896123147093 0.8494340786773089