0 0.7359951573546181 0 0.6863638517673888 0.017863519954389964 0.6953802588369441 0.031332143671607755 0.7654341778791334 0.007535572405929305 0.7612455917901939 0 0.7359951573546181 0
0 0.36387993500570126 0.2704829338654504 0.366627669327252 0.28264684150513114 0.40120315165336373 0.2801645359179019 0.39856261345496014 0.2651893021664766 0.36387993500570126 0.2704829338654504
0 0.36586394982896236 0.2954299144811859 0.3696085575826682 0.3098280980615736 0.40514910034207524 0.305971393386545 0.4005604070695553 0.2919330615735462 0.36586394982896236 0.2954299144811859
0 0.3324107947548461 0.3248198677309008 0.33240160661345497 0.34530137400228045 0.41160657696693276 0.33916529190421896 0.40581217901938427 0.3217173420752566 0.3324107947548461 0.3248198677309008
0 0.5634644868871151 0.4780285245153934 0.5503781972633979 0.5441825245153934 0.5764427879133409 0.5516321322690992 0.5885764538198404 0.48007553819840365 0.5634644868871151 0.4780285245153934
0 0.4536535860889396 0.666643725199544 0.4494102212086659 0.683654637400228 0.5554281790193843 0.7029076202964651 0.5577264321550741 0.6851322348916761 0.4536535860889396 0.666643725199544
0 0.4500601094640821 0.6907686123147092 0.44874347092360317 0.7072634629418472 0.5512484367160776 0.727135882554162 0.5545622166476625 0.7082723078677309 0.4500601094640821 0.6907686123147092
0 0.44165781413911065 0.7560966989737743 0.4398864925883695 0.7871272713797035 0.4923283112884835 0.7935417331813 0.4951844298745724 0.7566779167616876 0.44165781413911065 0.7560966989737743
0 0.5047273751425314 0.9220598882554162 0.5021531231470924 0.97250769327252 0.5441982748004561 0.9747310319270239 0.5483553956670468 0.9264125883694413 0.5047273751425314 0.9220598882554162
0 1 0.599663818700114 0.9646062862029646 0.6132915564424173 0.9732090102622577 0.6244230718358039 1 0.6146984127708096 1 0.599663818700114
0 0.8505945222348917 0.20634455074116304 0.8530999156214367 0.22397261687571265 0.8852669749144813 0.21468799885974915 0.8736723637400228 0.1968554663625998 0.8505945222348917 0.20634455074116304