0 0.6023925210946408 0.3919590478905359 0.6106499828962372 0.4226649258836944 0.662603614595211 0.40531962941847205 0.6555113101482326 0.37323383352337514 0.6023925210946408 0.3919590478905359
0 0.29035338084378565 0.5124982417331813 0.30725181071835805 0.5620389931584948 0.3567903192702394 0.5423261128848347 0.3357442622576967 0.4933156396807297 0.29035338084378565 0.5124982417331813
0 0.05533471493728621 0.6227948061573546 0.060102701254275935 0.6577153500570125 0.12065815393386545 0.6398620421892816 0.10785987343215507 0.6040815153933866 0.05533471493728621 0.6227948061573546
0 0.22043822576966932 0.8957830558722919 0.23319813112884835 0.9803966887115165 0.27981625085518813 0.9804909179019384 0.2683900490307868 0.887232378563284 0.22043822576966932 0.8957830558722919
0 0.8476156316989738 0.2197843432155074 0.847289558722919 0.23521425769669327 0.9179921835803877 0.23716500000000001 0.9212899749144812 0.22205827023945268 0.8476156316989738 0.2197843432155074
0 0.9302071630558724 0.12045435575826682 0.9505847046750285 0.16518678107183582 0.9887246476624858 0.15586191562143673 0.9643392098061574 0.10265439566704676 0.9302071630558724 0.12045435575826682
0 0.9378244025085518 0.18261369669327251 0.9421870763968072 0.19440341505131128 0.9610806681870011 0.18814147206385404 0.9579053135689851 0.1763310285062714 0.9378244025085518 0.18261369669327251
0 0.9495061231470924 0.20554768985176738 0.9538599965792475 0.2167437229190422 0.969252441277081 0.21402779817559864 0.9666409680729761 0.20050100228050172 0.9495061231470924 0.20554768985176738
0 0.7696165416191563 0.310135937286203 0.7716873933865451 0.32671169555302165 0.8415011071835804 0.3118472645381984 0.8334641607753707 0.2935956864310148 0.7696165416191563 0.310135937286203
0 0.7529458939566704 0.2736447605473204 0.7532150433295326 0.28906428620296465 0.8143793318129989 0.2718910809578107 0.8139183945267958 0.2624945701254276 0.7529458939566704 0.2736447605473204
0 0.5912366921322691 0.024921280501710375 0.6092898175598632 0.07266191904218929 0.6343490159635119 0.06240582554161916 0.6171714082098061 0.01379196237172178 0.5912366921322691 0.024921280501710375
0 0.6414803911060434 0.011587688711516534 0.6625033489167617 0.059274925883694415 0.6857971402508551 0.049941972633979474 0.6626864743443557 0.0017239019384264539 0.6414803911060434 0.011587688711516534
0 0.5536367730900799 0.32043187229190423 0.5924663112884834 0.29958227822120864 0.5835976180159635 0.26770095210946404 0.5358616237172178 0.2887060102622577 0.5536367730900799 0.32043187229190423
0 0.44834802622576964 0.4462620171037628 0.4646631299885975 0.49640522919042185 0.4982429122006841 0.48098714481185856 0.47840724515393385 0.4332776202964652 0.44834802622576964 0.4462620171037628
0 0.43471023603192704 0.68558648004561 0.431757496009122 0.7206402257696694 0.45884973204104906 0.7247039566704675 0.45843589395667045 0.6839846647662486 0.43471023603192704 0.68558648004561
0 0.42658138768529075 0.8322647502850626 0.4615953774230331 0.8310597377423032 0.4649208072976055 0.8173574264538198 0.42807249258836944 0.8156268175598631 0.42658138768529075 0.8322647502850626
0 0.4489990912200684 0.7897514059293045 0.4462688825541619 0.8034433283922462 0.4718232953249715 0.8045475108323831 0.46740253819840366 0.7894301733181299 0.4489990912200684 0.7897514059293045
0 0.4605158038768529 0.12272069555302167 0.47920551995439 0.1728208962371722 0.5104511037628278 0.15976109578107184 0.49113762371721775 0.10794651995438997 0.4605158038768529 0.12272069555302167