0 0.7418817354618016 0.195072338654504 0.6972383489167616 0.16887921778791334 0.670163873432155 0.22012140592930443 0.7192269315849487 0.2432457742303307 0.7418817354618016 0.195072338654504
0 0.5313016180159635 0.06896133979475484 0.5553655279361459 0.022749117445838084 0.4842126431014823 0.0003653226909920182 0.4682532998859749 0.03573461231470924 0.5313016180159635 0.06896133979475484
0 0.8799820855188141 0 0.8738259327251995 0.03660870467502851 0.9479626339794756 0.05008918814139111 0.9590474914481186 0.010080207525655645 0.9201402953249714 0 0.8799820855188141 0
0 0.6875851949828962 0.5440246499429875 0.6527019646522235 0.5309856191562143 0.6409698437856328 0.5874401550741163 0.6712185849486887 0.5996941835803876 0.6875851949828962 0.5440246499429875
0 0.5927887936145952 0.9147003591790194 0.5695686761687572 0.9709694960091221 0.6379582656784493 0.9885884971493729 0.6647517445838085 0.9477416054732042 0.5927887936145952 0.9147003591790194
0 0.9096358893956671 0.7385697730900798 0.8988607434435576 0.7651412508551881 0.946639015963512 0.7871875553021664 0.9586456431014823 0.7611027867730901 0.9096358893956671 0.7385697730900798
0 0.8929613888255415 0.697711322690992 0.8823876795895097 0.719199022805017 0.9302955701254276 0.7433184823261118 0.9412777103762827 0.7191129669327252 0.8929613888255415 0.697711322690992
0 0.7298644811858609 0.6642974412770809 0.7466146442417332 0.6676017058152794 0.7619430775370581 0.5613598996579248 0.7475765712656784 0.5536765359179019 0.7298644811858609 0.6642974412770809
0 0.6188545860889395 0.6817593511972634 0.6000853511972634 0.7278047901938427 0.6367710558722919 0.7368135769669327 0.6548345051311288 0.6982801117445838 0.6188545860889395 0.6817593511972634
0 0.44188197719498284 0.8981020923603192 0.43887380159635114 0.9794237263397948 0.4866653968072976 0.9812026841505131 0.4859501049030787 0.9049733876852908 0.44188197719498284 0.8981020923603192
0 0.42522803876852905 0.8506840775370581 0.42692228848346636 0.8904690581527936 0.45985951995439 0.885800937286203 0.4563183534777651 0.8521377217787913 0.42522803876852905 0.8506840775370581
0 0.5104593990877992 0.8175985233751425 0.5275969270239452 0.8280195450399087 0.5406450171037629 0.7678722006841504 0.5235813591790194 0.763404897377423 0.5104593990877992 0.8175985233751425
0 0.36164789053591795 0.7841284378563285 0.3632251835803877 0.8429962269099202 0.39087302850627137 0.8459415165336374 0.38829025541619155 0.7823935518814139 0.36164789053591795 0.7841284378563285
0 0.2821808472063854 0.7469755689851767 0.24522785062713798 0.7338180421892816 0.2295331379703535 0.7849586556442417 0.2579349589509692 0.8033344503990878 0.2821808472063854 0.7469755689851767
0 0.2770168175598632 0.8308698871151654 0.3124991984036488 0.8495202394526796 0.3373078312428734 0.7713574663625998 0.29842376510832386 0.7556868038768529 0.2770168175598632 0.8308698871151654
0 0.5607321938426454 0.1331405165336374 0.5347458198403648 0.19531384150513115 0.5477742759407069 0.20281626111744583 0.5747913204104903 0.13727466590649942 0.5607321938426454 0.1331405165336374
0 0.4644695575826682 0.014608997719498291 0.4502509247434436 0.0069126966932725195 0.4190998084378563 0.07281754503990878 0.43156906727480043 0.08602949030786773 0.4644695575826682 0.014608997719498291
0 0.4030727160775371 0.047695363740022804 0.4162089828962372 0.05340029646522235 0.437531582668187 0.004449386545039909 0.4250435518814139 0.004647920182440137 0.4030727160775371 0.047695363740022804
0 0.10604991448118586 0.17381252109464082 0.04757102736602053 0.15479002964652222 0.036442572405929304 0.19093027594070697 0.08853241847206386 0.20782965336374 0.10604991448118586 0.17381252109464082
0 0.05273832041049031 0.07476954389965793 0.0787662748004561 0.03494325655644242 0.03090223261117446 0.03913081755986317 0.021667133409350055 0.06288547890535919 0.05273832041049031 0.07476954389965793
0 0.22067243101482326 0.41232700456100346 0.1721476259977195 0.38766393158494866 0.1577305290763968 0.42707198745724056 0.20748857582668187 0.4513275872291904 0.22067243101482326 0.41232700456100346
0 0.060239842645381986 0.6603001128848347 0.045232810718358045 0.6997597810718359 0.08411687685290764 0.7154304435575827 0.09385549144811858 0.6770292896237172 0.060239842645381986 0.6603001128848347
0 0.4799321790193843 0.4346440775370582 0.4664096887115165 0.4638399885974914 0.49588943671607755 0.48092944013683014 0.5143461778791334 0.45368590992018243 0.4799321790193843 0.4346440775370582