0 1 0.6027620741163056 0.963581063854048 0.602373590649943 0.9708734002280501 0.6840914675028507 1 0.6799979908779932 1 0.6027620741163056
0 0.37228449258836943 0.871048078677309 0.3074075393386545 0.8732691322690992 0.3128425347776511 0.9204736807297605 0.3760081755986317 0.9223888608893956 0.37228449258836943 0.871048078677309
0 0.19236690763968073 0.8819422246294185 0.19225448004561005 0.821100134549601 0.12294989167616877 0.8266431641961232 0.12903775598631698 0.882748157354618 0.19236690763968073 0.8819422246294185
0 0.49821271835803876 0.8542493979475485 0.4681806966932725 0.8536718631698973 0.48199964652223487 0.9434662611174458 0.508853441277081 0.9384946134549601 0.49821271835803876 0.8542493979475485
0 0.3351675256556442 0.4535522827822121 0.31677518700114027 0.4540401881413911 0.3348800250855188 0.5786077651083238 0.34982282668187004 0.5741093500570126 0.3351675256556442 0.4535522827822121
0 0.3620911094640821 0.45336593044469786 0.3443820045610034 0.4501603033067275 0.36052416761687567 0.5905929281641962 0.37521928392246295 0.5843321459521095 0.3629131083238312 0.45415136259977196 0.3620911094640821 0.45336593044469786
0 0.4376019179019384 0.4985165724059293 0.4039146966932725 0.5029512109464082 0.42236766362599776 0.5831005621436716 0.446286023945268 0.5785398848346637 0.4376019179019384 0.4985165724059293
0 0.40332323489167615 0.5839783261117446 0.39660933751425315 0.506376251995439 0.38092282896237173 0.505582921322691 0.3867930843785633 0.5857034800456101 0.40332323489167615 0.5839783261117446
0 0.37862666818700114 0.4423496031927024 0.3816300205245154 0.4892947343215508 0.3942955849486887 0.48991304561003424 0.3969922862029647 0.4451631721778791 0.37862666818700114 0.4423496031927024
0 0.7028978928164197 0.5418758540478905 0.6986970535917901 0.4708158221208666 0.6805641493728619 0.4724648574686431 0.6873688848346636 0.5464582326111744 0.7028978928164197 0.5418758540478905
0 0.6579248346636261 0.5457980638540478 0.6723527651083238 0.5461686909920183 0.6679366476624857 0.49342625997719497 0.6532512816419612 0.4954901539338655 0.6579248346636261 0.5457980638540478
0 0.6005148814139111 0.5583633956670467 0.6160540262257697 0.5504850307867731 0.6100485769669327 0.4949664618015963 0.5961990843785633 0.49871163740022806 0.6005148814139111 0.5583633956670467
0 0.6200252782212087 0.49776142303306725 0.6272146567844926 0.5489165062713797 0.6441675096921322 0.5459327753705816 0.6356466716077537 0.48957012884834666 0.6200252782212087 0.49776142303306725
0 0.20046460661345494 0.6199830615735462 0.15013439908779933 0.6279558882554162 0.1602237377423033 0.69549021322691 0.21123713797035346 0.6919182588369441 0.20046460661345494 0.6199830615735462