0 0.8330823694412771 0.580192007981756 0.880025905359179 0.5616315062713797 0.8601834446978336 0.5024185689851768 0.8073332668187002 0.5186934139110604 0.8330823694412771 0.580192007981756
0 0.8948898460661345 0.8158379190421893 0.9211902622576967 0.7935859863169897 0.889767630558723 0.7511979042189282 0.8614062440136829 0.7718925883694413 0.8948898460661345 0.8158379190421893
0 0.8657041778791335 0.24090349486887117 0.898454354618016 0.23788837172177882 0.897732007981756 0.19181947434435578 0.8645224150513112 0.18976860205245155 0.8657041778791335 0.24090349486887117
0 0.5488984526795895 0.355793685290764 0.58120034663626 0.34860256100342074 0.5591361516533637 0.27891507981755986 0.5228269578107184 0.2865588141391106 0.5488984526795895 0.355793685290764
0 0.4156774344355758 0.31252266590649946 0.413122401368301 0.2666868244013683 0.3786765085518814 0.2672662827822121 0.3829065370581528 0.3161311767388826 0.4156774344355758 0.31252266590649946
0 0.2576692006841505 0.3331473842645382 0.2953897913340935 0.3237690387685291 0.28651764994298745 0.2863272223489168 0.25079941619156215 0.2919122006841505 0.2576692006841505 0.3331473842645382
0 0.07251487799315849 0.17933877194982895 0.10808382212086659 0.18058086659064992 0.10989021208665907 0.144701740022805 0.07304040022805018 0.1472766419612315 0.07251487799315849 0.17933877194982895
0 0.28753499429874574 0.3787487160775371 0.32180036830102626 0.36628071379703536 0.3038183340935006 0.3261427616875712 0.270711251995439 0.33360282326111745 0.28753499429874574 0.3787487160775371
0 0.33758117331813 0.23731383010262258 0.3788705393386545 0.24469680615735462 0.3766218905359179 0.2039216157354618 0.3394385781071836 0.20113786659064994 0.33758117331813 0.23731383010262258
0 0.29131285974914484 0 0.30062203990877995 0.020953112884834663 0.3408994994298746 0.006318610034207525 0.3371991436716078 0 0.29131285974914484 0
0 0.9028497594070695 0.7578929179019385 0.9370495188141391 0.7982985860889396 0.9492586202964652 0.7886250342075256 0.918464574686431 0.7450706807297606 0.9028497594070695 0.7578929179019385