0 0.7248875553021665 0 0.7099746020524516 0.030250213226909923 0.772758676168757 0.07377435803876853 0.8060078209806157 0.035086942987457244 0.7635015655644242 0 0.7248875553021665 0
0 0.8465395689851768 0.23327183580387684 0.876435527936146 0.24505987115165337 0.8962700091220069 0.19520097035347775 0.8630490182440137 0.18017871721778791 0.8465395689851768 0.23327183580387684
0 0.6435641459521094 0.48332869555302166 0.6246406761687572 0.456651220068415 0.5947102075256556 0.4729362041049031 0.6119527913340935 0.5035170136830103 0.6435641459521094 0.48332869555302166
0 0.6651757822120866 0.3878953078677309 0.640782110604333 0.36597505929304447 0.6128078700114025 0.3951920307867731 0.6341565803876853 0.425063181299886 0.6651757822120866 0.3878953078677309
0 0.3573129692132269 0.3784505575826682 0.390757574686431 0.34447791334093497 0.36881987913340936 0.31752336716077534 0.3284023272519955 0.35331610376282785 0.3573129692132269 0.3784505575826682
0 0.35549251995438996 0.2759260820980616 0.31441039338654503 0.23724750969213226 0.2910676009122007 0.2594073283922463 0.331765590649943 0.3001262930444698 0.35549251995438996 0.2759260820980616
0 0.45721048460661345 0.7722453603192703 0.4723498335233752 0.7401982474344356 0.4448160285062714 0.728163511972634 0.42740104446978333 0.7584403580387685 0.45721048460661345 0.7722453603192703
0 0.33970986659064994 0.9494184047890536 0.35379251197263395 0.918677968072976 0.3293669179019384 0.902134259977195 0.31110860889395664 0.930067669327252 0.33970986659064994 0.9494184047890536
0 0.9470518460661346 0.9112639293044469 0.957841315849487 0.8832577012542759 0.9238131698973775 0.860555873432155 0.9062840649942987 0.8925870718358039 0.9470518460661346 0.9112639293044469
0 0.10845603990877994 0.7031984435575827 0.06681371949828963 0.6705505267958951 0.04337726681870011 0.6974994948688711 0.08420447662485746 0.730927511972634 0.10845603990877994 0.7031984435575827
0 0.16446108551881414 0.6907448494868871 0.13661809236031927 0.6644078335233751 0.1164141402508552 0.688030378563284 0.14844634549600913 0.7116379874572405 0.16446108551881414 0.6907448494868871
0 0.227102763968073 0.7868767571265678 0.2414031984036488 0.7525281641961232 0.20746774458380843 0.7363885324971493 0.1924453819840365 0.7723888244013682 0.227102763968073 0.7868767571265678
0 0.38179918928164197 0.15133438540478905 0.3524664355758267 0.1221688449258837 0.3206994994298746 0.16074289509692133 0.3478882155074116 0.18655008665906497 0.38179918928164197 0.15133438540478905
0 0.9676716408209806 0.17814088711516532 0.9579248517673888 0.0854063819840365 0.9551464994298746 0.08510137742303307 0.925643196123147 0.16225327137970355 0.9676716408209806 0.17814088711516532
0 0.9464850285062714 0.496876558722919 0.9224954994298745 0.4731211995438997 0.9015769236031926 0.49562481299885974 0.9288587753705816 0.5194630467502851 0.9464850285062714 0.496876558722919
0 0.3330316761687571 0.4371382668187001 0.2987784595210946 0.47477802280501713 0.3059566031927024 0.4891109064994299 0.34757470353477765 0.45053996009122005 0.3330316761687571 0.4371382668187001
0 0.38023106727480044 0.5169778939566705 0.34744458722919047 0.4947441527936146 0.3224545929304447 0.5182727115165336 0.35247285176738885 0.5397447616875712 0.38023106727480044 0.5169778939566705
0 0.4164314925883694 0.8045992269099201 0.42224555530216645 0.7860728152793615 0.3973204389965792 0.7761519760547321 0.3898204241733181 0.7928382873432155 0.4164314925883694 0.8045992269099201
0 0.40878960091220073 0.7659880684150513 0.40189008551881417 0.7798524025085519 0.44760071493728615 0.811475700114025 0.4566170741163056 0.7950007958950969 0.40878960091220073 0.7659880684150513