0 0.41781507183580385 0.5921562736602053 0.30855782326111747 0.5558064355758267 0.29142591790193845 0.6184544834663627 0.3995019851767389 0.6473591356898518 0.41781507183580385 0.5921562736602053
0 0.7061823477765108 0.5764037651083238 0.6712802075256556 0.5680746202964652 0.658471251995439 0.6212982417331813 0.6974259464082099 0.6240550763968072 0.7061823477765108 0.5764037651083238
0 0.7137550627137971 0.6869902690992018 0.699086582668187 0.6766405062713797 0.6751297080957811 0.7219480513112886 0.6920593477765109 0.7272912029646522 0.7137550627137971 0.6869902690992018
0 0.8862544207525656 0.3331015872291904 0.8366868323831244 0.3482700729760548 0.8409609737742304 0.37566290193842644 0.8944347115165338 0.36026567844925883 0.8862544207525656 0.3331015872291904
0 0.9959503591790194 0.7186403888255416 0.9167154971493728 0.6638117001140251 0.8796950148232611 0.7088896567844926 0.9715138118586089 0.7574073181299886 0.9959503591790194 0.7186403888255416
0 0.8187797776510833 0.7957163261117446 0.7859252474344356 0.8402747217787914 0.8041468312428734 0.8512834709236032 0.8402642029646522 0.8100465883694412 0.8187797776510833 0.7957163261117446
0 0.6372806887115166 0.16782341163055872 0.6201634994298746 0.16158622462941846 0.5891566613454959 0.23646429874572406 0.6078746761687571 0.24302634777651083 0.6372806887115166 0.16782341163055872
0 0.513646282782212 0.887187755986317 0.46591884264538197 0.8649764139110604 0.44935686773090083 0.8949731858608894 0.49626295210946403 0.9216239954389965 0.513646282782212 0.887187755986317
0 0.4075337069555302 0.9429380775370582 0.37302834207525654 0.94589882668187 0.3695004754846066 0.9779046316989737 0.40345293842645386 0.9823572371721778 0.4075337069555302 0.9429380775370582
0 0.5662296282782212 0.9373943580387685 0.5838545746864311 0.9145422257696694 0.5539120832383124 0.894422842645382 0.539880181299886 0.9155561710376283 0.5662296282782212 0.9373943580387685
0 0.8824200900798176 1 0.8835415758266818 0.9649051550741162 0.8698842816419612 0.9646667662485746 0.866756441277081 1 0.8824200900798176 1
0 0.9918887651083238 0.3046595792474344 0.9907725404789053 0.26663430672748006 0.9369516043329532 0.2719301835803877 0.9377169726339795 0.3114339327251996 0.9918887651083238 0.3046595792474344
0 0.7994222588369441 0.5774374332953249 0.7736975587229191 0.5538286294184721 0.7494698198403649 0.5807223933865451 0.7806300456100342 0.6032383933865451 0.7994222588369441 0.5774374332953249