0 0.9733632132269099 0.6782675484606614 0.9435639030786773 0.6603762976054731 0.9202348255416192 0.7136060034207525 0.9606240490307868 0.7344614287343215 0.9733632132269099 0.6782675484606614
0 0.846104196123147 0.4956600570125428 0.8182812303306728 0.47694483466362597 0.8017121299885975 0.5018502576966933 0.829815677309008 0.5203175883694413 0.846104196123147 0.4956600570125428
0 0.975673149372862 0.33333657696693275 0.9283494161915621 0.30599188369441277 0.901585945267959 0.35341267616875716 0.9479854230330672 0.3823923021664766 0.975673149372862 0.33333657696693275
0 0.8971407491448118 0.13661092132269098 0.9233691641961231 0.07638400114025086 0.8695574549600913 0.06374655644241733 0.8488234070695553 0.10544391220068415 0.8971407491448118 0.13661092132269098
0 0.6379665724059292 0.11284653819840365 0.5907233797035347 0.078864007981756 0.5618875849486887 0.1307224777651083 0.6133116499429875 0.15946746636259979 0.6379665724059292 0.11284653819840365
0 0.4832200296465223 0.5914598551881414 0.45045813112884836 0.5856980421892817 0.44171955644241734 0.6314811847206385 0.4770720433295325 0.6386554435575826 0.4832200296465223 0.5914598551881414
0 0.4866800969213227 0.5425336556442417 0.45497088711516537 0.5375797354618016 0.44582094412770806 0.5823756214367161 0.4832200296465223 0.5914598551881414 0.4866800969213227 0.5425336556442417
0 0.11605361915621437 0.7777647730900797 0.08707495438996579 0.8459251824401368 0.10995794070695554 0.8558169509692133 0.1395283489167617 0.790491857468643 0.11605361915621437 0.7777647730900797
0 0 0.8077068665906499 0.04371996807297606 0.7092652713797035 0.02806392474344356 0.7044074538198404 0 0.7653289954389966 0 0.8077068665906499
0 0.37525796237172176 0.33760029418472065 0.3466144663625998 0.38223778677309006 0.3718961562143671 0.40469148574686425 0.3993897514253136 0.36285797377423035 0.37525796237172176 0.33760029418472065
0 0.535612283922463 0.3312685096921323 0.5097465165336373 0.30869968529076397 0.4862644697833523 0.34163833751425315 0.5187721436716077 0.3618674481185861 0.535612283922463 0.3312685096921323
0 0.7157789475484607 0.5404915074116305 0.6925888380843785 0.5384032588369442 0.6902463683010261 0.6002504139110605 0.7083042018244013 0.6007361858608894 0.7157789475484607 0.5404915074116305
0 0.5050304367160775 0.7033665815279361 0.4678311607753706 0.6955309122006841 0.4604998802736602 0.7394705838084379 0.5067869566704675 0.7448387012542759 0.5050304367160775 0.7033665815279361