0 0.4643073135689852 0.3831970912200684 0.5370554982896237 0.36807116647662486 0.5351290524515393 0.32933942759407064 0.46411031128848346 0.3477935963511973 0.4643073135689852 0.3831970912200684
0 0.5130155381984036 0.47817965108323834 0.5780769965792474 0.46006787457240594 0.5704420410490307 0.4270447354618016 0.5065830935005701 0.4413623124287343 0.5130155381984036 0.47817965108323834
0 0.5595638996579247 0.3944102941847206 0.5690256761687571 0.4332742508551881 0.6526639464082099 0.39960867616875717 0.6472818677309008 0.365627566704675 0.5595638996579247 0.3944102941847206
0 0.9337883375142532 0.4855422417331813 0.9406933181299886 0.5215475370581528 0.9947979395667047 0.5063718722919042 0.9865765427594071 0.4734416180159635 0.9337883375142532 0.4855422417331813
0 0.947748118586089 0.5679875518814139 0.9451660285062714 0.6067199019384264 0.980478685290764 0.6095351334093501 0.98450951995439 0.5704610045610035 0.947748118586089 0.5679875518814139
0 0.6326990102622577 0.6512091870011403 0.6565362326111744 0.7239033352337515 0.7008865256556444 0.7078695803876852 0.6683314503990877 0.6427591368301026 0.6326990102622577 0.6512091870011403
0 0.3876483603192702 0.7152381060433295 0.3935926488027366 0.7679509475484606 0.43597376054732045 0.7660429019384264 0.4309554777651083 0.7115856009122007 0.3876483603192702 0.7152381060433295
0 0.22733777765108326 0.48305609806157357 0.2227224732041049 0.5127467582668187 0.2887155290763968 0.5119034116305587 0.28898424059293043 0.4794303283922463 0.22733777765108326 0.48305609806157357
0 0.3444568517673888 0.4140712588369441 0.3449669498289624 0.4495438118586089 0.3812950513112885 0.4473937491448119 0.3783812474344356 0.41001911288483467 0.3444568517673888 0.4140712588369441
0 0.13365716191562144 0.26733635689851765 0.1320907833523375 0.30489062371721776 0.24105359179019384 0.31345679931584947 0.24783086088939568 0.2727453751425314 0.13365716191562144 0.26733635689851765
0 0.14493136944127707 0.5150205233751426 0.14507331927023945 0.5538719555302166 0.1966519475484607 0.5493064469783353 0.20231804561003422 0.5129759099201824 0.14493136944127707 0.5150205233751426
0 0.03481977651083238 0.4802236134549601 0.03782896351197263 0.5144049532497149 0.0921243945267959 0.5118105849486887 0.09115413112884835 0.4753304230330673 0.03481977651083238 0.4802236134549601
0 0.19466641847206387 0.3792562656784493 0.18954009122006843 0.41710701710376286 0.22398790421892814 0.41825735461801594 0.22888333865450397 0.3808465758266819 0.19466641847206387 0.3792562656784493
0 0.05437645496009122 0.3816617537058153 0.052396748004561004 0.4166063614595211 0.1045284378563284 0.4041462006841505 0.10439338882554162 0.37293936830102625 0.05437645496009122 0.3816617537058153
0 0.5407830421892816 0.626928134549601 0.5464357890535918 0.6398450672748005 0.6179496305587229 0.6207113318129989 0.6151655860889396 0.6031335655644241 0.5407830421892816 0.626928134549601
0 0.7491387867730901 0.1509395313568985 0.7489358164196124 0.20659081755986317 0.7824276887115165 0.20549112086659063 0.7858035450399088 0.15090503648802736 0.7491387867730901 0.1509395313568985
0 0.5407442474344356 0.1560288392246294 0.544745550741163 0.1926886157354618 0.5810134880273661 0.18634318814139111 0.5796139737742303 0.15473389509692131 0.5407442474344356 0.1560288392246294
0 0.4606491470923603 0 0.4466478209806158 0.0022175917901938427 0.4584568095781072 0.05020797491448118 0.4928079931584949 0.039361668187001146 0.47457593272519955 0 0.4606491470923603 0
0 0.29218973432155076 0.27194786202964655 0.2905944948688711 0.30741216191562143 0.31809636716077533 0.31026377993158494 0.320246669327252 0.27448850741163056 0.29218973432155076 0.27194786202964655
0 0.23305953363740023 0.9063347822120866 0.22973869783352338 0.9176197742303306 0.2597103888255416 0.9170776202964652 0.2602298301026226 0.9013796556442417 0.23305953363740023 0.9063347822120866
0 0.23845015051311289 0.9384620444697833 0.31512139452679594 0.9329232645381984 0.31838775940706954 0.9155910923603193 0.2342783181299886 0.9235086864310148 0.23845015051311289 0.9384620444697833
0 0.7444096043329532 0.9352195005701254 0.7511579783352337 0.9569516944127707 0.7842137673888256 0.949313149372862 0.7822598916761687 0.9256002953249715 0.7444096043329532 0.9352195005701254
0 0.7457448494868871 0.4521301778791334 0.8172905233751425 0.4407984572405929 0.8160207708095781 0.4289860342075257 0.7433320923603193 0.43689662941847207 0.7457448494868871 0.4521301778791334
0 0.9671062485746865 0.4226258802736602 0.9666856111744584 0.43515215165336374 0.9941994789053592 0.43199668529076396 0.9917867217787913 0.41676313568985174 0.9671062485746865 0.4226258802736602
0 0.8645396408209807 0.41649851995438997 0.9172933511972634 0.42315769441277085 0.9239792805017104 0.38185958608893955 0.8727697377423033 0.3773588620296465 0.8645396408209807 0.41649851995438997
0 0.9429641687571265 0.29297190307867726 0.9730424503990879 0.29841646750285067 0.9703515336374002 0.28142668415051314 0.9441629350057013 0.27776749486887115 0.9429641687571265 0.29297190307867726
0 0.9455725245153934 0.24681433979475484 0.9456697354618016 0.26071242873432154 0.9664142770809577 0.26643617331812997 0.9654336248574686 0.2503762326111745 0.9455725245153934 0.24681433979475484
0 0.6752529646522235 0.020346249714937287 0.6774230992018244 0.03594569669327252 0.7515646054732041 0.0296068677309008 0.7542429863169897 0.012367823261117447 0.6752529646522235 0.020346249714937287
0 0.720726890535918 0.04556650171037628 0.7259233295324972 0.06129568985176739 0.7542875997719498 0.05440020752565564 0.7567521277080957 0.039596474344355766 0.720726890535918 0.04556650171037628
0 0.36994886545039907 0.5807147742303307 0.4175137537058153 0.5773861311288484 0.40757886088939566 0.4918765895096921 0.36282235917901934 0.49776460205245154 0.36994886545039907 0.5807147742303307