0 0.22540821550741164 0.8191737126567845 0.26194626111744584 0.8025022451539339 0.23158764994298747 0.7350374253135691 0.19745260205245155 0.7489946659064994 0.22540821550741164 0.8191737126567845
0 0.3842955062713797 0.563422732041049 0.43330352679589507 0.5465336020524516 0.4170450649942987 0.4999039988597491 0.3662871527936146 0.5186051949828963 0.3842955062713797 0.563422732041049
0 0.3384899794754846 0.4234820843785633 0.35743116077537057 0.4195884218928164 0.3271008814139111 0.3494492633979475 0.31116067502850625 0.3550736271379703 0.3384899794754846 0.4234820843785633
0 0.3042778848346636 0.43714374914481186 0.31903959977194984 0.4321353591790194 0.2979592976054732 0.3814314754846066 0.2820900376282782 0.39120992132269095 0.3042778848346636 0.43714374914481186
0 0.28701559407069555 0.4350681379703535 0.27897366248574684 0.4167994572405929 0.26958599771949826 0.4234971265678449 0.27404368529076395 0.44064069099201825 0.28701559407069555 0.4350681379703535
0 0.7929113534777651 0.32172177651083234 0.8211942360319271 0.3426079167616876 0.8457395781071836 0.2994214002280502 0.8152708608893956 0.2756057753705815 0.7929113534777651 0.32172177651083234
0 0.8614865302166477 0.3710012303306728 0.8747900615735461 0.38442734663626 0.9034148415051311 0.3376097069555302 0.8886295256556442 0.3265832542759407 0.8614865302166477 0.3710012303306728
0 0.8699478038768529 0.14103572291904218 0.8923339794754847 0.16440015279361458 0.9151801824401369 0.14410771607753706 0.8820343728620296 0.11885265564424173 0.8699478038768529 0.14103572291904218
0 0.8197377491448118 0.08906034435575827 0.8023377708095781 0.11311767958950969 0.8342566818700113 0.1380956716077537 0.857534472063854 0.10770197605473204 0.8197377491448118 0.08906034435575827
0 0.7519561995438997 0 0.7538199988597492 0.021919290763968074 0.7870743090079818 0.021338834663626 0.7869958814139111 0 0.7519561995438997 0
0 0.6744828608893957 0.17295191790193842 0.7090799247434436 0.18125563169897377 0.7108523990877993 0.12451292930444698 0.6818734344355759 0.11997267844925884 0.6744828608893957 0.17295191790193842
0 0.12389705131128848 0.6867376545039908 0.1486831014823261 0.677395842645382 0.13533052565564424 0.6298247571265678 0.10644090763968073 0.6395351174458381 0.12389705131128848 0.6867376545039908
0 0.033773702394526796 0.5600396659064995 0.04908762713797035 0.552646274800456 0.031668168757126566 0.5087092189281642 0.017504877993158495 0.5128164036488028 0.033773702394526796 0.5600396659064995
0 0 0.3884154583808438 0.04561479247434436 0.3876192485746864 0.03999589965792474 0.32239331470923605 0 0.3236582725199544 0 0.3884154583808438
0 0.28436583352337513 0.249242330672748 0.3239742371721779 0.23845567616875712 0.30036028848346635 0.18423453819840366 0.26617095553021664 0.19373892246294183 0.28436583352337513 0.249242330672748
0 0.5199454948688712 0.2694777309007982 0.5442088871151654 0.26430348802736603 0.5320134321550741 0.1873171037628278 0.5043665952109464 0.19373808437856327 0.5199454948688712 0.2694777309007982
0 0.30155506613454963 0.5874329076396808 0.28170199657924744 0.5390845290763968 0.23645437970353475 0.5671909885974914 0.2560174025085519 0.6036676225769669 0.30155506613454963 0.5874329076396808
0 0.2821024572405929 0.0515314070695553 0.3026447172177879 0.003368685290763968 0.2788920855188141 0.0037832884834663625 0.2676588301026226 0.04584511744583808 0.2821024572405929 0.0515314070695553