0 0 0.18659631356898518 0.06781801596351197 0.20846227594070696 0.0729934732041049 0.1650215849486887 0 0.15151334207525657 0 0.18659631356898518
0 0.21805511972633979 0.21652900456100344 0.1631511607753706 0.19789062257696693 0.1508388757126568 0.24026820638540478 0.20762599429874573 0.25174763283922463 0.21805511972633979 0.21652900456100344
0 0.16863592474344358 0.1722597457240593 0.20437656442417332 0.1805434982896237 0.22106931470923605 0.15115394298745724 0.18164393158494868 0.13580842417331812 0.16863592474344358 0.1722597457240593
0 0.05245319954389965 0.6196711824401369 0.08988876624857468 0.623173062713797 0.09187107753705816 0.5667236191562144 0.061823914481185856 0.5633881311288483 0.05245319954389965 0.6196711824401369
0 0.031020007981755988 0.8373924652223489 0.005685982896237172 0.8301131847206386 0.006380288483466363 0.8698899384264538 0.02543332041049031 0.8731204082098061 0.031020007981755988 0.8373924652223489
0 0.2919522189281642 0.9492306043329533 0.3287853534777651 0.9521507229190422 0.33563867958950966 0.9086807445838084 0.30237110034207526 0.9003538255416192 0.2919522189281642 0.9492306043329533
0 0.35863709692132273 0.9629126271379703 0.394324362599772 0.9682281083238312 0.4008824606613455 0.936046251995439 0.3680598095781072 0.9312746088939567 0.35863709692132273 0.9629126271379703
0 0.35112416647662487 0.804486803876853 0.38270353933865453 0.8122509122006842 0.4033335758266819 0.7605220524515394 0.3667051356898518 0.7454246328392246 0.35112416647662487 0.804486803876853
0 0.4917655553021665 0.7046420661345496 0.5429998198403649 0.7168122588369441 0.5549719657924743 0.6812697776510833 0.5029749817559863 0.667034457240593 0.4917655553021665 0.7046420661345496
0 0.4005807251995439 0.06903821778791334 0.3682538722919042 0.05238267502850627 0.3472620889395667 0.10738084606613454 0.3805798643101483 0.11956841391106043 0.4005807251995439 0.06903821778791334
0 0.35938333637400227 0.2580063055872292 0.3861870057012543 0.26407068985176735 0.4108396579247434 0.2149454606613455 0.37837488369441274 0.1971030809578107 0.35938333637400227 0.2580063055872292
0 0.41257170923603187 0.14424821322690992 0.44475351653363737 0.15259408551881415 0.4627474230330673 0.09586359521094641 0.42893781870011405 0.08665537742303306 0.41257170923603187 0.14424821322690992
0 0.5397550649942987 0.12302532497149372 0.5631226875712656 0.13627577309007982 0.5797827890535918 0.10510526681870011 0.5526560250855188 0.08984199429874572 0.5397550649942987 0.12302532497149372
0 0.6241747229190422 0.2011263945267959 0.6594460524515394 0.21654442303306728 0.6813511402508552 0.1799378015963512 0.6483296465222349 0.16834046522234894 0.6241747229190422 0.2011263945267959
0 0.8463117924743444 0 0.8286867810718357 0.02177985176738883 0.8527413249714938 0.04036287229190422 0.8877020102622577 0 0.8463117924743444 0
0 0.9279869737742303 0.8163912862029646 0.9584012896237172 0.8253618494868872 0.9819184321550741 0.7792256408209807 0.9401748825541619 0.7668882246294184 0.9279869737742303 0.8163912862029646
0 0.7613576966932725 0.718939212086659 0.7906158084378563 0.7297130410490308 0.8061365758266819 0.6973731778791334 0.7744398015963513 0.6866434789053592 0.7613576966932725 0.718939212086659
0 0.6743902029646522 0.9027678152793616 0.7030649885974914 0.9141441037628278 0.71766848004561 0.8788526123147092 0.6879607810718358 0.8645251505131128 0.6743902029646522 0.9027678152793616
0 0.616312259977195 0.8723080250855189 0.649086165336374 0.8806435621436716 0.6598262531356899 0.8501686670467503 0.62168303990878 0.8401468939566704 0.616312259977195 0.8723080250855189
0 0.08513551311288482 0.18084333637400227 0.07919023603192703 0.21420217673888256 0.09406825085518813 0.2189901242873432 0.10230336830102624 0.17876214937286203 0.08513551311288482 0.18084333637400227
0 0.9984098631698974 0.500423488027366 0.9980400490307868 0.4547057913340935 0.9684989783352338 0.45225223033067274 0.9620460672748004 0.4903706545039909 0.9984098631698974 0.500423488027366
0 0.7722534492588369 0.11956089167616875 0.7896492782212087 0.13054021436716076 0.82399551995439 0.08955798631698975 0.8088305028506271 0.07378900114025085 0.7722534492588369 0.11956089167616875
0 0.7635458677309008 0.09655154275940707 0.7726398620296465 0.10767733865450399 0.8102046009122007 0.06396664766248575 0.797199251995439 0.053209172177879134 0.7635458677309008 0.09655154275940707