0 0.8981807594070695 0.6032226043329532 0.9071003648802737 0.6372492953249714 0.97809734663626 0.6305556784492589 0.970731102622577 0.592104125427594 0.8981807594070695 0.6032226043329532
0 0.8646284891676168 0.4848460513112885 0.7972807890535918 0.4931321140250855 0.8037339475484607 0.5255059350057012 0.8732022770809579 0.5236489498289624 0.8646284891676168 0.4848460513112885
0 0.36482029646522235 0.9089132862029646 0.366654181299886 0.9439058893956671 0.40578953591790196 0.9418548916761688 0.3985421049030787 0.9057002690992018 0.36482029646522235 0.9089132862029646
0 0.23885927137970353 0.8084632257696693 0.18552607981755984 0.8118528643101482 0.191606181299886 0.837108330672748 0.2425987023945268 0.8344359258836944 0.23885927137970353 0.8084632257696693
0 0.1389985188141391 0.94513151995439 0.14794928164196122 0.9797527080957811 0.18224628050171035 0.9761700182440136 0.18011764538198405 0.9412257206385405 0.1389985188141391 0.94513151995439
0 0.39776063283922464 0.5277497628278222 0.40599251881413906 0.5600288004561004 0.423719937286203 0.5579090524515393 0.4142630900798176 0.5249463112884835 0.39776063283922464 0.5277497628278222
0 0.3706424948688712 0.5321437879133409 0.374067181299886 0.5634856328392246 0.39756867274800456 0.5580920171037629 0.39020255872291904 0.5253154230330672 0.3706424948688712 0.5321437879133409
0 0.022403324971493728 0.9167494321550741 0.023784790193842647 0.9363023648802736 0.06404230900798175 0.9330034287343215 0.06263068301026226 0.9117106259977195 0.022403324971493728 0.9167494321550741
0 0.02401960661345496 0.94758992018244 0.030426671607753704 0.9609322611174458 0.045281152793614596 0.9607483352337514 0.043804229190421894 0.9439119327251995 0.02401960661345496 0.94758992018244
0 0.04690223261117445 0.9689904150513112 0.028583355758266815 0.9711395963511973 0.03120142189281642 0.9870603340935006 0.04487003078677309 0.9869385564424173 0.04690223261117445 0.9689904150513112
0 0.5354537776510833 0.9427919486887115 0.5243791505131129 0.9243400125427594 0.5089293751425313 0.9358549965792474 0.525309354618016 0.9534343272519955 0.5354537776510833 0.9427919486887115
0 0.5133644789053592 0.9183770535917902 0.5253187856328392 0.9082343876852907 0.5092996316989737 0.8918675222348917 0.5004177377423032 0.8982379714937285 0.5133644789053592 0.9183770535917902
0 0.48318165564424176 0.7962533956670467 0.48543146066134546 0.7824573694412771 0.4510915290763968 0.7852208688711516 0.4514428483466362 0.8032694059293044 0.48318165564424176 0.7962533956670467
0 0.3534768574686431 0.5336379657924744 0.32545348004561003 0.5321337844925884 0.33521469897377426 0.5708744526795896 0.36248820752565564 0.5694451083238312 0.3534768574686431 0.5336379657924744