0 0.9134569555302167 0.498601550741163 0.8790464047890535 0.502918141391106 0.8916021470923603 0.5410122212086659 0.9246265290763969 0.5329275324971494 0.9134569555302167 0.498601550741163
0 0.9605406214367161 0.33105090992018243 0.9163129224629419 0.3578829737742303 0.9474402348916762 0.4062341277080958 0.9920026259977195 0.37924427936145955 0.9605406214367161 0.33105090992018243
0 0.6311922941847207 0.3730534298745724 0.6007430079817561 0.3352170193842645 0.5715098529076397 0.35491504104903077 0.6080753728620296 0.3970712873432155 0.6311922941847207 0.3730534298745724
0 0.5391298038768529 0.08273912314709236 0.5643611071835803 0.11785809350057012 0.592089299885975 0.09967894070695553 0.5680573249714937 0.07083695324971494 0.5391298038768529 0.08273912314709236
0 0.26743719954389966 0.26066198745724056 0.2437537377423033 0.27670331927023945 0.2902618015963512 0.3268328722919042 0.31345693272519953 0.3101920353477765 0.26743719954389966 0.26066198745724056
0 0.3997178129988598 0.36430656100342074 0.3500328962371722 0.3958590649942988 0.39361101710376284 0.4423995553021665 0.4312571299885975 0.4074181904218928 0.3997178129988598 0.36430656100342074
0 0.7321407046750286 0.6192177126567845 0.7311094971493729 0.6385256909920183 0.7999810718358038 0.6482869737742304 0.8053683614595211 0.6330187730900798 0.7321407046750286 0.6192177126567845
0 0.5948895461801595 0.8725458072976054 0.5668547035347776 0.9171965541619157 0.5998843078677308 0.9308672565564424 0.6257466955530216 0.8911775074116306 0.5948895461801595 0.8725458072976054
0 0.6349017103762828 0.9249845598631699 0.6606312884834664 0.9450931345496009 0.6841320535917901 0.9206564458380844 0.6548260820980616 0.9064998187001141 0.6373290957810719 0.9218319942987456 0.6349017103762828 0.9249845598631699
0 0.6218173420752565 0.6920138665906499 0.6133850193842646 0.7213915302166477 0.643176275940707 0.7392668905359179 0.6548748118586089 0.7070970889395667 0.6218173420752565 0.6920138665906499
0 0.661863441277081 0.7007053363740023 0.6939251676168757 0.7146877092360319 0.7064988928164195 0.6935660125427594 0.6794112907639681 0.6804438631698974 0.661863441277081 0.7007053363740023
0 0.6606502816419613 0.8236371436716078 0.6712881755986317 0.7922480570125428 0.6427187046750286 0.7820818380843786 0.6294994675028507 0.8127479099201824 0.6606502816419613 0.8236371436716078
0 0.4742845028506272 0.9173311117445838 0.432219433295325 0.8925764686431016 0.42120026111744585 0.9197035632839224 0.4512532862029646 0.9424639350057012 0.4742845028506272 0.9173311117445838
0 0.7226118437856328 0.9716433204104904 0.687217023945268 0.9530177787913341 0.673413614595211 0.9820215324971494 0.7092611037628278 0.9998659726339795 0.7226118437856328 0.9716433204104904