0 0.3855170638540479 0.5390158711516534 0.37601778221208665 0.5897793363740024 0.44691313340935 0.6017608472063855 0.45590191220068416 0.5486031071835804 0.3855170638540479 0.5390158711516534
0 0.523847921322691 0.5598875131128849 0.5599312098061573 0.5647122394526796 0.5621201584948688 0.5190420615735462 0.5287974150513113 0.5157990148232611 0.523847921322691 0.5598875131128849
0 0.5178657958950968 0.28876201368301024 0.572285078677309 0.2960093842645382 0.5863747377423033 0.23293143101482328 0.5346664025085519 0.2201346659064994 0.5178657958950968 0.28876201368301024
0 0.8392449817559863 0.394450181299886 0.8930294344355758 0.40286360661345494 0.9166714401368301 0.3044709509692132 0.8634179395667047 0.29934368187001137 0.8392449817559863 0.394450181299886
0 0.9055307149372862 0.6064864367160775 0.9412055473204105 0.6059498939566704 0.9441951003420753 0.5543665541619156 0.9042486168757127 0.5592097673888256 0.9055307149372862 0.6064864367160775
0 1 0.3535506237172178 0.9463284070695553 0.3494708757126568 0.936848724059293 0.45845799543899657 1 0.46421076966932723 1 0.3535506237172178
0 0.8324343762827822 0.09596503990877993 0.8561604766248575 0.012132625997719498 0.8137909897377423 0.010653050171037627 0.7994853637400229 0.0864968677309008 0.8324343762827822 0.09596503990877993
0 0.8909128700114025 0.08909547548460661 0.9270360387685291 0.09273337286202965 0.9291552862029646 0.06607234207525656 0.8983868141391106 0.0635126031927024 0.8909128700114025 0.08909547548460661
0 0.827683763968073 0.14689433409350058 0.8572988757126568 0.14970928848346637 0.8632079532497149 0.11664537058152794 0.8317012109464083 0.11019968643101481 0.827683763968073 0.14689433409350058
0 0.6014860661345496 0.8382697514253136 0.6359326784492588 0.838878542759407 0.6280611083238312 0.7239384982896236 0.594324353477765 0.7319691185860889 0.6014860661345496 0.8382697514253136
0 0.04118573774230331 0.3077626944127708 0.07557174686431015 0.3101517046750285 0.07683576396807297 0.2739550182440137 0.04803399885974914 0.27265218244013684 0.04118573774230331 0.3077626944127708
0 0.07757111060433296 0.8484916111744585 0.0685425598631699 0.9028330604332953 0.1043002234891676 0.8999245245153933 0.10650994868871153 0.8536593968072976 0.07757111060433296 0.8484916111744585
0 0.3668659988597492 0.8859231596351197 0.43723610262257695 0.8788747468643101 0.4396394766248575 0.8611353169897378 0.36584723261117447 0.8692508871151654 0.3668659988597492 0.8859231596351197
0 0.38281303762827823 0.9738144937286203 0.4156659794754846 0.9690206248574686 0.4121399395667047 0.9338433261117446 0.37680507297605476 0.9382550330672748 0.38281303762827823 0.9738144937286203
0 0.5626524561003421 0.9462302451539338 0.6170823990877994 0.9362487423033067 0.6152328608893957 0.9041021117445839 0.5561270775370581 0.9070864800456101 0.5626524561003421 0.9462302451539338
0 0.9898111128848347 0.7627120114025085 0.93258 0.7678427993158495 0.9526124937286202 0.8585503044469783 0.9866503785632839 0.855283094640821 0.9898111128848347 0.7627120114025085