0 0.21252488369441278 0.8229952964652224 0.20625621208665906 0.7746984766248575 0.17116592702394526 0.7733119384264538 0.17591802622576969 0.8322175883694413 0.21252488369441278 0.8229952964652224
0 0.5500832006841505 0.3176581790193843 0.5393117742303307 0.26625249486887115 0.5049716602052451 0.25732435575826684 0.5184439817559863 0.31740147206385405 0.5500832006841505 0.3176581790193843
0 0.5611012633979475 0.38277098631698975 0.553621457240593 0.32863125541619154 0.5233139954389966 0.33688980159635123 0.5309214344355758 0.39071917787913335 0.5611012633979475 0.38277098631698975
0 0.6200811527936145 0.6034397548460662 0.6143391334093501 0.5658339509692132 0.5643280045610034 0.565418637400228 0.5695963603192702 0.6111340034207525 0.6200811527936145 0.6034397548460662
0 0.6167206784492588 0.7190194914481186 0.6082154709236033 0.6834951710376282 0.5647904640820981 0.6889548540478905 0.5687825131128849 0.7282371391106043 0.6167206784492588 0.7190194914481186
0 0.6259704218928164 0.7729731938426453 0.6219983409350056 0.7351813614595211 0.576243038768529 0.7468561744583809 0.5781548301026226 0.783372 0.6259704218928164 0.7729731938426453
0 0.6378897594070695 0.8182895940706956 0.6300688722919041 0.777915614595211 0.5782900228050171 0.7833577901938427 0.588491810718358 0.830644204104903 0.6378897594070695 0.8182895940706956
0 0.6837128597491448 0.36331676282782216 0.6749913865450399 0.30870894526795895 0.6460491733181299 0.31324501596351195 0.6482551402508552 0.3664464982896237 0.6837128597491448 0.36331676282782216
0 0.7017282542759407 0.2282861163055872 0.6803043580387685 0.22874679703534778 0.6916662827822121 0.280090417331813 0.707344362599772 0.2760545028506271 0.7017282542759407 0.2282861163055872
0 0.7400087537058152 0.26903921322690993 0.7372478084378563 0.23709029190421893 0.717519496009122 0.23588020866590648 0.7259128665906499 0.27111777194982895 0.7400087537058152 0.26903921322690993
0 0.7846867651083238 0.27986589965792474 0.779535472063854 0.2308546180159635 0.7622178905359179 0.23565987115165338 0.7678276887115165 0.2840259418472064 0.7846867651083238 0.27986589965792474
0 0.9677460376282782 0.17883378107183578 0.9612058551881414 0.13772974458380843 0.9179247799315849 0.1458593204104903 0.925993921322691 0.18859528962371722 0.9677460376282782 0.17883378107183578
0 0.29121496465222346 0.595616526795895 0.3655461527936146 0.5878040034207526 0.351736070695553 0.4620901265678449 0.27833584036488024 0.4787601094640821 0.29121496465222346 0.595616526795895