0 0.06353368415051311 0.2004595473204105 0.0356025165336374 0.1720483204104903 0.004010265678449258 0.21202972748004562 0.028907384264538198 0.23885957354618018 0.06353368415051311 0.2004595473204105
0 0.7946643876852907 0.2728615872291904 0.7781790935005701 0.24101737400228052 0.7558365404789054 0.2538204503990878 0.7714751607753706 0.28753240592930446 0.7946643876852907 0.2728615872291904
0 0.8131332029646523 0.2245547251995439 0.8179860216647662 0.2121301778791334 0.7608998118586089 0.2050966385404789 0.7623882782212086 0.2267733888255416 0.8131332029646523 0.2245547251995439
0 0.7425902656784492 0.9053894287343215 0.7653034025085518 0.8290641847206386 0.7105874036488028 0.8155292531356898 0.6900950125427595 0.8923635473204106 0.7425902656784492 0.9053894287343215
0 0.2881531311288483 0.9852613432155074 0.276580259977195 0.9506508460661345 0.23164627594070697 0.9593851277080958 0.23677376624857466 0.9904477776510833 0.2881531311288483 0.9852613432155074
0 0.34828955188141386 0.9487980912200684 0.3426726088939567 0.932364802736602 0.29009164766248574 0.9329172485746864 0.29086722006841503 0.9509346681870011 0.34828955188141386 0.9487980912200684
0 0.17742430102622578 0.7614492155074116 0.13075866818700113 0.7270129338654504 0.10925213683010263 0.7565721607753706 0.15533369099201824 0.7911235667046751 0.17742430102622578 0.7614492155074116
0 0.31622675484606616 0.4099724663625998 0.2833479828962372 0.3903782177879133 0.26731974230330674 0.42008229874572406 0.29442281870011405 0.4364458050171037 0.31622675484606616 0.4099724663625998
0 0.46593095324971495 0.30775452679589504 0.4335235610034207 0.28746537970353475 0.41606633637400225 0.32228135575826683 0.44645653933865453 0.33530472063854044 0.46593095324971495 0.30775452679589504
0 0.6194642086659066 0.1691419851767389 0.5895990285062714 0.1525879486887115 0.5724557286202965 0.17344378791334092 0.6031078346636259 0.19249034207525656 0.6194642086659066 0.1691419851767389
0 0.38411478791334097 0.26383543215507416 0.35167191562143674 0.24959544583808438 0.3417569623717218 0.2702559623717218 0.37084447776510837 0.28747688711516534 0.38411478791334097 0.26383543215507416
0 0.10239371607753706 0.3536434994298746 0.07266033751425313 0.334647574686431 0.05045643443557583 0.3637390843785633 0.0808589771949829 0.38462167730900804 0.10239371607753706 0.3536434994298746
0 0.22625735575826683 0.9036312143671608 0.24789692360319268 0.871628267958951 0.21641041847206385 0.8529731151653364 0.1978827787913341 0.8838299703534778 0.22625735575826683 0.9036312143671608
0 0.15635296921322692 0.2168610718358039 0.16717366818700116 0.20086021778791335 0.14254351995438996 0.18631131698973774 0.13058337514253135 0.1964420501710376 0.15635296921322692 0.2168610718358039
0 0.14026542303306727 0.2369084218928164 0.15388856898517672 0.21975796351197263 0.12695917103762827 0.19961213683010262 0.11403215849486888 0.21723214367160773 0.14026542303306727 0.2369084218928164
0 0.19046397605473206 0.30510333181299887 0.1849603261117446 0.2892528859749145 0.15635417901938425 0.3165661425313569 0.16603685176738883 0.3227573511972634 0.19046397605473206 0.30510333181299887
0 0.0872357685290764 0.2943494994298746 0.07809896807297606 0.28162312656784494 0.046384740022805016 0.3022901356898518 0.056437839224629416 0.31506283352337516 0.0872357685290764 0.2943494994298746
0 0.5251196704675029 0.9331574503990878 0.5369149464082098 0.9097151676168757 0.5075011060433295 0.8954912599771949 0.49423737514253135 0.922278314709236 0.5251196704675029 0.9331574503990878