0 0.22168947320410493 0.24743404104903077 0.24989586659064994 0.17047620980615735 0.15231275484606613 0.14920322690992016 0.12804290421892817 0.2198417001140251 0.22168947320410493 0.24743404104903077
0 0.10633684834663627 0.023545277080957813 0.06225894298745724 0.020336306727480047 0.04983932383124287 0.0730002645381984 0.0916456134549601 0.07925599429874573 0.10633684834663627 0.023545277080957813
0 0.6288532428734321 0.11688376510832384 0.6388785336374002 0.06370774458380844 0.6061326385404788 0.05324887571265678 0.5905658403648802 0.10931692930444697 0.6288532428734321 0.11688376510832384
0 0.48862620182440136 0.2695706316989738 0.505240929304447 0.2179468369441277 0.44891681071835804 0.195808409350057 0.42727249600912204 0.24797056100342074 0.48862620182440136 0.2695706316989738
0 0.48276899657924743 0.5101575416191562 0.4975483854047891 0.47402911402508546 0.4280308825541619 0.4653390091220068 0.42062189623717217 0.49986392360319265 0.48276899657924743 0.5101575416191562
0 0.1608476157354618 0.5807541915621437 0.09037079589509693 0.5701573409350057 0.08242218244013684 0.5977359190421893 0.1546776054732041 0.6082706590649942 0.1608476157354618 0.5807541915621437
0 0.08160142075256557 0.6933243557582669 0.07798582668187001 0.6578398586088939 0.039415587229190426 0.6591867616875713 0.036566019384264535 0.6966777981755987 0.08160142075256557 0.6933243557582669
0 0.6486718802736602 0.8035072519954389 0.6450355096921323 0.7674278061573546 0.530367590649943 0.7928685940706957 0.5324766476624857 0.8277443603192703 0.6486718802736602 0.8035072519954389
0 0.3556595917901938 0.970431794754846 0.3565442257696693 0.9276670570125428 0.26415812314709236 0.9276631584948689 0.2618214629418472 0.9713353728620296 0.3556595917901938 0.970431794754846
0 0.4330132234891676 0.7356579236031927 0.4258993557582668 0.7020747981755987 0.380969070695553 0.7083935678449259 0.38873843671607755 0.743734574686431 0.4330132234891676 0.7356579236031927
0 0.7350918905359178 0.5731634184720639 0.7550874629418473 0.48224926225769665 0.6866219908779932 0.46965912884834665 0.6610961847206385 0.5638776738882554 0.7350918905359178 0.5731634184720639
0 0.7859494629418472 0.14107529874572405 0.795767755986317 0.08197164082098062 0.7599574606613455 0.07728729760547319 0.7515897023945268 0.1353959771949829 0.7859494629418472 0.14107529874572405
0 0.6763223990877992 0.013137353477765108 0.6390217137970354 0.016813242873432156 0.6390785940706956 0.05242357582668187 0.6770347776510832 0.05050556898517674 0.6763223990877992 0.013137353477765108
0 1 0.9039384082098061 0.9619874526795895 0.9032944207525656 0.9617345153933866 0.9385841208665907 1 0.9406929315849487 1 0.9039384082098061
0 0.36408332839224633 0.6502224355758267 0.36345528848346637 0.6152245963511972 0.3360099384264538 0.6118522451539339 0.32768120524515393 0.6455587594070695 0.36408332839224633 0.6502224355758267
0 0.9847448095781073 0.7128294868871152 0.9777758848346636 0.6833969578107183 0.9528949646522236 0.6854524789053592 0.9591216944127708 0.7191510091220068 0.9847448095781073 0.7128294868871152
0 0.5617738335233752 0.45872835803876855 0.5741851003420753 0.43989623831242874 0.5175775256556442 0.42660903192702393 0.5107546624857469 0.4438920501710376 0.5617738335233752 0.45872835803876855
0 0.16335143557582668 0.3462176864310148 0.17939349486887113 0.2952080022805017 0.15985688141391105 0.28867959407069554 0.1472265062713797 0.34381491106043327 0.16335143557582668 0.3462176864310148