0 0.4804152736602052 0.9100626898517674 0.45722115279361464 0.8644633158494869 0.4063435290763968 0.8866012063854048 0.4307064526795895 0.9339669885974915 0.4804152736602052 0.9100626898517674
0 0.4645688369441277 1 0.5074512428734321 0.9763502212086659 0.49049300684150515 0.942234511972634 0.44091103420752564 0.9670421106043329 0.463908251995439 1 0.4645688369441277 1
0 0.8228088323831243 0.7324897582668186 0.7944654618015964 0.6822634777651083 0.7591606339794754 0.6989682873432155 0.7816277548460661 0.7529835678449258 0.8228088323831243 0.7324897582668186
0 0.6852191562143671 0.677948393386545 0.6359676282782212 0.5952564766248575 0.5777887434435576 0.6238304047890535 0.6275083078677309 0.7103379840364881 0.6852191562143671 0.677948393386545
0 0.715324110604333 0.6475418494868871 0.6911736225769669 0.5975273112884834 0.6602712907639681 0.6102537502850627 0.6834688084378564 0.6605032702394527 0.715324110604333 0.6475418494868871
0 0.7602746841505131 0.7523602565564423 0.7425239954389965 0.7223213671607753 0.7059062451539339 0.7333335712656784 0.722839299885975 0.7660229589509693 0.7602746841505131 0.7523602565564423
0 0.47289633181299884 0.4819817046750285 0.5210742862029647 0.4768441630558723 0.512728401368301 0.4419862554161915 0.4617665085518814 0.4489989224629419 0.47289633181299884 0.4819817046750285
0 0.5021422497149373 0.38131251197263394 0.49345648574686435 0.3482031277080958 0.4361003124287343 0.3569940045610034 0.4519161220068415 0.3907634937286203 0.5021422497149373 0.38131251197263394
0 0.1619844481185861 0.5007072098061573 0.16259049486887114 0.46336011630558727 0.128252251995439 0.4657488323831243 0.13203397605473205 0.5007573751425314 0.1619844481185861 0.5007072098061573
0 0.2624086202964652 0.17699816077537056 0.24510927023945267 0.1446291425313569 0.2158591425313569 0.1613027331812999 0.22985537514253138 0.19355019156214368 0.2624086202964652 0.17699816077537056
0 0.6604076294184721 1 0.6509394709236032 0.9818838597491448 0.6178629099201824 1 0.6604076294184721 1
0 0.5798965336374002 0.8961642554161916 0.5992824538198404 0.9271258654503991 0.6429646989737743 0.9108874857468644 0.6325393557582669 0.8773922098061574 0.5798965336374002 0.8961642554161916
0 0.25539974458380843 0.3810902383124287 0.2596438437856328 0.39037374002280506 0.2826802827822121 0.3869963101482326 0.2801270467502851 0.37368168985176736 0.25539974458380843 0.3810902383124287
0 0.2825555370581528 0.40630857810718357 0.27936412428734325 0.3978329692132269 0.25771965450399087 0.40027283694412774 0.2618282405929305 0.41180937514253135 0.2825555370581528 0.40630857810718357
0 0.28861545610034206 0.4280327491448119 0.2855373363740023 0.41897429988597495 0.2593604047890536 0.4229494139110604 0.26232147434435577 0.4372776636259977 0.28861545610034206 0.4280327491448119
0 0.2892035188141391 0.44990143329532495 0.2843768757126568 0.4405031060433295 0.26214956556442415 0.44282968072976053 0.2659209566704675 0.45610093842645383 0.2892035188141391 0.44990143329532495