0 0.5693430855188142 0.4450438836944128 0.5765973808437856 0.42276909578107186 0.48930804675028505 0.38818648232611175 0.48195467616875715 0.4118781231470923 0.5693430855188142 0.4450438836944128
0 0.6019930661345495 0.48719755302166473 0.6144193911060434 0.4724033318129989 0.5785689726339794 0.45565705245153937 0.5656472679589509 0.4775355370581528 0.6019930661345495 0.48719755302166473
0 0.6814835108323831 0.4500379452679589 0.6908779794754846 0.4378792770809578 0.6567416419612314 0.41698151539338657 0.6440180889395667 0.43602629418472066 0.6814835108323831 0.4500379452679589
0 0.7101318586088939 0.590162062713797 0.7294442941847207 0.5786969270239453 0.6836149897377423 0.5213838620296465 0.6668390296465222 0.537297708095781 0.7101318586088939 0.590162062713797
0 0.6781949441277081 0.619255125427594 0.6977055324971494 0.6049562839224629 0.6782347696693273 0.5779635689851768 0.6558889167616875 0.5920641493728621 0.6781949441277081 0.619255125427594
0 0.6912353683010263 0.677122929304447 0.7457739783352337 0.6709701755986317 0.7413946647662486 0.6521532280501711 0.6925234652223489 0.6587022862029647 0.6912353683010263 0.677122929304447
0 0.7662371698973774 0.6837929144811858 0.8148112508551881 0.6814928551881414 0.814583418472064 0.6643899885974914 0.764493409350057 0.6680078244013683 0.7662371698973774 0.6837929144811858
0 0.8073103922462942 0.8091211425313569 0.8946691220068415 0.822350330672748 0.9041314264538198 0.7888381288483467 0.8138399156214368 0.7768276408209805 0.8073103922462942 0.8091211425313569
0 0.36874653363740023 0.6553304116305587 0.32608711630558723 0.6505038209806158 0.3196669657924744 0.7071940684150513 0.368083251995439 0.7131311927023946 0.36874653363740023 0.6553304116305587
0 0.32246223603192703 0.6496363477765109 0.2446923511972634 0.6374394971493729 0.24133262599771949 0.6679247069555302 0.3227273911060433 0.6809890307867731 0.32246223603192703 0.6496363477765109
0 0.4602345176738883 0.43741426909920184 0.46738973660205246 0.41655633409350057 0.3539993717217788 0.3886928095781072 0.3438138551881414 0.4121864082098062 0.4602345176738883 0.43741426909920184