0 0.9193496408209806 0.658721803876853 0.9016806225769669 0.6562942987457241 0.8813079863169897 0.7435560535917902 0.8960187137970353 0.745775126567845 0.9193496408209806 0.658721803876853
0 0.8908017388825541 0.6466071413911061 0.8774069908779932 0.6462656898517674 0.836786189281642 0.8190091698973774 0.8515797525655645 0.8200436362599772 0.8908017388825541 0.6466071413911061
0 0.847552070695553 0.7167924150513113 0.8365892269099202 0.71126265336374 0.7961463329532497 0.8899737046750285 0.8144890410490307 0.8912563523375142 0.8504191755986318 0.7175881026225769 0.847552070695553 0.7167924150513113
0 0.8981949441277081 0.5408793808437856 0.8835011493728621 0.5336022919042189 0.8627739315849486 0.6089336864310149 0.8755850535917902 0.6128055267958951 0.8984314196123147 0.5411935165336373 0.8981949441277081 0.5408793808437856
0 0.8707942474344356 0.5246785404789054 0.8530100057012543 0.518970945267959 0.839341220068415 0.5953911151653364 0.852786062713797 0.5987120695553021 0.8707942474344356 0.5246785404789054
0 0.8392215792474345 0.5171139646522235 0.8308970501710377 0.5120678574686431 0.8124297457240593 0.572082086659065 0.8288728494868871 0.5750174994298746 0.8392215792474345 0.5171139646522235
0 0.814783732041049 0.5043939064994298 0.8080980592930445 0.4979744002280502 0.7944638574686431 0.5398753956670468 0.8033100957810719 0.5494219828962371 0.814783732041049 0.5043939064994298
0 0.7931680193842645 0.48710959179019386 0.7763379144811858 0.4844447160775371 0.7673867115165337 0.5189355792474344 0.7830733968072976 0.5241988996579248 0.7931680193842645 0.48710959179019386
0 0.7603728928164196 0.4205331801596351 0.7512254800456101 0.41840709692132266 0.7316109281641962 0.503339496009122 0.745012794754846 0.507252645381984 0.7603728928164196 0.4205331801596351
0 0.7394321003420752 0.4012128608893957 0.7231833785632839 0.4027550399087799 0.7067036841505131 0.4938602132269099 0.7201485279361459 0.4971811676168757 0.7394321003420752 0.4012128608893957
0 0.6985773831242874 0.4626391744583808 0.6851058141391106 0.4625899498289624 0.679402936145952 0.4931415598631699 0.6903972884834664 0.49748155872291905 0.6985773831242874 0.4626391744583808
0 0.7483572645381984 0.5286161094640821 0.7370431687571265 0.5191945530216647 0.7154265450399088 0.6242237491448118 0.729463692132269 0.6275861220068415 0.7483572645381984 0.5286161094640821
0 0.724460708095781 0.5260522987457241 0.7083077468643101 0.5219467742303306 0.6914155416191563 0.6189735370581528 0.7041421596351197 0.6240314344355758 0.724460708095781 0.5260522987457241
0 0.6983989179019384 0.5161946830102623 0.6868269543899658 0.5144926932725199 0.6699403660205245 0.5859262531356898 0.6833836499429874 0.5892470980615736 0.6983989179019384 0.5161946830102623
0 0.79057607981756 0.6262051174458381 0.7760323534777651 0.62489051995439 0.7696238129988598 0.6655111835803877 0.7847071927023945 0.6624010832383124 0.79057607981756 0.6262051174458381
0 0.7650984675028506 0.6717419384264538 0.7492157183580388 0.6682520763968073 0.7348070273660204 0.7297405085518814 0.7519666875712657 0.7309404287343215 0.7650984675028506 0.6717419384264538
0 0.7332337343215507 0.6811217035347777 0.718166511972634 0.6785801003420752 0.7105335051311288 0.7197103409350057 0.7221201596351198 0.7240917571265678 0.7332337343215507 0.6811217035347777
0 0.6743854116305588 0.6499234675028507 0.6563848312428734 0.6522375108323831 0.6536512497149374 0.6913295507411631 0.670000732041049 0.6871144526795895 0.6743854116305588 0.6499234675028507
0 0.6478708255416192 0.6394405553021665 0.6314792542759408 0.6427567776510832 0.6246025564424174 0.681560669327252 0.640236929304447 0.6790827331812999 0.6478708255416192 0.6394405553021665
0 0.6236253797035347 0.6189963523375142 0.6039754766248575 0.6194063295324971 0.6037322462941846 0.6568869144811859 0.6192406989737742 0.6561873375142532 0.6236253797035347 0.6189963523375142
0 0.5899272896237172 0.6264607502850627 0.5808684914481186 0.6267185313568986 0.5760446168757126 0.6531667730900799 0.5853879783352338 0.6556041584948689 0.5899272896237172 0.6264607502850627