0 0.9532244846066135 0.14440499771949827 0.926766449258837 0.11774332497149373 0.8678996818700113 0.18917041847206384 0.8960396716077537 0.20884305473204107 0.9532244846066135 0.14440499771949827
0 1 0.16026599315849488 0.9786303819840364 0.18110700684150513 1 0.1905871505131129 1 0.16026599315849488
0 0.8602146659064994 0.6600120615735461 0.8107850262257696 0.6416807730900799 0.791520818700114 0.699956669327252 0.8462383523375142 0.7167525940706956 0.8602146659064994 0.6600120615735461
0 0.6345276716077537 0.1765824424173318 0.5731890433295326 0.14088148688711516 0.5518682075256557 0.17326776738882552 0.6136765017103764 0.21140616989737743 0.6345276716077537 0.1765824424173318
0 0.609632802736602 0.36799913454960087 0.642048732041049 0.3266296442417332 0.6002317115165337 0.2983521060433295 0.5634023511972633 0.3476160125427594 0.609632802736602 0.36799913454960087
0 0.36645873318129984 0.2952743158494869 0.33434427366020525 0.28831839794754843 0.3156085952109464 0.3359003329532497 0.35007386316989736 0.34220937058152795 0.36645873318129984 0.2952743158494869
0 0.22984481299885975 0.7030122782212087 0.16651525199543898 0.6748633340935005 0.1361241904218928 0.7367443443557582 0.20721078677309007 0.7642160342075256 0.22984481299885975 0.7030122782212087
0 0.5310464503990878 1 0.5465455404789054 0.9739146134549601 0.4983253181299886 0.9497418061573547 0.46905272405929305 0.9995014503990878 0.4737961060433295 1 0.5310464503990878 1
0 0.7543431870011403 0.8775449578107184 0.7023622588369441 0.8607365815279362 0.6921733295324972 0.9008600980615735 0.7456224047890536 0.915733212086659 0.7543431870011403 0.8775449578107184
0 0.7566895210946408 0.7870428745724058 0.7404931755986317 0.7877286522234892 0.7266072246294185 0.8459712337514254 0.7385259007981756 0.8469254264538199 0.7566895210946408 0.7870428745724058
0 0.1881157502850627 0.8102692189281642 0.15677814253135688 0.8016023181299886 0.13067816761687573 0.8681134823261117 0.16392104675028507 0.8778761664766248 0.1881157502850627 0.8102692189281642
0 0.07599106043329533 0.8372907742303306 0.039677718358038766 0.819147165336374 0.01373045724059293 0.8785101345496009 0.054983946408209805 0.8894132770809579 0.07599106043329533 0.8372907742303306
0 0.2892284150513113 0.9164214446978335 0.2565684583808438 0.9771684538198403 0.2949616659064994 0.9812037423033066 0.3210304583808438 0.9337939578107184 0.2892284150513113 0.9164214446978335
0 0.46168343671607753 0.16199790535917902 0.4290087833523375 0.14901133181299886 0.4144667058152794 0.18509519156214368 0.4497188301026226 0.1950690558722919 0.46168343671607753 0.16199790535917902
0 0.5166652075256556 0.09911778791334093 0.47689969441277086 0.07404254618015962 0.4506066248574686 0.10829430672748006 0.4927390228050171 0.13511087115165335 0.5166652075256556 0.09911778791334093
0 0.4348229737742303 0 0.4217109578107184 0.02525649714937286 0.4707639623717218 0.028919623717217787 0.480320921322691 0 0.4348229737742303 0
0 0.548720842645382 0.12935446636259976 0.5169152462941847 0.10809937742303308 0.5037066476624857 0.12581575484606614 0.539429165336374 0.14390040706955531 0.548720842645382 0.12935446636259976
0 0.8848465929304447 0.03930682326111745 0.8494431106043329 0.03522755416191562 0.8138780672748005 0.061101735461801594 0.8401816077537059 0.08356802736602052 0.8848465929304447 0.03930682326111745
0 0.7301487126567845 0.6588790091220069 0.6984690262257697 0.6477865017103762 0.6878103911060433 0.675323220068415 0.7203908928164197 0.6835253055872291 0.7301487126567845 0.6588790091220069