0 0.42603661801596354 0.5805899623717218 0.42022380729760545 0.6108666111744584 0.5571140091220068 0.6360511128848346 0.5614670022805017 0.605470857468643 0.42603661801596354 0.5805899623717218
0 0.7834143397947549 0.800268298745724 0.8330622987457241 0.8051678836944128 0.8479925553021666 0.76152303990878 0.796205929304447 0.7545662326111745 0.7834143397947549 0.800268298745724
0 0.9166997046750285 0.7646666419612316 0.9090352177879133 0.7905615290763968 0.9658917742303307 0.7981392725199543 0.96893165336374 0.773381449258837 0.9166997046750285 0.7646666419612316
0 0.963575496009122 0.8170038517673889 0.9016432827822122 0.7996077958950969 0.8955113261117446 0.8373685245153935 0.9597394675028507 0.8482457924743444 0.963575496009122 0.8170038517673889
0 0.6606162576966933 0.9234146419612315 0.7161677137970353 0.933826330672748 0.7202933717217788 0.9002255416191562 0.6694565096921322 0.890392732041049 0.6606162576966933 0.9234146419612315
0 0.18029325085518813 0.8573008141391105 0.1765500102622577 0.8950950912200684 0.23283570125427594 0.9043989407069555 0.24240999885974915 0.8702707434435576 0.18029325085518813 0.8573008141391105
0 0 0.7755001984036487 0.06458981755986316 0.7838132850627139 0.0705824401368301 0.7496105359179019 0 0.7390536351197263 0 0.7755001984036487
0 0.4350747514253136 0.2560583614595211 0.5457346111744584 0.275630921322691 0.5506355222348917 0.2600763135689852 0.43438211402508553 0.2422113614595211 0.4350747514253136 0.2560583614595211
0 0.5306065712656785 0.4085829692132269 0.5293250387685291 0.41902021208665907 0.5924655404789053 0.43096035347776507 0.5963425872291904 0.4188724321550741 0.5306065712656785 0.4085829692132269
0 0.5547627331812999 0.09004629076396807 0.5530257137970354 0.10419317445838085 0.6218524435575827 0.12341494412770809 0.6439989224629419 0.11356707981755987 0.5547627331812999 0.09004629076396807
0 0.848050038768529 0.23974863055872292 0.8348171356898518 0.2841985188141391 0.8903567879133409 0.28982151197263395 0.9008942029646522 0.2576061961231471 0.848050038768529 0.23974863055872292
0 0.7917455815279361 0.08443698631698973 0.829979109464082 0.08973125655644242 0.8352731619156215 0.05148668187001141 0.7986626955530217 0.04758969099201824 0.7917455815279361 0.08443698631698973
0 0.8510161927023945 0.48843723831242875 0.8298151539338654 0.48570026909920183 0.8152943568985177 0.5211511242873432 0.8482949669327252 0.5252030889395667 0.8510161927023945 0.48843723831242875
0 0.8456689954389965 0.6123750171037629 0.8362486396807297 0.6428006282782212 0.8713186567844926 0.6494995210946408 0.8754561208665907 0.6206874264538199 0.8456689954389965 0.6123750171037629
0 0.8698338757126567 1 0.8765995450399088 0.981648574686431 0.8431425267958952 0.9715569064994298 0.8361944583808437 0.994040236031927 0.8642014218928163 1 0.8698338757126567 1
0 0.24741732839224628 0.5956323067274801 0.16587991904218927 0.5800542793614595 0.16954313340935004 0.6500962326111746 0.23584714595210948 0.6606317514253136 0.24741732839224628 0.5956323067274801