0 0.5125427594070695 0.7782212086659065 0.04903078677309008 0.06841505131128849
0 0.5353359714937286 0.07999130330672748 0.5400583158494869 0.02592240935005701 0.41015046408209804 0.009352256556442418 0.40372525313568985 0.05730256328392246 0.5353359714937286 0.07999130330672748
0 0.7037821345496009 0.11418081641961232 0.77291948004561 0.12327906727480045 0.7773304047890536 0.0633604629418472 0.7171019144811859 0.05310012656784492 0.7037821345496009 0.11418081641961232
0 0.9455191619156215 0.3073205621436716 0.9648405997719498 0.2228076510832383 0.8368705165336373 0.20372037058152795 0.8225444572405929 0.28486518928164195 0.9455191619156215 0.3073205621436716
0 0.5070506738882554 0.5158410649942987 0.5224996431014823 0.4363630057012543 0.4867874070695553 0.42652745838084377 0.4688601858608894 0.511311377423033 0.5070506738882554 0.5158410649942987
0 0.30924096579247434 0.40938027137970356 0.3281744663625998 0.30453222348916764 0.3039276864310148 0.3027129190421893 0.28972038996579247 0.4055858551881414 0.30924096579247434 0.40938027137970356
0 0.3301498757126568 0.3092568928164196 0.3131526100342075 0.41158751311288483 0.32597310832383125 0.41263267046750285 0.35191687001140254 0.3163817594070696 0.3301498757126568 0.3092568928164196
0 0.033318285062713796 0.4367804732041049 0.041759614595210943 0.40079722805017104 0.0141432086659065 0.3939822462941847 0.0037656442417331815 0.43248291676168754 0.033318285062713796 0.4367804732041049
0 0.6717203740022805 0.8821160273660206 0.6924010102622576 0.8427242782212088 0.6496396351197263 0.8170479646522235 0.6241951550741164 0.8511730285062714 0.6717203740022805 0.8821160273660206
0 0.7269081265678449 0.7843150935005702 0.7351173261117446 0.7569696955530217 0.7027370752565565 0.7448880285062713 0.6916990296465222 0.7644474811858609 0.7269081265678449 0.7843150935005702
0 0.35535818700114025 0.21221200228050172 0.42429722805017106 0.22373891106043328 0.44160946864310147 0.1468928631698974 0.37269536944127707 0.12943996237172178 0.35535818700114025 0.21221200228050172
0 0.4398510661345496 0.1886861425313569 0.4577672702394527 0.189671251995439 0.46730587229190423 0.1534476488027366 0.44739941163055874 0.15082774458380846 0.4398510661345496 0.1886861425313569
0 0.21830353021664764 0.8241411014823261 0.3126799942987457 0.8493528152793615 0.32358405017103764 0.7878025553021665 0.23482498745724062 0.7680520946408209 0.21830353021664764 0.8241411014823261
0 0.7069881334093501 0.4172641698973774 0.8272003500570125 0.44125502166476627 0.8476927970353478 0.31977224629418477 0.7272212189281642 0.2960429623717218 0.7069881334093501 0.4172641698973774
0 0.7495715233751425 0.7314064549600912 0.7674040478905358 0.739242086659065 0.7802022884834663 0.705525575826682 0.7649137217787914 0.6994323683010263 0.7495715233751425 0.7314064549600912