0 0.5738369589509692 0.5807058072976055 0.6034917765108324 0.589135282782212 0.6405112120866591 0.4549609623717218 0.6104267115165337 0.4479592896237172 0.5738369589509692 0.5807058072976055
0 0.8238268745724059 0.24383424401368303 0.8330349201824402 0.1948022371721779 0.7908574150513112 0.17612489623717217 0.7794135792474344 0.22710813340935007 0.8238268745724059 0.24383424401368303
0 0.7999772770809578 0.10795318129988599 0.8251056237172177 0.11784538996579248 0.8376099064994299 0.06186563397947548 0.813211236031927 0.0566795370581528 0.7999772770809578 0.10795318129988599
0 0.8562008232611173 0.06581725541619156 0.8334732166476625 0.12599763055872293 0.870555818700114 0.1353973181299886 0.8869895473204105 0.07236160091220069 0.8562008232611173 0.06581725541619156
0 0.9358020501710377 0.376897953249715 0.951015748004561 0.3224653261117446 0.9179023945267959 0.3154268654503991 0.9036762770809578 0.3652132919042189 0.9358020501710377 0.376897953249715
0 0.8280768973774231 0.8496309863169897 0.8654011117445838 0.8566539703534778 0.8795751778791334 0.8013933477765108 0.8464113033067275 0.788881015963512 0.8280768973774231 0.8496309863169897
0 0.7357081961231471 1 0.7447847924743443 0.9584892725199544 0.7112344857468643 0.9495384880273661 0.6991136214367161 1 0.7357081961231471 1
0 0.2513280250855188 0.5434172736602053 0.280470748004561 0.4348843694412771 0.26540247206385403 0.4286464344355759 0.2374733489167617 0.5429004298745724 0.2513280250855188 0.5434172736602053
0 0.411598377423033 0.4615423774230331 0.4218842098061574 0.4637286989737742 0.4392819726339795 0.4018691174458381 0.4275779566704675 0.3969532919042189 0.411598377423033 0.4615423774230331
0 0.0963791755986317 0.4097158358038768 0.11032083466362601 0.4126792269099202 0.1354681037628278 0.3457896921322691 0.12758790649942986 0.32286918928164193 0.0963791755986317 0.4097158358038768
0 0.2710735245153934 0.13059199543899658 0.3142009441277081 0.14764860661345497 0.3246431402508552 0.09281037514253136 0.29346880957810717 0.07950530786773091 0.2710735245153934 0.13059199543899658
0 0.11144563169897377 0.17314589623717216 0.12005202736602053 0.13551928392246296 0.08241439224629418 0.12691214253135688 0.07534141847206384 0.16304364994298745 0.11144563169897377 0.17314589623717216
0 0.519074314709236 0.14931176852907638 0.514499968072976 0.1701935883694413 0.5485503511972634 0.18774887457240594 0.5554630900798175 0.15522699543899657 0.519074314709236 0.14931176852907638
0 0.6420744344355759 0.16544050741163058 0.6715632291904219 0.17747678221208668 0.6812931835803876 0.14312406385404788 0.6529513318129989 0.13649120524515393 0.6420744344355759 0.16544050741163058
0 0.5732543660205245 0.7599564230330672 0.550629165336374 0.839825842645382 0.6207238574686431 0.8422811277080958 0.6369980615735461 0.7771476522234891 0.5732543660205245 0.7599564230330672