0 0.7130931106043329 0.23345801596351198 0.7181803181299886 0.19574852337514254 0.6528517924743443 0.1896738392246294 0.6504468563283923 0.2273811596351197 0.7130931106043329 0.23345801596351198
0 0.7866979315849487 0.14152796465222348 0.7880292006841506 0.10587394298745724 0.7482619623717217 0.10057063169897378 0.7459589475484607 0.1439255142531357 0.7866979315849487 0.14152796465222348
0 0.9087501516533637 0.9946133261117446 0.9244843249714937 0.9578337548460661 0.8852284469783351 0.9466855826681869 0.876837732041049 0.984667566704675 0.9087501516533637 0.9946133261117446
0 0.7067566259977195 0.8100106488027365 0.6871927822120866 0.8428759224629419 0.7324218871151653 0.8743125245153933 0.7507410193842645 0.8454555826681871 0.7067566259977195 0.8100106488027365
0 0.7716283591790194 1 0.7360717810718358 0.9756569042189281 0.7298812177879133 1 0.7716283591790194 1
0 0.4486797366020524 0.8440676750285062 0.4460838358038769 0.8873639965792474 0.47828320866590646 0.887199417331813 0.4819065724059293 0.8457841790193843 0.4486797366020524 0.8440676750285062
0 0.327824236031927 0.7607611687571265 0.2984401197263398 0.7832294230330673 0.3132639749144812 0.8113549954389965 0.3419736647662486 0.7965775393386546 0.327824236031927 0.7607611687571265
0 0.20132755416191564 0.5511652428734322 0.17341648688711517 0.563626929304447 0.19559697149372862 0.5894160330672749 0.21695415507411633 0.5735216385404789 0.20132755416191564 0.5511652428734322
0 0.31925882326111743 0.3408950513112885 0.30728892474344355 0.3142112029646522 0.27505227366020524 0.33523942417331815 0.2922116830102623 0.36732581413911064 0.31925882326111743 0.3408950513112885
0 0.3160602269099202 0.8270992405929305 0.30649869783352335 0.8137447685290764 0.26593373318129987 0.8209837194982895 0.27035086316989737 0.8386029327251996 0.3160602269099202 0.8270992405929305
0 0.31925970695553024 0.8518237411630559 0.31615451881413914 0.8396285746864309 0.27222145724059293 0.851284535917902 0.2777459110604333 0.8630953420752565 0.31925970695553024 0.8518237411630559
0 0.7027569669327252 0.7876017833523375 0.6928424025085519 0.7646754298745725 0.6562880889395667 0.7805546248574687 0.6673758871151653 0.8105084104903079 0.7027569669327252 0.7876017833523375
0 0.8431500330672749 0.7021109646522234 0.8185205142531357 0.683858969213227 0.7942246100342075 0.7163118084378564 0.8211165940706955 0.7359537810718358 0.8431500330672749 0.7021109646522234
0 0.9499417822120866 0.8712292120866592 0.9674647616875712 0.8548785963511972 0.9212487753705815 0.8210970581527937 0.9097133261117446 0.8337288084378564 0.9499417822120866 0.8712292120866592