0 0.26655605245153935 0.036271980615735465 0.25151846522234894 0.021079467502850627 0.19532685860889398 0.025995596351197265 0.21539916191562145 0.061266332953249715 0.26655605245153935 0.036271980615735465
0 0.4586445860889396 0.3243312018244014 0.43186023489167613 0.2974978779931585 0.4063333842645382 0.3259308859749145 0.43394030444697834 0.3485232542759407 0.4586445860889396 0.3243312018244014
0 0.6408025188141391 0.6079013489167617 0.636622526795895 0.5737309441277081 0.60169421322691 0.5696424002280502 0.6030203454960091 0.608643984036488 0.6408025188141391 0.6079013489167617
0 0.8021427833523376 0.8033819179019384 0.7833655724059293 0.8544455860889396 0.8624396807297605 0.8556082474344355 0.8627331596351198 0.8010563318129988 0.8021427833523376 0.8033819179019384
0 0.8793725290763967 0.8549769247434436 0.9212422018244013 0.856673259977195 0.9168294401368302 0.8266906396807298 0.8753962839224629 0.8231711972633979 0.8793725290763967 0.8549769247434436
0 0.33787382098061575 0.04074826111744583 0.2813553454960091 0.06236580729760548 0.290366244013683 0.09042315963511974 0.3508776716077537 0.07355223033067275 0.33787382098061575 0.04074826111744583
0 0.6548994458380843 0.4965113489167617 0.6156815997719498 0.5047059042189281 0.6259347206385405 0.5401314663625998 0.6695730250855189 0.5313870490307867 0.6548994458380843 0.4965113489167617
0 0.3440094754846066 0.5945678289623717 0.3097486191562144 0.584465417331813 0.2900636841505131 0.6183412303306728 0.3228073534777651 0.6349459293044469 0.3440094754846066 0.5945678289623717
0 0.6423322018244013 0.8638058848346637 0.6563075324971495 0.8328121014823261 0.6255166157354618 0.8146657172177879 0.6054165416191561 0.8438144104903078 0.6423322018244013 0.8638058848346637
0 0.9182725564424173 0.8908731596351197 0.7945582953249715 0.8665661984036488 0.7786183899657925 0.9364353888255416 0.8950295974914482 0.9590003500570126 0.9182725564424173 0.8908731596351197
0 0.6082858529076396 0.9924235860889397 0.6431564070695553 0.98222686659065 0.576476007981756 0.9422111744583809 0.5620856750285063 0.9684793956670468 0.6082858529076396 0.9924235860889397