0 0.1796379726339795 0.1575343432155074 0.20080823261117448 0.12916214139110604 0.14990566362599772 0.09114219384264538 0.1290178962371722 0.11863309350057012 0.1796379726339795 0.1575343432155074
0 0.032633592930444696 0.25399397491448117 0.06258980843785633 0.2799927685290764 0.09306595438996579 0.2400632976054732 0.057080054732041044 0.2168245017103763 0.032633592930444696 0.25399397491448117
0 0.24240215051311287 0.3147893261117446 0.2689892155074116 0.33532346066134544 0.3038024503990878 0.29019843671607753 0.27247308779931584 0.26712224971493725 0.24240215051311287 0.3147893261117446
0 0.3048350775370582 0.31162252565564424 0.2896885245153934 0.3544637651083238 0.30512167274800456 0.3544101550741163 0.31836534663626 0.3150655724059293 0.3048350775370582 0.31162252565564424
0 0.3217623728620297 0.3538030376282782 0.33776668072976057 0.3543619201824401 0.3416231425313569 0.3289482143671608 0.33001486659065 0.3270575644241733 0.3217623728620297 0.3538030376282782
0 0.3695878928164196 0.3269542052451539 0.3218079007981756 0.3864807833523375 0.33396646066134544 0.39522293500570127 0.38107168415051307 0.3380508061573546 0.3695878928164196 0.3269542052451539
0 0.5383961527936146 0.03103870353477765 0.4992458278221209 0.08135928050171039 0.5287967126567845 0.10199691334093501 0.5678641505131129 0.054049889395667045 0.5383961527936146 0.03103870353477765
0 0.7047833956670468 0.059425326111744586 0.6882917765108324 0.08974480957810718 0.7398722371721779 0.12541041733181302 0.7604284401368302 0.09760932041049031 0.7047833956670468 0.059425326111744586
0 0.7866160946408209 0.09555481870011402 0.8265039304446978 0.12605921550741164 0.8626076043329534 0.07800713112884836 0.8113696180159635 0.05156221664766249 0.7866160946408209 0.09555481870011402
0 0.5416293055872292 0.3293973534777651 0.5102053101482327 0.29443562371721776 0.48411944583808436 0.3235273375142531 0.51668144013683 0.3469436237172178 0.5416293055872292 0.3293973534777651
0 0.3242502736602052 0.14654329418472065 0.306135818700114 0.15541651425313568 0.3563753511972634 0.21242332497149372 0.3700503021664766 0.20012745952109465 0.3242502736602052 0.14654329418472065
0 0.08579827366020525 0.48220872976054735 0.1113850558722919 0.49736092588369446 0.12944644583808437 0.4730389429874572 0.10285957810718357 0.4599312155074116 0.08579827366020525 0.48220872976054735
0 0.17337430900798176 0.6088437947548461 0.19144134663625997 0.6183863888255416 0.22623391562143672 0.5738531904218929 0.20789472291904218 0.5616275895096922 0.17337430900798176 0.6088437947548461
0 0.5876777286202964 0.3024880273660205 0.5980991299885974 0.30998129418472065 0.6204768871151654 0.28105714595210946 0.6096134207525656 0.2726572748004561 0.5876777286202964 0.3024880273660205
0 0.6085842554161915 0.31569444925883694 0.6200664857468643 0.3267909954389966 0.643525905359179 0.3008736168757126 0.6285812462941848 0.290251834663626 0.6085842554161915 0.31569444925883694
0 0.39477624629418473 0.2345582314709236 0.40714358494868874 0.23736655530216647 0.42191714823261117 0.20520630444697832 0.4083065769669327 0.20057066704675028 0.39477624629418473 0.2345582314709236
0 0.6577945131128848 0.6061544287343216 0.6363451961231471 0.5745100182440137 0.606033259977195 0.6096923295324971 0.6331084891676169 0.6332156328392247 0.6577945131128848 0.6061544287343216
0 0.6587402223489168 0.5960859874572406 0.6827292497149373 0.5719710011402508 0.6642568802736601 0.5570672462941847 0.6459754606613455 0.5822727137970354 0.6587402223489168 0.5960859874572406
0 0.31284420752565567 0.7961065496009122 0.3123392976054732 0.8275784127708096 0.3646318825541619 0.825838275940707 0.3625901505131129 0.7960613797035349 0.31284420752565567 0.7961065496009122
0 0.42010118700114024 0.24019549258836942 0.4347767890535918 0.24486676054732043 0.4384244207525656 0.2253884446978335 0.42616668757126563 0.22436628278221207 0.42010118700114024 0.24019549258836942
0 0.4562882246294185 0.5807002041049031 0.46559416761687566 0.5691413728620296 0.4309784150513113 0.5406034161915622 0.4200936545039909 0.5512143819840365 0.4562882246294185 0.5807002041049031
0 0.8047880045610034 0.2720465222348917 0.8201191607753706 0.27495834663626 0.8273108129988598 0.23896865678449258 0.8155713683010262 0.23707342645381985 0.8047880045610034 0.2720465222348917
0 0.8265142953249714 0.2787463397947549 0.8395563454960092 0.2792017787913341 0.8417493808437856 0.2673961231470924 0.8315907662485748 0.2625855370581528 0.8265142953249714 0.2787463397947549
0 0.7603564971493728 0.3376295860889396 0.7702896237172178 0.34213680615735464 0.7733231436716077 0.323231157354618 0.7591858791334094 0.32244041733181295 0.7603564971493728 0.3376295860889396
0 0.7772160364880274 0.3477241242873432 0.7933270205245154 0.34531773660205245 0.7932931687571266 0.32927396921322694 0.7794463511972634 0.3284933717217788 0.7772160364880274 0.3477241242873432
0 0.753396180159635 0.31600006157354615 0.7674577263397948 0.321242433295325 0.7728425176738882 0.30301300456100344 0.7591988004561003 0.2965954367160775 0.753396180159635 0.31600006157354615
0 0.7049912440136831 0.13844946978335235 0.6736011539338654 0.11952994640820981 0.65828721322691 0.16711980045610034 0.6939300444697833 0.17757320980615737 0.7049912440136831 0.13844946978335235