0 0.14964641961231473 0.6319999281641961 0.18738765792474343 0.6368459965792475 0.19773190992018244 0.5747615553021664 0.16068699201824402 0.5673251733181299 0.14964641961231473 0.6319999281641961
0 0.04475601938426454 0.6762075131128849 0.07953971835803876 0.6841495461801597 0.09239959863169897 0.6454192405929305 0.0499259338654504 0.6364227137970354 0.04475601938426454 0.6762075131128849
0 0.871046189281642 1 0.8706201379703534 0.9894384948688711 0.8317606807297605 0.9877128415051311 0.8319438095781072 1 0.871046189281642 1
0 0.7827436510832383 0.7695571619156214 0.745934740022805 0.7799482246294185 0.7687879179019383 0.8316077103762828 0.8014029236031928 0.8213815131128849 0.7827436510832383 0.7695571619156214
0 0.9134003819840365 0.8938842725199544 0.9362833135689851 0.8979191516533638 0.9444284982896237 0.8517255131128848 0.8983494150513113 0.8511368962371721 0.9134003819840365 0.8938842725199544
0 0.8881194184720638 0.5481781641961232 0.8456265153933866 0.5394796989737742 0.8386847924743444 0.5720186225769669 0.8796266374002281 0.5792377742303307 0.8881194184720638 0.5481781641961232
0 0.8257461493728621 0.3786132748004561 0.7964383135689852 0.4011809395667047 0.8273721299885975 0.4241181961231471 0.8490766704675028 0.40021145267958946 0.8257461493728621 0.3786132748004561
0 0.6459849270239453 0.20101241049030785 0.6267239464082097 0.22474711060433294 0.6442741049030786 0.2456275085518814 0.6651545564424174 0.22911182554161916 0.6459849270239453 0.20101241049030785
0 0.3704190992018244 0.2657697160775371 0.3930956795895097 0.28423803876852904 0.42562615165336376 0.2649532919042189 0.39907426111744587 0.24007400684150512 0.3704190992018244 0.2657697160775371
0 0.8531359965792474 0.3942952166476625 0.8635607217787914 0.4069873352337514 0.8865028882554162 0.3658128551881414 0.8706272725199544 0.3569860467502851 0.8531359965792474 0.3942952166476625
0 0.875638724059293 0.4103212451539339 0.8866146681870011 0.4164769669327252 0.9082467594070696 0.37929502508551877 0.8982682303306728 0.3709019509692132 0.875638724059293 0.4103212451539339
0 0.7057455473204105 0.7547744982896237 0.7253246248574686 0.7702850091220068 0.7566080262257697 0.7420381824401368 0.7305446237172177 0.7235755815279361 0.7057455473204105 0.7547744982896237
0 0.5951549509692132 0.8552533945267959 0.6064104367160775 0.8837676465222348 0.6448027605473204 0.8712441436716077 0.6327902303306728 0.8401847651083238 0.5951549509692132 0.8552533945267959
0 0.7258143101482325 1 0.7163156624857469 0.9821280535917902 0.7011287354618017 0.9900011060433295 0.7050000068415051 1 0.7258143101482325 1