0 0.2713255450399088 0.8066404287343216 0.2299438244013683 0.8146842212086659 0.2339388244013683 0.832133149372862 0.2741584629418472 0.8212145245153935 0.2713255450399088 0.8066404287343216
0 0.22026271607753706 0.7742144823261117 0.22353119156214368 0.7941492736602053 0.26596683580387687 0.7852957571265679 0.2680556887115165 0.7649244697833523 0.22026271607753706 0.7742144823261117
0 0.9692309019384264 0.30009686431014826 0.9510730741163056 0.21166173888255416 0.9031343523375142 0.2264254424173318 0.9253153922462942 0.3094194971493729 0.9692309019384264 0.30009686431014826
0 0.9496808061573545 0.21072264196123147 0.9452059623717218 0.1764992645381984 0.8740737366020525 0.19516805701254275 0.8834773968072975 0.22954281641961233 0.9496808061573545 0.21072264196123147
0 0.9318341277080958 0.10770713911060432 0.8583538620296466 0.12985506727480045 0.8647559589509692 0.1705785701254276 0.9407866476624858 0.15376385974914483 0.9318341277080958 0.10770713911060432
0 0.932277472063854 0.11185500342075257 0.9152886031927024 0.022587792474344358 0.8609612576966933 0.034357684150513115 0.8815702930444698 0.12171148004561003 0.932277472063854 0.11185500342075257
0 0.780627361459521 0 0.7833463249714937 0.024032291904218926 0.8426976716077537 0.008866380843785633 0.8416716864310149 0 0.780627361459521 0
0 0.4681654127708096 0.7550668722919043 0.4589036305587229 0.7447683283922463 0.36124674002280505 0.7806918449258837 0.3675831254275941 0.7961750877993158 0.4681654127708096 0.7550668722919043
0 0.6249979076396807 0.7590684675028506 0.6186679429874572 0.7451741277080958 0.5159746100342075 0.7645308278221208 0.5198254709236032 0.7765624150513113 0.6249979076396807 0.7590684675028506
0 0.513740314709236 0.7468128722919042 0.5622297194982896 0.7379939407069556 0.5626669657924743 0.7215728722919041 0.5119597867730901 0.7314293489167617 0.513740314709236 0.7468128722919042
0 1 0.6737429395667047 0.9886454652223489 0.6756772348916762 0.9896223911060433 0.6915942063854047 1 0.6894967856328392 1 0.6737429395667047
0 1 0.6396561607753705 0.9831250809578107 0.641053818700114 0.9813916088939566 0.6632533876852907 1 0.659819676168757 1 0.6396561607753705