0 0.9055063557582668 0.25068425313568987 0.795109669327252 0.21107305245153932 0.7860724948688712 0.24199015051311287 0.8887864275940707 0.28373556100342073 0.9055063557582668 0.25068425313568987
0 0.6827133751425314 0.14747873432155076 0.6683439578107183 0.18401284150513114 0.7396412075256557 0.21602388141391107 0.7523997787913341 0.18154517331812997 0.6827133751425314 0.14747873432155076
0 0.5088727023945268 0.37506158380843785 0.48853783238312426 0.40801507981755986 0.5362477981755986 0.43362662713797034 0.5526992633979476 0.40040057126567846 0.5088727023945268 0.37506158380843785
0 0.7503894104903078 0.6156179669327253 0.7359863010262258 0.6460937115165336 0.8017095792474344 0.6818617765108325 0.8151957286202964 0.6483076339794754 0.7503894104903078 0.6156179669327253
0 0.9370328677309008 0.7318734082098062 0.9621821060433295 0.742700724059293 0.9697748129988598 0.7036396305587229 0.950338685290764 0.6992551755986317 0.9370328677309008 0.7318734082098062
0 0.7077116784492589 0.7603955826681871 0.7002114310148232 0.7740624412770809 0.749315496009122 0.7987336556442417 0.7568823911060433 0.7893997468643101 0.7077116784492589 0.7603955826681871
0 0.748476834663626 0.8155115769669328 0.6980582702394527 0.7851394903078677 0.692907 0.802288850627138 0.7436493637400228 0.8278833819840364 0.748476834663626 0.8155115769669328
0 0.6591493329532497 0.8949532143671608 0.734372762827822 0.9410360057012543 0.7545603511972634 0.90260851995439 0.6714448939566705 0.8628564857468644 0.6591493329532497 0.8949532143671608
0 0.20722459635119728 0.8893916020524516 0.1833928323831243 0.9434468084378564 0.2160772462941847 0.9528991425313569 0.2397285952109464 0.9059955952109464 0.20722459635119728 0.8893916020524516
0 0 0.9105777662485747 0.0013354732041049031 0.9110843500570126 0.014197797035347777 0.8760718825541619 0 0.8701393842645383 0 0.9105777662485747
0 0.24451969897377424 0.6788298551881414 0.2398395108323831 0.6966756499429875 0.3012001117445838 0.723729291904219 0.3061253728620296 0.7108544047890536 0.24451969897377424 0.6788298551881414
0 0.28617540022805016 0.6639357423033068 0.28011748916761686 0.6857493648802737 0.31364142189281646 0.6971062542759406 0.3216762976054732 0.6775854150513112 0.28617540022805016 0.6639357423033068
0 0.23449001368301026 0.36589472748004565 0.20638269783352337 0.42637879817559865 0.2295149794754846 0.43511089167616873 0.2578830490307868 0.3748494139110604 0.23449001368301026 0.36589472748004565
0 0.21046746864310148 0.36485439566704675 0.1890330638540479 0.40969620068415047 0.2078721801596351 0.42182782896237175 0.22902170125427596 0.3737758095781072 0.21046746864310148 0.36485439566704675
0 0.18664884492588368 0.3378382257696694 0.15792286659064994 0.3921534104903079 0.18504578791334095 0.40529038312428733 0.21015652793614595 0.350878921322691 0.18664884492588368 0.3378382257696694