0 0.8144244891676169 0.724765937286203 0.8137927046750285 0.7554002565564425 0.8450300444697834 0.7657307901938426 0.8488371835803876 0.7209686795895097 0.8144244891676169 0.724765937286203
0 0.7887870444697834 0.9532170615735461 0.7753771858608894 0.8804549270239452 0.7442087651083239 0.8909781984036488 0.7469181505131129 0.9297242086659064 0.728272314709236 0.9407611379703534 0.7342507251995439 0.9667636955530217 0.7887870444697834 0.9532170615735461
0 0.721773685290764 0.7089952018244013 0.724386283922463 0.7463570923603192 0.7579018015963512 0.7495754458380843 0.75894682668187 0.7050049144811859 0.721773685290764 0.7089952018244013
0 0.8067630022805017 0.17881734777651082 0.7715530364880274 0.19101411858608894 0.7783070832383124 0.2280864116305587 0.8218967366020525 0.21669456328392248 0.8067630022805017 0.17881734777651082
0 0.17377354275940707 0.23142404446978335 0.14672181870011403 0.26112718244013683 0.18059795781071836 0.2893484732041049 0.20103814595210945 0.2642803238312429 0.17377354275940707 0.23142404446978335
0 0.24682170923603192 0.38344722006841503 0.2803635370581528 0.36719599885974913 0.2401202827822121 0.3074357776510832 0.20529568871151654 0.3251660216647662 0.24682170923603192 0.38344722006841503
0 0.6406081448118587 0.282211149372862 0.6754327388825542 0.264480905359179 0.6628675461801596 0.2236438700114025 0.6279478323831242 0.23999144241733184 0.6406081448118587 0.282211149372862
0 0.48695511630558724 0.32632909806157356 0.5182172063854048 0.31719016647662485 0.5100837149372862 0.2802143340935006 0.47438836488027364 0.28549217217787914 0.48695511630558724 0.32632909806157356
0 0.21790671607753703 0.40632777765108324 0.2280791961231471 0.3931015872291904 0.1894088494868871 0.3360115883694413 0.17223924515393388 0.3483361755986317 0.21790671607753703 0.40632777765108324
0 0.507938716077537 0.4875549703534778 0.49214710604332956 0.4997847651083238 0.5202841345496009 0.5450948996579248 0.5296562257696693 0.540268441277081 0.507938716077537 0.4875549703534778
0 0.2592584686431015 0.5216319122006842 0.27228963283922464 0.5095951448118586 0.24148894526795897 0.46586216077537057 0.2296451014823261 0.4750325598631699 0.2592584686431015 0.5216319122006842
0 0.28669189509692133 0.5767258962371722 0.3014895416191562 0.5701275917901938 0.2825310307867731 0.5172227594070695 0.26802519498289623 0.5279717571265679 0.28669189509692133 0.5767258962371722
0 0.15514174686431015 0.6790907901938427 0.17749238084378563 0.7011667137970354 0.1957527354618016 0.6845947548460661 0.17321008551881414 0.6597504811858609 0.15514174686431015 0.6790907901938427
0 0.16966703648802736 0.43055964652223494 0.17983795781071837 0.41733356556442414 0.15039174458380844 0.3929704709236032 0.14131157354618015 0.4019491801596351 0.16966703648802736 0.43055964652223494
0 0.1775876465222349 0.40497606271379705 0.186474244013683 0.3932291128848347 0.16116969783352336 0.36857953591790193 0.14814143443557584 0.3806129669327252 0.1775876465222349 0.40497606271379705
0 0.3964239315849487 0.7971003854047891 0.41318018700114023 0.7987104492588369 0.41037401482326114 0.7585803192702395 0.39114767388825544 0.7613156431014823 0.3964239315849487 0.7971003854047891