0 0.41915523831242874 0.6780413021664765 0.38152648004561 0.6762375461801596 0.37211842303306725 0.7910861619156214 0.408783929304447 0.791514251995439 0.41915523831242874 0.6780413021664765
0 0.5047242998859749 0.3840542006841505 0.4333496077537058 0.3823339817559863 0.425778842645382 0.42868919726339794 0.5044480250855188 0.4325999965792474 0.5047242998859749 0.3840542006841505
0 0.4398895188141391 0.34183402850627137 0.44443633979475483 0.29555010604332954 0.37285643671607754 0.29500269441277077 0.36858295324971496 0.34314671607753705 0.4398895188141391 0.34183402850627137
0 0.8670514207525656 0.5529801995438997 0.8153685655644242 0.5523189566704675 0.8088648985176738 0.5892030843785633 0.8653361778791333 0.588595298745724 0.8670514207525656 0.5529801995438997
0 0.14784847662485748 0.5462950421892816 0.10832952907639681 0.548381535917902 0.10095685746864311 0.624350740022805 0.14140254161915622 0.6272572793614596 0.14784847662485748 0.5462950421892816
0 0.1853291676168757 0.7333991539338655 0.13113716077537058 0.729880669327252 0.12270148232611175 0.8050579407069555 0.1819527423033067 0.8067522417331813 0.1853291676168757 0.7333991539338655
0 0.37312322576966933 0.7580604720638541 0.37863376966932727 0.702891732041049 0.3628616556442417 0.7028269486887115 0.35501353477765113 0.7548672451539338 0.37312322576966933 0.7580604720638541
0 0.4380757502850627 0.8781751094640822 0.4058772576966933 0.8797404937286203 0.40452890763968075 0.907875984036488 0.4374723534777651 0.9097611311288483 0.4380757502850627 0.8781751094640822
0 0.8069223112884835 0.9486436545039908 0.8206683648802736 0.9492571402508552 0.8256258597491448 0.9108929749144813 0.8085065553021665 0.9108921003420752 0.8069223112884835 0.9486436545039908
0 0.8295372713797036 0.9399543158494869 0.8457207297605474 0.9403946716077537 0.845696961231471 0.9029624903078677 0.8310791163055873 0.9058175017103762 0.8295372713797036 0.9399543158494869
0 0.7083491698973774 0.8757266488027367 0.7470100501710376 0.871676953249715 0.7490577696693272 0.8433633261117446 0.7075666157354619 0.8460080171037628 0.7083491698973774 0.8757266488027367
0 0.6630121060433296 0.9244773956670467 0.6801243819840365 0.929907977194983 0.6853319190421894 0.8457112428734321 0.6663981231470923 0.847200740022805 0.6630121060433296 0.9244773956670467
0 0.6868307069555303 0.9021143329532497 0.7036004344355758 0.902658062713797 0.7087069338654504 0.8416825039908781 0.6884245336374003 0.848669779931585 0.6868307069555303 0.9021143329532497
0 0.24063660661345498 0.8125732086659065 0.2556877103762828 0.6691405541619156 0.22728967502850628 0.6725834663625997 0.21256103876852908 0.811244945267959 0.24063660661345498 0.8125732086659065
0 0.20749101596351197 0.46082843101482324 0.21385915393386543 0.41788337742303305 0.19736276510832382 0.41919974572405927 0.1939167354618016 0.46266004675028505 0.20749101596351197 0.46082843101482324
0 0.25626396579247435 0.41992795781071834 0.23949396807297607 0.4193857651083238 0.23731923261117444 0.4624657331812999 0.2571800364880274 0.4659677286202965 0.25626396579247435 0.41992795781071834