0 0.3900553272519955 0.6065086316989737 0.4416971140250855 0.6059686488027365 0.4444777309007982 0.5349882976054732 0.39056669099201824 0.534609771949829 0.3900553272519955 0.6065086316989737
0 0.4466778301026225 0.4297421174458381 0.4451634618015964 0.4661150250855188 0.48944162599771945 0.46889661231470925 0.4920342827822121 0.4355169669327252 0.4466778301026225 0.4297421174458381
0 0.7134437115165337 0.46423569327251996 0.7111311698973773 0.519086717217788 0.7816333078677309 0.5144583637400227 0.7780100125427595 0.4613134583808438 0.7134437115165337 0.46423569327251996
0 0.6639095188141391 0.1298091242873432 0.6628555530216647 0.1842374446978335 0.7607147605473203 0.17694680045610034 0.7649127605473204 0.1236119977194983 0.6639095188141391 0.1298091242873432
0 0.4722742622576967 0.047099350057012546 0.4655510011402509 0.08213903192702394 0.5118867981755986 0.09161115963511972 0.5235930661345496 0.05311256784492588 0.4722742622576967 0.047099350057012546
0 0.6220952805017104 0.013504714937286205 0.616768873432155 0.07700168301026225 0.725746362599772 0.08659143215507412 0.7314595575826682 0.02887486202964652 0.6220952805017104 0.013504714937286205
0 1 0.23826643101482328 0.9556233842645383 0.24277598289623717 0.9592261778791334 0.2768685564424173 1 0.2763834754846066 1 0.23826643101482328
0 1 0.15253791562143673 0.975233362599772 0.15017270581527936 0.9725432690992017 0.18637879703534777 0.9990353169897377 0.18346081755986318 1 0.1729507970353478 1 0.15253791562143673
0 0.9070133067274799 0.20895664082098062 0.9046428859749145 0.2386106442417332 0.9414776818700114 0.2410261904218928 0.9406010102622577 0.20887882440136832 0.9070133067274799 0.20895664082098062
0 0.18987424515393386 0.307286802736602 0.1844921961231471 0.34131580957810714 0.28793426567844926 0.3668276305587229 0.30170120866590644 0.33499791562143677 0.18987424515393386 0.307286802736602
0 0.6132628802736602 0.9509470444697833 0.6096445279361459 0.9852255005701255 0.6454108209806158 0.9845781562143672 0.6491291527936145 0.9559877206385405 0.6132628802736602 0.9509470444697833
0 0.02836508095781072 0.8549514059293044 0.08344875370581528 0.8554963124287344 0.08338465336374003 0.8260997434435575 0.0374386818700114 0.8202420421892817 0.02836508095781072 0.8549514059293044
0 0.11598237514253136 0.49601946294184723 0.09682140364880273 0.5640965427594071 0.11306348004561004 0.5679949418472064 0.13386964538198404 0.49673302166476624 0.11598237514253136 0.49601946294184723
0 0.023460402508551883 0.5016082200684151 0.013034510832383125 0.5331296054732041 0.04701047092360319 0.5452211311288483 0.057490989737742304 0.511189165336374 0.023460402508551883 0.5016082200684151
0 0.09071000114025086 0.30894254618015965 0.07142848004561003 0.36081230672748005 0.10884444241733181 0.37403579361459516 0.12204708323831243 0.316346189281642 0.09071000114025086 0.30894254618015965
0 0.2448450661345496 0 0.311343062713797 0.02748144811858609 0.3187699064994299 0 0.2448450661345496 0