0 0.3646379007981756 0.5424010843785633 0.3253216932725199 0.5113321459521094 0.2984181470923603 0.5368245769669328 0.3376869897377423 0.5718343318129989 0.3646379007981756 0.5424010843785633
0 0.054408212086659066 0.23192099315849488 0.022406908779931584 0.24781922462941847 0.0510636054732041 0.3112033124287343 0.08887847776510834 0.29719935347776505 0.054408212086659066 0.23192099315849488
0 0.19859987343215507 0.10529870581527936 0.17203662713797035 0.14917331242873433 0.2034134298745724 0.17876119840364882 0.23976151995438996 0.13963810490307868 0.19859987343215507 0.10529870581527936
0 0.042517925883694414 0.12716988141391106 0.013447205245153934 0.139474149372862 0.022807717217787914 0.17848290535917902 0.05313757810718358 0.1662363158494869 0.042517925883694414 0.12716988141391106
0 0.6547950843785633 0.9239242622576966 0.599429094640821 0.9098869372862031 0.5941832223489169 0.9475008449258837 0.6480873249714937 0.957890724059293 0.6547950843785633 0.9239242622576966
0 0.46348227822120863 0.8703806590649943 0.5055833192702395 0.9033293238312429 0.5273837434435575 0.8785248152793614 0.4887803454960091 0.8448994606613455 0.46348227822120863 0.8703806590649943
0 0.5045477206385405 0.7517084082098062 0.4816633888255416 0.7833755085518814 0.504119496009122 0.8062293204104903 0.5301483899657925 0.777580158494869 0.5045477206385405 0.7517084082098062
0 0.5955436784492588 0.5973199475484607 0.6356038050171038 0.6415512702394526 0.6584408380843786 0.6189679007981755 0.6216360307867731 0.5759168061573546 0.5955436784492588 0.5973199475484607
0 0.5886474321550741 0.7299173135689851 0.565324771949829 0.7562258494868871 0.6156114196123147 0.7963523147092361 0.638990023945268 0.7679158848346636 0.5886474321550741 0.7299173135689851
0 0.8949659384264538 0.8179632006841505 0.9046927457240592 0.8711150376282782 0.9538917913340934 0.8627614378563284 0.945412550741163 0.7942455233751425 0.8949659384264538 0.8179632006841505
0 0.6850578540478905 0.37305699657924746 0.6754878996579247 0.3767317958950969 0.6891711049030786 0.4046176339794755 0.6999213523375142 0.40283042873432157 0.6850578540478905 0.37305699657924746
0 0.7547792805017104 0.46717014367160775 0.7205926602052452 0.4780493922462942 0.7324399942987457 0.5105261277080958 0.7701123272519954 0.4962474424173318 0.7547792805017104 0.46717014367160775
0 0.7118078278221208 0.40172965792474347 0.6816698757126568 0.4178705541619156 0.708667007981756 0.4815772291904219 0.7449991174458381 0.466651763968073 0.7118078278221208 0.40172965792474347
0 0.6161285461801597 0.15539622462941846 0.5633789087799316 0.19528800456100343 0.5993739908779931 0.2372851755986317 0.6545519076396807 0.20055056328392246 0.6161285461801597 0.15539622462941846
0 0.7358744082098061 0 0.7150566465222349 0.02003284606613455 0.7383438551881414 0.06480101710376283 0.7734022383124288 0.043167214367160776 0.744399189281642 0 0.7358744082098061 0
0 0.9620575199543899 0.3911924161915621 0.9257482086659065 0.40671831470923603 0.9396681379703535 0.43304598061573546 0.9750755781071836 0.4176953888255416 0.9620575199543899 0.3911924161915621
0 0.9185678015963512 0.1861277172177879 0.8885907388825541 0.1937692576966933 0.9064810376282783 0.23898321094640823 0.9420920330672747 0.2293392497149373 0.9185678015963512 0.1861277172177879
0 0.7412312132269099 0.5593233523375143 0.7620710011402508 0.5824929361459521 0.7871094321550741 0.5618995188141391 0.7704643580387684 0.5385194287343216 0.7412312132269099 0.5593233523375143
0 0.49740294754846065 0.5032871858608894 0.47309762941847205 0.4747441938426454 0.45053968415051315 0.5072551459521094 0.4807181242873432 0.5295151824401368 0.49740294754846065 0.5032871858608894