0 0.975512102622577 0.7248432269099202 0.9000648529076397 0.7190340786773091 0.8896238050171037 0.8005724675028506 0.9743203363740023 0.7925618392246294 0.975512102622577 0.7248432269099202
0 0.7222928916761687 0.6289025860889396 0.7190390148232612 0.578482945267959 0.6901021641961231 0.5861141254275941 0.693928976054732 0.6353360855188142 0.7222928916761687 0.6289025860889396
0 0.40090982782212087 0.6725181379703534 0.2889018950969213 0.6453766237172178 0.27395759635119726 0.7068030433295325 0.383711527936146 0.7304224207525656 0.40090982782212087 0.6725181379703534
0 0.4105190285062714 0.6111864059293045 0.2985939418472064 0.5887910433295325 0.29060877537058155 0.6411899475484606 0.4003010262257697 0.6615442782212088 0.4105190285062714 0.6111864059293045
0 0.18646307753705815 0.5206751231470924 0.2017124526795895 0.4426158460661346 0.14997935233751425 0.43579892474344356 0.1387788449258837 0.5078491242873432 0.18646307753705815 0.5206751231470924
0 0.10080130786773091 0.6433138050171038 0.17825597377423033 0.6621539669327252 0.19197118928164197 0.6019366818700114 0.10983754846066134 0.5831781915621437 0.10080130786773091 0.6433138050171038
0 0.6072278734321551 0.6986104275940707 0.591715086659065 0.6935366408209807 0.5876026009122007 0.7298326909920182 0.6053083101482325 0.7345712805017104 0.6072278734321551 0.6986104275940707
0 0.5080075598631699 0.4182649874572406 0.46225664424173313 0.4143144127708096 0.4563113683010262 0.447673251995439 0.5097101767388825 0.4565395393386545 0.5080075598631699 0.4182649874572406
0 0.540075354618016 0.2502422371721779 0.545948094640821 0.21272777993158495 0.4958684982896237 0.19875591106043328 0.4859085655644242 0.23990475370581527 0.540075354618016 0.2502422371721779
0 0.5599197058152794 0.36747625997719496 0.5445001790193843 0.36774540820980617 0.531541007981756 0.4410155496009122 0.5482203899657925 0.44488129304446977 0.5599197058152794 0.36747625997719496
0 0.5822601060433296 0.21981387685290762 0.5681092360319271 0.22481160433295325 0.5580012246294185 0.2914981698973774 0.5747116944127708 0.2971448928164196 0.5822601060433296 0.21981387685290762
0 0.5508243899657925 0.2542114948688711 0.5383891995438996 0.25561623261117444 0.5330702314709236 0.29074566248574685 0.5459506157354618 0.2902254766248574 0.5508243899657925 0.2542114948688711
0 0.5362278437856328 0.36967132497149374 0.5190496259977195 0.37115885290763967 0.5095367434435576 0.4039876875712657 0.5275787548460662 0.40990808779931587 0.5362278437856328 0.36967132497149374
0 0.7621950262257696 0.059897661345496005 0.745608905359179 0.06137485404789054 0.7311841938426454 0.11863688369441276 0.7493983420752566 0.12098967388825542 0.7621950262257696 0.059897661345496005
0 0.7257126499429873 0.07716199543899659 0.7097098255416192 0.07803516647662485 0.7025389053591791 0.10904003876852907 0.7190503933865451 0.11528407411630559 0.7257126499429873 0.07716199543899659
0 0.7078164241733181 0.07153597149372862 0.6917426259977195 0.06825349714937286 0.6884843283922463 0.08553330672748004 0.7007961721778792 0.08887988255416192 0.7078164241733181 0.07153597149372862
0 0.5907027537058154 0.023697600912200686 0.5862660307867731 0.07543916305587228 0.6330991334093501 0.0734355701254276 0.6388459350057012 0.028795662485746866 0.5907027537058154 0.023697600912200686
0 0.18389166020524517 0.8491168985176739 0.14998222120866592 0.8437688232611175 0.13656710604332953 0.8909179418472063 0.16994503192702395 0.8998367753705815 0.18389166020524517 0.8491168985176739