0 0.2411630558722919 0.3973774230330673 0.06727480045610035 0.04561003420752566
0 0.8872346579247434 0.7351577491448118 0.9346644082098062 0.7446936864310149 0.9612908802736602 0.616468685290764 0.908630291904219 0.603330638540479 0.8872346579247434 0.7351577491448118
0 1 0.37910566020524517 0.9450505313568984 0.3645979007981756 0.9311441778791334 0.43293064538198406 0.9932336020524516 0.44022247434435574 1 0.3990471299885975 1 0.37910566020524517
0 0.8084241630558723 0.26506926681870013 0.889812205245154 0.2779418814139111 0.913427810718358 0.15072957924743444 0.8272288392246294 0.14148364538198405 0.8084241630558723 0.26506926681870013
0 0.4791667502850627 0.5257606476624858 0.5651680524515393 0.5364130718358039 0.567495126567845 0.49944434777651087 0.4873174538198404 0.4881761117445838 0.4791667502850627 0.5257606476624858
0 0.5208099828962371 0.7295615165336374 0.6227036978335233 0.7496204059293045 0.6288774914481187 0.7261023169897378 0.5235775701254276 0.7098691083238312 0.5208099828962371 0.7295615165336374
0 0.6254033055872292 0.6997956020524515 0.5259498198403649 0.6929896795895096 0.5227640877993158 0.705451968072976 0.6250533591790194 0.7226963295324971 0.6254033055872292 0.6997956020524515
0 0.40228055302166477 0.9911802132269099 0.44206225655644243 0.9939026259977195 0.4446095872291905 0.9655720592930445 0.4078385324971494 0.9618384960091221 0.40228055302166477 0.9911802132269099
0 0.029037412770809578 0.9014301174458381 0.01827006841505131 0.9372110592930444 0.06468888369441277 0.9437347981755987 0.07424740820980616 0.9063496966932726 0.029037412770809578 0.9014301174458381
0 0.20839336602052452 0.2682404196123147 0.24894315963511973 0.2552922246294185 0.23858746978335232 0.20650115963511972 0.19460888369441276 0.21323038654503992 0.20839336602052452 0.2682404196123147
0 0.31237109350057013 0.23264932725199544 0.33445855644241734 0.22858058608893955 0.3335770935005701 0.19403105131128848 0.30504885860889397 0.1928902109464082 0.31237109350057013 0.23264932725199544
0 0.8089250649942987 0.7410114401368301 0.814859259977195 0.6701697708095781 0.7365635792474344 0.6615201904218928 0.7250181288483467 0.7304561288483465 0.8089250649942987 0.7410114401368301
0 0.8130237776510832 0.6634142006841505 0.8170275188141392 0.6437393147092361 0.7796719635119727 0.6409649885974915 0.774770457240593 0.658225811858609 0.8130237776510832 0.6634142006841505
0 0.16021922576966932 0.6634586738882554 0.17044192246294185 0.5731052109464082 0.10869499543899659 0.5633763945267959 0.10180716761687571 0.6608192246294184 0.16021922576966932 0.6634586738882554
0 0.7668211607753705 0.3515600330672748 0.7836063911060434 0.22992641847206385 0.6620704823261118 0.2097514857468643 0.6456170079817559 0.33122502622576966 0.7668211607753705 0.3515600330672748
0 0.39768046294184717 0.18459032725199545 0.3968966921322691 0.1681509486887115 0.36085040592930445 0.16927490079817561 0.3624534389965793 0.1886869156214367 0.39768046294184717 0.18459032725199545