0 0.6847718597491449 0.16052710604332954 0.7152548312428735 0.15742079703534778 0.721701488027366 0.1251573204104903 0.6768090535917902 0.12683368757126567 0.6847718597491449 0.16052710604332954
0 0.9146445621436716 0.1581322645381984 0.8440590364880274 0.18030964196123145 0.8583023443557584 0.20996327366020523 0.8964293568985177 0.20255213226909918 0.9096563740022805 0.219713921322691 0.9347365279361459 0.21061115963511973 0.9146445621436716 0.1581322645381984
0 0.6804099692132269 0.2544092736602052 0.7171749749144811 0.2472628802736602 0.7162848255416191 0.21360496351197264 0.6719191596351197 0.21799950969213228 0.6804099692132269 0.2544092736602052
0 0.14382638882554163 0.23466588141391104 0.1602232622576967 0.2681269851767389 0.19619611288483466 0.2569053055872292 0.1795769361459521 0.21502888141391108 0.14382638882554163 0.23466588141391104
0 0.2731829726339795 0.8565259897377422 0.30596148460661343 0.8797561721778792 0.3298439555302166 0.8426932314709236 0.3024716271379703 0.8254604401368301 0.2731829726339795 0.8565259897377422
0 0.4151706590649943 0.7654953477765108 0.3949528517673888 0.734184062713797 0.3405424925883695 0.7814102884834664 0.36238462827822127 0.8138145324971493 0.4151706590649943 0.7654953477765108
0 0.2666986921322691 0.38698171151653366 0.24485655644241736 0.3545774675028507 0.20585522576966933 0.3720257844925884 0.22633658836944126 0.40469294412770807 0.2666986921322691 0.38698171151653366
0 0.3292133865450399 0.5341128084378562 0.31633268415051313 0.504197496009122 0.2806236875712657 0.5167765815279362 0.290212354618016 0.5515626579247435 0.3292133865450399 0.5341128084378562
0 0.4414045188141391 0.7914063751425314 0.42703720182440136 0.7829215872291905 0.375085472063854 0.8282612109464083 0.3894106431014823 0.8438008472063854 0.4414045188141391 0.7914063751425314
0 0.4866802474344356 0.4936371254275941 0.5007433968072976 0.5078205895096921 0.5422867548460661 0.47437137400228047 0.5363541014823261 0.465657338654504 0.4866802474344356 0.4936371254275941
0 0.5508096830102622 0.7363108129988598 0.5372745370581528 0.7248436944127707 0.4976211915621437 0.7607445085518815 0.508166637400228 0.77138248004561 0.5508096830102622 0.7363108129988598
0 0.6021497126567844 0.7023676031927024 0.5937972109464082 0.6884843876852907 0.5435971847206386 0.7137490627137971 0.5560338768529076 0.7268368004561003 0.6021497126567844 0.7023676031927024
0 0.7197835233751425 0.820462054732041 0.7389710399087799 0.7955876408209807 0.7202972280501709 0.7794830102622576 0.6983853979475485 0.8048853854047892 0.7197835233751425 0.820462054732041
0 0.47133470581527936 0.8363333625997719 0.4569676864310149 0.8278501071835804 0.43637478107183586 0.8600459475484608 0.4463931584948689 0.8679642063854048 0.47133470581527936 0.8363333625997719
0 0.4449765381984036 0.8315896453819841 0.4322341448118586 0.8242008802736602 0.4108521505131129 0.8523208380843785 0.4243836328392246 0.8637854846066134 0.4449765381984036 0.8315896453819841
0 0.8075085917901939 0.5665965997719499 0.8070645815279363 0.5497690250855188 0.7675755610034207 0.557444913340935 0.7726335974914481 0.5761945906499429 0.8075085917901939 0.5665965997719499