0 0.9465400786773089 0.1987948654503991 0.9690040809578108 0.1698971881413911 0.9340474378563284 0.13282136830102623 0.9086987582668187 0.16355884264538198 0.9465400786773089 0.1987948654503991
0 0.21104011288483465 0.3120015290763968 0.2236810330672748 0.2770548608893957 0.20030763854047892 0.2662477867730901 0.18666048232611174 0.29940761117445835 0.21104011288483465 0.3120015290763968
0 0.21479692018244015 0.2506817434435576 0.2143904686431015 0.22895775142531358 0.15813450285062713 0.24093991676168758 0.16405172519954392 0.2528942348916762 0.21479692018244015 0.2506817434435576
0 0.3448250935005701 0.9074383580387685 0.31771413112884833 0.8326824697833524 0.26438599087799314 0.8509347115165335 0.2936648802736602 0.9249899338654505 0.3448250935005701 0.9074383580387685
0 0.8049699190421893 0.9656397981755985 0.8073706100342075 0.9342484606613456 0.7618463694412771 0.9294636704675029 0.7533340399087799 0.9649511060433296 0.8049699190421893 0.9656397981755985
0 0.7476385131128849 0.9309916031927025 0.7468408118586088 0.9129751493728621 0.6944117879133409 0.9170075381984036 0.6902484754846065 0.9338678415051311 0.7476385131128849 0.9309916031927025
0 0.8687278403648803 0.7599761060433295 0.9116226864310149 0.721539905359179 0.8876217377423032 0.6939675781071836 0.8441350022805016 0.7323399977194982 0.8687278403648803 0.7599761060433295
0 0.6992557856328393 0.4187704161915622 0.7248295530216647 0.40010698859749144 0.7062734230330673 0.3719128950969214 0.6752275165336374 0.3942981550741163 0.6992557856328393 0.4187704161915622
0 0.5389855712656785 0.33126481527936147 0.5681250695553022 0.3156423283922463 0.5476998631698974 0.28248033523375143 0.5171841071835804 0.30551676624857466 0.5389855712656785 0.33126481527936147
0 0.37048328848346634 0.20264694868871153 0.3993587388825542 0.18100136602052452 0.3804629669327252 0.16171902622576967 0.35215421322690993 0.180812992018244 0.37048328848346634 0.20264694868871153
0 0.6101414367160775 0.27702895553021667 0.637617362599772 0.25733841847206385 0.6259394561003421 0.23762066704675028 0.5948611356898518 0.25463404789053595 0.6101414367160775 0.27702895553021667
0 0.9074901812998859 0.34853018015963516 0.9359569942987458 0.32507729418472064 0.9113020935005701 0.2980316841505131 0.8833374629418472 0.31954675940706956 0.9074901812998859 0.34853018015963516
0 0.8344205598631699 0.8560381311288484 0.8132740718358039 0.8269134857468643 0.7835332862029646 0.8482418791334094 0.8078797491448119 0.878237031927024 0.8344205598631699 0.8560381311288484
0 0.8415540638540479 0.16540039908779933 0.8287564800456101 0.15635061231470923 0.8054880763968073 0.17299080843785633 0.8176621664766249 0.18798768871151655 0.8415540638540479 0.16540039908779933
0 0.8598542748004562 0.1846688472063854 0.8454407696693272 0.16824255302166477 0.820369669327252 0.1906587708095781 0.8354357366020525 0.2065566305587229 0.8598542748004562 0.1846688472063854
0 0.8172446031927024 0.29432500684150514 0.8263508312428735 0.2873134561003421 0.795473031927024 0.2625973261117446 0.7913717810718358 0.2788671299885975 0.8172446031927024 0.29432500684150514
0 0.925755937286203 0.27710758608893954 0.934657566704675 0.2635073055872292 0.901262771949829 0.24568301938426454 0.8932699167616875 0.25915728848346636 0.925755937286203 0.27710758608893954
0 0.5425446761687571 0.9201691721778792 0.526996771949829 0.8946400604332954 0.49893455644241735 0.9113734275940707 0.5127280775370582 0.9336984789053592 0.5425446761687571 0.9201691721778792