0 0.7025151892816419 0.2610448529076397 0.701717314709236 0.21533462941847206 0.650358976054732 0.20653117787913342 0.6443858164196122 0.2606749190421893 0.7025151892816419 0.2610448529076397
0 0.9891710091220068 0.9059042976054732 0.9922565176738883 0.8448833409350056 0.9603396396807298 0.8398974207525656 0.9531999270239452 0.9065321755986318 0.9891710091220068 0.9059042976054732
0 0.7581039190421892 0.9085530022805017 0.7582292109464083 0.8364976545039908 0.6543959179019384 0.8341531870011402 0.645799503990878 0.8966564857468643 0.7581039190421892 0.9085530022805017
0 0.5498978563283923 0.9523699350057012 0.5465424287343216 0.9980166978335233 0.6101827343215508 0.9969058529076397 0.6068139144811858 0.9624625256556443 0.5498978563283923 0.9523699350057012
0 0.3514192702394527 0.36416771607753706 0.3623472303306728 0.27668242189281644 0.30678961231470925 0.2651815347776511 0.2973909179019384 0.3609554640820981 0.3514192702394527 0.36416771607753706
0 0.36312881413911063 0.559338393386545 0.37532002622576965 0.4649018700114025 0.3545185883694413 0.4624942257696693 0.33533870581527936 0.5528958551881413 0.36312881413911063 0.559338393386545
0 0.31873654732041046 0.5531856465222349 0.33476435575826685 0.4406684732041049 0.31398710718358036 0.43964655530216645 0.2992467377423033 0.5465982257696693 0.31873654732041046 0.5531856465222349
0 0.28065593500570124 0.5122815142531357 0.2960265062713797 0.44134464538198404 0.2752250695553022 0.43893700114025086 0.26538959179019384 0.5097772554161916 0.28065593500570124 0.5122815142531357
0 0.1780755438996579 0.6609491197263397 0.18958379703534778 0.6067087616875713 0.17018912200684153 0.6056611493728621 0.1628333614595211 0.659829023945268 0.1780755438996579 0.6609491197263397
0 0.2086082565564424 0.6659592018244013 0.21873234549600915 0.6117430034207525 0.20346597605473205 0.6092371824401368 0.19198190992018244 0.6648632656784493 0.2086082565564424 0.6659592018244013
0 0.3766819019384265 0.7808027776510833 0.3910354275940707 0.6516888597491448 0.3660362736602052 0.6465837525655644 0.35029858380843787 0.7757218312428734 0.3766819019384265 0.7808027776510833
0 0.8594443090079817 0.8389862736602053 0.8497819076396808 0.9312017628278221 0.8633909293044469 0.9291826955530217 0.8773716488027365 0.8463948392246294 0.8594443090079817 0.8389862736602053
0 0.891553606613455 0.8431780900798175 0.8832264264538198 0.8759831037628277 0.8963366134549601 0.8793173067274801 0.9011774697833523 0.8507284675028507 0.891553606613455 0.8431780900798175
0 0.33239298403648804 0.7466392725199544 0.3137715518814139 0.7445889486887115 0.30605878449258833 0.778572481185861 0.3262659122006841 0.7805951265678449 0.33239298403648804 0.7466392725199544