0 0.38878953021664764 0.41027529646522237 0.43401282782212086 0.42632417217787916 0.4693945815279361 0.3624327126567845 0.42043617331813 0.34384162371721777 0.38878953021664764 0.41027529646522237
0 0.5297300775370581 0.46549506271379704 0.5643745210946408 0.4831167958950969 0.6083159760547321 0.3876201140250855 0.5727447673888255 0.3785903432155074 0.5297300775370581 0.46549506271379704
0 0.594180314709236 0.510080661345496 0.6295865883694413 0.5175678072976054 0.6389390410490309 0.48188423033067274 0.6063951356898518 0.47586076852907644 0.594180314709236 0.510080661345496
0 0.5730503831242874 0.5628305450399088 0.6038297480045609 0.5754669407069555 0.6160276442417332 0.5500142713797036 0.5815953044469784 0.5381799669327252 0.5730503831242874 0.5628305450399088
0 0.3850912873432155 0.7712661197263398 0.42222817445838084 0.77606534663626 0.4417244082098062 0.7223930410490307 0.40124793614595206 0.7154325074116306 0.3850912873432155 0.7712661197263398
0 0.48635107297605473 0.31249918129988596 0.5363606339794755 0.3318978643101482 0.5482710376282782 0.2955017776510832 0.498247984036488 0.27700776738882554 0.48635107297605473 0.31249918129988596
0 0.5970578415051312 0.12533905815279361 0.6366018415051311 0.145727755986317 0.6520062246294184 0.11001083010262258 0.6110447126567845 0.09297577309007982 0.5970578415051312 0.12533905815279361
0 0.4066113705815279 0.169373251995439 0.45306279019384266 0.19775811060433296 0.4736723204104903 0.15700433295324973 0.43084228848346634 0.12962583238312428 0.4066113705815279 0.169373251995439
0 0.31818097035347775 0.1890807685290764 0.3699390558722919 0.20881932953249716 0.3913892326111745 0.17306786202964652 0.3393459281641961 0.14813093272519956 0.31818097035347775 0.1890807685290764
0 0.29192375142531357 0.1065528221208666 0.3361747126567845 0.13693099885974916 0.37089155074116303 0.07956378677309008 0.32279641049030783 0.0514626921322691 0.29192375142531357 0.1065528221208666
0 0.29938220524515397 0.3541850387685291 0.3254213694412771 0.37255352565564426 0.354250236031927 0.32371961687571266 0.3227278779931585 0.30821532269099206 0.29938220524515397 0.3541850387685291
0 0.4157187514253136 0.287278842645382 0.4432473979475484 0.30109636031927023 0.4615465416191562 0.26291780387685293 0.43077362371721784 0.2511899555302166 0.4157187514253136 0.287278842645382
0 0.16771501710376283 0.40359454618015966 0.2125312063854048 0.43105668529076396 0.24617909007981753 0.39162758038768525 0.1975594857468643 0.3600993865450399 0.16771501710376283 0.40359454618015966
0 0.1740626716077537 0.3491810068415051 0.14533771835803877 0.32907913568985175 0.11757750741163056 0.359976472063854 0.15191482668187 0.3854017251995439 0.1740626716077537 0.3491810068415051
0 0 0.5395074469783352 0.015282185860889395 0.55361051995439 0.05528759179019384 0.5063442462941847 0.024958993158494865 0.48351120752565563 0 0.5189076248574687 0 0.5395074469783352