0 0.054470425313568986 0.4102284298745724 0.007680958950969214 0.4103837309007982 0.003223070695553022 0.4421032542759407 0.05315436031927024 0.4473234618015964 0.054470425313568986 0.4102284298745724
0 0.4849370045610034 0.6643467981755987 0.4827218449258837 0.6161144264538199 0.33570697491448115 0.621209748004561 0.3314190444697833 0.6602412725199545 0.4849370045610034 0.6643467981755987
0 0.5072549863169897 0.552475070695553 0.5071743705815279 0.5189185302166477 0.45031613797035347 0.5139239749144812 0.4466648802736602 0.5569691049030787 0.5072549863169897 0.552475070695553
0 0.5068127423033068 0.33377577993158497 0.5047001527936146 0.29334611858608894 0.4330892223489168 0.2994532998859749 0.43718344355758265 0.3364598129988598 0.5068127423033068 0.33377577993158497
0 0.4827957354618016 0.19322795781071836 0.38379915165336376 0.19369073660205244 0.3910754538198403 0.22937568643101483 0.48272148802736603 0.23215268757126567 0.4827957354618016 0.19322795781071836
0 0.4948503614595211 0.0733246841505131 0.3372606396807298 0.08112616989737742 0.34838561801596346 0.1299559258836944 0.5003558506271379 0.12800902166476624 0.4948503614595211 0.0733246841505131
0 0.7115266476624857 0.26370957012542756 0.7086811915621437 0.23276080501710375 0.6504806351197263 0.22877361231470922 0.6541005963511972 0.2670215142531357 0.7115266476624857 0.26370957012542756
0 0.8435973112884835 0.3990779623717218 0.8827237901938427 0.39798612770809577 0.8791990900798176 0.3633491242873432 0.8404015997719498 0.36208885404789054 0.8435973112884835 0.3990779623717218
0 0.3532439486887115 0.4068360273660205 0.35803852565564426 0.44524743215507406 0.48455997947548457 0.4473165781071836 0.4865081584948689 0.409990078677309 0.3532439486887115 0.4068360273660205
0 0.14744141619156212 0.1646667628278221 0.10855286887115166 0.15979934207525656 0.1166436054732041 0.23661826339794756 0.15374200114025086 0.23503627936145952 0.14744141619156212 0.1646667628278221
0 0.06740960775370582 0.26483298631698976 0.06745351539338655 0.21332532839224627 0.040747104903078674 0.211369165336374 0.04330137742303306 0.2721205678449259 0.06740960775370582 0.26483298631698976