0 0.6102411927023945 0.12147713454960092 0.6567850262257696 0.13448005131128848 0.6687295313568986 0.08994066020524516 0.6205215678449258 0.07890958380843785 0.6102411927023945 0.12147713454960092
0 0.04185417217787913 0 0.041808814139110605 0.0002925952109464082 0.14604578221208667 0.02489293158494869 0.15073210718358038 0.012203083238312429 0.09887531927023946 0 0.04185417217787913 0
0 0.142016818700114 0.04028786545039909 0.04051632155074116 0.01506585062713797 0.03875863511972634 0.03515629532497149 0.14256064196123147 0.057933661345496004 0.142016818700114 0.04028786545039909
0 0.49666130558722915 0.20026060205245153 0.581808558722919 0.21485596351197264 0.5831528004561003 0.19949121778791334 0.49763776168757123 0.18569339794754844 0.49666130558722915 0.20026060205245153
0 0.49046975028506273 0.24378032839224628 0.5746635450399088 0.26246126339794756 0.5745419783352338 0.24339530330672748 0.4966555416191562 0.2275765450399088 0.49046975028506273 0.24378032839224628
0 0.5991413603192702 0.15980400342075257 0.5964057229190421 0.1774295222348917 0.6328507183580387 0.1832373888255416 0.6359915507411631 0.16779298403648804 0.5991413603192702 0.15980400342075257
0 0.5376535940706956 0.14728014595210948 0.5308309635119726 0.16395051311288486 0.5651538574686431 0.1701703055872292 0.5692321174458381 0.1542118985176739 0.5376535940706956 0.14728014595210948
0 0.4717686157354618 0.13734696921322692 0.4687016522234892 0.15196497833523376 0.5045547468643101 0.1577257651083238 0.5069994446978335 0.14340778791334094 0.4717686157354618 0.13734696921322692
0 0.5524451847206385 0.8910887970353477 0.5981906704675028 0.9064043717217788 0.6165284070695554 0.8466784618015963 0.569735401368301 0.8331173272519955 0.5524451847206385 0.8910887970353477
0 0.7723176602052452 1 0.7799166385404789 0.9616028814139111 0.7267344469783352 0.9495390273660205 0.7155292098061574 0.995865275940707 0.7313454538198403 1 0.7723176602052452 1
0 0.2943758449258837 0.925077472063854 0.3441354675028506 0.9353863500570125 0.3546516510832383 0.8833109828962371 0.30145247662485747 0.8748295963511973 0.2943758449258837 0.925077472063854
0 0.22903955074116306 0.9497299737742303 0.26503991562143675 0.9606199897377423 0.28143142189281645 0.8822645005701254 0.2521118221208666 0.8767631949828962 0.22903955074116306 0.9497299737742303
0 0.28591408095781073 0.7492772576966933 0.26842015735461805 0.8197959076396807 0.39536328962371725 0.8437571596351197 0.41225881870011405 0.7698594367160776 0.28591408095781073 0.7492772576966933