0 0.5761594857468644 0.8712690307867731 0.5768503968072977 0.8934939703534778 0.6513397377423034 0.879960205245154 0.6483370011402508 0.8536131482326113 0.5761594857468644 0.8712690307867731
0 0.5368043751425314 0.6003460330672747 0.5485757993158495 0.6609047605473204 0.5930777206385405 0.6502424982896237 0.5818134104903079 0.5891808950969213 0.5368043751425314 0.6003460330672747
0 0.44507855986316985 0.6574552132269099 0.45245763397947547 0.6705232542759407 0.5284338700114025 0.653747779931585 0.5219172702394527 0.6388932862029646 0.44507855986316985 0.6574552132269099
0 0.44346522462941845 0.6335965769669328 0.4466514161915622 0.6468763603192702 0.5182405632839225 0.6339811470923604 0.5167902143671608 0.618740370581528 0.44346522462941845 0.6335965769669328
0 0.3764189771949829 0.5874097719498289 0.37263979931584945 0.6177555986316989 0.40743842189281637 0.614741582668187 0.40913925883694413 0.5876983112884835 0.3764189771949829 0.5874097719498289
0 0.29913089167616874 0.4574075895096921 0.3058086100342075 0.49176147434435574 0.38761673888255416 0.47541867160775375 0.3838706784492588 0.4421439794754846 0.29913089167616874 0.4574075895096921
0 0.21730031356898516 0.4316180877993159 0.22151147776510832 0.49062365792474344 0.30216984378563283 0.4761533945267959 0.29086377194982893 0.4117652018244014 0.21730031356898516 0.4316180877993159
0 0.06163378563283922 0.3869467993158495 0.07174095553021664 0.4327201835803877 0.14778238882554162 0.41782780387685287 0.13988143899657926 0.3662980034207526 0.06163378563283922 0.3869467993158495
0 0.0030852257696693274 0.48715639794754845 0.010441807297605474 0.5250027274800456 0.06373005245153934 0.5175335587229191 0.06217846864310149 0.4768779692132269 0.0030852257696693274 0.48715639794754845
0 0.16812862029646522 0.6454224264538199 0.17642612884834666 0.681877724059293 0.23542335119726338 0.6679935575826681 0.2244551197263398 0.6349050273660205 0.16812862029646522 0.6454224264538199
0 0.16178565450399088 0.23937243899657926 0.176889913340935 0.30774186202964654 0.23266600570125429 0.2944010490307868 0.22487943785632838 0.2216692576966933 0.16178565450399088 0.23937243899657926
0 0.08844767844925883 0.23549951539338654 0.08953002850627138 0.2503947867730901 0.1655621961231471 0.2385746841505131 0.16166090763968072 0.22006017217787913 0.08844767844925883 0.23549951539338654
0 0.08600977537058152 0.21361415735461803 0.08861312542759407 0.22700723261117445 0.16100525883694414 0.21046364766248574 0.158525338654504 0.1977055621436716 0.08600977537058152 0.21361415735461803
0 0.0892842234891676 0.19001515735461802 0.09363763055872293 0.20306805701254277 0.1548436818700114 0.18810032953249714 0.15330196237172178 0.17394537514253136 0.0892842234891676 0.19001515735461802
0 0.31214691676168754 0.1914119258836944 0.3513120992018244 0.18440384834663626 0.3456395393386545 0.13655873774230332 0.30529520524515397 0.1452636077537058 0.31214691676168754 0.1914119258836944
0 0.7372106100342076 0.07857500570125428 0.7793221128848347 0.06495036602052452 0.7699564766248576 0.03232709464082098 0.7336177708095781 0.042976824401368297 0.7372106100342076 0.07857500570125428
0 0.8681037080957811 0 0.8687637958950969 0.02097615849486887 0.9140642508551882 0.009754374002280502 0.9121681927023945 0 0.8681037080957811 0
0 0.16991990535917903 0.07584399885974914 0.17591354047890537 0.1284608289623717 0.2134756077537058 0.11632537286202965 0.20252607753705817 0.0646543614595211 0.16991990535917903 0.07584399885974914
0 0.3265666248574686 0.6109992029646523 0.31973122348916766 0.6256221231470924 0.35544225655644246 0.6366291163055873 0.3592187149372862 0.6233839338654504 0.3265666248574686 0.6109992029646523