0 0.8773132177879133 0.535716881413911 0.8987690376282783 0.541554102622577 0.9076052086659065 0.4663627023945268 0.8815314766248575 0.4615310992018244 0.8773132177879133 0.535716881413911
0 0.6067219464082098 0.49414214139110607 0.6680761778791334 0.5005907309007982 0.6708909076396806 0.45491598859749144 0.6092040399087799 0.44783541733181303 0.6067219464082098 0.49414214139110607
0 0.6345176944127708 0.5985570832383125 0.6491721562143672 0.595321165336374 0.6553429920182441 0.5177600558722919 0.6392322998859749 0.5196488779931585 0.6345176944127708 0.5985570832383125
0 0.6112298734321551 0.5931243329532497 0.624860945267959 0.5939599954389966 0.6334598335233751 0.5217287582668187 0.6184609646522234 0.5186597628278221 0.6112298734321551 0.5931243329532497
0 0.5474587867730901 0.6437372645381985 0.5753737206385405 0.6562235712656784 0.5826655347776512 0.6220642702394528 0.5573012029646522 0.6125310638540479 0.5474587867730901 0.6437372645381985
0 0.4005402314709236 0.6796392679589509 0.4353453911060433 0.6832974378563283 0.4436350729760547 0.6002857616875712 0.41071908437856325 0.594139558722919 0.4005402314709236 0.6796392679589509
0 0.35195266248574686 0.7503541185860889 0.40961119612314706 0.7635785210946409 0.4193554378563284 0.6822138472063854 0.3544751265678449 0.6742006111744584 0.35195266248574686 0.7503541185860889
0 0.26372080843785634 0.8861581391106044 0.3104491641961231 0.8898754458380843 0.3184398745724059 0.8128025507411631 0.2668516670467503 0.8052924116305588 0.26372080843785634 0.8861581391106044
0 0.3424337822120867 0.9714468563283922 0.38077726339794754 0.9754769179019384 0.3892144367160776 0.9223333420752565 0.3498816647662486 0.9119305849486886 0.3424337822120867 0.9714468563283922
0 0.5420383568985176 0.8598875815279361 0.5793266875712657 0.8626111311288484 0.5832983124287343 0.8021324697833524 0.5484487924743444 0.8029472930444699 0.5420383568985176 0.8598875815279361
0 0.15187631927023942 0.7472358631698974 0.2216743819840365 0.752780873432155 0.22522384948688712 0.6955414549600912 0.15339351995438996 0.6817230684150513 0.15187631927023942 0.7472358631698974
0 0.12673067502850627 0.8162369851767389 0.14129154275940706 0.8195568848346636 0.15221757696693272 0.7433910969213227 0.13337143329532497 0.7417087981755986 0.12673067502850627 0.8162369851767389
0 0.10508882896237172 0.8121697035347777 0.11865783580387686 0.8135958631698973 0.1240025393386545 0.7395300467502851 0.11107686202964652 0.738171502850627 0.10508882896237172 0.8121697035347777
0 0.08347834891676167 0.80213865336374 0.09723371151653364 0.8017917685290764 0.10081492018244015 0.7388839908779932 0.08682771607753706 0.7362198358038768 0.08347834891676167 0.80213865336374
0 0.14997283010262258 0.5894223751425313 0.154721763968073 0.5499195621436715 0.10730876168757127 0.541355701254276 0.1038377274800456 0.5824822371721778 0.14997283010262258 0.5894223751425313
0 0.16634294412770811 0.1499416214367161 0.16562584834663627 0.10568673204104903 0.1316898118586089 0.10510501254275942 0.13124979019384264 0.1429695701254276 0.16634294412770811 0.1499416214367161
0 0 0.6920404948688712 0.049941612314709234 0.701297881413911 0.04931850513112885 0.6618290342075257 0 0.6574834082098061 0 0.6920404948688712
0 0.555442054732041 0.6983081881413912 0.5674275450399088 0.7091202428734322 0.5883944800456101 0.6781877445838085 0.5768321778791334 0.6707037833523375 0.555442054732041 0.6983081881413912