0 0.8455591550741163 0.8232917480045611 0.8433472531356898 0.8586172006841506 0.9082236009122008 0.8487199304446977 0.9073694458380844 0.8148029783352337 0.8455591550741163 0.8232917480045611
0 0.7071750091220069 0.8796166670467502 0.7091844743443558 0.9388916864310148 0.7372848437856327 0.9375511174458382 0.7330395644241734 0.8792732428734321 0.7071750091220069 0.8796166670467502
0 0.5759194230330673 0.7883188152793614 0.5786246431014823 0.8275957639680729 0.6407352554161915 0.8191095712656785 0.6345285655644242 0.7822000501710377 0.5759194230330673 0.7883188152793614
0 0.7273750957810718 0.7308932668187 0.7349658757126568 0.7602746351197264 0.7659679509692132 0.7599947423033068 0.7601899794754846 0.7220973295324972 0.7273750957810718 0.7308932668187
0 0.507406181299886 0.4510499566704675 0.5043005085518815 0.48472586316989735 0.5601239942987457 0.48331547776510836 0.5588957354618016 0.44558524287343215 0.507406181299886 0.4510499566704675
0 0.37286165564424173 0.8813442554161915 0.36717445267958954 0.9208951949828963 0.40431030900798176 0.9195083660205244 0.4086996921322691 0.8828549338654504 0.37286165564424173 0.8813442554161915
0 0.2965980832383124 0.9206913055872292 0.33253922348916765 0.9227867137970354 0.342146677309008 0.884952993158495 0.30170028506271385 0.8812419304446978 0.2965980832383124 0.9206913055872292
0 0.2432316237172178 0.42655595553021664 0.2267138472063854 0.4559727058152793 0.24999354618015962 0.47174325655644245 0.2681629509692132 0.4414355427594071 0.2432316237172178 0.42655595553021664
0 0.4908923922462942 0 0.48976091562143675 0.009042690992018244 0.5446875553021665 0.005983302166476624 0.545298110604333 0 0.4908923922462942 0
0 0.947967102622577 0.655255953249715 0.9419362656784493 0.6996875883694413 0.9789104127708095 0.6973836556442418 0.97706561345496 0.6561478494868871 0.947967102622577 0.655255953249715
0 0.7257180684150513 0.41376149942987456 0.7267780421892815 0.4334499863169897 0.7860750171037628 0.4278128472063854 0.7852558677309008 0.4129004127708096 0.7257180684150513 0.41376149942987456