0 0.13851277537058151 0.6362611641961231 0.13702207069555303 0.5980641311288484 0.10243920296465223 0.6030842941847206 0.10314555302166477 0.6403352451539339 0.13851277537058151 0.6362611641961231
0 0.2703340638540479 0.8174917708095781 0.2745530729760547 0.7826700000000001 0.23794882326111744 0.7789215473204105 0.23529807753705814 0.8168289817559863 0.2703340638540479 0.8174917708095781
0 0.4326398095781072 0.6818269247434435 0.4344911619156214 0.646839590649943 0.38787286316989733 0.6400085222348917 0.37696394868871147 0.6701960912200684 0.4326398095781072 0.6818269247434435
0 0.5153661801596351 0.22156707981755985 0.5198752223489167 0.18259762485746864 0.4899519885974914 0.17485235575826683 0.4813890969213227 0.22276236944127706 0.5153661801596351 0.22156707981755985
0 0.7792956282782212 0.04420049942987457 0.7824788483466363 0.08370628278221208 0.8203874116305588 0.07832190992018244 0.8142776362599772 0.03712348118586089 0.7792956282782212 0.04420049942987457
0 0.8727545952109464 0.3233404629418472 0.9056838871151653 0.32861753591790194 0.9110336328392247 0.28613723489167614 0.879080409350057 0.28390284834663626 0.879872220068415 0.286041417331813 0.8727545952109464 0.3233404629418472
0 0.6883656510832383 0.3241347628278221 0.683993314709236 0.369660976054732 0.7182712166476625 0.37265312086659064 0.7246558312428734 0.3251844196123147 0.6883656510832383 0.3241347628278221
0 0.7741639486887115 0.9509325347776512 0.7832394059293044 0.9146647594070695 0.7534869532497149 0.9075235005701254 0.7443588380843785 0.943491558722919 0.7741639486887115 0.9509325347776512
0 0.8573025096921322 0.9269861550741163 0.8729409429874573 0.8989149076396807 0.8445826556442417 0.8799671391106043 0.8258339566704676 0.9093088962371721 0.8573025096921322 0.9269861550741163
0 0.8351988038768529 0.6903349954389967 0.8421044686431015 0.6426051311288483 0.8275134298745724 0.6395031915621436 0.8175712029646522 0.6873151870011404 0.8351988038768529 0.6903349954389967
0 0.8491531151653363 0.6948819749144811 0.8605838836944129 0.6504445359179019 0.8485613568985176 0.6445462063854048 0.8398497217787914 0.6918506191562143 0.8491531151653363 0.6948819749144811
0 0.8728632987457241 0.6959447537058153 0.8810871584948688 0.6548542633979475 0.8712603819840365 0.651490275940707 0.8619104754846066 0.6910108916761688 0.8728632987457241 0.6959447537058153
0 0.90975174686431 0.7211418403648802 0.9195437605473205 0.6831385724059293 0.9060265564424174 0.6771341584948689 0.8970234618015963 0.7160853922462942 0.90975174686431 0.7211418403648802
0 0.9381489897377423 0.6892011755986317 0.9258873044469783 0.6859613888255416 0.914734007981756 0.7179190342075257 0.9270357696693272 0.7205632896237172 0.9381489897377423 0.6892011755986317
0 0.4344191356898518 0.4182762348916762 0.4703082770809578 0.42376184834663627 0.4763027468643102 0.3890626624857469 0.43878421550741165 0.3837622782212087 0.4344191356898518 0.4182762348916762
0 0.35406007867730904 0.9382216066134549 0.3915448905359179 0.9378668004561004 0.39557498859749146 0.888745457240593 0.3590657035347776 0.8861924789053591 0.35406007867730904 0.9382216066134549
0 0.3131982919042189 0.4086076818700114 0.3585423774230331 0.40642321664766246 0.3625004264538198 0.36682159977194984 0.3222743192702394 0.3666871151653364 0.3131982919042189 0.4086076818700114