0 0.07160019042189282 0.820261188141391 0.1533214070695553 0.8416502417331813 0.17145845610034208 0.7865042303306728 0.08096818358038768 0.7634402611174458 0.07160019042189282 0.820261188141391
0 0.09757769099201825 0.6525267822120866 0.09023367958950969 0.6928636875712656 0.12615318928164196 0.7048240752565564 0.14391741961231472 0.6600096362599772 0.09757769099201825 0.6525267822120866
0 0 0.5212713283922462 0.03473255302166477 0.5358686465222349 0.04951213112884835 0.5031950285062714 0 0.4828814572405929 0 0.5212713283922462
0 0.259556574686431 0.34670782668187 0.24591723033067275 0.4041991402508552 0.3121727958950969 0.4175780741163056 0.3252716442417332 0.3571678836944128 0.259556574686431 0.34670782668187
0 0.20682372862029647 0.31334040478905356 0.23998143329532498 0.32099776510832384 0.25256937856328393 0.2866854663625998 0.21425228506271382 0.27719976966932725 0.20682372862029647 0.31334040478905356
0 0.6133929327251996 0.3345751334093501 0.5942943158494869 0.3878084526795895 0.6476298472063854 0.4041001676168757 0.6668173112884834 0.34770724857468643 0.6133929327251996 0.3345751334093501
0 0.9273628221208666 0.08685918700114025 0.9152902907639681 0.12183298061573547 0.9637206157354619 0.13909822006841505 0.9726291208665906 0.10795645496009122 0.9273628221208666 0.08685918700114025
0 0.5177305632839225 0.20748671265678448 0.5120261060433295 0.22471367046750285 0.5873824355758267 0.244348338654504 0.5943035986316989 0.2318281801596351 0.5177305632839225 0.20748671265678448
0 0.5584003911060433 0.18319486316989736 0.5513613591790194 0.19667499885974912 0.588851401368301 0.21047329874572407 0.5895732348916762 0.19240156442417333 0.5584003911060433 0.18319486316989736
0 0.1593051277080958 0.08160168643101483 0.14635421208665905 0.11885731470923604 0.18148040136830101 0.12998355416191562 0.19320770239452678 0.09293661003420753 0.1593051277080958 0.08160168643101483
0 0.8317823511972634 0.25142500684150515 0.820371503990878 0.2858818358038768 0.8681998574686431 0.2958568722919042 0.8799608620296465 0.25853542759407067 0.8317823511972634 0.25142500684150515
0 0.8184261767388826 0.49660609122006844 0.874434015963512 0.5130448871151653 0.8847714332953249 0.4922024709236032 0.8282448882554162 0.47510335005701254 0.8184261767388826 0.49660609122006844