0 0.261564007981756 0.7354349247434436 0.2641067696693272 0.7004029612314708 0.20654277194982898 0.6918868711516534 0.21122305473204103 0.7268605496009122 0.261564007981756 0.7354349247434436
0 0.14072333637400228 0.9138829578107184 0.1361321904218928 0.8897330444697834 0.0914053204104903 0.8874534675028506 0.08957537514253136 0.9085060809578107 0.14072333637400228 0.9138829578107184
0 0.25772268415051314 0.6837777115165337 0.26115967730900796 0.6506908335233751 0.21328699771949827 0.6455099863169897 0.2131691904218928 0.6804134640820981 0.25772268415051314 0.6837777115165337
0 0.28169631128848344 0.6197111208665907 0.28495706157354617 0.5649738722919042 0.23726811630558722 0.5586229863169897 0.231800913340935 0.6140169064994299 0.28169631128848344 0.6197111208665907
0 0.17504622006841505 0.5415605210946408 0.17107488939566706 0.5097017206385405 0.14178097947548463 0.508665763968073 0.1413703694412771 0.5416324036488027 0.17504622006841505 0.5415605210946408
0 0.17953315849486887 0.695416023945268 0.17389913683010264 0.6512819304446978 0.14118076966932724 0.649104023945268 0.13741928392246294 0.6918306966932725 0.17953315849486887 0.695416023945268
0 0.6985277776510833 0.8953284230330673 0.6923035724059292 0.8625116510832384 0.6606654458380844 0.8611044070695554 0.663586409350057 0.8957994378563284 0.6985277776510833 0.8953284230330673
0 0.8528890433295325 0.911370221208666 0.8536709429874572 0.8760593648802737 0.8181150456100342 0.8728293044469784 0.8149165210946407 0.9063083135689852 0.8528890433295325 0.911370221208666
0 0.7861872782212086 0.9074104526795894 0.783943850627138 0.8722231641961231 0.7574614150513114 0.8686283283922464 0.7563455496009123 0.9060377776510833 0.7861872782212086 0.9074104526795894
0 0.3301900490307868 0.33251130672748 0.3347999224629418 0.2996101961231471 0.25748273090079815 0.2867632041049031 0.25611309350057015 0.32197939110604334 0.3301900490307868 0.33251130672748
0 0.29612826111744583 0.28567815165336374 0.29487397947548466 0.25184666590649946 0.2569409042189282 0.24463793728620298 0.25935232839224626 0.2806523135689852 0.29612826111744583 0.28567815165336374
0 0.40150722006841505 0.2921584606613455 0.40294385518814135 0.2413371927023945 0.36679843215507413 0.2380137605473204 0.36440465336374 0.2891849179019384 0.40150722006841505 0.2921584606613455
0 0.392670086659065 0.2264973181299886 0.3925351254275941 0.1628156157354618 0.32367287685290763 0.1573145210946408 0.3197899977194983 0.22358076510832384 0.392670086659065 0.2264973181299886
0 0.2332089794754846 0.1363801117445838 0.2330977023945268 0.09912750057012544 0.180470251995439 0.09739846636259976 0.18225819498289625 0.1297483181299886 0.2332089794754846 0.1363801117445838
0 0.18642532497149375 0.2875207662485747 0.18415780045610036 0.23731353819840365 0.13471107753705816 0.23068424971493728 0.1328105165336374 0.2844346294184721 0.18642532497149375 0.2875207662485747
0 0.06810316191562144 0.321029905359179 0.07027309350057012 0.288341913340935 0.038727849486887116 0.2863482291904219 0.0420999338654504 0.32009275370581525 0.06810316191562144 0.321029905359179
0 0.10211667844925883 0.32641711630558723 0.10320636944127708 0.29295846294184724 0.07743288597491449 0.29247850513112883 0.07748620182440137 0.32251603192702394 0.10211667844925883 0.32641711630558723
0 0.10640939452679589 0.40937404561003415 0.14224678221208667 0.410846818700114 0.1430003489167617 0.3719293135689852 0.10657627594070695 0.37036520068415046 0.10640939452679589 0.40937404561003415
0 0.07884671607753707 0.40500854618015963 0.07700574914481186 0.37108572177879134 0.04836307525655644 0.36594801710376285 0.046150591790193846 0.40269020296465224 0.07884671607753707 0.40500854618015963
0 0.37198384150513114 0.14454607069555303 0.37203219954389966 0.09110348004561003 0.340858 0.08676712428734322 0.33633327366020527 0.14190374914481185 0.37198384150513114 0.14454607069555303
0 0.05822210832383124 0.09304922234891676 0.05631772291904218 0.11076631242873432 0.13411036830102624 0.11491812884834664 0.1357730125427594 0.09872732611174459 0.05822210832383124 0.09304922234891676
0 0.34765408437856327 0 0.35288792018244014 0.018404231470923602 0.42335335233751425 0.028965291904218926 0.42303676624857467 0 0.34765408437856327 0
0 0.8139435096921322 0.2235549623717218 0.8110561676168757 0.18105662029646521 0.7229935450399088 0.1791208209806157 0.7254751755986316 0.21848745153933866 0.8139435096921322 0.2235549623717218
0 0.8271017856328392 0.10252168757126567 0.8236870205245154 0.06714887685290764 0.7867709338654504 0.06490568643101483 0.7877366408209807 0.09866140820980615 0.8271017856328392 0.10252168757126567
0 0.6298455564424174 0.34213593842645385 0.6360944367160776 0.2950810307867731 0.5985622816419612 0.28913652109464083 0.5949664789053593 0.33651038882554163 0.6298455564424174 0.34213593842645385
0 0.7765784789053592 0.17860006499429876 0.7796444298745724 0.14785586088939567 0.7250497525655645 0.12059221094640822 0.7226621949828963 0.17931512770809577 0.7765784789053592 0.17860006499429876
0 0.7219860421892818 0.7092635872291905 0.7228322474344356 0.6697611847206385 0.6868738882554163 0.665266661345496 0.6855644344355758 0.7038983751425314 0.7219860421892818 0.7092635872291905
0 0.7928467787913341 0.6490194435575827 0.847291511972634 0.6582422109464082 0.8535989965792474 0.6298148688711516 0.7958775644241733 0.6260783067274801 0.7928467787913341 0.6490194435575827
0 1 0.5214798586088939 0.9835218301026225 0.5230719714937286 0.9806837115165337 0.5371956259977195 0.9989318654503991 0.5381241995438997 1 0.5215593238312429 1 0.5214798586088939
0 1 0.4884468688711517 0.9834105518814139 0.4858193580387685 0.9833437993158495 0.5014228973774231 1 0.5040609794754847 1 0.4884468688711517
0 0.6116786909920183 0.4833956567844926 0.6103031949828962 0.4465439635119726 0.578262850627138 0.44387071265678446 0.5763599087799316 0.47676076966932723 0.6116786909920183 0.4833956567844926
0 0.6193537616875713 0.7044190296465223 0.6225771459521094 0.6688952964652224 0.5627587263397947 0.6594209897377423 0.5651835541619156 0.7010440148232612 0.6193537616875713 0.7044190296465223
0 0.5980055974914481 0.7671011619156214 0.5985090912200685 0.7335480820980617 0.5484129213226909 0.7310192417331813 0.5427524378563284 0.7667581277080957 0.5980055974914481 0.7671011619156214