0 0.20050415735461805 0.33642878221208666 0.1624841721778791 0.3379670456100342 0.1678459566704675 0.40335794184720636 0.2053980307867731 0.3991785347776511 0.20050415735461805 0.33642878221208666
0 0.0971893865450399 0.27990567046750287 0.0618458574686431 0.28478588255416193 0.06352862371721778 0.32486987685290764 0.10662476282782213 0.3196094070695553 0.0971893865450399 0.27990567046750287
0 0.9161203192702394 0.011570979475484605 0.8771673021664765 0.002462548460661345 0.8730052063854048 0.0430579007981756 0.9118671915621437 0.04472563968072976 0.9161203192702394 0.011570979475484605
0 0.7693979794754846 0.24255168757126566 0.805161181299886 0.2561113181299886 0.8282662383124287 0.2061104367160775 0.7966666157354617 0.19308056670467505 0.7693979794754846 0.24255168757126566
0 0.969304062713797 0.14161964766248575 0.9461565450399088 0.1436447936145952 0.9274371721778791 0.1849177251995439 0.9733922120866592 0.1883474047890536 0.969304062713797 0.14161964766248575
0 0.8477521847206385 0.4907938688711517 0.8908415108323832 0.4858320045610034 0.8850880695553021 0.4541503911060433 0.8436728312428734 0.45777375484606614 0.8477521847206385 0.4907938688711517
0 0.7866976282782212 0.6242793261117446 0.8139270376282782 0.6493154595210946 0.8390511835803877 0.629832858608894 0.8195128449258837 0.6041254116305588 0.7866976282782212 0.6242793261117446
0 0.6022518529076397 0.7852501892816419 0.6193709247434436 0.8105732759407069 0.6409166328392246 0.7842515313568985 0.6215550752565564 0.7659788437856329 0.6022518529076397 0.7852501892816419
0 0.3746975895096921 0.7056235974914482 0.35049767958950967 0.7220452474344357 0.3768042702394527 0.7501406385404789 0.405423496009122 0.7276701767388826 0.3746975895096921 0.7056235974914482
0 0.8540706750285063 0.6243451277080957 0.8425794287343215 0.6360803751425314 0.8567524367160776 0.6747720364880274 0.8733369475484607 0.6673624686431014 0.8540706750285063 0.6243451277080957
0 0.8778639714937286 0.6169008905359179 0.8663932862029646 0.6220765712656784 0.885501062713797 0.6633181562143671 0.8961731254275941 0.6558267046750286 0.8778639714937286 0.6169008905359179
0 0.7480240877993158 0.25038184150513115 0.727167684150513 0.26412690079817563 0.7491532269099201 0.29736847890535917 0.7767265724059293 0.28124770923603193 0.7480240877993158 0.25038184150513115
0 0.6394530672748004 0.12696698631698974 0.6257552314709236 0.15439175256556442 0.6619339783352338 0.17268317103762829 0.6766078015963511 0.14278894526795896 0.6394530672748004 0.12696698631698974
0 0.7575105940706955 0 0.7430697901938426 0.029393020524515392 0.7575127457240592 0.038559741163055876 0.7825440832383124 0 0.7575105940706955 0