0 0.1255814458380844 0.2905100524515394 0.1632998472063854 0.29955066362599775 0.1749861322690992 0.2542121402508552 0.13450763283922462 0.24626336830102621 0.1255814458380844 0.2905100524515394
0 0.10345627936145951 0.192303070695553 0.1405398494868871 0.2025097354618016 0.15005985290763965 0.15115288255416193 0.10778977993158495 0.14373722234891675 0.10345627936145951 0.192303070695553
0 0.5641440741163055 0.18878494982896238 0.6424931915621437 0.19152096123147094 0.6450627206385405 0.11793924971493729 0.5632564298745724 0.11597524173318129 0.5641440741163055 0.18878494982896238
0 0.7205914298745724 0.3035648038768529 0.7349394811858608 0.3010952896237172 0.7297519030786773 0.22843248232611174 0.7143713728620297 0.22908360547320408 0.7205914298745724 0.3035648038768529
0 0.7058014275940707 0.046390415051311286 0.7015613169897378 0.09971398289623717 0.7359681014823262 0.10150804218928164 0.7403102041049031 0.04521903990877993 0.7058014275940707 0.046390415051311286
0 0.8141706077537058 0.1083977172177879 0.8426195553021665 0.11058096351197264 0.8464037913340935 0.07031193842645382 0.8098645803876853 0.07200652109464081 0.8141706077537058 0.1083977172177879
0 0.29011060661345495 0.8885882451539339 0.32637877309007984 0.8880739851767389 0.32749365222348914 0.8221664948688712 0.28707479247434436 0.8281798734321552 0.29011060661345495 0.8885882451539339
0 0.36415563740022805 0.8103747343215507 0.4174710307867731 0.8152071083238313 0.42103481299885975 0.7642379338654504 0.37304419954389967 0.7652355678449259 0.36415563740022805 0.8103747343215507
0 0.5965811083238313 0.774526929304447 0.5979072896237172 0.7365500775370581 0.5646408095781073 0.7398442257696694 0.5620930524515393 0.7751049156214368 0.5965811083238313 0.774526929304447
0 0.5520106259977194 1 0.5554131128848346 0.9834064937286203 0.5115889817559863 0.9830643443557583 0.5096897502850627 0.9993955108323832 0.527000054732041 1 0.5520106259977194 1
0 0.6194733694412771 1 0.61929582668187 0.9749433112884835 0.5598088472063854 0.9802923808437856 0.5556046590649943 1 0.6194733694412771 1
0 0.26443828848346634 0.041077576966932726 0.25305685062713795 0.09474431242873432 0.2896283580387685 0.10255664880273661 0.30170835347776515 0.045943746864310145 0.26443828848346634 0.041077576966932726
0 0.330019842645382 0.03505016761687572 0.3169188437856328 0.08687451995438997 0.3542909543899658 0.0887736944127708 0.3605953010262258 0.04443545381984036 0.330019842645382 0.03505016761687572
0 0.28932844469783353 0.2302818015963512 0.3229122873432155 0.23858391790193845 0.33070513683010266 0.20261522348916763 0.29668222576966935 0.1957830535917902 0.28932844469783353 0.2302818015963512
0 0.38551593500570125 0.11363013454960091 0.38001224629418473 0.15205365336374002 0.4090354230330673 0.1548510638540479 0.41852555074116304 0.12131808665906499 0.38551593500570125 0.11363013454960091
0 0.5338015393386545 0.3089241961231471 0.5442636921322691 0.2985955279361459 0.532256850627138 0.28510577765108325 0.5232168232611174 0.29281060319270236 0.5338015393386545 0.3089241961231471
0 0.4851752531356898 0.15275546750285063 0.515445865450399 0.15381254047890536 0.5215844401368301 0.11422140592930445 0.4858192554161916 0.1132710763968073 0.4851752531356898 0.15275546750285063
0 0.8424726681870012 0.1658266795895097 0.8643720615735462 0.16837532155074117 0.8708968654503991 0.13473723033067275 0.8514582668187001 0.13138491676168756 0.8424726681870012 0.1658266795895097
0 0.8568256533637401 0.2994105290763968 0.8735280969213227 0.29761734435575826 0.8747299475484606 0.2632008221208666 0.8557293272519954 0.2643196419612315 0.8568256533637401 0.2994105290763968
0 0.8969251448118586 0.29130504446978334 0.9124200900798175 0.2900638038768529 0.9117366077537058 0.2585520045610034 0.8933925313568986 0.25761435917901937 0.8969251448118586 0.29130504446978334
0 0.5589983283922463 0.8296551413911061 0.5574928620296465 0.906837118586089 0.6170959122006842 0.9017907240592931 0.6172503911060433 0.829314464082098 0.5589983283922463 0.8296551413911061
0 0.7030782166476625 0.6689277343215507 0.7045531505131128 0.7117568608893957 0.7600854241733181 0.7041902998859749 0.7614116043329532 0.6662134492588369 0.7030782166476625 0.6689277343215507