0 0.8083354538198404 0.2736162394526796 0.8502607673888255 0.27802276738882553 0.8515419019384264 0.2601682485746864 0.8098873740022805 0.2588506978335234 0.8083354538198404 0.2736162394526796
0 0.8476866510832384 0.31955465336374006 0.8503893603192703 0.2995353078677309 0.8072194344355759 0.2955949851767389 0.79926586659065 0.3144654230330673 0.8476866510832384 0.31955465336374006
0 0 0.643826181299886 0.0344952417331813 0.6437555735461801 0.037548521094640824 0.5579028551881414 0 0.5546079771949829 0 0.643826181299886
0 0 0.6800143683010262 0.05314727251995439 0.6821436602052452 0.05420471379703535 0.6465215507411631 0 0.6454516989737743 0 0.6800143683010262
0 0 0.7490047936145953 0.0490845929304447 0.7491988301026226 0.05486863625997719 0.7083829589509691 0 0.7040364002280501 0 0.7490047936145953
0 0 0.8382012086659064 0.018670394526795895 0.8397611037628279 0.024501654503990878 0.7501987537058152 0 0.7476235256556443 0 0.8382012086659064
0 0.08028006157354618 0.923871205245154 0.08987507183580387 0.8723277343215508 0.028683013683010263 0.8694783124287343 0.02029603078677309 0.9151785473204105 0.08028006157354618 0.923871205245154
0 0.6050179042189281 0.2653858700114025 0.6108639874572406 0.2779422998859749 0.714756755986317 0.2721405803876853 0.713224102622577 0.25548130216647663 0.6050179042189281 0.2653858700114025
0 0.45620819612314706 0.21570574116305588 0.4581992588369441 0.23084366704675027 0.5620647331812999 0.24235738768529075 0.5618998323831244 0.22972564082098063 0.45620819612314706 0.21570574116305588
0 0.5590211721778792 0.2599543979475485 0.510072117445838 0.25421105245153935 0.5048529201824401 0.2697867605473204 0.5562261927023945 0.27518630900798174 0.5590211721778792 0.2599543979475485
0 0.03844342873432155 0.1688102212086659 0.03341042303306728 0.18261443671607755 0.08406907069555303 0.18913291676168756 0.08778850399087798 0.17362581641961233 0.03844342873432155 0.1688102212086659
0 0.033692058152793615 0.19697567388825543 0.03136328620296465 0.2134521984036488 0.07922533295324971 0.22385745838084378 0.08737358608893955 0.20313472291904217 0.033692058152793615 0.19697567388825543