0 0.6712268608893958 0 0.6652169315849488 0.0006307958950969214 0.6686457901938427 0.07622363055872292 0.7508488494868871 0.07664982326111745 0.7339921094640821 0 0.6712268608893958 0
0 0.6008510763968073 0.26365477194982895 0.5512038050171038 0.27302900456100343 0.5623046180159635 0.30082015621436714 0.6106933135689852 0.2910232212086659 0.6008510763968073 0.26365477194982895
0 0.6833082679589509 0.577326897377423 0.6700193956670467 0.6918076579247435 0.7328092041049031 0.699154566704675 0.7428768871151653 0.5873402462941847 0.6833082679589509 0.577326897377423
0 0.6212626259977194 0.5752637787913341 0.6126744321550741 0.6890839019384265 0.6656559099201824 0.6906237286202964 0.6724904002280502 0.5792685370581528 0.6212626259977194 0.5752637787913341
0 0.5587315518814139 0.8086802018244014 0.4793956864310148 0.8030575256556441 0.47893425655644245 0.8552357901938427 0.5518124025085519 0.8575720992018244 0.5587315518814139 0.8086802018244014
0 0.6908956488027366 0.8787575655644242 0.7001560296465222 0.7995841972633979 0.6387161299885975 0.7933098551881415 0.6301070364880273 0.8771173683010263 0.6908956488027366 0.8787575655644242
0 0.6840622246294185 0.3693668643101482 0.6809167901938427 0.3853823603192702 0.7174434811858609 0.3850408164196123 0.7199889669327253 0.36688959407069555 0.6840622246294185 0.3693668643101482
0 0.4178983511972634 0.5020131197263398 0.4195528574686431 0.5479044686431015 0.4533875929304447 0.5497400102622577 0.4556801140250855 0.4956587001140251 0.4178983511972634 0.5020131197263398
0 0.2472199361459521 0.49066117559863165 0.2092693990877993 0.48940407297605476 0.201504842645382 0.5408131254275941 0.24356077765108322 0.5456840353477765 0.2472199361459521 0.49066117559863165
0 0.3611616966932725 0.45667750741163055 0.36330800684150516 0.47194929874572406 0.43761132953249715 0.4758824903078678 0.4394155518814139 0.4588563181299886 0.3611616966932725 0.45667750741163055
0 0.21187735575826683 0.4524991470923603 0.21856238882554163 0.4659354697833523 0.285983740022805 0.46784108893956666 0.28955187913340935 0.4505670148232611 0.21187735575826683 0.4524991470923603
0 0.24984962941847205 0.4795085313568985 0.2527593660205245 0.4916798369441277 0.28827516419612315 0.4926779578107184 0.2861891322690992 0.47995697605473203 0.24984962941847205 0.4795085313568985
0 0.36622771151653366 0.47992526339794755 0.36979764880273663 0.49679415393386545 0.40354111288483463 0.502235298745724 0.4072186145952109 0.48360625541619157 0.36622771151653366 0.47992526339794755
0 0.031224581527936147 0.29339431927023946 0.03471210376282782 0.3096767844925884 0.09330524059293044 0.31701549030786774 0.09342074686431015 0.29865037514253134 0.031224581527936147 0.29339431927023946
0 0.05280631356898518 0.3275007685290764 0.05562323033067275 0.34327789737742304 0.0872709110604333 0.3466168232611175 0.09145616077537058 0.3294674526795895 0.05280631356898518 0.3275007685290764
0 0.04940322690992018 0.34594923831242874 0.048104123147092365 0.3623032576966933 0.06565221778791333 0.36343138882554166 0.06747341163055873 0.3508034709236032 0.04940322690992018 0.34594923831242874
0 0.01619400228050171 0.468019992018244 0.068090590649943 0.4661179338654504 0.06039441277080958 0.419878094640821 0.015386884834663626 0.41961436488027365 0.01619400228050171 0.468019992018244
0 0.8850385496009122 0.7712054697833524 0.8838628597491448 0.8055139190421893 0.9322954275940708 0.8130830068415051 0.9370800353477766 0.7788669429874573 0.8850385496009122 0.7712054697833524