0 0.6533542223489168 0.8851653808437856 0.6236132805017104 0.8577896966932725 0.602542574686431 0.8866714823261118 0.6315707468643103 0.9142949258836943 0.6533542223489168 0.8851653808437856
0 0.48264340250855187 0.8729305176738883 0.5157722976054733 0.8353702907639681 0.45655996009122 0.777660205245154 0.42066192474344355 0.8227675256556443 0.48264340250855187 0.8729305176738883
0 0.3845693614595211 0.8791684754846066 0.40748032269099205 0.8519018061573547 0.3749303819840365 0.8296864971493728 0.35635314367160775 0.8569570444697834 0.3845693614595211 0.8791684754846066
0 0.3861162485746864 0.9932574218928164 0.40163420068415057 0.9738081459521095 0.3784130456100342 0.9501619692132269 0.35411830216647666 0.9740567103762828 0.3701193740022805 0.992138810718358 0.3861162485746864 0.9932574218928164
0 1 0.04627990649942987 0.9724179315849487 0.03306364994298746 0.9469426408209807 0.031282244013683014 0.9147377970353477 0.07462257354618015 0.9611669942987457 0.10881961345496008 1 0.05357074686431015 1 0.04627990649942987
0 0.6638787616875713 0.03505840478905359 0.6959029726339795 0.059617751425313566 0.730885708095781 0.02188799087799316 0.7206187377423032 0.015456135689851767 0.6927726716077537 0.013508948688711516 0.6638787616875713 0.03505840478905359
0 0.5460498198403649 0.10240938768529077 0.5696553990877993 0.07757365564424173 0.5278433990877993 0.03923704903078677 0.5015233454960092 0.06655979931584949 0.5460498198403649 0.10240938768529077
0 0.42715924971493724 0.47443160319270244 0.44489567730900803 0.45067345952109467 0.38241573432155074 0.40761644469783354 0.36269530672748 0.4342118517673888 0.42715924971493724 0.47443160319270244
0 0.9686034207525656 0.9485777092360319 0.9716062189281642 0.9056356944127709 0.9507646031927024 0.896141542759407 0.9376977810718358 0.9297494139110604 0.9686034207525656 0.9485777092360319
0 0.6648703534777651 0.6339035188141392 0.6793468722919042 0.6155718198403649 0.6291801824401368 0.5653406328392246 0.6188304298745724 0.5771161049030787 0.6648703534777651 0.6339035188141392
0 0.5105236567844925 0.5338289988597491 0.535143503990878 0.5072785917901939 0.50579178677309 0.4823109247434435 0.4829011915621437 0.5116606522234891 0.5105236567844925 0.5338289988597491
0 0.35296865792474347 0.52221648004561 0.3441442542759407 0.5064218209806157 0.30560925541619155 0.5439031824401368 0.3213700752565565 0.556909283922463 0.35296865792474347 0.52221648004561
0 0.1537207331812999 0.8930835610034208 0.10218879475484607 0.8135905461801597 0.054235418472063854 0.8352372805017104 0.10893952223489169 0.9128657833523376 0.1537207331812999 0.8930835610034208