0 0.7111679007981756 0.498578921322691 0.6744013865450399 0.5656349703534778 0.7721799954389966 0.6059428939566704 0.8052944435575827 0.5441660992018245 0.7111679007981756 0.498578921322691
0 0.9511858335233752 0.7355554675028506 0.9033632930444697 0.7038410182440136 0.8800903728620296 0.7455974595210946 0.927508188141391 0.7820555667046751 0.9511858335233752 0.7355554675028506
0 0.8490829692132269 0.8255216043329532 0.8160835256556442 0.8098026647662486 0.8037756898517674 0.8351229703534777 0.8337444218928164 0.8516797685290763 0.8490829692132269 0.8255216043329532
0 0.22141829988597492 0.6987667901938427 0.1730140307867731 0.672088267958951 0.1477751448118586 0.7245010843785633 0.19710708779931588 0.7532726773090079 0.22141829988597492 0.6987667901938427
0 0.05244647434435576 0.6117889532497149 0.04002621322690992 0.6436395404789053 0.10404051197263398 0.680981181299886 0.12302622805017104 0.6468698312428734 0.05244647434435576 0.6117889532497149
0 0.9019774709236031 0.10343945153933864 0.8983231060433295 0.006876591790193842 0.7856387092360319 0.0049096784492588365 0.777368031927024 0.09205985860889396 0.9019774709236031 0.10343945153933864
0 0.9368091755986316 0.3510866282782212 0.922329685290764 0.39893652679589514 0.958760251995439 0.41916915963511975 0.97212651995439 0.36714294754846066 0.9368091755986316 0.3510866282782212
0 0.7325215860889396 0.26586771379703533 0.7011930912200683 0.2543348244013683 0.6887505427594071 0.2873727046750285 0.7205800296465222 0.29921125769669327 0.7325215860889396 0.26586771379703533
0 0.5878645815279361 0.04154174800456101 0.5982235074116306 0.00163833409350057 0.5323897856328392 0.0004892018244013683 0.5322602565564424 0.007909946408209806 0.5878645815279361 0.04154174800456101
0 0.12315333751425313 0.5180071106043329 0.06813992246294186 0.49448091220068413 0.03919712998859749 0.5551428415051312 0.09022561687571265 0.5886932086659066 0.12315333751425313 0.5180071106043329
0 0.5313944675028506 0.7032851197263399 0.5166026647662486 0.7350958745724059 0.5724363272519954 0.7651686374002281 0.5902673740022805 0.7292556123147093 0.5313944675028506 0.7032851197263399
0 0.16036992246294185 0.07089947092360319 0.16911751083238313 0.01166655416191562 0.1289224275940707 0.003245019384264538 0.12552347776510833 0.06197589623717217 0.16036992246294185 0.07089947092360319
0 0.7876408916761688 0.16201542417331813 0.8043497126567846 0.1263812930444698 0.7530401117445837 0.10499662257696693 0.7400158004561004 0.13743207069555302 0.7876408916761688 0.16201542417331813