0 0.39202659179019383 0.7975640057012542 0.4251583283922463 0.7912243774230331 0.4047170148232611 0.7322182633979476 0.36932702964652225 0.7487906362599772 0.39202659179019383 0.7975640057012542
0 0.3648672166476625 0.9427038985176739 0.38282113340935003 0.9129837160775371 0.34319117331813 0.8841857776510832 0.31670871721778787 0.9146498540478906 0.3648672166476625 0.9427038985176739
0 0.26429501938426453 0.7038404446978335 0.3014196282782212 0.7082804629418472 0.30257671151653365 0.6201710262257697 0.2646846670467503 0.6108957217787913 0.26429501938426453 0.7038404446978335
0 0.26411804675028505 0.7807112862029647 0.22653649486887115 0.767887038768529 0.21505640820980615 0.8038373477765108 0.24775559635119726 0.818020929304447 0.26411804675028505 0.7807112862029647
0 0.046332680729760545 0.5000040535917902 0.08201599087799315 0.4932916408209806 0.08017433751425314 0.4534953181299886 0.04302023261117446 0.45620493500570125 0.046332680729760545 0.5000040535917902
0 0.3736703694412771 0.578707905359179 0.33655602280501706 0.5993031094640822 0.35847735119726337 0.6345979863169897 0.3949987046750285 0.6187190456100343 0.3736703694412771 0.578707905359179
0 0.529618338654504 0.7353974789053591 0.5067853591790193 0.7089631128848347 0.47570864082098063 0.730680992018244 0.49842845496009125 0.7636616556442417 0.529618338654504 0.7353974789053591
0 0.4678087753705816 0.5827718209806158 0.49120351995438993 0.6131294526795895 0.514949755986317 0.5952419441277081 0.49125564880273664 0.5597904002280502 0.4678087753705816 0.5827718209806158
0 0.7079063660205245 0.6571228209806157 0.6797254070695553 0.6311130262257697 0.6481312006841505 0.658745810718358 0.6757318221208666 0.6903670034207525 0.7079063660205245 0.6571228209806157
0 0.6661107913340936 0.5417112337514254 0.6458125929304447 0.5095384515393386 0.6165773318129989 0.5361855803876853 0.6379382189281642 0.5642792086659065 0.6661107913340936 0.5417112337514254
0 0.6153221858608894 0.34773407297605474 0.6386674606613455 0.378979834663626 0.6769776282782212 0.33584213340935004 0.6471589156214367 0.3159488118586089 0.6153221858608894 0.34773407297605474
0 0.6121273432155074 0.2821890182440137 0.6424611539338655 0.3083855952109464 0.6819320467502851 0.2587932462941847 0.6496247309007982 0.23331803648802737 0.6121273432155074 0.2821890182440137
0 0.6063643751425314 0.0948316031927024 0.6381024561003421 0.12681320866590648 0.6718908072976055 0.08089582782212086 0.6321311448118586 0.05894075028506271 0.6063643751425314 0.0948316031927024
0 0.4906951858608894 0.2617307833523375 0.4604486134549601 0.22451550513112886 0.43404740136830106 0.24723845610034206 0.4652679931584949 0.2851349669327252 0.4906951858608894 0.2617307833523375
0 0.415464417331813 0.3439556294184721 0.4435033990877993 0.3112436590649943 0.42495086202964655 0.289953496009122 0.3963644367160775 0.31725184150513114 0.415464417331813 0.3439556294184721
0 0.7196630535917902 0.8289121311288483 0.6884889646522234 0.7963822816419612 0.6625741881413911 0.8203398255416192 0.6880708415051311 0.8487952873432155 0.7196630535917902 0.8289121311288483
0 0.6107907023945268 0.8813713420752566 0.6243566761687571 0.8670617411630559 0.5964561311288484 0.834225409350057 0.5846301106043329 0.8468976123147092 0.6107907023945268 0.8813713420752566
0 0.5889908563283922 0.8991342656784492 0.6042715393386545 0.8822926020524515 0.5719918745724059 0.8416213523375143 0.5595743648802737 0.8542418072976055 0.5889908563283922 0.8991342656784492
0 0.875811118586089 0.39078694640820977 0.9271393238312429 0.4170322405929305 0.945879929304447 0.38619041619156214 0.8958969019384265 0.358571197263398 0.875811118586089 0.39078694640820977
0 0.8263794059293045 0.8060620604332953 0.84653051995439 0.7872624321550742 0.8196748175598632 0.7601781140250855 0.8020139851767388 0.7783015872291904 0.8263794059293045 0.8060620604332953
0 0.709085189281642 0.3499755245153934 0.688309850627138 0.32997936830102625 0.6627560171037629 0.35545853591790194 0.6870489908779932 0.3772524891676169 0.709085189281642 0.3499755245153934
0 0.80913865336374 0.7553822018244014 0.7862481778791335 0.7203005450399088 0.7609750855188141 0.7437182109464082 0.7846175792474344 0.7797596898517674 0.80913865336374 0.7553822018244014
0 0.29791850171037626 0.29910264994298746 0.35761954846066135 0.25187622805017107 0.31218098061573546 0.21094775028506274 0.2636178175598632 0.25557250285062716 0.29791850171037626 0.29910264994298746