0 0.7817135450399088 0.9331727217787913 0.7844948358038769 0.9649306442417332 0.8957031117445837 0.9488832086659065 0.9048478289623717 0.9242473169897377 0.7817135450399088 0.9331727217787913
0 0.21357281755986315 0.6343043751425314 0.1873752976054732 0.7469087229190422 0.24416501824401368 0.7533048688711517 0.26840029190421894 0.6416815974914482 0.21357281755986315 0.6343043751425314
0 0.1773401755986317 0.6276667628278221 0.05872066590649943 0.6208780900798175 0.036606890535917896 0.7027446408209806 0.15716253591790194 0.7173256259977194 0.1773401755986317 0.6276667628278221
0 0.26983148688711517 0.4605004207525656 0.20534641391106045 0.4561577457240593 0.22292960205245155 0.5693118472063854 0.27289655644241734 0.5690158472063854 0.26983148688711517 0.4605004207525656
0 0.13107396009122008 0.5017869714937286 0.1430191755986317 0.6107063899657925 0.19576797149372863 0.6032930296465222 0.18246510148232611 0.4936950193842645 0.13107396009122008 0.5017869714937286
0 0.36875099315849486 0.46863294412770806 0.43232294982896236 0.4624928711516534 0.43143797149372864 0.42628712086659065 0.3643462371721779 0.427333102622577 0.36875099315849486 0.46863294412770806
0 0.39961288027366015 0.518788409350057 0.3272193728620296 0.5219774857468643 0.3292612531356898 0.5664037901938427 0.40069052793614596 0.5563650604332954 0.39961288027366015 0.518788409350057
0 0.2128229669327252 0.8463915017103762 0.2781973261117446 0.8587682873432154 0.28925548688711517 0.8092946898517673 0.21936402394526797 0.792541472063854 0.2128229669327252 0.8463915017103762
0 0.4625589464082098 1 0.5074732896237172 0.8562487822120866 0.36169612086659064 0.8206767970353478 0.3290420205245154 0.9642340843785633 0.4293763101482326 1 0.4625589464082098 1
0 0.29639111516533634 0.813082212086659 0.2727922143671608 0.9014578597491448 0.3393447343215507 0.9158070592930444 0.3589875724059293 0.8270469988597491 0.29639111516533634 0.813082212086659
0 0.2730498677309008 0.8990248859749145 0.27851745952109463 0.8653124207525656 0.1980224732041049 0.8478719897377424 0.1870934116305587 0.8833097742303307 0.2730498677309008 0.8990248859749145