0 0.7705893409350058 0.6845783831242873 0.7449289019384264 0.7323639669327252 0.7918506567844926 0.7575089258836945 0.8203443340935006 0.7142975632839224 0.7705893409350058 0.6845783831242873
0 0.9997761915621437 0.5103831379703535 0.9652906214367161 0.4925945803876853 0.9288097366020525 0.5538175404789054 0.9736992189281642 0.5802670319270239 0.9997761915621437 0.5103831379703535
0 0.965223685290764 0.9840588027366021 0.989296590649943 0.9078253568985176 0.9431916955530217 0.8975656442417332 0.9258496727480046 0.9708952303306727 0.965223685290764 0.9840588027366021
0 0.4053018871151653 0.636200385404789 0.39148155530216644 0.6657663443557582 0.44621823375142533 0.6850240433295325 0.4610650421892816 0.6508710296465222 0.4053018871151653 0.636200385404789
0 0.004860919042189282 0.6121984526795895 0.04424956784492588 0.6410929726339795 0.08101178335233752 0.570957890535918 0.026035007981755988 0.5448246955530217 0.004860919042189282 0.6121984526795895
0 0.18983074572405928 0.930996677309008 0.21525138768529076 0.9443520205245154 0.24031849258836946 0.8965887206385404 0.21434735803876853 0.8844376978335234 0.18983074572405928 0.930996677309008
0 0.23449504675028504 0.9169715587229191 0.2580926282782212 0.9292054675028506 0.28199362371721776 0.8820754378563284 0.261088755986317 0.8703916396807299 0.23449504675028504 0.9169715587229191
0 0.2928492303306728 1 0.2948691744583808 0.9955858597491448 0.26267432611174457 0.975342425313569 0.24884887115165338 1 0.2928492303306728 1
0 0.4250151505131129 0.7583727651083237 0.4334398700114025 0.7444280638540479 0.3238975450399088 0.7209507970353478 0.31972117331813 0.7375050718358039 0.4250151505131129 0.7583727651083237
0 0.25635292360319273 0.6241897502850626 0.29388821208665905 0.6442451311288483 0.3122693751425314 0.6091791505131129 0.2672693454960091 0.5880258061573546 0.25635292360319273 0.6241897502850626
0 0.020154667046750285 0.4614994697833523 0.09631692816419611 0.46477469099201824 0.10548515507411631 0.4211265712656785 0.024432405929304447 0.41386647434435575 0.020154667046750285 0.4614994697833523
0 0.11682857924743444 0.4397232702394527 0.150630992018244 0.4379487525655644 0.15370978449258837 0.4069771254275941 0.1138906590649943 0.4065868677309008 0.11682857924743444 0.4397232702394527
0 0.23036771379703536 0.5265699669327252 0.23572193728620297 0.5097634937286203 0.18228933181299883 0.49382324287343216 0.17098568301026226 0.510391889395667 0.23036771379703536 0.5265699669327252
0 0.16024384834663624 0.3729174025085519 0.22383989509692134 0.3736640136830103 0.223501740022805 0.3469673637400228 0.16463207753705814 0.34546159293044465 0.16024384834663624 0.3729174025085519
0 0.22958701140250856 0.2149902189281642 0.20974996465222348 0.24239140250855187 0.26476267616875715 0.26955365792474345 0.279836141391106 0.23333991562143672 0.22958701140250856 0.2149902189281642
0 0.23752906955530217 0.32332904218928166 0.2552132907639681 0.2853184047890536 0.18125359749144812 0.2600060171037628 0.1607717993158495 0.29446368643101484 0.23752906955530217 0.32332904218928166
0 0.7942761470923604 0.5632621984036488 0.8583139566704675 0.5936723979475486 0.8631782371721778 0.5798489042189282 0.802450141391106 0.5506442440136831 0.7942761470923604 0.5632621984036488
0 0.9308310045610034 0.44156768187001144 0.9169845758266819 0.4533283922462942 0.9865853101482326 0.48992165336374005 0.9950152098061573 0.4761252998859749 0.9308310045610034 0.44156768187001144
0 0.9981408232611174 0.4635523078677309 0.99859613340935 0.45107100228050173 0.9567575507411631 0.4268773477765109 0.950372937286203 0.43969703876852906 0.9981408232611174 0.4635523078677309
0 0.8329068757126568 0.05325332155074117 0.8133044857468642 0.10438733523375142 0.8463582052451538 0.1236611425313569 0.8684151755986317 0.06625795895096921 0.8329068757126568 0.05325332155074117
0 0.9480555610034207 0.0756061197263398 0.9864650684150513 0.10368275028506271 0.9847882565564424 0.05566514481185861 0.9615494789053592 0.045199478905359185 0.9480555610034207 0.0756061197263398
0 0.5907410672748005 0.16201635461801597 0.5639145735461801 0.21043676966932726 0.6021717183580387 0.22564368985176736 0.6293405838084378 0.1784761527936146 0.5907410672748005 0.16201635461801597
0 0.3066304378563284 0.07341207297605473 0.3444692850627138 0.08514710148232611 0.3629348415051311 0.052453058152793615 0.3243146579247434 0.03540143443557583 0.3066304378563284 0.07341207297605473
0 0.5192595541619156 0.4968931459521094 0.5454997970353478 0.516750409350057 0.5663166237172178 0.4833801459521095 0.5378684367160775 0.46834819156214363 0.5192595541619156 0.4968931459521094