0 0.23489584834663627 0.7725101938426454 0.2268472497149373 0.8199246579247434 0.2519644846066134 0.8245915473204105 0.2543760285062714 0.7746019327251995 0.23489584834663627 0.7725101938426454
0 0.6535847742303307 0.2574453363740023 0.6551803899657925 0.3031377970353478 0.6759489794754847 0.3024125416191562 0.6743533637400229 0.2567200809578107 0.6535847742303307 0.2574453363740023
0 0.2623061676168757 0.009243313568985178 0.22353917217787914 0.010597087799315851 0.23577084264538198 0.043302631698973776 0.2675686328392246 0.04080388255416191 0.2623061676168757 0.009243313568985178
0 0.3240455473204105 0.030515662485746865 0.32322840820980614 0.007115862029646523 0.2692300718358039 0.009001525655644242 0.27716291904218926 0.03769684150513113 0.3240455473204105 0.030515662485746865
0 0.3453987890535918 0.16562462485746862 0.3592450364880274 0.1651411037628278 0.3443492805017104 0.05614612314709236 0.3333199714937286 0.0579164937286203 0.3453987890535918 0.16562462485746862
0 0.3200413272519954 0.1540337765108324 0.33665619954389964 0.1534535724059293 0.32367580957810715 0.059640058152793614 0.31121465678449256 0.06007521094640821 0.3200413272519954 0.1540337765108324
0 0.2978408358038768 0.15342225313568986 0.3144057787913341 0.15145700912200685 0.3034390547320411 0.07559509236031928 0.2936514047890536 0.07316488369441278 0.2978408358038768 0.15342225313568986
0 0.27947113340935004 0.18317522006841505 0.29331581984036487 0.1826917525655644 0.2826704652223489 0.07632034777651084 0.27011262713797035 0.07398687571265677 0.27947113340935004 0.18317522006841505
0 0.27211363854047893 0.17095580045610034 0.2647188677309008 0.07833401368301027 0.2452870022805017 0.07762580729760547 0.25831419726339794 0.17282446864310147 0.27211363854047893 0.17095580045610034
0 0.23485661573546182 0.13621457582668187 0.24870286431014824 0.1357310535917902 0.24152006727480044 0.08884691790193842 0.22786729418472065 0.09487081299885974 0.23485661573546182 0.13621457582668187
0 0.600135377423033 0.31476279703534776 0.6291147217787914 0.31097881413911066 0.6224638700114025 0.279327582668187 0.600311748004561 0.28010115165336374 0.600135377423033 0.31476279703534776
0 0.2541556259977195 0.6865825689851768 0.23160062371721776 0.6873702063854048 0.23105810718358039 0.7569002462941847 0.2515394971493729 0.7585614686431015 0.2541556259977195 0.6865825689851768