0 0.43489652451539335 0.41286040592930445 0.4389801687571266 0.4359280205245154 0.5301339030786774 0.41524714367160775 0.5261493340935006 0.39076267616875715 0.43489652451539335 0.41286040592930445
0 0.3905348449258837 0.45674779931584947 0.40078128050171036 0.4731274549600912 0.4381180558722919 0.4686178255416191 0.428367 0.4451539076396807 0.3905348449258837 0.45674779931584947
0 0.319625165336374 0.4119187514253136 0.32723604789053595 0.4252665484606613 0.3662869042189281 0.4166054378563284 0.3563376966932725 0.3959752257696693 0.319625165336374 0.4119187514253136
0 0.26183614595210947 0.5459985792474344 0.27936499657924746 0.5600399099201825 0.32959379817559864 0.5137152246294184 0.315195881413911 0.49562148802736605 0.26183614595210947 0.5459985792474344
0 0.2896114321550741 0.5764195644241733 0.30694213112884833 0.5932945997719498 0.33281533067274804 0.5694726442417332 0.31264936716077535 0.5523993477765108 0.2896114321550741 0.5764195644241733
0 0.2328234275940707 0.6351011790193843 0.2859749737742303 0.6487843625997719 0.287263070695553 0.6303637183580387 0.23977893500570124 0.6170768392246294 0.2328234275940707 0.6351011790193843
0 0.1629935473204105 0.6359133215507411 0.2107748015963512 0.6449512018244014 0.21469845267958954 0.6295624150513113 0.16559942075256556 0.6190086066134549 0.1629935473204105 0.6359133215507411
0 0.06430927594070696 0.764285913340935 0.15265898403648803 0.7633434561003422 0.15068739224629418 0.7304554994298745 0.05960305473204105 0.7297829521094641 0.06430927594070696 0.764285913340935
0 0.6512742919042189 0.6732431231470923 0.6083583021664766 0.6720856978335235 0.6009708152793615 0.7294162770809578 0.6497422052451539 0.7302751767388825 0.6512742919042189 0.6732431231470923
0 0.7336951311288484 0.6716339030786773 0.6549846237172178 0.6728885781071836 0.650358598631699 0.7038992371721778 0.7327794389965793 0.702290015963512 0.7336951311288484 0.6716339030786773
0 0.543906015963512 0.4219068734321551 0.5480887377423034 0.44355763511972635 0.6668874424173318 0.43477791448118586 0.6600707274800456 0.41009540478905354 0.543906015963512 0.4219068734321551