0 1 0.40196190079817556 0.9814717354618017 0.40131487913340935 0.9773985222348917 0.4499038882554162 1 0.4489415267958951 1 0.40196190079817556
0 0.7801311174458381 0.067700590649943 0.7815824709236031 0.06867214595210946 0.8233061995438996 0.06478059863169897 0.8230936100342076 0.0368420992018244 0.7826395974914481 0.03839997263397947 0.7801311174458381 0.067700590649943
0 0.1362436054732041 0.08086225655644243 0.13479146978335235 0.07995790307867731 0.07518158950969213 0.08560286088939566 0.08086432155074116 0.1440414732041049 0.14515909122006843 0.1403440125427594 0.1362436054732041 0.08086225655644243
0 0.014719808437856328 0.10547988483466363 0.013994389965792475 0.1262531596351197 0.050451148232611175 0.11326444469783353 0.04725513683010262 0.10270741277080957 0.014719808437856328 0.10547988483466363
0 0.013289638540478906 0.14643460775370581 0.014189915621436717 0.16488820638540477 0.06342036830102622 0.16720304675028505 0.06236567730900798 0.14636604561003422 0.013289638540478906 0.14643460775370581
0 0.40790577993158494 0.15308400114025086 0.4110063671607754 0.13239210490307868 0.33712830672748 0.15536685632839226 0.3406815005701254 0.17266389851767389 0.40790577993158494 0.15308400114025086
0 0.32450508209806156 0.19355426225769667 0.33534575940706957 0.2064123033067275 0.4383397309007982 0.183266078677309 0.4316579669327252 0.17049385860889396 0.32450508209806156 0.19355426225769667
0 0.3428847183580388 0.22866396579247433 0.3453749543899658 0.24241862713797036 0.44913120866590656 0.2145461265678449 0.4465995838084379 0.20197667958950968 0.3428847183580388 0.22866396579247433
0 0.2785913021664766 0.8278273386545041 0.2976387457240593 0.9289239828962372 0.3500004059293044 0.926593709236032 0.3349338597491448 0.8221292576966932 0.2785913021664766 0.8278273386545041
0 0.4532047696693272 0.8975121493728621 0.4520517343215507 0.9135175963511973 0.49941919270239454 0.9181422645381985 0.5015955803876853 0.8983514754846066 0.4532047696693272 0.8975121493728621
0 0.4518160421892816 0.9372800957810719 0.45360928164196124 0.9539809783352337 0.49860313112884835 0.9585243204104903 0.498478929304447 0.9365612941847206 0.4518160421892816 0.9372800957810719
0 0.3959246716077537 0.9555328209806158 0.3978230262257697 0.9692683785632839 0.4305215484606614 0.9686278996579247 0.4302731254275941 0.9502220798175599 0.3959246716077537 0.9555328209806158
0 0.3406581801596351 0.9559808848346636 0.3413874116305587 0.9690799384264538 0.39015042189281646 0.9678122212086658 0.38380078221208663 0.9539462371721779 0.3406581801596351 0.9559808848346636
0 0.22175096579247433 0.9583653466362599 0.2252206545039909 0.9780984583808437 0.28654691904218926 0.9742973375142531 0.28401829988597493 0.9531352599771951 0.22175096579247433 0.9583653466362599
0 0.06483847776510833 0.9772506841505131 0.0628277582668187 0.9837907468643101 0.109709503990878 0.9853559737742303 0.1034445849486887 0.9691086830102623 0.06483847776510833 0.9772506841505131
0 0.46401308095781074 0.9793048050171038 0.4586208802736602 0.9976121470923603 0.5096522736602053 0.9993942018244013 0.5094480752565564 0.9797219669327253 0.46401308095781074 0.9793048050171038
0 0.8332030456100342 0.30877931927023944 0.8274495724059293 0.3204637685290764 0.8827574526795895 0.3188304914481186 0.880515378563284 0.30647596807297606 0.8332030456100342 0.30877931927023944