0 0.7995764675028506 0.4154354549600912 0.7816032246294186 0.42040215621436716 0.8179908449258837 0.5698421003420753 0.8369879122006841 0.5674405792474345 0.7995764675028506 0.4154354549600912
0 0.7778379555302167 0.42191140706955527 0.7528229167616876 0.43147531584948684 0.7908189350057013 0.5745557605473204 0.8108015724059293 0.5735126396807297 0.7778379555302167 0.42191140706955527
0 0.7294163112884835 0.4313733979475484 0.7640752976054732 0.5841464606613455 0.7843089851767389 0.5777327434435575 0.7466571436716077 0.4286937172177879 0.7294163112884835 0.4313733979475484
0 0.7245725530216647 0.4354170136830103 0.7026450752565565 0.43735282098061573 0.7394971106043329 0.5838605655644241 0.7563388141391105 0.5799153660205245 0.7245725530216647 0.4354170136830103
0 0.6991190490307867 0.4355936316989738 0.6755023078677309 0.4456780022805017 0.7132467867730901 0.5941321322690992 0.7319378494868871 0.5898771106043329 0.6991190490307867 0.4355936316989738
0 0.6733079304446978 0.4450298722919042 0.6531736659064994 0.44635113340935006 0.6888476100342076 0.6040925781071835 0.7104108004561003 0.5930802234891676 0.6733079304446978 0.4450298722919042
0 0.6499928916761688 0.4557663432155074 0.6252240946408211 0.4635657981755987 0.6625131915621437 0.6035285222348917 0.6842257605473204 0.5991540718358039 0.6499928916761688 0.4557663432155074
0 0.6248525621436716 0.46591155872291906 0.6027393181299886 0.46902024515393387 0.6373121778791334 0.6109605279361459 0.6594896510832383 0.6036507913340935 0.6248525621436716 0.46591155872291906
0 0.6022599794754846 0.4671424538198404 0.582505630558723 0.4754339635119726 0.6189291505131129 0.6170662098061573 0.6352759965792475 0.6124398996579247 0.6022599794754846 0.4671424538198404
0 0.9129507844925884 0.7913792850627138 0.7861453443557583 0.7974453523375142 0.7946190364880273 0.8577002679589509 0.9230965484606612 0.8503961527936146 0.9129507844925884 0.7913792850627138
0 0.8802561676168756 0.92957551995439 0.8230337673888255 0.9361423124287344 0.8372158175598632 0.9906902622576967 0.8868366054732042 0.9883298540478905 0.8802561676168756 0.92957551995439
0 0.9454911516533637 0.5404411938426453 0.8108377149372863 0.5657034002280502 0.8218483888255416 0.6137359600912201 0.9549339064994299 0.5849190866590649 0.9454911516533637 0.5404411938426453
0 0.7743300205245155 0.2734710353477765 0.7663631311288484 0.18293825541619155 0.66542230672748 0.19460217103762828 0.6719090695553023 0.2749831094640821 0.7743300205245155 0.2734710353477765
0 0.9803192565564425 0.18195880843785633 0.9477553215507412 0.18281111744583806 0.952376526795895 0.2370454982896237 0.9843573523375142 0.23609925313568986 0.9803192565564425 0.18195880843785633
0 0.9456820102622576 0.09351236374002281 0.9141601448118586 0.090022669327252 0.9156820136830103 0.13504947206385406 0.9438394948688712 0.1316942132269099 0.9456820102622576 0.09351236374002281