0 0.3365326659064994 0.6673430330672748 0.3715125222348917 0.6782952405929304 0.38543875826681867 0.6245780604332953 0.3498838905359179 0.6115430729760547 0.3365326659064994 0.6673430330672748
0 0.5684262109464082 0.4497132291904219 0.5814551299885975 0.3940504754846066 0.528428109464082 0.37922266590649945 0.5166357571265678 0.42707805359179024 0.5684262109464082 0.4497132291904219
0 0.6310347297605473 0.27863390079817557 0.6435992337514252 0.22590334777651083 0.6079080684150513 0.2118311425313569 0.5946931402508552 0.2686683192702395 0.6310347297605473 0.27863390079817557
0 0.42712634207525657 0 0.41212133181299887 0.03617668757126568 0.48745531927023944 0.06407214595210946 0.5038232850627138 0.010140548460661347 0.4744571185860889 0 0.42712634207525657 0
0 0.3495706795895097 0.39881409007981755 0.35678241733181304 0.36087199999999997 0.32701332725199544 0.34551666362599776 0.31535994070695555 0.3867813968072976 0.3495706795895097 0.39881409007981755
0 0.9460793375142532 0.5810851630558723 0.9498859019384265 0.568457992018244 0.875369921322691 0.5486921482326111 0.8762401049030787 0.5622055860889396 0.9460793375142532 0.5810851630558723
0 0.9270666431014823 0.5985177331812999 0.9261752702394527 0.5851480638540478 0.8721654595210946 0.5689243272519955 0.8722142303306727 0.5838184538198403 0.9270666431014823 0.5985177331812999
0 0.2584588278221209 0.9664606659064995 0.27195680729760546 0.8964398301026226 0.2325868038768529 0.8865973272519954 0.21770938084378563 0.9615221208665907 0.2584588278221209 0.9664606659064995
0 0.38214433637400225 0.9607958494868871 0.3911205142531357 0.923130054732041 0.27480075370581525 0.8974914173318129 0.2660681778791334 0.9355169361459521 0.38214433637400225 0.9607958494868871
0 0.18973772519954388 0.16905227023945266 0.19963987343215508 0.13694666020524515 0.16404159179019384 0.12228801482326111 0.15846203192702396 0.1556082189281642 0.18973772519954388 0.16905227023945266
0 0.30599939794754843 0.37748228620296465 0.32295226111744585 0.32364332611174457 0.2811269521094641 0.3102954469783352 0.26721893842645383 0.3563065393386545 0.30599939794754843 0.37748228620296465