0 0.6169691220068415 0.5673970091220069 0.6114192759407069 0.5987057274800456 0.6659679418472064 0.6127300798175599 0.6702367970353478 0.580148244013683 0.6169691220068415 0.5673970091220069
0 0.30257822120866595 0.45499619498289623 0.29006185632839226 0.5058212246294185 0.3369518848346636 0.5209747548460661 0.35364631128848345 0.4703164971493729 0.30257822120866595 0.45499619498289623
0 0.04803084492588369 0.3812243808437856 0.04632452793614595 0.416427598631699 0.10028078335233752 0.4304918095781072 0.10991188369441278 0.39373199543899656 0.04803084492588369 0.3812243808437856
0 0.1923440615735462 0.04468468072976055 0.1870072770809578 0.13008843215507412 0.23552186887115167 0.1344272953249715 0.23877657354618018 0.040527774230330674 0.1923440615735462 0.04468468072976055
0 0.8690456145952109 0.7335098722919041 0.8707152531356898 0.7488526533637401 0.9439110570125427 0.7401662371721779 0.9393091767388825 0.7254044150513113 0.8690456145952109 0.7335098722919041
0 1 0.797641984036488 0.9780509885974915 0.7942681094640821 0.961649677309008 0.8406063340935006 0.9972032098061574 0.8553637548460661 1 0.8475191493728621 1 0.797641984036488
0 0.9671389190421893 0.7658945553021664 0.9638203876852908 0.7780196419612314 0.984372456100342 0.782528236031927 0.9865063785632839 0.770485984036488 0.9671389190421893 0.7658945553021664
0 0.9768203329532497 0.7426218962371722 0.9734588255416191 0.7541547901938426 0.9909683158494869 0.7576888734321551 0.992390913340935 0.7439859464082098 0.9768203329532497 0.7426218962371722
0 0.7857566123147093 0.6489497730900798 0.7851383124287342 0.6656429418472064 0.8501845507411631 0.6765555667046751 0.8566001835803877 0.6576729749144812 0.7857566123147093 0.6489497730900798
0 0.7706357423033067 0.6880638939566706 0.7717115176738883 0.7034482018244014 0.8334238027366021 0.7092418586088939 0.8330640250855189 0.6998409315849486 0.7706357423033067 0.6880638939566706
0 0.6461189042189283 0.9161866955530217 0.63229534663626 0.9653190992018243 0.6591013580387685 0.974145708095781 0.6719766225769669 0.9242197080957811 0.6461189042189283 0.9161866955530217
0 0.7002966966932725 0.9248848814139111 0.6835099532497149 0.9742229258836944 0.7054950262257698 0.9822009464082098 0.724315267958951 0.9321521334093501 0.7002966966932725 0.9248848814139111
0 0.6095820045610034 0.6915961026225769 0.5690830615735462 0.6742100638540479 0.5541406442417331 0.7073644059293044 0.6035256989737743 0.7241290672748004 0.6095820045610034 0.6915961026225769
0 0.4651109030786773 0.5066609030786773 0.4532281516533637 0.558035259977195 0.48430465108323834 0.5683504127708096 0.49990667844925885 0.5190936453819841 0.4651109030786773 0.5066609030786773
0 0.41278711630558723 0.2861471037628278 0.41878375598631695 0.32081011060433295 0.4425587377423033 0.3203380022805017 0.4394220809578107 0.27973759179019386 0.41278711630558723 0.2861471037628278
0 0.43288776168757126 0.17354722805017103 0.3979019863169897 0.1753984709236032 0.4008375085518814 0.19184313340935008 0.43739477194982895 0.18690756784492588 0.43288776168757126 0.17354722805017103
0 0.4200265165336374 0.20239434093500572 0.42393966590649945 0.21579620752565565 0.4423010798175599 0.214512251995439 0.4453874515393387 0.19906714595210945 0.4200265165336374 0.20239434093500572
0 0.507800188141391 0.8277464469783352 0.49354811174458385 0.8792849167616876 0.5253410592930444 0.8913340045610034 0.5400651083238313 0.8380333192702395 0.507800188141391 0.8277464469783352