0 0.8868320832383125 0.5920147810718358 0.8855652303306728 0.5042892964652224 0.8073041927023945 0.512938810718358 0.8047411049030787 0.5967531117445838 0.8868320832383125 0.5920147810718358
0 0.8011150456100342 0.590475692132269 0.7506395940706956 0.5949999338654504 0.7516951904218928 0.6988009920182441 0.7992851562143671 0.697300834663626 0.8011150456100342 0.590475692132269
0 0.647664810718358 0.6408244663625998 0.6150436659064994 0.6457202884834664 0.6129742531356899 0.717061401368301 0.6473573340935006 0.717089441277081 0.647664810718358 0.6408244663625998
0 0.893426401368301 0.7755708129988598 0.8340785929304447 0.7793188232611175 0.8314176898517674 0.8506081881413912 0.8917920330672748 0.8457579509692132 0.893426401368301 0.7755708129988598
0 0.8944666396807297 1 0.9007555553021664 0.9371384663625998 0.8591333226909921 0.9358810649942988 0.8589134059293044 1 0.8944666396807297 1
0 0.9354681071835804 1 0.9372380935005701 0.9766873751425315 0.9070125404789054 0.974639 0.9042476043329533 0.9994298563283923 0.9079259863169897 1 0.9354681071835804 1
0 0.6672713090079818 0.8869103409350058 0.6177512827822121 0.8873444766248575 0.6112603033067275 0.954724212086659 0.665093472063854 0.9537718323831242 0.6672713090079818 0.8869103409350058
0 0.5864493021664767 0.774938590649943 0.5343530684150513 0.7775329771949829 0.5283797103762827 0.8389962508551881 0.5817845404789054 0.8418820820980616 0.5864493021664767 0.774938590649943
0 0.4224950376282782 0.7886072976054732 0.42306636488027366 0.8297825267958951 0.4573443819840365 0.8247367901938427 0.4582008072976055 0.7893470763968073 0.4224950376282782 0.7886072976054732
0 0.4869146807297606 0.8836475598631698 0.45244222006841506 0.8824180957810719 0.44521174230330673 0.9378127730900798 0.4859852976054732 0.9419760148232611 0.4869146807297606 0.8836475598631698
0 0.32556342759407075 0.6835719600912201 0.3325351630558723 0.6311347343215508 0.2981676202964652 0.6287239828962372 0.297008850627138 0.6828618129988597 0.32556342759407075 0.6835719600912201
0 0.7609971379703535 0.2585583283922463 0.7227701596351197 0.2593860273660205 0.7178762862029646 0.32213577993158493 0.7527677468643101 0.3195262166476625 0.7609971379703535 0.2585583283922463
0 0.6773620342075257 0.11057938198403648 0.6822414298745724 0.07524519270239452 0.6556181265678449 0.07291595553021665 0.6544427844925884 0.10678772177879134 0.6773620342075257 0.11057938198403648
0 0.4085816431014823 0 0.4034695872291904 0.052047851767388825 0.444988322690992 0.05448823489167617 0.4486671961231471 0 0.4085816431014823 0
0 0.22658358836944129 0.5610729030786773 0.2306941288483466 0.5209017343215507 0.21435697149372862 0.523644543899658 0.21341101596351197 0.5617069372862029 0.22658358836944129 0.5610729030786773
0 0.258759157354618 0.5203770159635119 0.24453077537058152 0.5262844104903078 0.24250533523375142 0.5630603238312428 0.2577677046750285 0.5614155188141391 0.258759157354618 0.5203770159635119
0 0.14453194868871153 0.8924341231470924 0.12636870809578107 0.8956116214367161 0.12799712884834663 0.931516740022805 0.1453102725199544 0.9312433899657925 0.14453194868871153 0.8924341231470924
0 0.3978662462941847 0.14334440022805017 0.39664071379703536 0.17780779247434436 0.43159988255416193 0.18026873774230331 0.4347127662485747 0.14328995210946407 0.3978662462941847 0.14334440022805017
0 0.7868147400228049 0.024792368301026223 0.753712976054732 0.02153872748004561 0.7518484686431015 0.036037648802736605 0.7818882029646522 0.03777175712656784 0.7868147400228049 0.024792368301026223