0 0.8749635450399088 0.7816325518814139 0.8590416898517673 0.8132498939566705 0.9157730296465222 0.8418530935005701 0.9315697206385404 0.8111527194982896 0.8749635450399088 0.7816325518814139
0 1 0.659321236031927 0.968968802736602 0.6407093443557583 0.945889338654504 0.685324323831243 0.985363905359179 0.7019611847206385 1 0.6680304047890536 1 0.659321236031927
0 0.7858458551881414 0.6376655096921323 0.7560969920182441 0.6220601311288484 0.7296485267958951 0.6725448597491448 0.7645090638540479 0.6898301801596352 0.7858458551881414 0.6376655096921323
0 0.7249113340935006 0.6516255644241734 0.7323884732041049 0.606805007981756 0.7171990992018245 0.6095377411630559 0.7109887423033068 0.6505843318129988 0.7249113340935006 0.6516255644241734
0 0.7009166328392247 0.6130252622576967 0.6850584184720638 0.6152539897377424 0.6856735883694413 0.6409512713797035 0.6974338164196123 0.6407974424173318 0.7009166328392247 0.6130252622576967
0 0.6584799407069555 0.6477710148232612 0.6951973660205245 0.5808518722919042 0.6817054629418472 0.5743538437856328 0.6452437092360319 0.6388371356898518 0.6584799407069555 0.6477710148232612
0 0.5436214458380844 0.9685041436716078 0.5734389122006842 0.9121496659064994 0.5407532850627138 0.8969570228050171 0.5106052827822121 0.9509596123147093 0.5436214458380844 0.9685041436716078
0 0.37483271379703537 0.9694416180159635 0.3858088643101482 0.9367190159635119 0.32881875940706956 0.9105521014823261 0.31340246066134547 0.9415003842645382 0.37483271379703537 0.9694416180159635
0 0.287969417331813 0.9480711128848346 0.24339053363740024 0.9249565963511972 0.21617951197263396 0.9785479988597492 0.27123118928164197 0.995693771949829 0.287969417331813 0.9480711128848346
0 0.4886279749144812 0.675239662485747 0.5256456111744584 0.7042135256556443 0.5462834492588369 0.6710340171037629 0.5101499498289623 0.6536278072976055 0.4886279749144812 0.675239662485747
0 0.7344568061573545 0.8175682850627138 0.7507552428734321 0.8056843272519955 0.6913798335233751 0.7582675803876853 0.6800477901938426 0.772751274800456 0.7344568061573545 0.8175682850627138
0 0.9109984937286203 0.4455956054732041 0.8831692793614595 0.43511670353477766 0.8696057514253135 0.46220550855188147 0.8980648369441276 0.47049733979475483 0.9109984937286203 0.4455956054732041
0 0.8027629863169897 0.33609183124287345 0.7833133740022805 0.32983151881413914 0.7567824903078678 0.3797298244013683 0.776966022805017 0.38858512314709237 0.8027629863169897 0.33609183124287345
0 0.44795188711516537 0.7097364002280501 0.4363876191562144 0.7041666305587229 0.41937245496009123 0.736537212086659 0.43152950285062713 0.7429230490307868 0.44795188711516537 0.7097364002280501
0 0.4250697069555302 0.7003609931584949 0.4118350216647662 0.691426897377423 0.3932325096921323 0.7210242177879134 0.40979457810718356 0.728889518814139 0.4250697069555302 0.7003609931584949
0 0.6497186476624858 0.7431371995438997 0.6370515370581529 0.7425191049030787 0.6280869863169897 0.7767561721778791 0.6422957525655644 0.7789579327251995 0.6497186476624858 0.7431371995438997
0 0.3261692166476625 0.42285902508551887 0.3527876647662486 0.45029805131128847 0.3765297502850627 0.41038662599771947 0.34578107525655644 0.39192225769669325 0.3261692166476625 0.42285902508551887
0 0.3269862417331813 0.43293872519954385 0.3075491847206386 0.4608530011402509 0.3283289270239453 0.4723226408209806 0.3419557274800456 0.44432556670467505 0.3269862417331813 0.43293872519954385
0 0.6328941128848347 0.17589271151653363 0.6279263204104902 0.1448112998859749 0.5767303489167617 0.15560551311288484 0.5839117662485747 0.18457548802736604 0.6328941128848347 0.17589271151653363
0 0.6237995496009122 0.7419832098061574 0.6085357457240592 0.7399313010262258 0.6083259042189281 0.7597471014823262 0.6205749110604333 0.7586252006841505 0.6237995496009122 0.7419832098061574
0 0.529034251995439 0.41293534435575824 0.5218768574686431 0.4259345302166476 0.560922282782212 0.44802796807297607 0.5697991049030787 0.43568808893956673 0.529034251995439 0.41293534435575824
0 0.23942611630558724 0.7774162337514253 0.2238222417331813 0.7772108745724059 0.22298938996579246 0.8139026168757126 0.23487959064994296 0.8137305210946408 0.23942611630558724 0.7774162337514253
0 0.21686648574686432 0.7745909315849486 0.20394348688711517 0.776407141391106 0.20383379931584947 0.7884142588369442 0.21467343101482325 0.7913877354618016 0.21686648574686432 0.7745909315849486
0 0.2717942291904219 0.7051140741163056 0.261229338654504 0.7024001984036488 0.26152483580387687 0.7215453922462941 0.27558463511972636 0.7198692086659064 0.2717942291904219 0.7051140741163056
0 0.2534379258836944 0.6981005222348916 0.23798957012542757 0.7032679942987458 0.2408088779931585 0.7190621425313568 0.2545808802736602 0.7174264059293044 0.2534379258836944 0.6981005222348916
0 0.28240473204104904 0.7252063511972634 0.26764648232611177 0.722485385404789 0.26550900570125424 0.7413729258836945 0.280059842645382 0.7453237901938427 0.28240473204104904 0.7252063511972634
0 0.3609056237172178 0.8916541220068416 0.3951041698973774 0.9048353831242874 0.4019215644241733 0.8553092873432154 0.3650050125427594 0.8512040022805016 0.3609056237172178 0.8916541220068416