0 0.724253330672748 0.39624372405929303 0.7695193523375142 0.45593842417331815 0.8413341049030787 0.39399110034207524 0.7952896145952109 0.3372924743443558 0.724253330672748 0.39624372405929303
0 0.5156733740022805 0.12795020410490307 0.5652545381984037 0.2079460513112885 0.6076725769669328 0.18761218928164194 0.5617036602052451 0.09128819156214367 0.5156733740022805 0.12795020410490307
0 0 0.5428282702394527 0.07172204446978335 0.4981648278221209 0.025547814139110604 0.40754088939566707 0 0.42498999429874573 0 0.5428282702394527
0 0.7000582383124286 0.6022621003420753 0.7178050114025085 0.6324411995438997 0.7458082862029646 0.6109285758266818 0.7239960889395667 0.5816136100342075 0.7000582383124286 0.6022621003420753
0 0.6326719897377423 0.6250725142531357 0.658548085518814 0.6535236727480046 0.6935327537058152 0.6248674948688712 0.6720083842645382 0.5969066510832383 0.6326719897377423 0.6250725142531357
0 0.7602823033067274 0.7323363728620297 0.7796707023945268 0.7635802394526795 0.8254134846066135 0.7255656328392246 0.800316181299886 0.6941199281641961 0.7602823033067274 0.7323363728620297
0 0.8646072006841505 0.8233297434435576 0.8919148460661346 0.8118689053591791 0.8663262531356898 0.7847703420752566 0.85179086659065 0.7963485553021665 0.8646072006841505 0.8233297434435576
0 0.7594424663625997 0.8683184572405929 0.7428554732041048 0.8902350809578108 0.7576027890535918 0.919634834663626 0.7864707514253136 0.9021827263397948 0.7594424663625997 0.8683184572405929
0 0.7444157890535918 0.8842438118586089 0.7135340079817559 0.8922216419612314 0.7153069042189282 0.9272113968072976 0.7516907468643101 0.9251357879133408 0.7444157890535918 0.8842438118586089
0 0.6568450889395667 0.7854449156214367 0.6692532964652224 0.8238304846066135 0.723497597491448 0.7924974458380843 0.7043967012542759 0.76260617331813 0.6568450889395667 0.7854449156214367
0 0.455055802736602 0.8622878449258837 0.40553662371721777 0.9025188563283922 0.4300585974914481 0.9312578403648802 0.47308975256556446 0.8938180102622576 0.455055802736602 0.8622878449258837
0 0.4891993683010262 0.71639782668187 0.5006619042189282 0.743668370581528 0.5367975610034207 0.7204271562143671 0.5169163443557583 0.6935307559863171 0.4891993683010262 0.71639782668187
0 0.7902095746864309 0.8954983751425314 0.8286242462941847 0.8648975005701255 0.7846827582668188 0.8123811539338655 0.7497069087799316 0.837749590649943 0.7902095746864309 0.8954983751425314
0 0.6550369407069555 0.3966385621436716 0.677710542759407 0.4233551527936146 0.7154221961231471 0.39229509578107186 0.6893586259977195 0.3567769224629419 0.6550369407069555 0.3966385621436716