0 0.49890435917901943 0.7095648232611175 0.4666905153933865 0.7296723979475485 0.4894886282782212 0.76203669327252 0.519880433295325 0.7381344161915622 0.49890435917901943 0.7095648232611175
0 0.9032387286202964 0.4601600763968073 0.880489740022805 0.43174559293044473 0.8452651379703534 0.4515205564424173 0.8657045655644241 0.4841570843785633 0.9032387286202964 0.4601600763968073
0 0.3325906396807297 0.164299181299886 0.31675296807297604 0.1263366282782212 0.29148518928164197 0.13386908779931583 0.3002656522234892 0.16951132383124287 0.3325906396807297 0.164299181299886
0 0.18222765336374 0.27820951767388824 0.17146967730900797 0.2642455621436716 0.11354087685290765 0.2901805803876853 0.1244612189281642 0.3094066579247435 0.18222765336374 0.27820951767388824
0 0.9646250250855187 0.08813800114025086 0.9548503819840365 0.07587607069555302 0.892137770809578 0.10163203078677309 0.8962959714937286 0.11850413568985177 0.9646250250855187 0.08813800114025086
0 0.8324051071835804 0.2636546202964652 0.8177580649942987 0.2393010205245154 0.7846421037628278 0.2559098437856328 0.8033325222348916 0.2821980889395667 0.8324051071835804 0.2636546202964652
0 1 0.5224354093500571 0.9767852930444698 0.49009366476624855 0.9643418711516533 0.49774009007981757 0.949079527936146 0.47999651995438997 0.9426044538198403 0.4877183694412771 0.9379254070695553 0.4921430125427594 0.9680687331812998 0.5403383090079817 1 0.5234756818700114 1 0.5224354093500571
0 0.8859046670467503 0.6435138677309008 0.874657141391106 0.6307847787913341 0.8147322656784494 0.674779677309008 0.8297028711516533 0.6857823968072976 0.8859046670467503 0.6435138677309008
0 0.8672707434435576 0.6212955621436717 0.8545624880273661 0.6122719464082098 0.8015269486887114 0.6532800342075257 0.8117128688711517 0.6641116157354617 0.8672707434435576 0.6212955621436717
0 0.5791327685290764 0.12782595324971494 0.5670897343215507 0.11278082098061573 0.5306821516533637 0.13265928164196122 0.5465861778791334 0.15094272862029645 0.5791327685290764 0.12782595324971494
0 0.7733584378563284 0.17462458950969215 0.7670515256556443 0.16384889509692133 0.7019654401368302 0.17610095553021665 0.7044424116305587 0.1907878369441277 0.7733584378563284 0.17462458950969215