0 0.2544200992018244 0.4843874435575827 0.25577338426453816 0.5346824583808438 0.31081475142531356 0.5273189338654504 0.306305464082098 0.477973062713797 0.2544200992018244 0.4843874435575827
0 0.2522227286202965 0.7703597947548461 0.11960476396807297 0.813613338654504 0.13586904218928164 0.8669602086659065 0.26845180957810716 0.8234844344355757 0.2522227286202965 0.7703597947548461
0 0.7568979874572406 0.916523205245154 0.7567285142531357 0.9496228540478906 0.815144534777651 0.9388851881413912 0.8167148631698973 0.9070491436716077 0.7568979874572406 0.916523205245154
0 0.9691373340935006 0.30564289395667044 0.9302449874572406 0.3106005336374002 0.9384983078677308 0.3892685895096921 0.9722969167616875 0.3863200205245154 0.9691373340935006 0.30564289395667044
0 1 0.8793698004561004 0.9568755541619156 0.8848498711516534 0.9576428004561004 0.8991828722919043 1 0.894723558722919 1 0.8793698004561004
0 0.42474326795895095 0.35278054275940707 0.4778943945267959 0.3467668369441277 0.4758096921322691 0.3146269475484607 0.4247254321550741 0.31850825883694417 0.42474326795895095 0.35278054275940707
0 0.36957259179019386 0.4523178574686431 0.38506441961231475 0.5045831870011402 0.4158944446978335 0.49428824857468645 0.4054367685290764 0.44723868187001137 0.36957259179019386 0.4523178574686431
0 0.6723436681870012 0.24982506727480047 0.6722686202964652 0.2835109110604333 0.7055118323831243 0.2808512189281642 0.7045689669327252 0.24832957012542758 0.6723436681870012 0.24982506727480047
0 0.755844062713797 0.6707512770809578 0.7600018209806157 0.7121844082098062 0.7991521117445838 0.7069676009122007 0.7957859646522234 0.6686347423033067 0.755844062713797 0.6707512770809578
0 0.9578165678449259 0.439124417331813 0.9545714595210947 0.49075048004561006 0.9937905860889396 0.4840705142531357 0.9878178882554162 0.43497382668187 0.9578165678449259 0.439124417331813
0 0 0.2923831607753706 0.12908014823261116 0.27754207183580387 0.12466823831242874 0.21931221664766248 0 0.23597939908779933 0 0.2923831607753706
0 0.03219923603192702 0.12511786659064994 0.03505638882554162 0.15833929418472065 0.09973462713797036 0.156775574686431 0.09670917331812999 0.11490049600912201 0.03219923603192702 0.12511786659064994
0 0.2968221356898518 0.8204227058152793 0.30427256442417333 0.9016225313568984 0.3514075176738883 0.8860905883694413 0.3426222474344356 0.8059517023945268 0.2968221356898518 0.8204227058152793