0 0.7514831870011403 0.0974794047890536 0.7046460957810717 0.14330968072976055 0.727568125427594 0.1739730843785633 0.7730050935005701 0.12831796465222348 0.7514831870011403 0.0974794047890536
0 0.6505282839224629 0.12531541163055873 0.6728284047890536 0.1326285781071836 0.7013775085518814 0.0954049418472064 0.6788098244013684 0.0795943432155074 0.6505282839224629 0.12531541163055873
0 0.7091683329532497 0.8726106180159635 0.6511038506271379 0.8674430684150513 0.6442700558722919 0.9093397730900799 0.7087677491448119 0.9131062770809578 0.7091683329532497 0.8726106180159635
0 0.11139035689851767 0.8703132850627139 0.17445748004561004 0.8662213603192703 0.1734424275940707 0.7587101995438996 0.10142916647662485 0.7739016442417331 0.11139035689851767 0.8703132850627139
0 0.5654500011402509 0.12045538768529077 0.51572248004561 0.18267809806157356 0.5352958871151654 0.18866481071835803 0.5767890125427595 0.13259633523375142 0.5654500011402509 0.12045538768529077
0 0.8592165108323832 0.6810243329532497 0.8928556431014824 0.7004784469783353 0.9094759646522235 0.6603073705815279 0.8778818734321552 0.6420595153933866 0.8592165108323832 0.6810243329532497
0 0.808495897377423 0.7453249122006842 0.7784133272519954 0.8203090558722919 0.8096730992018244 0.8342712508551882 0.8443254903078676 0.7572782542759406 0.808495897377423 0.7453249122006842
0 0.7099703181299886 0.770208220068415 0.6971346157354619 0.8031596168757127 0.7265491698973774 0.819614259977195 0.7393846009122007 0.786664401368301 0.7099703181299886 0.770208220068415
0 0.44548715621436713 0.5968030376282782 0.4622521482326112 0.5575031311288483 0.41255560889395665 0.5445151641961231 0.4003591710376283 0.5818044070695553 0.44548715621436713 0.5968030376282782
0 0.46513441619156215 0.5650558745724059 0.4354522576966933 0.64574148004561 0.4728845917901938 0.6565685245153934 0.5000828118586089 0.5740344424173318 0.46513441619156215 0.5650558745724059
0 0.9612379509692132 0.7566643112884834 0.970908732041049 0.7052468540478906 0.9657541562143672 0.7037334675028507 0.9379608916761688 0.7504465815279362 0.9612379509692132 0.7566643112884834
0 0.31344239338654506 0.7583434925883694 0.3172988278221209 0.7228044880273661 0.2892285256556442 0.7157415792474344 0.2839949794754846 0.747717 0.31344239338654506 0.7583434925883694