0 0.44827385290763966 0.5030164640820981 0.4186620057012543 0.5001242257696693 0.4045881197263398 0.5586687685290764 0.43886165678449257 0.5663931003420752 0.44827385290763966 0.5030164640820981
0 0.30391524287343213 0.20832561231470922 0.2698503956670467 0.22257702052451542 0.2736830969213227 0.27490187913340935 0.3134052702394527 0.2708445085518814 0.30391524287343213 0.20832561231470922
0 0.07882755416191563 0.2560608118586089 0.024690290763968073 0.2646172896237172 0.031175851767388824 0.30095476168757124 0.08439861915621437 0.2917884823261117 0.07882755416191563 0.2560608118586089
0 0.2462815222348917 0.7910678950969212 0.19897033523375143 0.7825221505131129 0.1949762827822121 0.807393732041049 0.2451159749144812 0.8192549714937287 0.2462815222348917 0.7910678950969212
0 0.44009779589509695 0.8354275245153934 0.37504584606613456 0.8236013489167616 0.35542499315849485 0.8600785347776511 0.4254938483466362 0.8829767673888256 0.44009779589509695 0.8354275245153934
0 0.30152909578107184 0.8888282383124287 0.24724531698973776 0.8718470182440137 0.24063102622576968 0.9109265986316989 0.29670616647662484 0.9217037605473204 0.30152909578107184 0.8888282383124287
0 0 0.8568392269099202 0.03789264652223489 0.8664127958950969 0.038996770809578106 0.8385215678449259 0.002943844925883694 0.8307646134549601 0 0.8399130558722919 0 0.8568392269099202
0 0.9694731630558724 0.6890800467502851 0.9966742098061574 0.6948978437856328 0.9979591151653364 0.6212856191562144 0.9766469942987457 0.6179444139110604 0.9694731630558724 0.6890800467502851
0 0.8057498244013683 0.6880037662485747 0.7867714652223489 0.6876724982896237 0.7778566636259977 0.7225534754846066 0.7947187092360319 0.7290831288483466 0.8057498244013683 0.6880037662485747
0 0.7743689236031926 0.6844868084378564 0.7613312736602053 0.683665394526796 0.7580863158494868 0.6996424469783352 0.7702499384264538 0.7037131630558723 0.7743689236031926 0.6844868084378564
0 0.3797977525655644 0.4834121562143672 0.3719399110604333 0.45773985632839226 0.353940062713797 0.4693024766248575 0.3618186282782212 0.4937874561003421 0.3797977525655644 0.4834121562143672