0 0.07256642873432155 0.30119010376282784 0.03147396465222349 0.2817569464082098 0.020703698973774227 0.33836118472063853 0.051109251995438996 0.35520155644241735 0.07256642873432155 0.30119010376282784
0 0.19840709122006842 0.5086804709236032 0.16967616419612314 0.491205189281642 0.15425810262257697 0.5164161619156215 0.18271727137970353 0.534148976054732 0.19840709122006842 0.5086804709236032
0 0.10377451425313569 0.6605131744583808 0.05639192702394527 0.6331705210946408 0.030433087799315847 0.6831626499429875 0.07868230786773091 0.7088391106043329 0.10377451425313569 0.6605131744583808
0 0.14589269555302167 0.9488850581527936 0.16515889623717217 0.9064894960091221 0.11578327480045611 0.8770277240592931 0.09167272519954389 0.9381333147092361 0.14589269555302167 0.9488850581527936
0 0.45103771493728617 0.8712124139110604 0.39864179019384266 0.8442796100342075 0.37562893386545043 0.8917325815279362 0.4240293204104903 0.9240456476624856 0.45103771493728617 0.8712124139110604
0 0.5536563135689851 0.3665649521094641 0.5180749851767389 0.36062884720638544 0.5135778460661345 0.40801024629418475 0.5465208700114025 0.41262517673888255 0.5536563135689851 0.3665649521094641
0 0.5512711835803877 0.41578373888255415 0.5135778460661345 0.40801024629418475 0.5118273865450399 0.4570273968072976 0.5436901687571266 0.4608716636259977 0.5512711835803877 0.41578373888255415
0 0.8773866237172178 0.13078753135689852 0.8501140421892817 0.19710482326111745 0.8740186396807298 0.20900489851767387 0.9006008882554163 0.13987467046750285 0.8773866237172178 0.13078753135689852
0 1 0.17498520980615737 0.9917345222348917 0.16813687913340936 0.94869882668187 0.2749382645381984 0.9645148677309008 0.2792467331812999 1 0.19455584948688712 1 0.17498520980615737
0 0.6313520250855189 0.5907796955530217 0.6053351482326111 0.6335472360319271 0.6303337160775371 0.6579473420752565 0.657401937286203 0.6123373979475485 0.6313520250855189 0.5907796955530217
0 0.519253905359179 0.6577858301026225 0.48606004903078676 0.6387035438996579 0.47029805473204106 0.6698715553021665 0.49693570581527935 0.6915239281641962 0.519253905359179 0.6577858301026225
0 0.30637083580387686 0.4064501584948689 0.28830704903078674 0.4065948916761688 0.28293936488027366 0.4670637354618016 0.30618822805017104 0.4683413888255416 0.30637083580387686 0.4064501584948689
0 0.5311186545039909 0.2592967605473204 0.48467243101482327 0.2555473090079818 0.487875236031927 0.29693286316989737 0.5253253124287344 0.30346552451539344 0.5311186545039909 0.2592967605473204