0 0.4116334446978335 1 0.4167111379703535 0.9619069258836943 0.3827619566704675 0.9608596659064995 0.37781904446978337 1 0.4116334446978335 1
0 0.4925007901938427 0.17902432041049032 0.5735494994298745 0.24773485176738883 0.6073418871151653 0.20801340706955532 0.5230838950969213 0.13705571037628278 0.4925007901938427 0.17902432041049032
0 0.9690438551881414 0.28069464766248575 0.940714488027366 0.27162146180159635 0.9203209498289624 0.3314894789053592 0.9620538540478906 0.33679194298745724 0.9690438551881414 0.28069464766248575
0 0.8446226784492589 0 0.8366591345496008 0.008610379703534777 0.8676347354618016 0.03269111402508552 0.8945240729760547 0.009662598631698974 0.8862275256556442 0 0.8446226784492589 0
0 0.832559456100342 0.05716461687571266 0.8040663808437856 0.07907018244013683 0.83287338654504 0.11478707981755985 0.8547072246294184 0.08702230216647662 0.832559456100342 0.05716461687571266
0 0.9258887525655645 0.12370816305587229 0.9376069076396807 0.1103881527936146 0.9152985803876853 0.08759219498289623 0.9012534241733182 0.0956964196123147 0.9258887525655645 0.12370816305587229
0 0.9016493432155075 0.13783027708095782 0.9152134401368301 0.12699782668187 0.894672755986317 0.09826408551881415 0.8772544082098062 0.11118187685290765 0.9016493432155075 0.13783027708095782
0 0.8415406602052452 0.11607185518814139 0.8742789464082098 0.15813056556442417 0.8884862006841505 0.1429643432155074 0.8630505758266819 0.10243261231470924 0.8415406602052452 0.11607185518814139
0 0.006372233751425313 0.31820093842645386 0.035572009122006844 0.4199687194982896 0.05010003534777651 0.41459398631698974 0.018814920182440138 0.30897195438996583 0.006372233751425313 0.31820093842645386
0 0.46856216875712653 0.34643392132269096 0.47065407981755986 0.30245566020524517 0.41664185290763966 0.2993183728620296 0.41342572633979474 0.34490218015963514 0.46856216875712653 0.34643392132269096
0 0.47956119042189277 0.8875192633979475 0.4712063078677309 0.9438572234891677 0.49175194982896236 0.9486752052451539 0.49392711858608895 0.8892065290763967 0.47956119042189277 0.8875192633979475
0 0.5064471060433295 0.8884062348916761 0.5028284868871152 0.9396886978335234 0.516551259977195 0.9457097354618016 0.52578969327252 0.8864013466362599 0.5064471060433295 0.8884062348916761
0 0.09761305473204106 1 0.08292920296465221 0.9518284994298746 0.0742367810718358 0.9575815735461801 0.08171629418472064 1 0.09761305473204106 1
0 0.6157812440136831 0.20803259521094639 0.5354338962371722 0.28249095553021664 0.5927411425313569 0.3338829156214367 0.6688614777651083 0.2571553432155074 0.6157812440136831 0.20803259521094639
0 0.45410466590649945 0.08460574344355758 0.40613304675028505 0.14431333295324972 0.47018702394526796 0.19722875598631698 0.5198047160775371 0.1459746944127708 0.45410466590649945 0.08460574344355758
0 0.41652113454960094 0.15875860433295325 0.36701174686431015 0.16869585062713796 0.3951014629418472 0.2698549566704675 0.44278303876852904 0.25722704218928166 0.41652113454960094 0.15875860433295325