0 0.3333314971493729 0.6098088164196123 0.34062496579247437 0.547954724059293 0.2530131322690992 0.5342452816419613 0.24376964538198403 0.600016102622577 0.3333314971493729 0.6098088164196123
0 0.06671856214367161 0.4661443979475484 0.14000987457240593 0.4722524583808438 0.1389019521094641 0.4203967331812999 0.07206334207525655 0.40820879817559863 0.06671856214367161 0.4661443979475484
0 0.0002560877993158495 0.4721735974914481 0.02892899087799316 0.4762033112884835 0.03239527023945268 0.4515394481185861 0.003915035347776511 0.44613883124287346 0.0002560877993158495 0.4721735974914481
0 0.801142662485747 0.5064818517673888 0.793993007981756 0.5473959224629418 0.8349339281641962 0.5447666465222349 0.8379922098061574 0.5130586978335233 0.801142662485747 0.5064818517673888
0 0 0.5182488597491448 0.03217805245153934 0.5227711892816419 0.036414785632839224 0.4926252622576967 0.00505194298745724 0.48681952223489167 0 0.5141022075256556 0 0.5182488597491448
0 0.32502830444697833 0.7407083911060434 0.34159948118586086 0.6483959623717217 0.24903532155074115 0.6244097765108324 0.23044573546180158 0.7268176716077537 0.32502830444697833 0.7407083911060434
0 0.6840840729760548 0.18677438654503992 0.7195172383124288 0.18636423831242874 0.7183935895096921 0.17302806955530217 0.6843853819840364 0.1718428825541619 0.6840840729760548 0.18677438654503992
0 0.6847478403648803 0.14793250741163055 0.6842726259977194 0.1598463785632839 0.7169465792474344 0.16199272748004562 0.7168286294184721 0.1500444070695553 0.6847478403648803 0.14793250741163055
0 0.6846029783352336 0.1233544047890536 0.6858094789053593 0.13610105473204104 0.7148751938426454 0.13834619498289624 0.7180349475484606 0.1286509692132269 0.6846029783352336 0.1233544047890536
0 0.6864816681870012 0.10145429988597492 0.6848307263397947 0.11320135461801596 0.7179700558722918 0.11632510832383125 0.7187275062713797 0.10239180159635121 0.6864816681870012 0.10145429988597492
0 0 0.6107219064994299 0.027586200684150512 0.6130497742303306 0.02626855416191562 0.6010827434435576 0 0.5959137069555301 0 0.6107219064994299
0 0 0.6765168323831242 0.01376632953249715 0.6793750171037628 0.013246944127708096 0.6681386944127707 0 0.6644458209806157 0 0.6765168323831242
0 0 0.7095597115165336 0.009309745724059293 0.7110852576966933 0.00676727023945268 0.6971788905359179 0 0.6962278129988598 0 0.7095597115165336