0 0.28347981527936145 0.9425261014823261 0.04197181984036488 0.795749787913341 0.031975736602052454 0.8240874606613454 0.263902251995439 0.9754488141391107 0.28347981527936145 0.9425261014823261
0 0.28081962941847205 0.8908014834663626 0.0829107377423033 0.7637953409350057 0.06887463968072977 0.7855271254275941 0.26802110034207527 0.9095856659064995 0.28081962941847205 0.8908014834663626
0 0.6323213340935006 0.7917975176738883 0.6324324789053591 0.7514089315849487 0.5771304139110605 0.7557897571265679 0.5790787708095781 0.7971738141391106 0.6323213340935006 0.7917975176738883
0 0.6217557172177879 0.7167688825541619 0.6228054583808438 0.6906504127708096 0.5872050467502851 0.6888413238312429 0.5840722964652223 0.7153109942987457 0.6217557172177879 0.7167688825541619
0 0.6810698358038768 0.7207749794754845 0.6815466408209806 0.6934588278221209 0.6316792371721779 0.6925883888255416 0.6339086134549601 0.7179624116305587 0.6810698358038768 0.7207749794754845
0 0.2912896761687571 0.8012893272519954 0.1920288323831243 0.7383739669327253 0.17801187115165337 0.7589199669327252 0.28553210832383125 0.8249502611174457 0.2912896761687571 0.8012893272519954
0 0.3008711550741163 0.7967042873432155 0.30946222690992015 0.7808174275940707 0.20962691448118587 0.7167027947548461 0.20166212314709236 0.7308206282782213 0.3008711550741163 0.7967042873432155
0 0.15742788369441277 0.7134162964652224 0.1721330729760547 0.721394465222349 0.1825585245153934 0.7025688597491447 0.1737556738882554 0.6965674389965792 0.15742788369441277 0.7134162964652224
0 0.1940643614595211 0.7067218597491448 0.19312002166476627 0.7098808597491448 0.17918598631698973 0.7256760193842645 0.1891745473204105 0.7317903386545039 0.20257709806157354 0.7124228574686431 0.1940643614595211 0.7067218597491448
0 0.15021352223489168 0.7524947776510832 0.16438878791334094 0.7569006545039909 0.17535452565564424 0.7410536818700114 0.16239983922462942 0.7346734937286203 0.15021352223489168 0.7524947776510832
0 0.7749254047890537 0.4129364116305587 0.8332416476624858 0.4400895575826682 0.8400206545039909 0.4259525883694413 0.7847162576966933 0.39635632383124286 0.7749254047890537 0.4129364116305587
0 0.7358900022805017 0.5399651220068415 0.805858905359179 0.5459387206385404 0.8073364241733181 0.5293338529076397 0.737969062713797 0.5229191231470923 0.7358900022805017 0.5399651220068415