0 0.8517482246294185 0.4836937069555302 0.8863885963511973 0.4884269418472064 0.897467605473204 0.43828824743443556 0.8641668665906499 0.42744836488027366 0.8517482246294185 0.4836937069555302
0 1 0.8081800684150513 0.9970109623717217 0.8059667115165337 0.9782869532497149 0.8384379749144812 1 0.8523950501710377 1 0.8081800684150513
0 0.9776603112884835 0.9204648380843785 0.9968555541619155 0.8923847058152794 0.8779523340935006 0.8034750456100341 0.8573504663625997 0.8338626168757126 0.9776603112884835 0.9204648380843785
0 0.04273146066134549 0.18182949828962372 0.05311380273660205 0.2167398015963512 0.08899979019384266 0.208003669327252 0.0776832748004561 0.16779540820980618 0.04273146066134549 0.18182949828962372
0 0 0.33036595210946407 0.01982926567844926 0.3189806830102623 0.004317581527936146 0.29092775940706955 0 0.29288888711516536 0 0.33036595210946407
0 0.07414218129988598 0.305188244013683 0.06847690992018245 0.2730588905359179 0.03495792702394527 0.2746853603192702 0.04135577765108324 0.3109693717217788 0.07414218129988598 0.305188244013683
0 0.5049456966932725 0.8791354834663625 0.5361002896237173 0.8983375815279361 0.5434778551881414 0.8819782576966932 0.5120047023945268 0.8643887890535918 0.5049456966932725 0.8791354834663625
0 0.4943262337514253 0.9044992417331814 0.5230357263397948 0.923529566704675 0.5308254344355758 0.9095076225769669 0.5021232679589509 0.8905188449258836 0.4943262337514253 0.9044992417331814
0 0.6654923204104902 0.9303331003420752 0.6127481391106043 0.9119280410490308 0.605645992018244 0.9264300718358038 0.6546351117445839 0.9509202611174459 0.6654923204104902 0.9303331003420752
0 0.11557415393386544 0.8893670832383124 0.1149025393386545 0.9232151231470924 0.15254092702394526 0.9244083511972635 0.14850732269099204 0.8878375621436716 0.11557415393386544 0.8893670832383124
0 0.1696468529076397 0.21004610832383125 0.2250989566704675 0.19243851539338652 0.21528320296465223 0.177855834663626 0.16738074458380844 0.19719436716077537 0.1696468529076397 0.21004610832383125
0 0.2204529315849487 0.04284290763968073 0.2239310307867731 0.05230138768529076 0.2953147537058153 0.056580112884834666 0.2950998198403649 0.029680647662485748 0.2204529315849487 0.04284290763968073
0 0.9611899771949829 0.2433425598631699 0.9584088928164196 0.2275702485746864 0.9124506852907639 0.23567392018244013 0.9160745530216647 0.24938735575826684 0.9611899771949829 0.2433425598631699