0 0.6794066488027367 0.39548686545039907 0.672117125427594 0.45393777765108323 0.7221823477765108 0.45881406271379704 0.7248689612314708 0.4048516864310148 0.6794066488027367 0.39548686545039907
0 0.8221224070695553 0.370175661345496 0.893132779931585 0.3812025245153934 0.9010688791334093 0.3374237776510833 0.8247116168757127 0.3323273660205245 0.8221224070695553 0.370175661345496
0 0.6194248597491447 0.2650342234891676 0.6551958996579248 0.2702219885974914 0.668948510832383 0.2079401368301026 0.6279559384264538 0.20986054846066132 0.6194248597491447 0.2650342234891676
0 0.6437513797035348 0.059089786773090076 0.716161189281642 0.06639058266818701 0.723037496009122 0.035249657924743445 0.6437277457240592 0.030463565564424172 0.6437513797035348 0.059089786773090076
0 0.15137660661345495 0.3901659475484607 0.15735060661345496 0.4072428563283923 0.2467312246294185 0.40560198631698974 0.2507140193842645 0.3866930228050171 0.15137660661345495 0.3901659475484607
0 0.25602849486887114 0.38613444925883694 0.28953030444697836 0.38678769783352335 0.29551197263397944 0.33009405701254274 0.2594621459521095 0.3279191254275941 0.25602849486887114 0.38613444925883694
0 0.28932395553021667 0.46434821322690994 0.3402322485746865 0.46019000684150513 0.3410234047890536 0.40523438084378566 0.29701488939566706 0.406876330672748 0.28932395553021667 0.46434821322690994
0 0.3360482029646522 0.9628622998859749 0.332478755986317 0.994224401368301 0.3745592383124287 0.9969595267958951 0.37739482212086656 0.961470275940707 0.3360482029646522 0.9628622998859749
0 0.38794255758266816 0.9198035450399087 0.4402444150513113 0.9232538506271379 0.445755251995439 0.8904669521094641 0.39789547776510836 0.8895332953249716 0.38794255758266816 0.9198035450399087
0 0.6100137890535917 0.4850686316989738 0.6025727742303306 0.536397929304447 0.6408296043329532 0.5425153272519954 0.6454426955530216 0.4841760376282782 0.6100137890535917 0.4850686316989738
0 0.2541288141391106 0.8480430912200684 0.24461838654503992 0.8853635222348917 0.2877217685290764 0.8921655667046751 0.2898444458380844 0.8555587753705816 0.2541288141391106 0.8480430912200684
0 0.11139970125427594 0.8022238437856328 0.10393362257696694 0.8589949475484606 0.1460125496009122 0.8617302348916762 0.15587960889395666 0.8022417126567845 0.11139970125427594 0.8022238437856328
0 0.09532926567844925 0.9219768677309008 0.08877279475484606 0.9590009657924744 0.14073363740022804 0.9648720535917903 0.15233684834663624 0.9219019179019384 0.09532926567844925 0.9219768677309008
0 0.8774672884834663 0.9336837525655644 0.8811749635119727 0.949078969213227 0.9537116636259977 0.9462265051311288 0.9512005393386544 0.9280000809578107 0.8774672884834663 0.9336837525655644
0 0.7830886647662486 0.24306101368301028 0.8007091083238312 0.2459804811858609 0.8066835530216647 0.22328477765108323 0.7933190011402509 0.22111046750285063 0.7830886647662486 0.24306101368301028
0 0.814358464082098 0.22247811174458382 0.8110575564424173 0.24787477537058153 0.8261936009122006 0.24986289395667047 0.8323849315849486 0.22356541391106044 0.814358464082098 0.22247811174458382