0 0.7956309384264538 0.052855139110604334 0.7638484720638541 0.04162334777651083 0.7362474025085519 0.09443593956670467 0.7677910136830103 0.10703134435575827 0.7956309384264538 0.052855139110604334
0 0.3972668038768529 0.8041833580387686 0.34460631584948687 0.7118962884834663 0.2992663238312429 0.737664558722919 0.354173976054732 0.8331609144811859 0.3972668038768529 0.8041833580387686
0 0 0.5578668312428734 0.00775378677309008 0.5638723945267959 0.04739351311288483 0.5145898620296465 0.009990958950969214 0.4953336818700114 0 0.5148554355758267 0 0.5578668312428734
0 0.03603771265678449 0.8023871094640821 0.07030458950969214 0.7915478164196124 0.05545075712656784 0.7481323352337514 0.02543754732041049 0.7667550786773091 0.03603771265678449 0.8023871094640821
0 0 0.7400620706955531 0.012513185860889396 0.7363409144811859 0 0.706089818700114 0 0.7400620706955531
0 0.0477456031927024 0.7439606590649943 0.031366602052451543 0.6932412462941847 0.012828997719498289 0.7026336659064994 0.02286799771949829 0.7494205302166477 0.0477456031927024 0.7439606590649943
0 0.9016794275940707 0.8396658757126568 0.9090472462941847 0.7340485313568986 0.8935571003420753 0.7341302508551881 0.886830629418472 0.8440826351197264 0.9016794275940707 0.8396658757126568
0 0.4770192063854048 0.6550572827822121 0.4600120011402508 0.6956678540478906 0.5096938768529077 0.7170892098061574 0.5283066271379704 0.6753544218928165 0.4770192063854048 0.6550572827822121
0 0.6517455929304447 0.14284149258836945 0.6788653318129989 0.09275866476624858 0.6612065895096921 0.08120421892816419 0.6388231140250855 0.13634254389965791 0.6517455929304447 0.14284149258836945
0 0.6267844583808438 0.13281248688711517 0.6477244823261117 0.0858603762827822 0.6368886111744584 0.07550898631698973 0.6079226602052452 0.1280809110604333 0.6267844583808438 0.13281248688711517
0 0.29134248574686433 0.7347600980615735 0.3923105541619156 0.6922725381984036 0.3560364435575827 0.6243796602052452 0.25826435119726343 0.6704453055872293 0.29134248574686433 0.7347600980615735
0 0.4010543033067275 0.9060400456100343 0.466554078677309 0.8663405256556442 0.4244611687571266 0.794708542759407 0.3603058677309008 0.8259013557582667 0.4010543033067275 0.9060400456100343
0 0.4617330433295325 0.8492134754846066 0.5116553865450398 0.8568087251995439 0.5198581402508552 0.7521430114025085 0.4707331140250855 0.7477013101482326 0.4617330433295325 0.8492134754846066
0 0.8652795724059293 0.9444844116305586 0.9129657183580387 0.9613334994298746 0.9179673797035348 0.9450340923603192 0.8719854287343216 0.9269782246294185 0.8652795724059293 0.9444844116305586