0 0.435769740022805 0.6619677582668186 0.508914078677309 0.6561262257696693 0.5148678221208666 0.6212263808437856 0.4405982565564424 0.6234899179019384 0.435769740022805 0.6619677582668186
0 0.417959582668187 0.5596147776510833 0.483334590649943 0.5566037069555302 0.4833931334093501 0.519228724059293 0.41617502850627136 0.5257675393386545 0.417959582668187 0.5596147776510833
0 0.33222259179019387 0.572356338654504 0.3316221470923603 0.6067557856328392 0.42300555074116303 0.5936423979475485 0.4204361744583809 0.5537258517673889 0.33222259179019387 0.572356338654504
0 0.013825616875712658 0.4078041710376282 0.016203833523375143 0.4416617696693273 0.0702913181299886 0.4389115575826682 0.06974349372862029 0.4022542269099202 0.013825616875712658 0.4078041710376282
0 0.04584144127708096 0.3086947035347777 0.03508669327251995 0.34647526111744587 0.07086009578107183 0.3552946864310148 0.08012876054732042 0.31759914367160774 0.04584144127708096 0.3086947035347777
0 0.33826156556442416 0.2604048460661345 0.3590157457240593 0.3301792462941847 0.3955741858608894 0.32804507867730903 0.3847223112884835 0.2523160285062714 0.33826156556442416 0.2604048460661345
0 0.6092514025085519 0.24911692702394528 0.6047370353477765 0.3036183158494869 0.6480204709236032 0.30754150171037625 0.6513199771949829 0.2545972725199544 0.6092514025085519 0.24911692702394528
0 0.710141590649943 0.5249665917901938 0.7042380706955531 0.5568996738882553 0.7655775929304447 0.5640337833523374 0.7752785096921323 0.535595630558723 0.710141590649943 0.5249665917901938
0 0.6077665735461802 0.5724199418472063 0.6041460741163055 0.6097327502850628 0.6382587286202965 0.6116330752565564 0.643916125427594 0.5766108517673888 0.6077665735461802 0.5724199418472063
0 0.7226195427594071 0.7286747628278222 0.7088757719498289 0.7675908278221208 0.8203756499429874 0.792743725199544 0.8284394618015964 0.7560319908779932 0.7226195427594071 0.7286747628278222
0 0.9346479407069556 0.8973024127708096 0.9929266864310148 0.9095932656784492 0.9918323751425314 0.8532124549600912 0.9516705541619157 0.8406471197263398 0.9346479407069556 0.8973024127708096
0 0.8073014880273661 0.5041184652223489 0.7954127388825541 0.5389131516533637 0.8522826271379703 0.5468646921322691 0.8588893135689852 0.5085788517673888 0.8073014880273661 0.5041184652223489
0 0.9037299452679589 0.5591957001140251 0.8983507537058153 0.5952901299885974 0.9546789578107184 0.6002536362599773 0.9576510136830103 0.5660690490307868 0.9037299452679589 0.5591957001140251
0 0.7576243911060434 0.6284297890535918 0.7463070148232611 0.6644221299885975 0.7797279486887115 0.6719299863169897 0.791349109464082 0.6355444503990878 0.7576243911060434 0.6284297890535918
0 0.872818622576967 0.663070481185861 0.8675326100342076 0.6938266624857469 0.9183043021664766 0.6939221391106043 0.9263220000000001 0.6598521904218928 0.872818622576967 0.663070481185861
0 0.4048035917901938 0.3606408061573546 0.4044929931584949 0.3784349703534778 0.48187738312428735 0.36791828734321547 0.4785535153933866 0.35421600342075255 0.4048035917901938 0.3606408061573546
0 0.17072209236031927 0.740991574686431 0.15791874914481185 0.7941621619156215 0.19403247776510832 0.8004949600912201 0.2038961071835804 0.7457243865450398 0.17072209236031927 0.740991574686431
0 0.36575135575826684 0.7948238152793614 0.36164071151653365 0.8261959156214367 0.4001447844925884 0.8316703021664766 0.40257017331812994 0.7948726510832382 0.36575135575826684 0.7948238152793614
0 0.42709373774230336 0.954889078677309 0.43879429076396803 0.9990078141391107 0.46610263055872286 0.9994844834663626 0.4628064903078677 0.9501725724059292 0.42709373774230336 0.954889078677309
0 0.6461927594070696 0.7184409350057013 0.6378628141391106 0.7532993044469783 0.665052322690992 0.7606733876852907 0.672781637400228 0.7260248802736603 0.6461927594070696 0.7184409350057013
0 0.8090638415051311 0.13098457924743442 0.8058263683010263 0.14635385632839223 0.8334443352337515 0.14619208209806156 0.8386743386545039 0.1356551904218928 0.8090638415051311 0.13098457924743442
0 0.7510197787913342 0.12225930444697834 0.835226283922463 0.1290674481185861 0.8337144549600913 0.113616834663626 0.757246220068415 0.10575764652223489 0.7510197787913342 0.12225930444697834
0 0.298126488027366 0.0081597251995439 0.2959329863169897 0.03185161345496009 0.33487859977194984 0.028951179019384266 0.3320065051311289 0.00637730330672748 0.298126488027366 0.0081597251995439
0 0.17644884834663627 0.5150586727480045 0.24940688369441277 0.5198905142531357 0.24967605929304446 0.5044694264538199 0.17724959293044468 0.5032052177879133 0.17644884834663627 0.5150586727480045
0 0.0014998700114025084 0.4811533523375143 0.0012306932725199545 0.49657444127708095 0.026554269099201826 0.4950864846066135 0.0291436818700114 0.48282355872291904 0.0014998700114025084 0.4811533523375143
0 0.06194704903078677 0.5427223660205245 0.11159706157354618 0.5560471573546181 0.12649865564424173 0.5189312611174458 0.07570274686431015 0.5032126681870012 0.06194704903078677 0.5427223660205245
0 0 0.6339531151653365 0.02399462827822121 0.6417282098061574 0.027815400228050173 0.6269629543899657 0 0.6166956898517674 0 0.6339531151653365
0 0 0.6656375347776512 0.017231494868871152 0.6719663443557583 0.01954913797035348 0.6582625188141391 0.00011367160775370582 0.6490234777651083 0 0.6500202713797035 0 0.6656375347776512
0 0.17057431584948687 0.9195630684150513 0.16494309692132267 0.9360751163055872 0.2441185222348917 0.9419343740022805 0.2446901721778791 0.9261950775370582 0.17057431584948687 0.9195630684150513
0 0.17219800798175597 0.8946735518814138 0.16720028050171037 0.9088244218928165 0.20371489737742302 0.909200810718358 0.20132874914481186 0.8928082314709237 0.17219800798175597 0.8946735518814138
0 0.5896064389965792 0.5240487605473204 0.6347054310148232 0.5260220843785632 0.6420913397947549 0.44309460661345496 0.594671055872292 0.4381131242873432 0.5896064389965792 0.5240487605473204