0 0.41638708095781074 0.5695747879133409 0.4392093603192702 0.5642894732041049 0.41378620752565565 0.47434301596351197 0.38954383238312423 0.47960354275940703 0.41638708095781074 0.5695747879133409
0 0.4625360387685291 0.6115787822120867 0.47835698859749143 0.6004891448118586 0.4718994846066134 0.5634395530216647 0.4489780535917902 0.574405251995439 0.4625360387685291 0.6115787822120867
0 0.42147955302166473 0.6847374526795894 0.4344107354618016 0.676438432155074 0.42371773090079823 0.6378943808437856 0.4036364914481186 0.6489096545039909 0.42147955302166473 0.6847374526795894
0 0.5584000729760548 0.735430078677309 0.5715047708095781 0.7171903842645382 0.5226147993158494 0.6694548665906499 0.5052993888255416 0.6847800045610034 0.5584000729760548 0.735430078677309
0 0.5873257217787913 0.7061007468643101 0.6032706111744583 0.6879106282782212 0.5781272029646523 0.6633196316989738 0.5621327103762828 0.6843515051311289 0.5873257217787913 0.7061007468643101
0 0.6488989692132269 0.7597397673888255 0.6597816624857469 0.7059449407069555 0.641318850627138 0.7056226716077537 0.6305353078677309 0.7537371128848347 0.6488989692132269 0.7597397673888255
0 0.6533646111744584 0.8294314435575827 0.6598894287343215 0.7812426647662486 0.6443163842645382 0.778129778791334 0.6363466830102623 0.8277138654503992 0.6533646111744584 0.8294314435575827
0 0.7867260102622576 0.9212619692132269 0.7811609783352337 0.8330826659064995 0.7484212770809578 0.8367727787913342 0.752516637400228 0.9277674868871152 0.7867260102622576 0.9212619692132269
0 0.665088614595211 0.33986617901938426 0.6661788255416191 0.38278393044469783 0.7238174663625998 0.38716084150513114 0.7221226921322691 0.33841133979475485 0.665088614595211 0.33986617901938426
0 0.6591680262257698 0.25764251539338656 0.6645403717217788 0.336179488027366 0.6957506385404789 0.33917620068415055 0.6898300501710376 0.25695253591790196 0.6591680262257698 0.25764251539338656
0 0.4197160342075256 0.4602412337514253 0.4411182166476625 0.4549311322690992 0.42613308437856323 0.33675473204104905 0.4018411607753706 0.34485388711516535 0.4197160342075256 0.4602412337514253