0 0.46133731698973773 0.7943896294184721 0.40649786659064996 0.7806515290763968 0.37517320524515396 0.8661216442417331 0.43371684606613453 0.8783957651083237 0.46133731698973773 0.7943896294184721
0 0.9657710011402508 0.5142864811858608 0.9384345803876852 0.49282227708095777 0.9041503740022805 0.5303520239452679 0.9336736978335233 0.5472394127708096 0.9657710011402508 0.5142864811858608
0 0.8618734766248575 0.4479788962371722 0.8150023671607753 0.49990389965792476 0.8440376989737742 0.5155565587229191 0.8851241721778792 0.4723637445838085 0.8618734766248575 0.4479788962371722
0 0.4873925062713797 0.39435385632839226 0.45833687685290764 0.4198262348916762 0.48291986088939565 0.4386639030786773 0.5071695598631699 0.4187328095781072 0.4873925062713797 0.39435385632839226
0 0.45866753021664763 0.375153810718358 0.4394377263397948 0.34962913112884836 0.40973743785632843 0.3756395575826682 0.42858288141391104 0.39874496921322694 0.45866753021664763 0.375153810718358
0 0.864352850627138 0.031218462941847207 0.8468979213226909 0.0467374709236032 0.8795282622576966 0.07581704903078677 0.9247020148232611 0.036498330672748006 0.864352850627138 0.031218462941847207
0 0.11018624857468644 0.23559278107183582 0.06910375712656784 0.2349786180159635 0.05199246180159635 0.29427541391106044 0.09803754846066136 0.299497441277081 0.11018624857468644 0.23559278107183582
0 0.2168512029646522 0.3724741824401368 0.1857961151653364 0.37988951995438996 0.18771446750285062 0.40568612884834665 0.2180401037628278 0.4023775302166476 0.2168512029646522 0.3724741824401368
0 0.07124768643101483 0.46940284264538196 0.05555532497149373 0.47160604675028506 0.05693291448118586 0.5444407696693273 0.07314345724059293 0.5461570171037629 0.07124768643101483 0.46940284264538196
0 0 0.7066800969213227 0.008132981755986316 0.7067599361459521 0.016217251995438997 0.6827324697833523 0 0.6795182793614596 0 0.7066800969213227
0 0 0.6317740570125427 0.040848900798175596 0.6291597742303306 0.038054387685290764 0.5898745370581528 0 0.5894697662485746 0 0.6317740570125427
0 0.5838045484606613 1 0.5814565165336374 0.9819176202964652 0.5125366898517674 0.9860202234891676 0.5116705233751425 1 0.5838045484606613 1
0 0.6692109475484607 1 0.6689982189281642 0.9830203283922463 0.5966831391106043 0.9850378312428735 0.5960816271379704 1 0.6692109475484607 1
0 0.860151725199544 0.9037851904218928 0.8557950992018244 0.871813511972634 0.8005565381984037 0.8830748187001141 0.8034493204104903 0.9113407525655645 0.860151725199544 0.9037851904218928