0 0 0.4396414675028506 0.030417423033067274 0.4448431949828962 0.047214011402508554 0.3874710034207526 0 0.3729870718358039 0 0.4396414675028506
0 0.19574446522234892 0.6036851584948688 0.2688084127708096 0.608949881413911 0.2751774994298746 0.566029062713797 0.20212391448118586 0.561358 0.19574446522234892 0.6036851584948688
0 0.4384843876852908 0.33723630558722917 0.49028144241733185 0.3476276545039909 0.5057869521094641 0.2843317810718358 0.45711077423033064 0.27358747434435576 0.4384843876852908 0.33723630558722917
0 0.4731446875712657 0.5554380706955531 0.5077397035347776 0.5661312451539339 0.5182923956670468 0.5249204868871152 0.48805692474344353 0.5174220262257696 0.4731446875712657 0.5554380706955531
0 0.5463879885974915 0.5030252542759407 0.5762368517673888 0.5138012725199544 0.5936374618015964 0.45701237970353475 0.5615830478905359 0.4483548608893957 0.5463879885974915 0.5030252542759407
0 0.44596500684150514 0.7658007103762827 0.47515227936145954 0.7724267069555303 0.4863697160775371 0.7353674789053591 0.45259668187001145 0.7285230444697833 0.44596500684150514 0.7658007103762827
0 0.6691627092360319 0.3653162531356899 0.7008029407069556 0.37665640706955533 0.709586606613455 0.3360719304446978 0.6769887331812998 0.3321808734321551 0.6691627092360319 0.3653162531356899
0 0.7834545849486887 0.48937329190421897 0.8157196180159636 0.5024871858608894 0.8366567194982896 0.444445755986317 0.8003756567844925 0.43913282668187 0.7834545849486887 0.48937329190421897
0 0.6977184025085519 0.47184348802736603 0.7519269407069555 0.4845727936145952 0.7655190148232611 0.4474721163055872 0.7089242508551882 0.42883824287343214 0.6977184025085519 0.47184348802736603
0 0.601751944127708 0.2761166476624858 0.6135415815279361 0.2717492873432155 0.6123891801596351 0.23965982440136832 0.5926266442417332 0.2391140205245154 0.601751944127708 0.2761166476624858
0 0.5421058369441277 0.39369583580387685 0.557556503990878 0.3952107901938427 0.5812943523375143 0.327608086659065 0.5709338483466363 0.3215457913340935 0.5421058369441277 0.39369583580387685
0 0.7590194834663626 0.14315638768529076 0.8144879863169897 0.16002683580387686 0.8273826123147092 0.11699055074116306 0.7716648004561004 0.09863985290763967 0.7590194834663626 0.14315638768529076
0 0.7270005256556443 0.21209288255416192 0.7121604663625999 0.2456491755986317 0.7646430171037628 0.26138093728620293 0.777099637400228 0.22727240706955532 0.7270005256556443 0.21209288255416192
0 0.875480606613455 0.6292791505131129 0.8879764367160775 0.6314379589509692 0.9041897274800456 0.5746697890535918 0.8893853169897377 0.5737405199543899 0.875480606613455 0.6292791505131129
0 0.8932923990877992 0.6301574868871151 0.9094316328392247 0.6370096750285063 0.926351141391106 0.5867692360319271 0.9125877183580388 0.5777940125427594 0.8932923990877992 0.6301574868871151
0 0.8213290125427595 0.9257334389965793 0.8517419566704676 0.9347149657924744 0.8741991151653364 0.8617838015963513 0.8399571984036488 0.8510860262257696 0.8213290125427595 0.9257334389965793
0 0.858171030786773 0.9292519304446978 0.8887826944127707 0.9495285838084379 0.9116133614595211 0.8979957229190422 0.8751405336374002 0.8790106202964653 0.858171030786773 0.9292519304446978
0 0.8239057787913341 0.9714719977194983 0.8460879179019384 0.9847587639680729 0.8571512896237172 0.9387836795895096 0.8386272633979475 0.927809984036488 0.8239057787913341 0.9714719977194983
0 0.8462124572405929 0.991893614595211 0.8628296647662486 0.992197401368301 0.8858574618015963 0.9519581322690992 0.8636697753705815 0.9353990877993159 0.8462124572405929 0.991893614595211
0 0.544094779931585 0.9834900148232611 0.6006141653363739 0.992612818700114 0.6047362223489168 0.9568651220068415 0.5489049361459521 0.9453533831242874 0.544094779931585 0.9834900148232611
0 0.9379830501710377 0.19949162257696693 0.9528312303306727 0.20042169099201826 0.9600134218928165 0.1699729566704675 0.9481175245153933 0.1669097890535918 0.9379830501710377 0.19949162257696693