0 0.8555950022805017 0.9532244846066135 0.8822566750285062 0.926766449258837 0.8108295815279362 0.8678996818700113 0.791156945267959 0.8960396716077537 0.8555950022805017 0.9532244846066135
0 0.8397340068415051 1 0.818892993158495 0.9786303819840364 0.8094128494868871 1 0.8397340068415051 1
0 0.3399879384264538 0.8602146659064994 0.3583192269099202 0.8107850262257696 0.30004333067274797 0.791520818700114 0.2832474059293044 0.8462383523375142 0.3399879384264538 0.8602146659064994
0 0.8234175575826682 0.6345276716077537 0.8591185131128849 0.5731890433295326 0.8267322326111745 0.5518682075256557 0.7885938301026225 0.6136765017103764 0.8234175575826682 0.6345276716077537
0 0.6320008654503991 0.609632802736602 0.6733703557582668 0.642048732041049 0.7016478939566705 0.6002317115165337 0.6523839874572406 0.5634023511972633 0.6320008654503991 0.609632802736602
0 0.7047256841505132 0.36645873318129984 0.7116816020524516 0.33434427366020525 0.6640996670467503 0.3156085952109464 0.6577906294184721 0.35007386316989736 0.7047256841505132 0.36645873318129984
0 0.29698772177879135 0.22984481299885975 0.3251366659064994 0.16651525199543898 0.26325565564424175 0.1361241904218928 0.23578396579247432 0.20721078677309007 0.29698772177879135 0.22984481299885975
0 0 0.5310464503990878 0.026085386545039908 0.5465455404789054 0.050258193842645384 0.4983253181299886 0.0004985496009122007 0.46905272405929305 0 0.4737961060433295 0 0.5310464503990878
0 0.12245504218928165 0.7543431870011403 0.13926341847206386 0.7023622588369441 0.09913990193842646 0.6921733295324972 0.08426678791334093 0.7456224047890536 0.12245504218928165 0.7543431870011403
0 0.21295712542759407 0.7566895210946408 0.21227134777651083 0.7404931755986317 0.15402876624857467 0.7266072246294185 0.15307457354618015 0.7385259007981756 0.21295712542759407 0.7566895210946408
0 0.18973078107183577 0.1881157502850627 0.1983976818700114 0.15677814253135688 0.13188651767388826 0.13067816761687573 0.12212383352337515 0.16392104675028507 0.18973078107183577 0.1881157502850627
0 0.1627092257696693 0.07599106043329533 0.180852834663626 0.039677718358038766 0.12148986545039908 0.01373045724059293 0.11058672291904219 0.054983946408209805 0.1627092257696693 0.07599106043329533
0 0.08357855530216649 0.2892284150513113 0.022831546180159635 0.2565684583808438 0.01879625769669327 0.2949616659064994 0.06620604218928164 0.3210304583808438 0.08357855530216649 0.2892284150513113
0 0.838002094640821 0.46168343671607753 0.8509886681870011 0.4290087833523375 0.8149048084378563 0.4144667058152794 0.8049309441277082 0.4497188301026226 0.838002094640821 0.46168343671607753
0 0.9008822120866591 0.5166652075256556 0.9259574538198404 0.47689969441277086 0.8917056932725199 0.4506066248574686 0.8648891288483466 0.4927390228050171 0.9008822120866591 0.5166652075256556
0 1 0.4348229737742303 0.9747435028506272 0.4217109578107184 0.9710803762827822 0.4707639623717218 1 0.480320921322691 1 0.4348229737742303
0 0.8706455336374003 0.548720842645382 0.891900622576967 0.5169152462941847 0.8741842451539339 0.5037066476624857 0.8560995929304447 0.539429165336374 0.8706455336374003 0.548720842645382
0 0.9606931767388825 0.8848465929304447 0.9647724458380844 0.8494431106043329 0.9388982645381984 0.8138780672748005 0.9164319726339795 0.8401816077537059 0.9606931767388825 0.8848465929304447
0 0.3411209908779932 0.7301487126567845 0.3522134982896237 0.6984690262257697 0.32467677993158495 0.6878103911060433 0.3164746944127708 0.7203908928164197 0.3411209908779932 0.7301487126567845