0 0.5495046009122007 0.37702999429874573 0.5208107913340935 0.37696389737742303 0.5240462896237172 0.4130589498289624 0.5579670045610035 0.4118850535917902 0.5495046009122007 0.37702999429874573
0 0.5106934960091221 0.21668972633979475 0.47743446522234895 0.2183805860889396 0.4806112645381984 0.2819988825541619 0.5132814606613455 0.28157674116305587 0.5106934960091221 0.21668972633979475
0 0.4796499327251995 0 0.45163961915621437 0.0034392337514253133 0.4550774047890536 0.07037545610034208 0.5114430912200685 0.06704387343215508 0.5071944891676169 0 0.4796499327251995 0
0 0.09403353135689851 0.2887864503990878 0.09850940136830103 0.3301115108323831 0.1433904481185861 0.33058289965792476 0.1376740148232611 0.28402628164196125 0.09403353135689851 0.2887864503990878
0 0.08636992588369441 0.18743369099201823 0.09598335005701254 0.2706007742303307 0.13498625199543898 0.26700823831242876 0.12683936488027367 0.18605392246294183 0.08636992588369441 0.18743369099201823
0 0.10648658608893956 0.13710695895096922 0.06895003192702394 0.14291071151653365 0.07224852337514254 0.18228817787913343 0.1077206031927024 0.18122290307867733 0.10648658608893956 0.13710695895096922
0 0.07837092702394527 0.04927086659064994 0.027149343215507413 0.05556008551881413 0.030743977194982897 0.13623585632839225 0.08353490649942988 0.13513782554161916 0.07837092702394527 0.04927086659064994
0 0.1649996567844926 0.8764903865450399 0.11945692588369441 0.875502031927024 0.12666576282782213 0.9320465336374002 0.1699627080957811 0.931514433295325 0.1649996567844926 0.8764903865450399
0 0.23136062029646523 0.6284589190421892 0.27050843215507414 0.6260465815279362 0.26625834435575824 0.5817011801596351 0.22865219156214367 0.5875150535917902 0.23136062029646523 0.6284589190421892
0 0.33493872177879136 0.3866255210946408 0.302205740022805 0.3828694834663626 0.3038007742303307 0.41856617445838085 0.3392803181299886 0.4219849771949829 0.33493872177879136 0.3866255210946408
0 0.8689152371721779 0.831936622576967 0.8340449475484606 0.8302360661345496 0.8403088529076397 0.875828149372862 0.8736097377423033 0.875029464082098 0.8689152371721779 0.831936622576967
0 0.9050558722919042 0.8245080661345496 0.9126834481185861 0.8720264424173318 0.9433710136830102 0.868855118586089 0.9383888152793615 0.8234063397947547 0.9050558722919042 0.8245080661345496
0 0.8661296408209805 0.6486269258836944 0.8130692736602052 0.6545437115165337 0.8139839942987457 0.6906230387685292 0.8706883158494869 0.6857543557582668 0.8661296408209805 0.6486269258836944
0 0.8863794196123147 0 0.8930693785632839 0.050098079817559864 0.9271067069555302 0.05010471037628278 0.9249799144811859 0 0.8863794196123147 0
0 0.5994827525655644 0.6526530171037629 0.6053630547320411 0.6908130148232612 0.621116322690992 0.687683913340935 0.6168470877993157 0.6529137810718357 0.5994827525655644 0.6526530171037629
0 0.20131202280501712 0.28638206955530215 0.1865205131128848 0.2876000296465222 0.18781784378563285 0.32064133523375143 0.20550889851767387 0.32056287685290763 0.20131202280501712 0.28638206955530215
0 0.147600417331813 0.2869949361459521 0.15119752337514253 0.3260350581527936 0.16827241847206384 0.3239385245153934 0.16393082326111746 0.2885790684150513 0.147600417331813 0.2869949361459521
0 0.3192562588369441 0.14208899429874572 0.3043302839224629 0.13733980045610034 0.3050989988597491 0.19228221322690991 0.320552 0.19157966704675028 0.3192562588369441 0.14208899429874572