0 0.21133268757126566 0.20472771721778793 0.16834028620296465 0.21775822805017103 0.18493967958950971 0.24616511744583808 0.21477321094640822 0.23917790649942988 0.21133268757126566 0.20472771721778793
0 0 0.3680010228050171 0.021410068415051314 0.3683553762827822 0.02832912542759407 0.34782229076396803 0.06679175598631698 0.3424167206385405 0.07060478905359178 0.30974149372862025 0 0.31166152451539336 0 0.3680010228050171
0 0.24563686202964652 0.28933470125427596 0.20225757696693272 0.2996236248574687 0.21237386887115164 0.33173761459521095 0.24946250285062713 0.3265251470923603 0.24563686202964652 0.28933470125427596
0 0.7101884378563283 0.12623496807297604 0.7081083272519954 0.17124058038768528 0.7457747468643101 0.17013927137970353 0.7503844264538198 0.13316287685290765 0.7101884378563283 0.12623496807297604
0 0.7927263010262258 0.7434199441277081 0.7724557035347777 0.7686254264538199 0.8071035370581527 0.7958937537058153 0.830533221208666 0.7632575450399087 0.7927263010262258 0.7434199441277081
0 0.7322859076396807 0.7519142873432154 0.7423882633979476 0.714164369441277 0.6755669030786773 0.6872253751425313 0.6666445484606615 0.7234130513112885 0.7322859076396807 0.7519142873432154
0 0.7277248962371722 0.3207893158494869 0.7364550182440136 0.2832338301026226 0.6938979201824402 0.27943371379703535 0.6837955644241733 0.3171836316989738 0.7277248962371722 0.3207893158494869
0 0.7151452748004561 0.48045327480045613 0.7128862998859749 0.44444062827822123 0.6750274298745724 0.44417258152793615 0.6725879589509692 0.47665161117445837 0.7151452748004561 0.48045327480045613
0 0.7164948985176739 0.7890657137970354 0.7249804025085519 0.7697088802736601 0.6610979395667046 0.7437532519954391 0.6502757514253136 0.7564533181299886 0.7164948985176739 0.7890657137970354
0 0.45444564538198406 0.47936411402508555 0.4516732234891676 0.4895348791334094 0.5018432394526796 0.5076365393386545 0.5105225233751425 0.48964729646522237 0.45444564538198406 0.47936411402508555
0 0.5806317856328392 0.7592559737742303 0.587139315849487 0.7457643124287343 0.5379581790193843 0.7247292930444698 0.5288937765108324 0.7399782782212087 0.5806317856328392 0.7592559737742303
0 0.5208697673888256 0.7327212542759407 0.5283679407069556 0.7162975632839225 0.4726775096921323 0.708752874572406 0.4692999965792474 0.7245990216647662 0.5208697673888256 0.7327212542759407
0 0.4116838939566705 0.8528627628278221 0.38269564652223487 0.8359781402508552 0.37028236602052456 0.8572849657924744 0.3965228358038768 0.8745573409350057 0.4116838939566705 0.8528627628278221
0 0.6704836921322691 0.8304643124287343 0.6773783204104903 0.8197157856328393 0.6474254059293045 0.7959784150513113 0.636603 0.8086769350057013 0.6704836921322691 0.8304643124287343
0 0.6899336488027367 0.8193476522234892 0.6989953922462941 0.8041021961231472 0.6696233568985177 0.784475550741163 0.6599807343215507 0.7956102816419612 0.6899336488027367 0.8193476522234892
0 0.267026401368301 0.6608042189281642 0.2657045712656784 0.6414293135689851 0.22586794412770808 0.6470279874572405 0.2309266465222349 0.6630833261117446 0.267026401368301 0.6608042189281642