0 0.9462063363740022 0.22159058038768528 0.9430773797035348 0.18665304446978334 0.9053594561003421 0.19142467274800457 0.9095542348916762 0.225500496009122 0.9462063363740022 0.22159058038768528
0 0.7871155199543899 0.029381770809578107 0.7878209726339794 0.014858229190421892 0.7048209144811858 0.018393638540478905 0.7045283021664765 0.035523750285062716 0.7871155199543899 0.029381770809578107
0 0.9314854104903079 0.041349372862029644 0.9286089714937287 0.023188254275940706 0.8850266499429874 0.028888712656784495 0.885426709236032 0.044698905359179024 0.9314854104903079 0.041349372862029644
0 0.5283159270239453 0.09199247548460662 0.5270890741163056 0.11080507525655645 0.5939120535917901 0.10382509806157354 0.5915228175598631 0.08494453021664766 0.5283159270239453 0.09199247548460662
0 0.2541126727480046 0.05734828848346636 0.2592437765108324 0.07455273432155075 0.34915461003420756 0.061512977194982894 0.34630662029646525 0.04542923375142531 0.2541126727480046 0.05734828848346636
0 0.25407555074116306 0.038136313568985176 0.2561815724059293 0.055218735461801595 0.3067067468643101 0.04781748460661346 0.3035213717217788 0.03149134777651083 0.25407555074116306 0.038136313568985176
0 0.53903555986317 0.21281084378563284 0.5456201493728621 0.2429977502850627 0.6068599771949829 0.23870234663625997 0.5984566328392246 0.20272554732041048 0.53903555986317 0.21281084378563284
0 0.34204670695553024 0.5100629179019384 0.38041383238312426 0.5093901938426454 0.37165426795895096 0.43510687913340934 0.3310043888255416 0.4403444663625998 0.34204670695553024 0.5100629179019384
0 0.07365330216647663 0.39822511288483464 0.08215334663625998 0.43291468643101483 0.13200074230330672 0.42501963397947545 0.12439609578107184 0.3921878620296465 0.07365330216647663 0.39822511288483464
0 0.06095424059293044 0.3636026100342075 0.02187816077537058 0.3673902132269099 0.031992381984036485 0.4312488939566705 0.07409378905359179 0.4275848597491448 0.06095424059293044 0.3636026100342075
0 0.602669818700114 0 0.6047510900798175 0.020429320410490306 0.6452135302166476 0.01970157810718358 0.6430118312428734 0 0.602669818700114 0
0 0.2614395929304447 0.09222208437856327 0.26447216647662486 0.11516451995438996 0.29536771721778793 0.10906884264538198 0.28871946636259976 0.08607102964652223 0.2614395929304447 0.09222208437856327
0 0.1669482725199544 0.06875075028506271 0.13111242759407069 0.07022327822120866 0.13449015849486887 0.11052702850627137 0.17276464538198402 0.10926940820980616 0.1669482725199544 0.06875075028506271
0 0.13919049942987458 0.5121646830102623 0.13997190992018244 0.5474724538198404 0.19988345496009122 0.5385861299885975 0.1936004503990878 0.5046100820980616 0.13919049942987458 0.5121646830102623
0 0.3481175644241733 0.7571363603192702 0.3518612941847206 0.7883743660205245 0.4026995496009122 0.7905308745724059 0.4001702303306728 0.7555837890535918 0.3481175644241733 0.7571363603192702
0 0.3346768380843786 0.9076071231470924 0.34218903420752567 0.9436507126567845 0.3974072725199544 0.9355061539338655 0.3944247274800456 0.9014930319270239 0.3346768380843786 0.9076071231470924
0 0.5159329384264538 0.9209384275940707 0.4574408437856328 0.9235947480045611 0.462637401368301 0.9564045199543899 0.5206354503990878 0.9544244367160775 0.5159329384264538 0.9209384275940707
0 0.5739453044469783 0.7748190091220069 0.5199594515393386 0.775562472063854 0.51907621322691 0.8117366305587229 0.5805712976054732 0.8071650832383125 0.5739453044469783 0.7748190091220069
0 0.7500976419612315 0.6610384469783352 0.7500717571265679 0.6760570889395667 0.8281945313568985 0.6720918631698974 0.8250392930444698 0.6540682383124288 0.7500976419612315 0.6610384469783352
0 0.6576018802736603 0.6084258483466363 0.665731692132269 0.6407678745724059 0.7041271505131128 0.6364885028506272 0.7013105541619156 0.6016153945267959 0.6576018802736603 0.6084258483466363
0 0.7457759555302167 0.7590145062713797 0.746430936145952 0.7745264595210947 0.8711905017103764 0.7613728198403649 0.868216873432155 0.7444958392246295 0.7457759555302167 0.7590145062713797
0 0.7758161858608894 0.7740771870011403 0.7451355427594071 0.7777342223489168 0.7498011755986318 0.7920097993158495 0.7774564925883695 0.788229197263398 0.7758161858608894 0.7740771870011403
0 0.08222713340935006 0.8508976453819841 0.08865208665906499 0.8648945735461803 0.121337078677309 0.8549148985176739 0.1199116795895097 0.8383242462941848 0.08222713340935006 0.8508976453819841
0 0.08877859064994298 0.8732843261117446 0.09443133865450398 0.8862012565564423 0.13045074686431016 0.8744911596351198 0.1260916054732041 0.8583651664766249 0.08877859064994298 0.8732843261117446
0 0.09983531356898517 0.893751976054732 0.10490186659064994 0.9067633352337514 0.13663067274800456 0.8945320809578108 0.13263753591790195 0.8826147103762827 0.09983531356898517 0.893751976054732
0 0.3448611368301026 0.8087009361459522 0.3564452816419612 0.8362941185860889 0.4076177023945268 0.8215828688711517 0.4006918745724059 0.7987302656784493 0.3448611368301026 0.8087009361459522
0 0.2228909874572406 0.7673613751425313 0.1580963637400228 0.6581102371721779 0.12593879475484607 0.6752154446978336 0.19229208323831243 0.7867065815279362 0.2228909874572406 0.7673613751425313
0 0.0869325496009122 0.5162366362599772 0.09113580045610034 0.5275828563283922 0.12230975598631699 0.5232449555302167 0.12225206499429875 0.509606378563284 0.0869325496009122 0.5162366362599772
0 0.09592370353477765 0.5388348939566705 0.09518756556442418 0.5569702018244014 0.13466431927023945 0.5519168369441277 0.1359189087799316 0.5389626510832384 0.09592370353477765 0.5388348939566705
0 0.1948339669327252 0.10817541163055873 0.1951161174458381 0.12134339338654504 0.2341939851767389 0.11755709007981756 0.23247222805017104 0.10668634549600912 0.1948339669327252 0.10817541163055873
0 0.2064479874572406 0.1321617023945268 0.20731657696693273 0.1452368015963512 0.2238295347776511 0.14322097491448119 0.22117919270239453 0.1264873740022805 0.2064479874572406 0.1321617023945268
0 0.2060027890535918 0.18628361459521095 0.20841530216647663 0.20151562029646522 0.22375537856328392 0.19968556100342075 0.22494632269099202 0.1844317685290764 0.2060027890535918 0.18628361459521095
0 0.14866517901938425 0.2265932212086659 0.14860966248574686 0.24522029874572404 0.16555341391106043 0.2383333591790194 0.16412023261117448 0.22738685176738885 0.14866517901938425 0.2265932212086659
0 0.16757990193842648 0.20558187229190422 0.16937259863169898 0.213104992018244 0.18178047548460663 0.21173934663625996 0.17999403990877993 0.20235799315849487 0.16757990193842648 0.20558187229190422