0 0.9002858768529076 0.8604078118586088 0.9337597046750284 0.8752135575826682 0.9612774367160775 0.8323258232611175 0.9253205952109465 0.8151661767388826 0.9002858768529076 0.8604078118586088
0 0.6125083888255416 0.17414251083238313 0.6494751071835804 0.17795357696693273 0.6543066294184721 0.15266000342075256 0.6188302474344355 0.14744031470923605 0.6125083888255416 0.17414251083238313
0 0.6729155689851768 0.16295312542759405 0.6938959361459521 0.15730323831242873 0.6686601425313569 0.10561706271379703 0.6584924241733181 0.11425053021664766 0.6729155689851768 0.16295312542759405
0 0.06712409578107184 0.44800271037628275 0.133100677309008 0.4036119737742303 0.1024893614595211 0.35628352451539336 0.037717100342075253 0.4026082850627138 0.06712409578107184 0.44800271037628275
0 0.1219705952109464 0.908559472063854 0.1530102542759407 0.9032945997719498 0.14663960661345496 0.8579650786773091 0.1101469794754846 0.8582907901938426 0.1219705952109464 0.908559472063854
0 0.1417198677309008 0.8445488962371722 0.15900817445838084 0.8394163158494868 0.14241183580387684 0.7895201812998859 0.12504515963511972 0.7895594127708097 0.1417198677309008 0.8445488962371722
0 0.04983417673888256 0.8127366921322691 0.0404886259977195 0.8230549464082099 0.04834886088939566 0.8789834298745725 0.07755672291904218 0.8352554230330672 0.04983417673888256 0.8127366921322691
0 0.33694963397947547 0.9206689589509692 0.3846213169897378 0.9529910877993159 0.4055682725199544 0.9230327194982896 0.3578152850627138 0.8901208540478905 0.33694963397947547 0.9206689589509692
0 0.6270210547320411 0.6736858221208666 0.651316953249715 0.6939848472063854 0.6741844287343215 0.6691591459521095 0.6449534218928163 0.6444509190421892 0.6270210547320411 0.6736858221208666
0 0.6731544914481186 0.4970067981755986 0.6953624070695553 0.5215013067274801 0.7225980421892816 0.4936602041049031 0.6928634629418472 0.469623913340935 0.6731544914481186 0.4970067981755986
0 0.7571874663625998 0.30239427480045605 0.7851756864310148 0.3251754595210946 0.7993139578107183 0.3021761527936146 0.7739386567844926 0.2793275381984036 0.7571874663625998 0.30239427480045605
0 0.7429934766248575 0.5529281881413911 0.7687461482326112 0.5748243888255417 0.7850530581527936 0.5587232098061573 0.76102651995439 0.5326839578107184 0.7429934766248575 0.5529281881413911
0 0.745551315849487 0.8587421151653364 0.7751942964652224 0.880689575826682 0.7954719749144812 0.8502241049030786 0.7678307343215508 0.8282951117445838 0.745551315849487 0.8587421151653364
0 0.23544137856328393 0.910620259977195 0.25858509920182443 0.883056022805017 0.2306953033067275 0.8593584709236032 0.2074810763968073 0.8902382246294185 0.23544137856328393 0.910620259977195
0 0.9072899692132269 0.7504614789053592 0.9129749224629418 0.7358546966932725 0.8911998757126568 0.7173030923603192 0.879593645381984 0.7327436328392246 0.9072899692132269 0.7504614789053592
0 0.8930210980615735 0.7728795541619157 0.905472518814139 0.7549203112884835 0.8776569110604333 0.7360169042189281 0.8658760957810718 0.7544814857468642 0.8930210980615735 0.7728795541619157
0 0.7763139828962372 0.7580637981755987 0.7853202554161915 0.7652032850627138 0.801832196123147 0.7292633147092361 0.7850534925883694 0.7292199110604333 0.7763139828962372 0.7580637981755987
0 0.8192712405929303 0.8591866111744584 0.8346210330672748 0.8645336191562143 0.8438369304446979 0.8278187069555303 0.8288292576966932 0.8233229942987457 0.8192712405929303 0.8591866111744584
0 0.10260413568985177 0.6429290399087799 0.12361354618015964 0.6216669236031928 0.10058836716077536 0.5984864435575826 0.08226341961231472 0.617271157354618 0.10260413568985177 0.6429290399087799