0 0.17800969327251995 0.6912428038768529 0.14735552565564425 0.6950066624857468 0.16533335119726342 0.771164637400228 0.19310464196123145 0.7605762451539338 0.17800969327251995 0.6912428038768529
0 0.11484168643101483 0.7079719954389966 0.08086691220068415 0.7139366248574687 0.10815676738882554 0.7656226510832382 0.14220197149372862 0.760244433295325 0.11484168643101483 0.7079719954389966
0 0.15733776054732043 0.4790224082098061 0.14067916875712658 0.4505591687571266 0.07791971835803878 0.48309073318129986 0.0942711425313569 0.5160782542759408 0.15733776054732043 0.4790224082098061
0 0 0.47845866248574687 0.0065166807297605475 0.5008310581527936 0.045719180159635116 0.48614557354618015 0.026381909920182443 0.435879078677309 0 0.4391183705815279 0 0.47845866248574687
0 0.3146298460661346 0.6050741459521095 0.34470358380843785 0.5965958836944129 0.32503082782212084 0.5370967662485747 0.2958317913340935 0.5445703158494869 0.3146298460661346 0.6050741459521095
0 0.3819640535917902 0.8025920000000001 0.4140967548460661 0.7962537651083239 0.4070689475484606 0.7438760741163056 0.3692101448118586 0.7434397742303306 0.3819640535917902 0.8025920000000001
0 0.4041029452679589 0.6856157753705815 0.37456687229190416 0.6838568939566704 0.37256034549600914 0.7268767799315851 0.40194997833523377 0.7265583352337514 0.4041029452679589 0.6856157753705815
0 0.4081555712656784 0.8843217594070695 0.4207533033067275 0.8845711527936146 0.4110754675028507 0.8301244344355758 0.3955262531356899 0.8335307343215507 0.4081555712656784 0.8843217594070695
0 0.9706526670467502 0.2607129464082098 0.9523572759407068 0.2384327708095781 0.867489338654504 0.3074792953249715 0.8851136408209805 0.33373022919042195 0.9706526670467502 0.2607129464082098
0 0.3077059224629418 0.13931815963511973 0.3393942086659065 0.1342324834663626 0.3319126602052451 0.06695370695553021 0.2940067023945268 0.07160797377423032 0.3077059224629418 0.13931815963511973
0 0.13542527137970353 0.042265473204104904 0.09534036488027366 0.04718728164196123 0.11056228848346636 0.07857868301026226 0.14888005017103761 0.059815941847206386 0.13542527137970353 0.042265473204104904
0 0.2313741505131129 0.3120031425313569 0.19535565792474344 0.24284595553021662 0.16166316989737745 0.255956007981756 0.20154114595210948 0.32792945952109465 0.2313741505131129 0.3120031425313569
0 0 0.20565456670467505 0.026623830102622575 0.19417137970353476 0.01961280729760547 0.16900856100342074 0 0.17478158380843783 0 0.20565456670467505
0 0.05411100456100342 0.18900017901938426 0.08698819498289623 0.1789812770809578 0.07820587571265677 0.1492518494868871 0.0447429338654504 0.16143640364880274 0.05411100456100342 0.18900017901938426
0 0.11324699201824401 0.1637929236031927 0.09990881527936146 0.13312736259977195 0.08617742075256556 0.14109455872291904 0.10136415393386544 0.174225086659065 0.11324699201824401 0.1637929236031927
0 0.1846971049030787 0.19988719954389966 0.1341763694412771 0.22702610490307867 0.14297445381984036 0.24508852337514253 0.18985017331813 0.21809806385404787 0.1846971049030787 0.19988719954389966
0 0.4787808848346636 0.4945893797035348 0.4292427970353478 0.510243236031927 0.44318229304446977 0.5360492919042189 0.4957346294184721 0.524212795895097 0.4787808848346636 0.4945893797035348
0 0.44847731812998864 0.5401848164196122 0.45601549942987457 0.562589393386545 0.48484886431014823 0.5488811242873431 0.4774965347776511 0.5291440935005701 0.44847731812998864 0.5401848164196122
0 0.8032886259977194 0.4571376750285063 0.8174266180159635 0.4601874196123147 0.8210767787913341 0.36761505587229193 0.8038637856328391 0.3643430912200684 0.8032886259977194 0.4571376750285063
0 0.8394108141391106 0.5125233238312429 0.8561336259977196 0.5122646476624858 0.8467380353477765 0.3967675347776511 0.8310651311288483 0.39779461231470925 0.8394108141391106 0.5125233238312429
0 0.8065299578107183 0.5566421596351198 0.8244327787913341 0.5562370216647662 0.8205895632839225 0.49569159635119725 0.8045589418472064 0.4961643865450399 0.8065299578107183 0.5566421596351198
0 0.8406266305587229 0.5614271744583809 0.8580126784492589 0.5616852725199544 0.8540537730900799 0.5196985290763968 0.8380862063854049 0.52076178677309 0.8406266305587229 0.5614271744583809
0 0.8850496031927023 0.49435719726339794 0.8678098278221208 0.4952775564424173 0.8665612576966933 0.5334187046750285 0.8835687662485747 0.5310297673888256 0.8850496031927023 0.49435719726339794
0 0.7685709156214368 0.8663910877993158 0.800691621436716 0.8648399965792475 0.796928905359179 0.8341951345496008 0.7623823945267959 0.8396317559863169 0.7685709156214368 0.8663910877993158
0 0.37723106385404787 0.3790398380843786 0.39869905017103763 0.3979394241733182 0.4233450387685291 0.3793598437856328 0.4062313979475484 0.3569345678449259 0.37723106385404787 0.3790398380843786
0 0.1358936282782212 0.5821560957810719 0.10626430444697833 0.5893817993158494 0.11151599885974915 0.612665330672748 0.14792090992018245 0.6001195484606614 0.1358936282782212 0.5821560957810719
0 0.45535245496009125 0.5620741710376282 0.46274746864310146 0.5832999087799315 0.49555074686431017 0.5726918745724059 0.49103494754846067 0.5517092474344356 0.45535245496009125 0.5620741710376282
0 0.5115260114025085 0.6443100604332953 0.5235013432155075 0.6589913158494869 0.57158178677309 0.636337929304447 0.5626982542759408 0.6164898015963513 0.5115260114025085 0.6443100604332953
0 0.9502535701254277 0.5234416864310149 0.9991310672748004 0.47257303762827824 0.9651199817559862 0.4226111630558723 0.9094471790193843 0.4883705062713797 0.9502535701254277 0.5234416864310149