0 0.751351692132269 0.5770924481185861 0.7819662337514254 0.6191161676168757 0.9407340364880273 0.5130752987457241 0.9120442873432155 0.4754339236031927 0.751351692132269 0.5770924481185861
0 0.8671946978335234 0.20305589395667045 0.8920823557582668 0.23894476168757126 0.9688175381984035 0.18523693842645383 0.9372162793614595 0.15445594526795894 0.8671946978335234 0.20305589395667045
0 0.78025 0.05578967046750285 0.8018464355758267 0.0838479669327252 0.8311571744583809 0.06112893272519954 0.8089989783352338 0.03214421664766248 0.78025 0.05578967046750285
0 0.5246706259977195 0.024904389965792473 0.47045136259977194 0.06337153591790194 0.4974690478905359 0.09781041847206386 0.5510142234891676 0.05312689851767389 0.5246706259977195 0.024904389965792473
0 0.47331260775370576 0.27061482554161914 0.5061159350057013 0.3180572964652223 0.5518000421892816 0.2858210741163056 0.5183764766248575 0.23917150285062716 0.47331260775370576 0.27061482554161914
0 0.36995269783352336 0.23614286659064995 0.395026740022805 0.2666943625997719 0.42658675712656785 0.24761698289623715 0.3988983409350057 0.21541699315849488 0.36995269783352336 0.23614286659064995
0 0.1825789270239453 0.08952367502850628 0.20655053249714936 0.1176633511972634 0.23944221322690992 0.09447838198403649 0.21255817673888255 0.06471888825541619 0.1825789270239453 0.08952367502850628
0 0.6318117388825542 0.01914942873432155 0.5884189885974914 0.0027828871151653364 0.5648830809578107 0.013250685290763968 0.5973043865450399 0.04611312884834664 0.6318117388825542 0.01914942873432155
0 0.9673325199543901 0.6701039167616876 0.9386223090079818 0.6245867183580388 0.9021479600912201 0.6482422531356898 0.9292056031927024 0.6985500102622577 0.9673325199543901 0.6701039167616876
0 0.7435609122006842 0.817204322690992 0.7983870011402509 0.897465055872292 0.9128864332953249 0.834158401368301 0.8489704401368301 0.741943465222349 0.7435609122006842 0.817204322690992
0 0.7613486864310148 0.8522495815279361 0.7297472269099202 0.8725137377423033 0.7535930490307868 0.904210566704675 0.7870160615735462 0.8828233591790193 0.7613486864310148 0.8522495815279361
0 0.9675122554161916 1 0.948156779931585 0.9810412964652223 0.9219170992018244 1 0.9675122554161916 1
0 0.9487440148232611 0.743054314709236 0.9898782941847206 0.7985752645381984 0.992551322690992 0.7220297354618015 0.987590299885975 0.7194831721778792 0.9487440148232611 0.743054314709236
0 0.5648812611174459 0.5747364127708096 0.586436362599772 0.6039783637400228 0.6291550342075256 0.571640149372862 0.6147206476624857 0.5426452964652223 0.5648812611174459 0.5747364127708096
0 0.49259852451539343 0.500987606613455 0.5129667947548461 0.5301896761687571 0.5585474036488027 0.5009172713797035 0.5416147377423033 0.4669493865450399 0.49259852451539343 0.500987606613455
0 0.6525797799315849 0.6834476465222349 0.6019208472063854 0.7220391208665906 0.6227583386545039 0.7548175575826682 0.6794339327251996 0.7140628677309008 0.6525797799315849 0.6834476465222349
0 0.6702832098061574 1 0.7129250102622577 0.9799499099201824 0.6891205769669327 0.94706786659065 0.6340726864310148 0.9837440649942988 0.6545153557582668 1 0.6702832098061574 1
0 0.5714941938426453 1 0.5262684492588369 0.931884535917902 0.4762573318129989 0.9604315632839225 0.49843422576966934 0.9973874127708096 0.5444853523375143 1 0.5714941938426453 1
0 0.2810527765108324 0.876431914481186 0.3186223694412771 0.9234467149372861 0.3606427035347777 0.8940484184720638 0.32618459064994304 0.8430429019384265 0.2810527765108324 0.876431914481186
0 0.5243027901938426 0.6819371117445838 0.4883820581527936 0.7067970775370581 0.5217330421892816 0.7555250684150514 0.5600094424173319 0.7312601767388826 0.5243027901938426 0.6819371117445838
0 0.2081973181299886 0.8020705587229191 0.16504543557582668 0.8468590524515394 0.1956048608893957 0.873448007981756 0.2387774652223489 0.8280661265678448 0.2081973181299886 0.8020705587229191
0 0.17759011402508554 0.6407447320410491 0.14690470695553023 0.66875807981756 0.1835359646522235 0.7086170239452679 0.22041748574686432 0.6818081516533637 0.17759011402508554 0.6407447320410491
0 0.25859497377423035 0.49875088711516535 0.23108532269099202 0.46989354732041044 0.18938926909920184 0.5070188050171037 0.21390656784492587 0.5365002189281642 0.25859497377423035 0.49875088711516535
0 0.2888440467502851 0.48318770923603194 0.3623223511972634 0.4376790296465223 0.3194107012542759 0.3904776807297605 0.25481400798175596 0.436892189281642 0.2888440467502851 0.48318770923603194
0 0.3580841482326112 0.4909479441277081 0.38903161687571264 0.4724432850627138 0.36577918244013685 0.4407671790193843 0.3364478312428734 0.4640764777651083 0.3580841482326112 0.4909479441277081
0 0.40976561003420753 0.5081855393386545 0.382067921322691 0.5357075438996579 0.42378429532497147 0.6000792006841505 0.45894764538198407 0.5799394287343216 0.40976561003420753 0.5081855393386545
0 0.4276704663625998 0.6079305473204104 0.39564122805017105 0.6234315598631699 0.41842444127708095 0.6515312998859749 0.44445768643101485 0.6376016738882554 0.4276704663625998 0.6079305473204104
0 0.2325741277080958 0.9376538905359179 0.26358205473204105 0.9684126020524516 0.3072046659064994 0.9272020923603194 0.2831517913340935 0.9014344629418473 0.2325741277080958 0.9376538905359179
0 0.2957768472063854 0.9481707286202965 0.23732108893956672 0.9888632531356898 0.30137136259977193 0.9921224355758267 0.32453694754846063 0.9752909623717219 0.2957768472063854 0.9481707286202965
0 0.1122897993158495 0.14582992018244015 0.0696968551881414 0.17461254503990878 0.07744691448118586 0.19090857012542758 0.12486979817559864 0.15991972748004563 0.1122897993158495 0.14582992018244015
0 0.7087173021664767 0.6070618472063853 0.7372276009122006 0.5902512896237173 0.7170456066134551 0.5557149726339795 0.6864239258836944 0.5819482086659065 0.7087173021664767 0.6070618472063853
0 0.6619965917901939 0.6689377616875712 0.6167750045610034 0.6198765393386545 0.5700571140250855 0.6477349543899658 0.6110133774230331 0.6998022748004561 0.6619965917901939 0.6689377616875712
0 0.6271392850627139 0.9015739122006842 0.6462571060433295 0.9325130866590651 0.6758936328392247 0.9175226305587229 0.6509008597491448 0.8845990889395667 0.6271392850627139 0.9015739122006842