0 0.9541090171037628 0.2480207023945268 0.9955927331812998 0.24314440706955529 0.9950373375142532 0.21132581641961232 0.9466023922462942 0.2149388597491448 0.9541090171037628 0.2480207023945268
0 0.9671554515393387 0.281007409350057 0.9637078278221209 0.24231793614595212 0.9265004515393386 0.2540378301026226 0.9298756488027367 0.2885779350057013 0.9671554515393387 0.281007409350057
0 0.7165611163055872 0.21341746408209805 0.7536718768529076 0.19616247662485747 0.7464083112884835 0.176916 0.7091752109464081 0.18725175598631696 0.7165611163055872 0.21341746408209805
0 0.6585756545039908 0.22550004104903076 0.7068641550741163 0.21358672519954391 0.7008639771949828 0.1873968289623717 0.6540095245153934 0.20205428392246294 0.6585756545039908 0.22550004104903076
0 0.33314127023945267 0.7127819942987458 0.4009218415051311 0.7060636624857469 0.3914514686431015 0.6398016624857468 0.3128086978335234 0.6591661801596351 0.33314127023945267 0.7127819942987458
0 0.16276097263397948 0.7157559942987457 0.22500020182440136 0.709134385404789 0.22429986887115164 0.6690123717217787 0.15226709236031927 0.670269709236032 0.16276097263397948 0.7157559942987457
0 0.6173503283922464 0.2963006180159635 0.6234836180159635 0.3074655895096921 0.6581230410490307 0.30172267388825547 0.6521914732041049 0.2850142748004561 0.6173503283922464 0.2963006180159635
0 0.6145942269099202 0.2743985074116306 0.6183528779931585 0.285604929304447 0.6478789942987457 0.27618975598631695 0.6413801299885975 0.26109150171037626 0.6145942269099202 0.2743985074116306
0 0.5317562588369441 0.3256786020524515 0.5385246031927023 0.3392047251995439 0.5710723648802737 0.33270444925883697 0.5666510353477765 0.3175543044469783 0.5317562588369441 0.3256786020524515
0 0.5578497970353478 0.2896270912200684 0.5271244082098062 0.29846779361459524 0.53035151995439 0.31324341163055874 0.5640659042189281 0.30553665336374003 0.5578497970353478 0.2896270912200684
0 0.5207323329532497 0.27247695553021667 0.5281150615735462 0.28718003648802737 0.5558928221208667 0.27957533865450396 0.5523467103762828 0.2635347844925884 0.5207323329532497 0.27247695553021667
0 0.5155793055872292 0.24942900342075255 0.5163903568985176 0.2618729931584949 0.5507190969213227 0.25534162941847205 0.5492095085518814 0.23689954161915622 0.5155793055872292 0.24942900342075255
0 0.50967734663626 0.21749589281641962 0.509956858608894 0.23350907867730902 0.5449015188141391 0.22815308209806157 0.5397767879133409 0.20681583352337515 0.50967734663626 0.21749589281641962
0 0.5051179794754846 0.1944375781071836 0.5071991938426453 0.21160699543899655 0.5366544196123146 0.19804086431014822 0.5328750421892816 0.1856471242873432 0.5051179794754846 0.1944375781071836