0 0.17005112770809577 0.27815648802736603 0.12360997833523375 0.23352323261117444 0.09315172405929305 0.2555800672748005 0.13979244013683012 0.3016101767388826 0.17005112770809577 0.27815648802736603
0 0.09195204218928164 0.3057143192702395 0.07653771151653363 0.3285544994298746 0.1227453968072976 0.3560337901938426 0.12966825883694413 0.33360943329532494 0.09195204218928164 0.3057143192702395
0 0.9067595689851768 0.34860795324971494 0.9093998597491448 0.2840543489167617 0.8689033762827822 0.2843605724059293 0.8647499794754846 0.34250639794754845 0.9067595689851768 0.34860795324971494
0 0.7643700114025085 0.8219927206385405 0.7808159486887115 0.8937298859749144 0.8770390581527937 0.8820875974914482 0.8718470832383124 0.8191014937286203 0.7643700114025085 0.8219927206385405
0 0.18809623033067277 0.47014303762827825 0.13131213911060433 0.4296347605473204 0.1193709338654504 0.4411839350057013 0.18245203192702394 0.48981794526795897 0.18809623033067277 0.47014303762827825
0 0.6531366145952109 0.08778865222348917 0.6354429304446979 0.11969639908779932 0.6747275701254276 0.13767888939566705 0.693591637400228 0.1037053591790194 0.6531366145952109 0.08778865222348917
0 0.8288157993158495 0.18454022805017103 0.7512297605473204 0.15123682782212086 0.7399035530216647 0.1872695781071836 0.8154012884834664 0.21603891220068416 0.8288157993158495 0.18454022805017103
0 0.8156117525655644 0.2679072964652224 0.7824429030786773 0.2556488745724059 0.7665025792474344 0.28534587799315847 0.7996729714937285 0.29760454389965796 0.8156117525655644 0.2679072964652224
0 0.5460344994298746 0.5866541767388825 0.5835309201824401 0.5981979692132269 0.5977396738882554 0.552815094640821 0.5581531641961232 0.5367385336374002 0.5460344994298746 0.5866541767388825
0 0.6570179076396807 0.524378779931585 0.5740217206385405 0.4986251220068415 0.5656544549600913 0.5337248916761688 0.6468457958950969 0.5619943728620296 0.6570179076396807 0.524378779931585
0 0.6955739064994299 0.030761140250855187 0.7427649657924743 0.05773491562143672 0.7485755085518814 0.03435288825541619 0.6969971026225771 0.02558093842645382 0.6955739064994299 0.030761140250855187
0 0.7193871904218928 0.7069741630558724 0.751449078677309 0.7116488643101482 0.7615600250855188 0.6820204777651084 0.7259591288483467 0.6787848711516534 0.7193871904218928 0.7069741630558724