0 0.35860869783352334 0.0076156784492588375 0.35972737970353474 0.0289613842645382 0.40848649714937285 0.028784287343215507 0.4052870262257696 0.004277523375142532 0.35860869783352334 0.0076156784492588375
0 0.04493058494868871 0.2586122417331813 0.04577194982896238 0.2570817354618016 0.038258748004561006 0.21585594754846066 0.010445091220068415 0.21850272862029646 0.015522835803876853 0.25866702394526797 0.04493058494868871 0.2586122417331813
0 0.114160661345496 0.8989024538198404 0.11338631014823262 0.900427882554162 0.12420513226909921 0.9593189384264539 0.1819260832383124 0.9485645701254276 0.17263903534777653 0.8848367160775371 0.114160661345496 0.8989024538198404
0 0.16237031470923602 1 0.1539168551881414 0.9815444070695553 0.1436785450399088 0.9856483637400228 0.14617573090079816 1 0.16237031470923602 1
0 0.2079738312428734 1 0.20651986202964653 0.9639234800456101 0.18585407411630558 0.9667902223489169 0.18880631014823263 1 0.2079738312428734 1
0 0.16243066134549602 0.621979494868871 0.14154727023945268 0.6206941242873433 0.17087349258836945 0.6922886750285062 0.1877950330672748 0.6872414663625999 0.16243066134549602 0.621979494868871
0 0.21001577080957812 0.7015356123147092 0.2218800558722919 0.689615534777651 0.18984539338654502 0.5890308141391106 0.17770412998859747 0.5968003238312428 0.21001577080957812 0.7015356123147092
0 0.24338998061573547 0.6801659042189282 0.2568752622576967 0.6764863466362601 0.22006587229190422 0.5755541641961232 0.2077649007981756 0.5791716556442417 0.24338998061573547 0.6801659042189282
0 0.8458768962371721 0.6919941356898518 0.9449287434435576 0.6642080205245154 0.938043717217788 0.6122487080957811 0.8352899201824402 0.6363625997719499 0.8458768962371721 0.6919941356898518
0 0.900077968072976 0.5119716944127708 0.9161230034207526 0.5117253740022806 0.9166017274800456 0.4641350980615736 0.8966965632839224 0.46369187229190423 0.900077968072976 0.5119716944127708
0 0.939815621436716 0.5098891322690993 0.9562966613454961 0.5066471379703534 0.9569012428734321 0.46142852565564424 0.9350326168757126 0.4634664595210946 0.939815621436716 0.5098891322690993
0 0.9628701436716077 0.5639769897377424 0.9763879806157354 0.5608887263397947 0.9729000752565565 0.5283704526795895 0.9545859464082098 0.530222102622577 0.9628701436716077 0.5639769897377424
0 0.9681332941847207 0.6189941231470923 0.9811189464082098 0.6171260091220069 0.9756060752565565 0.5686590456100342 0.9623462645381984 0.576193022805017 0.9681332941847207 0.6189941231470923
0 1 0.7305492736602053 0.9910961539338654 0.6713030900798175 0.9702349885974915 0.6756664846066135 0.9808721299885975 0.7372410410490308 1 0.7321256088939567 1 0.7305492736602053
0 0.9806173717217788 0.4940758118586089 0.9993250102622577 0.4978519030786773 0.9966526054732041 0.4468593831242873 0.9770730262257697 0.4487773534777651 0.9806173717217788 0.4940758118586089
0 0.2804664127708096 0.1847308722919042 0.2926078483466362 0.18944408551881414 0.2861603865450399 0.13448901824401369 0.27404828506271384 0.1377993283922463 0.2804664127708096 0.1847308722919042