0 0.37368892816419613 0.24896669783352338 0.4087842941847206 0.26615418700114024 0.43025229304446977 0.20751380957810717 0.397236244013683 0.20059691904218926 0.37368892816419613 0.24896669783352338
0 0.3239732713797035 0.08221442417331813 0.34992002166476627 0.11313604446978334 0.39004654047890536 0.0850341299885975 0.37261404675028503 0.05500513568985176 0.3239732713797035 0.08221442417331813
0 0.26665590421892815 0.3850143489167617 0.3047040535917902 0.37640176510832385 0.30508486887115166 0.28828555416191565 0.26788842417331815 0.29207698175598634 0.26665590421892815 0.3850143489167617
0 0.2533442451539339 0.17762523489167617 0.22040249942987458 0.1912359771949829 0.23125341847206385 0.22738116647662487 0.2690530604332953 0.21521475940706955 0.2533442451539339 0.17762523489167617
0 0.04232550285062714 0.5358129977194983 0.07942666020524515 0.5391706316989737 0.08196257468643102 0.49941251083238314 0.046401847206385405 0.49207836031927027 0.04232550285062714 0.5358129977194983
0 0.39708662941847206 0.37946650969213225 0.3608479635119726 0.36295260205245156 0.3383139942987457 0.39785952451539336 0.375063251995439 0.41909932725199545 0.39708662941847206 0.37946650969213225
0 0.5030302246294185 0.23635107411630557 0.4797382782212087 0.2689301995438997 0.5104312348916762 0.29118713454960093 0.5337220809578107 0.2651552839224629 0.5030302246294185 0.23635107411630557
0 0.4923004663625998 0.44006609578107186 0.5166096807297605 0.4050334709236032 0.49317924059293045 0.3867342576966933 0.4692582462941847 0.4166789714937286 0.4923004663625998 0.44006609578107186
0 0.6790274196123146 0.3127289338654504 0.6508791356898518 0.34386361345496014 0.6819862713797035 0.3720435838084378 0.7106168711516534 0.34652957582668187 0.6790274196123146 0.3127289338654504
0 0.6390390376282782 0.43813793500570125 0.6171911014823261 0.46585448574686433 0.6459568540478905 0.4930077810718358 0.6668134526795895 0.4611941527936146 0.6390390376282782 0.43813793500570125
0 0.6439243660205245 0.6865914332953249 0.674085724059293 0.6672215496009122 0.6365342485746864 0.6234218141391107 0.6126472155074116 0.6542553865450399 0.6439243660205245 0.6865914332953249
0 0.644947701254276 0.7692526579247435 0.6776947001140251 0.7443451687571265 0.6390953238312428 0.694071510832383 0.6083089395667047 0.7197347001140251 0.644947701254276 0.7692526579247435
0 0.6244134754846067 0.9432980809578108 0.6645502508551882 0.9220402485746864 0.6315684139110604 0.87554017331813 0.5992770125427593 0.9069630011402509 0.6244134754846067 0.9432980809578108
0 0.46152337172177876 0.7142261505131129 0.42964614823261116 0.751572015963512 0.45564676966932727 0.7747522702394527 0.4865382314709236 0.738070535917902 0.46152337172177876 0.7142261505131129
0 0.39319082554161916 0.6809116351197263 0.42129647548460664 0.7087047240592931 0.44021775142531355 0.6877415906499429 0.4127539418472064 0.6545452542759408 0.39319082554161916 0.6809116351197263
0 0.6941295142531356 0.1545401242873432 0.6681401288483466 0.18254627366020526 0.6936328415051312 0.20695244469783353 0.725369905359179 0.17497161231470926 0.6941295142531356 0.1545401242873432
0 0.5906714196123146 0.1546322212086659 0.6022744777651083 0.16750888711516534 0.6307438460661347 0.13516448688711516 0.6174296761687571 0.12062030672748005 0.5906714196123146 0.1546322212086659
0 0.5657476636259977 0.14685186202964653 0.5779430250855189 0.1596871094640821 0.6109275838084379 0.11958541163055873 0.5959431562143672 0.10247962941847207 0.5657476636259977 0.14685186202964653
0 0.8933683318129988 0.6483166168757126 0.9438257685290764 0.6215739281641961 0.9256262816419613 0.5904097331813 0.873847850627138 0.615755228050171 0.8933683318129988 0.6483166168757126
0 0.8068250193842645 0.22701167046750284 0.8241668631698974 0.24544060661345496 0.8514911630558722 0.21882911060433294 0.8316712155074116 0.19968066020524514 0.8068250193842645 0.22701167046750284
0 0.6848782633979476 0.6259932702394526 0.6602086328392246 0.6473599338654503 0.6853139007981757 0.673281197263398 0.7064350570125427 0.6536506659064993 0.6848782633979476 0.6259932702394526
0 0.7894567103762827 0.22525018129988597 0.7651888061573546 0.2608735518814139 0.7900493557582668 0.28472872748004563 0.8135486031927024 0.2500519076396807 0.7894567103762827 0.22525018129988597
0 0.2593879714937286 0.7402648323831243 0.307164929304447 0.7857303318129989 0.35331087685290763 0.7456011003420753 0.2944431379703535 0.6973399441277082 0.2593879714937286 0.7402648323831243