0 0.2166222725199544 0.949285977194983 0.18696372405929304 0.9147320604332954 0.14400893386545038 0.9585901619156215 0.18312599771949828 0.9897146442417332 0.2166222725199544 0.949285977194983
0 0.054869416191562145 0.5544835598631699 0.08632394070695554 0.5140436271379704 0.05935330558722919 0.49261997035347777 0.02723705473204105 0.5283514868871152 0.054869416191562145 0.5544835598631699
0 0.30283067844925887 0.9080540068415052 0.3308878244013683 0.9314266681870011 0.3651115450399088 0.8908973432155074 0.33068649714937287 0.8633168472063854 0.30283067844925887 0.9080540068415052
0 0.39617129190421896 0.9357581185860889 0.42319994754846063 0.9589755324971493 0.44700969555302167 0.9238118323831244 0.4178468734321551 0.9080988460661346 0.39617129190421896 0.9357581185860889
0 0.8170575404789054 0.922832849486887 0.8574714036488028 0.954674457240593 0.9009967799315849 0.9485573637400229 0.8473039099201823 0.8993716077537058 0.8170575404789054 0.922832849486887
0 1 0.6521851083238311 0.9585619315849487 0.6766180992018245 0.9814554857468643 0.7157250182440137 1 0.7044933979475484 1 0.6521851083238311
0 0.8908896043329533 0.10560262029646524 0.9023065701254276 0.1442207662485747 0.9510780148232612 0.12896272633979475 0.9462066545039908 0.09122499087799316 0.8908896043329533 0.10560262029646524
0 0.8958619509692132 0.09409864766248574 0.9455343580387685 0.08951756556442418 0.9402496111744585 0.04883842303306728 0.8910630889395666 0.0599529669327252 0.8958619509692132 0.09409864766248574
0 0.9010843979475485 0.42535022919042187 0.8840422417331812 0.3893245644241733 0.8498735290763968 0.4019307377423033 0.86817448004561 0.43838065336374005 0.9010843979475485 0.42535022919042187
0 0.84776996009122 0.3653061322690992 0.87806765336374 0.3553456989737742 0.8684781436716078 0.32547554389965794 0.8358250091220069 0.3360668050171038 0.84776996009122 0.3653061322690992
0 0.17682378791334094 0.44879473432155076 0.2024236818700114 0.474914236031927 0.24042212314709235 0.4341526225769669 0.20975993614595212 0.4120486100342075 0.17682378791334094 0.44879473432155076
0 0.08838528392246293 0.6182126966932726 0.07054857582668188 0.6021086750285063 0.046431188141391105 0.6223070490307868 0.07138400342075257 0.646415787913341 0.08838528392246293 0.6182126966932726
0 0.32358375484606616 0.21474822006841507 0.35958792474344353 0.19948417103762828 0.33884666704675026 0.1669794629418472 0.3093768677309008 0.17892367046750285 0.32358375484606616 0.21474822006841507
0 0.3105043751425314 0.14724754389965794 0.34529261573546177 0.1318530125427594 0.3259987514253136 0.08833815393386545 0.2903899783352337 0.10775161687571266 0.3105043751425314 0.14724754389965794
0 0.6088065233751425 0 0.5894850604332953 0.011086451539338654 0.6019449669327253 0.041452575826681874 0.6276989600912201 0.03152955530216648 0.6089125746864311 0 0.6088065233751425 0