0 0.6346316202964651 0.6737024800456101 0.6692079418472063 0.6615361641961232 0.6539174595210946 0.6062361470923603 0.618839165336374 0.6205040421892817 0.6346316202964651 0.6737024800456101
0 0.414896905359179 0.3969577605473204 0.4298604891676168 0.4521319030786773 0.48082943785632837 0.427703054732041 0.4673741391106043 0.38028836716077535 0.414896905359179 0.3969577605473204
0 0.34692240820980613 0.23108186088939567 0.36131952793614597 0.2833417970353478 0.39729118472063857 0.27211398289623717 0.38210071835803877 0.2157726237172178 0.34692240820980613 0.23108186088939567
0 0.5065528038768529 0 0.4790831961231471 0.01057238882554162 0.4973233762827822 0.06389989851767389 0.5716379350057013 0.03339231584948688 0.5564010216647662 0 0.5065528038768529 0
0 0.6382748403648802 0.35595853135689853 0.646806345496009 0.3936258221208666 0.6805763090079817 0.38040652223489163 0.6674899030786773 0.33957362257696694 0.6382748403648802 0.35595853135689853
0 0.05277730558722919 0.5841170809578107 0.057022233751425316 0.5966037126567845 0.12616003420752564 0.5752982827822121 0.12655807525655643 0.561762708095781 0.05277730558722919 0.5841170809578107
0 0.07705596807297606 0.599969497149373 0.07663173432155074 0.6133621299885975 0.13093773432155073 0.5967574823261117 0.13046667844925883 0.5818707274800456 0.07705596807297606 0.599969497149373
0 0.7417398255416191 0.8882397366020525 0.7576732736602053 0.9577468460661346 0.7982255450399088 0.95138917331813 0.7807423477765109 0.877029236031927 0.7417398255416191 0.8882397366020525
0 0.6235801847206385 0.919072456100342 0.6338654116305587 0.9564020410490308 0.7489886396807297 0.9270875290763968 0.7389343112884834 0.8893899361459521 0.6235801847206385 0.919072456100342
0 0.7875067765108325 0.12668540592930444 0.798523362599772 0.1584258779931585 0.8293108129988597 0.14389850969213228 0.8225717936145952 0.11079332725199544 0.7875067765108325 0.12668540592930444
0 0.6707851277080957 0.3175718802736602 0.6896066157354618 0.3707863968072976 0.7276244287343215 0.34827013112884836 0.7121191231470924 0.3027724503990878 0.6707851277080957 0.3175718802736602