0 0.46526653477765106 0.1918629874572406 0.46480321778791334 0.23304394070695553 0.52049503990878 0.2348283489167617 0.5254578643101483 0.1934572314709236 0.46526653477765106 0.1918629874572406
0 0.6208030957810718 0.23897740022805017 0.6866132246294185 0.23524860205245154 0.6855543055872292 0.19557167616875712 0.6241636442417332 0.20025441505131128 0.6208030957810718 0.23897740022805017
0 0.6901398380843786 0.6454720273660206 0.7096857594070696 0.690015566704675 0.7600955142531356 0.6739613466362601 0.7463697947548461 0.6266867696693272 0.6901398380843786 0.6454720273660206
0 0.13689868415051312 0.5874379156214367 0.24375778221208666 0.6144062223489167 0.27504683124287344 0.5217667548460662 0.16536609007981756 0.49428522690992016 0.13689868415051312 0.5874379156214367
0 0.8627946761687572 0.06806145952109464 0.8651662189281641 0.10204424515393386 0.8973357742303307 0.09639597947548462 0.8957547366020525 0.06492411630558723 0.8627946761687572 0.06806145952109464
0 0.6379063808437856 0.4078716909920182 0.6360677696693272 0.4450891151653364 0.690129110604333 0.4447089281641961 0.6899718825541619 0.40500317103762823 0.6379063808437856 0.4078716909920182
0 0.8855208757126568 0.5428371254275941 0.8898570125427594 0.558912921322691 0.9226856887115165 0.5535519817559863 0.9219808688711517 0.5405825575826683 0.8855208757126568 0.5428371254275941
0 0.8739146738882555 0.5360281550741163 0.9158807696693273 0.5278707719498289 0.9108327616875713 0.5143480273660205 0.8756363044469784 0.5199829828962372 0.8739146738882555 0.5360281550741163
0 0.8338838631698974 0.7812913192702395 0.8637851402508552 0.8479910353477765 0.8990966180159635 0.8336125530216648 0.8596758152793614 0.7708388791334094 0.8338838631698974 0.7812913192702395
0 0.9266062269099201 0.7542029315849487 0.9282192622576966 0.7780600342075257 0.9513010193842645 0.7754389190421893 0.9429273124287344 0.7510304332953249 0.9266062269099201 0.7542029315849487
0 0.9032860513112885 0.718248291904219 0.901645598631699 0.7409264036488028 0.9252780399087799 0.7442500615735462 0.919494141391106 0.7144944868871151 0.9032860513112885 0.718248291904219
0 0.9477873797035348 0.7978237514253136 0.9502450228050171 0.8166825496009122 0.9694283523375142 0.8126926419612315 0.9670226704675029 0.7940847890535918 0.9477873797035348 0.7978237514253136
0 1 0.8088738654503991 0.982884126567845 0.8103381505131129 0.9791710102622577 0.8285850182440138 1 0.8256469726339795 1 0.8088738654503991