0 0.8543003933865451 0 0.8234741071835804 0.03931621778791334 0.8665263683010263 0.08237119270239453 0.9056474503990878 0.029909867730900798 0.8620236909920183 0 0.8543003933865451 0
0 0.6702720216647663 0.020305999999999998 0.645969976054732 0.07224827137970354 0.6793004116305587 0.09187982782212087 0.70753182668187 0.03950172063854048 0.6702720216647663 0.020305999999999998
0 0.7804676157354619 0.1334979338654504 0.7650924937286203 0.16908744697833525 0.797028936145952 0.18282656328392247 0.8136812018244014 0.1480820558722919 0.7804676157354619 0.1334979338654504
0 0.986382558722919 0.13700280273660206 0.9831499384264538 0.04443266590649943 0.9266631299885976 0.12096783808437855 0.9780148164196123 0.1646225952109464 0.986382558722919 0.13700280273660206
0 0.9724284298745725 0 0.9522813033067276 0.03897539110604333 0.9692125267958951 0.048484043329532496 0.9820309737742303 0.012389697833523375 0.9814103055872292 0 0.9724284298745725 0
0 0.9379456556442418 0.5468522713797036 0.9152058437856329 0.5755680592930444 0.9467547023945267 0.594370661345496 0.9636925085518814 0.570310196123147 0.9379456556442418 0.5468522713797036
0 0.848368716077537 0.9391252348916762 0.8506653591790193 0.9538978323831243 0.8823007126567846 0.9406138072976055 0.8745473261117447 0.9239523717217788 0.848368716077537 0.9391252348916762
0 0.8579025416191562 0.9572097753705816 0.8644311037628278 0.974211038768529 0.894782590649943 0.9594865678449259 0.8877282086659065 0.9430977787913342 0.8579025416191562 0.9572097753705816
0 0.5470942109464082 0.8611232964652225 0.6173328449258837 0.9008508928164196 0.6414117468643101 0.873276566704675 0.5638233888255416 0.8302378301026225 0.5470942109464082 0.8611232964652225
0 0.5423953717217788 0.7775160399087799 0.5726360969213227 0.7936908198403649 0.5879920045610034 0.7575063021664766 0.5555036716077537 0.7449762451539338 0.5423953717217788 0.7775160399087799
0 0.6467550193842646 0.7406014538198403 0.6291495028506271 0.7293340136830103 0.5958190832383123 0.7910973534777651 0.6133826168757126 0.8047442702394526 0.6467550193842646 0.7406014538198403
0 0.637296543899658 0.7076614834663626 0.6234331676168757 0.7016103728620295 0.5959814036488028 0.7447509555302166 0.6100083979475485 0.7591139201824402 0.637296543899658 0.7076614834663626
0 0.48658897605473206 1 0.49508862485746863 0.9865146510832383 0.4545609441277081 0.9647595438996579 0.43264744583808434 1 0.48658897605473206 1
0 0.20160256442417332 0.6896059851767389 0.2390819794754846 0.7090910935005701 0.25711867388825543 0.6754880262257696 0.2229897730900798 0.6561829726339795 0.20160256442417332 0.6896059851767389
0 0.095248 0.7034198711516534 0.13470569555302167 0.7115477685290763 0.14761897491448117 0.674856 0.10759864652223489 0.6661520752565564 0.095248 0.7034198711516534
0 0.2686675849486887 0.02660688141391106 0.22833468643101482 0.010429623717217788 0.19654761117445838 0.06893086545039909 0.23410991220068414 0.09078952565564424 0.2686675849486887 0.02660688141391106
0 0.6307594606613456 0.5884717046750285 0.6090482462941847 0.6296294880273661 0.6230981151653363 0.64102109350057 0.6485741231470923 0.5940877787913341 0.6307594606613456 0.5884717046750285
0 0.7268338289623717 0.059324541619156214 0.6983488449258838 0.12745390535917903 0.763491338654504 0.15726268529076398 0.7993086111744584 0.09333311174458381 0.7268338289623717 0.059324541619156214
0 1 0.5691639600912201 0.9889138415051311 0.561705992018244 0.9612633671607753 0.6197063124287343 0.9875483158494869 0.6410676180159636 1 0.5778435393386545 1 0.5691639600912201