0 0.4957207901938427 0.6220597229190422 0.4220115108323831 0.6126770718358039 0.41122318129988594 0.6499258403648802 0.48438080957810714 0.6555985222348918 0.4957207901938427 0.6220597229190422
0 0.4805895564424173 0.5163941003420753 0.41317612086659067 0.5123371835803877 0.4096438312428734 0.5460468722919042 0.47468499885974913 0.5532997765108324 0.4805895564424173 0.5163941003420753
0 0.4093045815279362 0.5804449190421892 0.4130111619156214 0.5406178734321551 0.3229691847206385 0.5452193432155074 0.31699487343215504 0.5791013454960091 0.4093045815279362 0.5804449190421892
0 0.08513808323831243 0.3724424104903079 0.09033147320410491 0.3361506932725199 0.03423383580387685 0.33288482440136835 0.03128627708095781 0.36669761573546183 0.08513808323831243 0.3724424104903079
0 0.09878041847206386 0.2899439771949829 0.11383185290763968 0.25416246750285065 0.08135962941847207 0.24000393842645382 0.06482710718358038 0.27563694070695555 0.09878041847206386 0.2899439771949829
0 0.42375951653363736 0.3138263329532497 0.4248878802736602 0.23733202508551882 0.37773377423033067 0.23805319498289623 0.387317314709236 0.31021522462941853 0.42375951653363736 0.3138263329532497
0 0.676305236031927 0.33306648802736605 0.6878464218928164 0.2812902462941847 0.6471530957810718 0.26929639908779934 0.6341684127708096 0.322420582668187 0.676305236031927 0.33306648802736605
0 0.7522908015963512 0.6047909099201824 0.7663209908779931 0.5782204367160776 0.703648763968073 0.557532598631699 0.6928224903078677 0.5881490182440137 0.7522908015963512 0.6047909099201824
0 0.6190932736602053 0.631887117445838 0.6301597012542759 0.598181086659065 0.5951108141391106 0.5883867377423033 0.5856978791334094 0.6246737936145953 0.6190932736602053 0.631887117445838
0 0.7706360855188141 0.8392573580387684 0.7843435986316989 0.8042590638540479 0.6841061128848346 0.7606847662485747 0.6644437366020525 0.7969717103762828 0.7706360855188141 0.8392573580387684
0 0.9305225017103762 0.9258033580387685 0.8928207901938426 0.9071100296465222 0.8671449122006841 0.9604048791334093 0.9227834378563283 0.9816612155074116 0.9305225017103762 0.9258033580387685
0 0.8406141904218929 0.6013968551881413 0.8531287628278221 0.5646158893956671 0.8028738278221209 0.5521403044469784 0.7856883603192701 0.5846468004561003 0.8406141904218929 0.6013968551881413
0 0.9333979817559863 0.6701468072976055 0.9416810935005702 0.6368480205245154 0.8894991117445838 0.621624180159635 0.8785397343215507 0.6564327377423033 0.9333979817559863 0.6701468072976055
0 0.749388258836944 0.7135723352337515 0.7665582953249714 0.6794527149372862 0.7343617616875713 0.6671499384264539 0.7175532782212086 0.7009287274800455 0.749388258836944 0.7135723352337515
0 0.8828181755986317 0.7569718449258838 0.8960668768529076 0.724575598631699 0.8427187628278221 0.7193844948688712 0.8326865039908781 0.7489351014823261 0.8828181755986317 0.7569718449258838
0 0.5027626351197263 0.3667094310148233 0.5016231995438997 0.3526558768529076 0.4277761984036488 0.34746454960091216 0.4246858038768529 0.3649910501710376 0.5027626351197263 0.3667094310148233
0 0.150791677309008 0.7489315028506272 0.16910187457240594 0.6963782576966934 0.137076661345496 0.6865141550741163 0.11611323717217789 0.7370272405929305 0.150791677309008 0.7489315028506272
0 0.3494895017103763 0.8119660923603192 0.3576414503990878 0.7760008962371722 0.3212835724059293 0.7701929304446978 0.3123158597491448 0.8005357411630558 0.3494895017103763 0.8119660923603192
0 0.3568310045610034 0.9378835872291904 0.3614858141391106 0.9832895176738883 0.3883833762827822 0.988032283922463 0.39284189851767387 0.9388118540478905 0.3568310045610034 0.9378835872291904
0 0.6222419521094641 0.7832839372862029 0.6352963272519955 0.7502711413911061 0.6102211927023945 0.738621150513113 0.5965407525655645 0.7717472645381984 0.6222419521094641 0.7832839372862029
0 0.8846868346636261 0.20271023033067276 0.8915007799315849 0.1931212189281642 0.8629854823261117 0.18387600798175596 0.8573835838084378 0.19854961117445838 0.8846868346636261 0.20271023033067276
0 0.89004951995439 0.17057829418472062 0.8157521835803877 0.15085359863169898 0.8070209714937286 0.16617806385404787 0.8891257274800457 0.1860751881413911 0.89004951995439 0.17057829418472062
0 0.37312975256556447 0 0.3716799315849487 0.00569218244013683 0.4105997890535918 0.008919893956670467 0.41087218586088936 0 0.37312975256556447 0
0 0.25205879019384264 0.4652551083238312 0.18072177879133408 0.45267646864310146 0.17807660547320409 0.464258724059293 0.24938053819840364 0.480444228050171 0.25205879019384264 0.4652551083238312
0 0.03315181527936146 0.421083748004561 0.037627690992018244 0.4093768722919042 0.010585499429874573 0.4034027844925884 0.007907247434435577 0.418591905359179 0.03315181527936146 0.421083748004561
0 0.12813557468643103 0.46026970239452675 0.08042397833523375 0.43679840136830106 0.06065695781071836 0.47366980387685287 0.10761123945267959 0.49459751767388827 0.12813557468643103 0.46026970239452675
0 0 0.5616122736602053 0.007683867730900798 0.5655196545039909 0.013767394526795894 0.5515338848346636 0 0.5438205564424173 0 0.5616122736602053
0 0.17813507981755988 0.8964647468643101 0.18116186088939568 0.88100865336374 0.10899596921322692 0.8628640205245155 0.10085102508551881 0.8782918608893957 0.17813507981755988 0.8964647468643101
0 0.1433495496009122 0.8578136681870011 0.1435571425313569 0.8412496328392246 0.11449324857468643 0.8385349361459521 0.10734336716077537 0.8517297696693272 0.1433495496009122 0.8578136681870011
0 0.6492439236031927 0.46602318928164194 0.6031867388825541 0.4536848711516534 0.584741180159635 0.5377702155074117 0.6289762326111745 0.5467742816419613 0.6492439236031927 0.46602318928164194