0 0.14309801710376283 0.6806952953249715 0.12211350855188141 0.7148323683010263 0.15513554275940705 0.7300834503990878 0.17572951311288482 0.6953006944127709 0.14309801710376283 0.6806952953249715
0 0.21937564424173317 0.5152380319270239 0.16779040592930444 0.4895027936145952 0.13161026909920182 0.5605592998859749 0.17523759977194983 0.585155038768529 0.21937564424173317 0.5152380319270239
0 0.1515145085518814 0.44620912998859746 0.1209774629418472 0.4337077149372862 0.10511788597491448 0.4659253557582668 0.13655216989737742 0.4826665997719498 0.1515145085518814 0.44620912998859746
0 0 0.49423974230330675 0.01609429874572406 0.5022939817559863 0.03439580045610034 0.47466394868871153 0.0059720547320410485 0.45586809920182436 0 0.4639406385404789 0 0.49423974230330675
0 1 0.5734174538198403 0.9888538152793614 0.5636308244013684 0.9714893580387686 0.6000614047890537 1 0.6170817411630559 1 0.5734174538198403
0 0.9564831436716078 0.43143694982896236 0.9242852132269099 0.4113727719498289 0.8984765997719498 0.4623797844925884 0.9276774868871153 0.48030588597491447 0.9564831436716078 0.43143694982896236
0 0.5659176088939567 0.36577761231470923 0.535803267958951 0.3520176191562144 0.5098652223489167 0.4234350262257696 0.5367918050171038 0.4358442736602053 0.5659176088939567 0.36577761231470923
0 0.4629452873432155 0.6399423671607753 0.4492753021664766 0.63226703990878 0.4033010684150513 0.6891076476624857 0.4242420125427594 0.6994564446978335 0.4629452873432155 0.6399423671607753
0 0.5185067069555302 0.5019874561003421 0.48503911858608895 0.485699228050171 0.4690982371721779 0.5173271334093501 0.5001872075256556 0.5358888380843786 0.5185067069555302 0.5019874561003421
0 0.41664009920182443 0.31898514481185863 0.407195070695553 0.33710567388825546 0.4476994675028506 0.36080071151653365 0.4613142793614595 0.34888524743443555 0.41664009920182443 0.31898514481185863
0 0.07940879019384264 0.13367619498289623 0.014850279361459521 0.20332475484606613 0.04351075028506272 0.243014433295325 0.11055255986316989 0.1760810638540479 0.07940879019384264 0.13367619498289623