0 0.18648954846066135 0.4562531049030787 0.19957911516533636 0.4873427502850627 0.25304581527936143 0.4550800684150513 0.22947759749144814 0.4239090296465222 0.18648954846066135 0.4562531049030787
0 0.03887455872291904 0.4598635085518814 0.07167811174458381 0.4712459156214367 0.09160721436716078 0.42649453705815277 0.05630283922462941 0.40692462485746866 0.03887455872291904 0.4598635085518814
0 0.25160813683010264 0.31182654960091216 0.25498378449258835 0.34906302964652225 0.3414083899657925 0.33187584606613457 0.3426028072976055 0.2928833888255416 0.25160813683010264 0.31182654960091216
0 0.1763803124287343 0.3276357913340935 0.18111067616875712 0.2882091755986317 0.14355912428734321 0.2844544458380844 0.13648402964652223 0.31938801140250855 0.1763803124287343 0.3276357913340935
0 0.40567329532497154 0.056247242873432156 0.4196580034207526 0.0897551984036488 0.45820177993158495 0.07967966818700115 0.44782660091220067 0.04390083124287344 0.40567329532497154 0.056247242873432156
0 0.39674664424173317 0.392795267958951 0.36888498859749147 0.36077394298745724 0.3389190889395667 0.3895544549600912 0.36204425313568983 0.4219763124287343 0.39674664424173317 0.392795267958951
0 0.27590451995438997 0.5779129954389965 0.29701398859749145 0.5500829578107184 0.2693094834663626 0.524200740022805 0.2417732417331813 0.5532811379703535 0.27590451995438997 0.5779129954389965
0 0.4123440102622577 0.48572146066134547 0.3875138061573546 0.5149166795895097 0.40994755074116307 0.5344249817559863 0.439698110604333 0.5038778563283922 0.4123440102622577 0.48572146066134547
0 0.38953685404789057 0.7360307844925884 0.40911912086659064 0.7030579064994298 0.37552137514253137 0.6778992884834664 0.3503296727480046 0.7114711858608894 0.38953685404789057 0.7360307844925884
0 0.49373663283922464 0.6711531242873432 0.5209861288483466 0.6446093933865451 0.4888429509692132 0.6215532417331814 0.4658044139110604 0.6482883375142531 0.49373663283922464 0.6711531242873432
0 0.6729153819840366 0.5811442531356898 0.6472061698973774 0.6104757366020525 0.6973663409350057 0.6389799030786772 0.7106252862029647 0.6056767457240593 0.6729153819840366 0.5811442531356898
0 0.7363638757126567 0.5643916419612315 0.7170465096921322 0.5995091607753706 0.7737616077537058 0.6278066909920182 0.7919630535917902 0.5909087742303306 0.7363638757126567 0.5643916419612315
0 0.9184288916761687 0.5198008129988597 0.8937448802736602 0.5574946887115165 0.9456838483466362 0.5809979236031927 0.9588926567844925 0.5375423876852907 0.9184288916761687 0.5198008129988597
0 0.731127882554162 0.4413595621436716 0.7612413021664766 0.4040364595210946 0.7335257810718357 0.3829365438996579 0.7029485256556443 0.42135401938426453 0.731127882554162 0.4413595621436716
0 0.6350584903078677 0.3848682736602052 0.6728852576966933 0.4054933352337514 0.6898528905359179 0.3829197423033067 0.6572076282782212 0.3606336431014823 0.6350584903078677 0.3848682736602052
0 0.22394590421892815 0.7832475655644241 0.24928344127708096 0.7459913705815279 0.22046144241733182 0.7256239475484607 0.1979288529076397 0.7564796602052453 0.22394590421892815 0.7832475655644241
0 0.1499972189281642 0.687661220068415 0.16681464538198404 0.6979556111744584 0.1931325758266819 0.6638377035347777 0.17827852223489168 0.6549048095781073 0.1499972189281642 0.687661220068415
0 0.1280900148232611 0.6700308722919042 0.14774068072976054 0.6814760570125428 0.18081184606613454 0.6414457525655644 0.16588543329532499 0.631923535917902 0.1280900148232611 0.6700308722919042
0 0.6849620114025086 0.8448920741163056 0.6699619737742303 0.9005553375142531 0.704026221208666 0.91247403990878 0.7206498392246294 0.8578409030786772 0.6849620114025086 0.8448920741163056
0 0.26848422462941846 0.8828811128848347 0.2910626875712657 0.8986832155074116 0.31197153363740027 0.866783228050171 0.2905722086659065 0.8532764082098061 0.26848422462941846 0.8828811128848347
0 0.6902173363740023 0.6733243340935006 0.7054570923603193 0.6488455507411631 0.6752217651083239 0.6291475473204104 0.6589548551881415 0.6574408791334093 0.6902173363740023 0.6733243340935006
0 0.31447205131128847 0.8554801767388825 0.34402789281641966 0.8257960273660205 0.31586738768529077 0.8059440182440137 0.2855290535917902 0.8365633124287343 0.31447205131128847 0.8554801767388825
0 0.6544921550741163 0.26056555986316987 0.7130991117445838 0.3091430695553022 0.7436859954389966 0.25618793500570125 0.6899395507411631 0.21796400114025086 0.6544921550741163 0.26056555986316987