0 0.6239956088939567 0.07288751083238312 0.6309765564424173 0.11111849486887115 0.709635030786773 0.10436889965792474 0.7054288095781072 0.06323923603192702 0.6239956088939567 0.07288751083238312
0 0.7145837582668187 0.11581889509692132 0.7152874914481187 0.1467060205245154 0.7776139304446977 0.14828995895096922 0.7750831961231471 0.11017529418472063 0.7145837582668187 0.11581889509692132
0 0.5650279680729761 0.009101651083238313 0.5713289361459521 0.06689425769669327 0.6297071482326111 0.062403892816419615 0.6201668255416192 0.003891546180159635 0.5650279680729761 0.009101651083238313
0 0.49011615507411627 0.010639766248574687 0.49765066362599775 0.05007674116305587 0.5388015096921323 0.04557733067274801 0.5363008757126568 0.006600692132269099 0.49011615507411627 0.010639766248574687
0 0.446833259977195 0.0251536818700114 0.44794405131128845 0.061397338654503995 0.4919996727480046 0.05878170239452679 0.48942678677309004 0.021874114025085517 0.446833259977195 0.0251536818700114
0 0.4891699897377423 0.27591834663625997 0.49277849942987456 0.30868924515393387 0.5748317491448118 0.30680483808437853 0.5700842371721779 0.2641178369441277 0.4891699897377423 0.27591834663625997
0 0.2669997537058153 0.2580694686431015 0.2735820524515393 0.32477419726339796 0.319521338654504 0.3192569064994299 0.31030276396807294 0.251486086659065 0.2669997537058153 0.2580694686431015
0 0.04663685062713797 0.37560989167616876 0.04718864994298745 0.4278609794754846 0.1215691858608894 0.4245235393386545 0.12063320524515393 0.37481215393386547 0.04663685062713797 0.37560989167616876
0 0.755885645381984 0.3451781539338655 0.7628267662485746 0.3845944070695553 0.8199990410490308 0.3806560421892817 0.8169805438996579 0.3394959361459521 0.755885645381984 0.3451781539338655
0 0.8216349555302166 0.18069132155074116 0.8244016909920182 0.22055435005701254 0.8726747035347777 0.2163052155074116 0.8654787331812999 0.17563555530216649 0.8216349555302166 0.18069132155074116
0 0.732778244013683 0.258309425313569 0.7402576351197264 0.2823116362599772 0.7813877594070695 0.27840561459521096 0.777019535917902 0.2588834618015963 0.732778244013683 0.258309425313569
0 0.6062555233751425 0.22362115165336374 0.6153891516533637 0.3022862690992018 0.6731770980615736 0.2977752907639681 0.6607703660205245 0.21922257582668186 0.6062555233751425 0.22362115165336374
0 0.8046116966932725 0.583107984036488 0.8093034857468643 0.6188841436716077 0.9034107765108323 0.6120799224629419 0.8977637765108324 0.5781825074116306 0.8046116966932725 0.583107984036488
0 0.6561611220068415 0.5808914082098061 0.6636195917901938 0.6565321584948688 0.7220200855188142 0.6514484606613454 0.7105965131128847 0.578768007981756 0.6561611220068415 0.5808914082098061
0 0.5028296841505131 0.9055442394526796 0.5040853625997719 0.9376388620296466 0.539260881413911 0.9341190136830103 0.5319284561003421 0.8974016864310149 0.5028296841505131 0.9055442394526796
0 0.06275307525655645 0.9519030900798177 0.0859698472063854 0.9846004492588369 0.11875386545039908 0.9645433135689852 0.0967167457240593 0.9320466214367161 0.06275307525655645 0.9519030900798177
0 0 0.9468240729760548 0.016130576966932725 0.9769850171037628 0.04985714937286203 0.9639181596351197 0.03425577993158495 0.9343150216647662 0 0.9467288939566705 0 0.9468240729760548
0 0.18479985062713797 0.8255870752565564 0.1511974446978335 0.8350982862029647 0.15679317217787914 0.8620021516533637 0.19463207297605473 0.8502655610034208 0.18479985062713797 0.8255870752565564
0 0.16313324287343217 0.6633883637400229 0.15724910148232613 0.6958277719498289 0.231691748004561 0.6907117286202965 0.23009438768529075 0.6598950205245154 0.16313324287343217 0.6633883637400229
0 0 0.6531982383124287 0.0005241265678449259 0.6583040410490307 0.05358412542759407 0.6530338472063855 0.05147588141391106 0.6198337958950969 0 0.6235385792474345 0 0.6531982383124287
0 0.6491341083238312 1 0.6410274458380844 0.9377040490307867 0.4936665427594071 0.9467714389965792 0.49897122919042186 0.9990227753705815 0.5269552805017104 1 0.6491341083238312 1
0 0.9234078563283923 0.70299569327252 0.9292036442417332 0.7411837263397948 0.9841058095781071 0.7342002177879133 0.9791760022805017 0.6967334709236032 0.9234078563283923 0.70299569327252
0 0.2246076510832383 0.042916752565564424 0.22820248688711517 0.05906611060433295 0.3043010763968073 0.0575694401368301 0.3024976944127708 0.041159004561003416 0.2246076510832383 0.042916752565564424