0 0.04952449486887116 0 0.04770169783352338 0.04004419954389966 0.10605937970353478 0.05158788483466363 0.1104451961231471 0 0.04952449486887116 0
0 0.23685884606613455 0.028232242873432154 0.23087307525655643 0.0636714937286203 0.25378619612314707 0.07041119270239453 0.2633705632839225 0.033910948688711515 0.23685884606613455 0.028232242873432154
0 0.6232856054732041 0.17510625085518816 0.6117015963511973 0.17202822576966934 0.6047419646522235 0.23535516419612312 0.6180650182440136 0.24473209464082096 0.6232856054732041 0.17510625085518816
0 0.8950149749144812 0.2951000672748004 0.8279255621436716 0.28592496579247434 0.824116189281642 0.3440164709236032 0.8908978289623718 0.3522896567844926 0.8950149749144812 0.2951000672748004
0 0.7899199372862029 0.25251573660205245 0.7847671687571266 0.2980824150513113 0.8243400957810719 0.3036231163055872 0.8236895564424173 0.2542891094640821 0.7899199372862029 0.25251573660205245
0 0.8582877491448119 0.17440102850627137 0.8313330535917901 0.17137879475484608 0.8312259384264538 0.22544080273660203 0.8585351356898517 0.22520623603192702 0.8582877491448119 0.17440102850627137
0 0.8915408301026225 0.4188526442417332 0.8935433409350058 0.3785214002280502 0.8774338643101482 0.38092940478905357 0.8761490718358039 0.4177210410490308 0.8915408301026225 0.4188526442417332
0 0.8686683728620297 0.3868614823261117 0.8571115735461802 0.3849741927023945 0.8560962155074117 0.4140502200684151 0.8696695450399088 0.416304984036488 0.8686683728620297 0.3868614823261117
0 0.7308830376282782 0.05053389965792474 0.7701857936145953 0.0527975496009122 0.7714705302166477 0.016007475484606612 0.7304207251995439 0.01873276738882554 0.7308830376282782 0.05053389965792474
0 0.06763117331812998 0.9470641345496009 0.08421298175598632 0.9491284640820981 0.08558066020524514 0.909963274800456 0.07010596009122007 0.9112067856328392 0.06763117331812998 0.9470641345496009
0 0.08742137400228049 0.9082467810718358 0.08810518586088939 0.8886649680729761 0.07565496123147092 0.8882301961231471 0.07515764310148232 0.9024715153933865 0.08742137400228049 0.9082467810718358
0 0.06624973204104903 0.884634142531357 0.049676030786773094 0.8843524321550741 0.04915804675028506 0.8991855781071836 0.06636985062713797 0.8991925165336374 0.06624973204104903 0.884634142531357