0 0.27045953591790195 0.4167508152793614 0.27596663968072976 0.47049863169897377 0.32570804561003425 0.46300881870011407 0.3153694264538198 0.40501951539338654 0.27045953591790195 0.4167508152793614
0 0.16695808209806157 0.34955124857468645 0.09097218928164197 0.358636905359179 0.10118861573546181 0.4019403124287343 0.1715245701254276 0.387212165336374 0.16695808209806157 0.34955124857468645
0 0.3570346955530217 0.2169548700114025 0.3159977947548461 0.21718247662485746 0.33299113911060435 0.27865921664766247 0.3684416488027366 0.2716064503990878 0.3570346955530217 0.2169548700114025
0 0.3318955895096921 0.03862917787913341 0.25294501596351193 0.047559461801596356 0.2614416887115165 0.07829783124287343 0.33337016875712655 0.0672174047890536 0.3318955895096921 0.03862917787913341
0 0.7430143147092361 0.37380168529076396 0.7479812679589509 0.3924762919042189 0.8373252702394527 0.38943709350057015 0.84239734663626 0.3720709327251996 0.7430143147092361 0.37380168529076396
0 0.7312021881413912 0.3155661778791334 0.6953155929304448 0.31962483010262255 0.7042561801596351 0.37592771835803873 0.7376778882554161 0.373522015963512 0.7312021881413912 0.3155661778791334
0 0.6978332098061574 0.3963805336374002 0.6537990741163057 0.3970440615735462 0.6574653010262258 0.45188296693272517 0.7085214492588369 0.4533711402508552 0.6978332098061574 0.3963805336374002
0 0.6465886396807298 0.9544211870011402 0.6512777023945268 0.9897133979475485 0.693157369441277 0.9847796989737743 0.6879514481185861 0.9536473899657925 0.6465886396807298 0.9544211870011402
0 0.622351189281642 0.8836557149372861 0.5746058688711516 0.8870928802736602 0.581825086659065 0.9195464310148233 0.6338746921322691 0.9133635849486887 0.622351189281642 0.8836557149372861
0 0.3539284663625998 0.49180960661345496 0.36158847890535917 0.5498275131128848 0.39947271949828966 0.541716291904219 0.3893555336374003 0.49084677194982895 0.3539284663625998 0.49180960661345496
0 0.7284760513112886 0.844072802736602 0.7325116716077537 0.8805183329532497 0.7751999897377423 0.8714697537058153 0.7637493968072976 0.8346982063854048 0.7284760513112886 0.844072802736602
0 0.8594668950969213 0.7838176305587229 0.8724338198403648 0.8427082246294185 0.9143119258836944 0.8377744446978336 0.9038849087799316 0.7814718882554162 0.8594668950969213 0.7838176305587229
0 0.869267330672748 0.9031284321550741 0.8831035233751425 0.9454324139110605 0.9346858871151653 0.9368499509692132 0.9262007103762827 0.9002197343215508 0.869267330672748 0.9031284321550741
0 0.07181760889395666 0.9510275324971494 0.07026382326111745 0.9693604013683009 0.14285040136830102 0.9684126784492588 0.14574727137970353 0.9528445153933865 0.07181760889395666 0.9510275324971494
0 0.19248703192702393 0.23684380615735462 0.17925459064994298 0.23971458266818702 0.1864086488027366 0.26206650513112884 0.20385215165336373 0.25822885518814137 0.19248703192702393 0.23684380615735462
0 0.1536031220068415 0.24133994184720636 0.16116227137970354 0.26727735233751426 0.17617352223489166 0.2644997993158495 0.17154797947548459 0.23931069669327254 0.1536031220068415 0.24133994184720636