0 0.5112400570125427 0.8974662782212087 0.5956484823261118 0.8735375644241733 0.5670382462941848 0.8001818677309008 0.485416472063854 0.8193988517673888 0.5112400570125427 0.8974662782212087
0 0.49054150057012547 0.8142716305587229 0.47310741049030786 0.7666870490307868 0.373116496009122 0.7945723683010262 0.3868827274800456 0.8401524754846066 0.49054150057012547 0.8142716305587229
0 0.40219247662485746 0.6790813078677309 0.3890205017103763 0.6488388335233751 0.31957467388825544 0.6653043728620297 0.32844658722919046 0.6985231368301026 0.40219247662485746 0.6790813078677309
0 0.3356452805017104 0.9513436966932726 0.31666463740022804 0.8949881721778792 0.2471157069555302 0.9108689828962372 0.2674267046750285 0.9679307867730901 0.3356452805017104 0.9513436966932726
0 0.181423259977195 1 0.17192176510832383 0.959710472063854 0.10336997833523376 0.9778270980615735 0.10986758836944129 1 0.181423259977195 1
0 0.16956631014823262 0.7617114424173318 0.1563302417331813 0.71399113340935 0.089566425313569 0.7251604857468643 0.10441940250855189 0.7769128403648803 0.16956631014823262 0.7617114424173318
0 0.25680444013683007 0.6546629566704675 0.24081495781071835 0.6050133363740022 0.17989997605473204 0.6151513808437856 0.19093466362599773 0.667483393386545 0.25680444013683007 0.6546629566704675
0 0.20116699657924741 0.49983301938426455 0.16154264994298745 0.5110418141391107 0.17528826111744583 0.5428459019384264 0.20969375940706958 0.534513614595211 0.20116699657924741 0.49983301938426455
0 0.12603818472063855 0.5866558472063854 0.1183036259977195 0.5530397993158495 0.06292509122006841 0.5603928905359179 0.06945668072976055 0.6008546465222349 0.12603818472063855 0.5866558472063854
0 0.2775355963511973 0.3790191288483466 0.3299904834663626 0.3721815553021665 0.3234241163055872 0.33836110946408204 0.2708310763968073 0.35125372633979474 0.2775355963511973 0.3790191288483466
0 0.8007657765108324 0.68961417331813 0.7900724104903079 0.6529039714937286 0.7281941755986318 0.664417684150513 0.7397453956670468 0.6974448415051312 0.8007657765108324 0.68961417331813
0 0.9220561037628278 0.5705290969213227 0.9574491915621437 0.5660970695553021 0.9528084435575828 0.5397780832383124 0.9197866282782212 0.547409448118586 0.9220561037628278 0.5705290969213227
0 0.9160932497149372 0.33155587115165336 0.9747111128848347 0.32001572748004564 0.9627723249714937 0.2817132246294185 0.9077046396807298 0.2908202337514253 0.9160932497149372 0.33155587115165336
0 0.3702427309007982 0.25170685746864313 0.4101089863169897 0.24528027023945267 0.403231267958951 0.23020968072976056 0.36622098745724063 0.2391472291904219 0.3702427309007982 0.25170685746864313
0 0.4178795895096921 0.27225319954389965 0.4084909087799316 0.26003858380843786 0.37244388141391105 0.26760046636259976 0.3779828323831243 0.2819170763968073 0.4178795895096921 0.27225319954389965
0 0 0.2665923261117446 0.02893584378563284 0.25821365336374 0.02116562371721779 0.2414917069555302 0 0.24820453021664768 0 0.2665923261117446
0 0.8180686944127707 0.30903710832383124 0.7844624218928163 0.31677311630558724 0.7911334310148233 0.35117802052451536 0.8276578677309008 0.3446140205245154 0.8180686944127707 0.30903710832383124