0 0.03130451083238313 0.27802647434435573 0.07295888939566705 0.24331411744583809 0.05995874116305587 0.21378335005701254 0.013413759407069554 0.2421863945267959 0.03130451083238313 0.27802647434435573
0 0.0783602645381984 0.32089798289623717 0.09561001710376284 0.29758449030786777 0.07138523945267959 0.27567933637400227 0.05328618129988597 0.2979481915621437 0.0783602645381984 0.32089798289623717
0 0.12065330672748005 0.36106609122006844 0.1646408802736602 0.3259017993158495 0.13658071151653364 0.30292758152793614 0.098309165336374 0.3381905153933865 0.12065330672748005 0.36106609122006844
0 0.08493815963511972 0.715807842645382 0.04095401938426454 0.7588346875712657 0.04933768871151654 0.8019649315849487 0.10833713454960092 0.7396881060433295 0.08493815963511972 0.715807842645382
0 0.2808859885974914 0.8803501539338655 0.3168580034207526 0.8412985689851767 0.26670905473204104 0.7887456442417331 0.22963425769669327 0.8271027012542759 0.2808859885974914 0.8803501539338655
0 0.3839489771949829 0.9903622907639681 0.40783810148232613 0.9669679612314709 0.3806182816419612 0.9389898996579248 0.3565638848346636 0.9666519874572406 0.3839489771949829 0.9903622907639681
0 0.775550496009122 0.6051544709236032 0.7826134618015963 0.5916858996579247 0.7295201356898519 0.5239772736602053 0.7180233888255416 0.5343792576966933 0.775550496009122 0.6051544709236032
0 0.7945994355758267 0.5724183055872292 0.8038801755986318 0.5579121881413911 0.7588501961231471 0.5067836898517674 0.7494002679589509 0.513761905359179 0.7945994355758267 0.5724183055872292
0 0.8043526043329533 0.5354404264538198 0.8152521984036488 0.5230390877993158 0.7942024994298745 0.49567785746864307 0.7859493215507412 0.5057501938426454 0.8043526043329533 0.5354404264538198
0 0.628673874572406 0.4347044538198404 0.6581249657924744 0.4803931003420753 0.6719239224629419 0.4704524982896237 0.6453706590649942 0.4272248871151653 0.628673874572406 0.4347044538198404
0 0.8163840855188141 0.10243766818700113 0.8526933956670467 0.0869117708095781 0.8253332873432154 0.02085460661345496 0.7905922269099201 0.03486753249714937 0.8163840855188141 0.10243766818700113
0 0.6459802759407071 0.1875790353477765 0.6634880228050172 0.18115155872291902 0.641177070695553 0.1286312417331813 0.6209568529076397 0.13770299087799315 0.6459802759407071 0.1875790353477765
0 0.808878338654504 0.32527650969213223 0.8547903580387686 0.3000208141391106 0.8389251345496009 0.26197401482326116 0.7875171710376283 0.2804347936145952 0.808878338654504 0.32527650969213223
0 0.8631701014823261 0.3867035530216648 0.8979231870011403 0.37873851197263403 0.8875480307867731 0.3378099623717218 0.8521366362599773 0.346810259977195 0.8631701014823261 0.3867035530216648
0 0.7289829122006841 0.40915772177879134 0.7389270330672748 0.4011761505131129 0.7291479179019384 0.37888090421892817 0.7142925005701254 0.3844919806157355 0.7289829122006841 0.40915772177879134
0 0.6935529498289624 0.39185008779931585 0.7080586579247434 0.4229027936145952 0.7169667673888256 0.412703149372862 0.7053243010262258 0.3901652394526796 0.6935529498289624 0.39185008779931585