0 0.38250181527936145 0.9275657765108324 0.43169479361459523 0.9326395564424174 0.43671086202964654 0.8891364355758267 0.3889293010262258 0.8819027069555302 0.38250181527936145 0.9275657765108324
0 1 0.9384184777651083 0.9092168836944128 0.9284295245153934 0.9061119931584949 0.9415959042189282 1 0.9518651721778791 1 0.9384184777651083
0 1 0.9038074150513112 0.908649393386545 0.8952103432155074 0.9113396442417332 0.9126583340935005 1 0.9234735769669328 1 0.9038074150513112
0 0.45408981641961227 0.8084026123147093 0.5406489692132269 0.8116759236031927 0.5398428529076397 0.7970983021664766 0.45355154618015964 0.7929885712656785 0.45408981641961227 0.8084026123147093
0 0.4572858928164196 0.76377638654504 0.5365195963511973 0.7699852645381984 0.540684535917902 0.7531484036488028 0.4548416761687571 0.7448673568985177 0.4572858928164196 0.76377638654504
0 0.40674318244013685 0.8305919407069555 0.40550796123147087 0.8463039965792475 0.44305708665906496 0.84974251995439 0.4436243238312429 0.8319149885974914 0.40674318244013685 0.8305919407069555
0 0.47552791790193844 0.8353114515393386 0.473424897377423 0.851647921322691 0.5056128072976055 0.8546795518814139 0.5103529760547321 0.8373019749144812 0.47552791790193844 0.8353114515393386
0 0.5371919395667046 0.8402780581527937 0.5365103876852908 0.8547872451539339 0.5722172383124288 0.8565093295324971 0.5734798551881414 0.8416265131128848 0.5371919395667046 0.8402780581527937
0 0.342090701254276 0.17010686773090078 0.3901876054732041 0.17786428620296466 0.40028399885974913 0.11821777879133409 0.3530129931584949 0.10859133751425315 0.342090701254276 0.17010686773090078
0 0.16591457810718357 0.07595109350057012 0.22017057126567846 0.0814437457240593 0.2256465370581528 0.034097232611174456 0.16953681755986316 0.026560216647662487 0.16591457810718357 0.07595109350057012
0 0.5975510855188142 0.10183265108323832 0.6513873432155074 0.10376747092360318 0.652287551881414 0.05303171037628278 0.6016424925883693 0.04886384492588369 0.5975510855188142 0.10183265108323832
0 0.6703530775370581 0.09394803192702395 0.700124574686431 0.09583517217787912 0.7141324549600913 0.0206004732041049 0.6770732713797035 0.014178970353477765 0.6703530775370581 0.09394803192702395
0 0.5619633044469783 0.1460531470923603 0.5541995792474345 0.22145909464082097 0.6821108985176739 0.22649030672748005 0.6908803648802736 0.15436531927023947 0.5619633044469783 0.1460531470923603