0 0.5279361459521095 0.042759407069555305 0.046750285062713795 0.04789053591790194
0 0.16459695096921323 0.47946482098061577 0.20945177651083238 0.45895625541619156 0.19617906043329533 0.41601142645381983 0.14400135461801597 0.4229468757126568 0.16459695096921323 0.47946482098061577
0 0.43656942075256555 0.646720354618016 0.43295706043329535 0.6126958620296464 0.3793805575826682 0.6236002622576967 0.3781403158494869 0.6742344857468643 0.43656942075256555 0.646720354618016
0 0.7460291961231471 1 0.72917265336374 0.9687944446978336 0.6932455518814139 0.9944771128848346 0.6962968700114024 1 0.7460291961231471 1
0 1 0.4832669156214367 0.9671629589509692 0.4799305781071836 0.9606152998859749 0.5265195963511973 0.9988359669327252 0.5332875632839225 1 0.5194739954389965 1 0.4832669156214367
0 0.05185557468643102 0.5818471938426454 0.01541557354618016 0.5823146510832383 0.01873482212086659 0.658235771949829 0.06064174230330673 0.6487555142531356 0.05185557468643102 0.5818471938426454
0 0 0.48616389737742305 0.05749085518814139 0.48203353249714936 0.05164203648802737 0.4141416259977195 0.008286376282782212 0.4150351299885975 0 0.4739957605473204 0 0.48616389737742305
0 0.3345783899657925 0.26247556556442414 0.32978863968072974 0.22687026453819842 0.2912059521094641 0.23262535005701254 0.29245746978335235 0.26354260091220066 0.3345783899657925 0.26247556556442414
0 0.7161530102622577 0.7137330319270239 0.7135552383124287 0.6810218996579248 0.6726852155074117 0.6902534207525656 0.6787099338654504 0.7220450421892817 0.7161530102622577 0.7137330319270239
0 1 0.3191393340935006 0.9324123797035347 0.32473860205245153 0.9337256704675029 0.33459227251995444 1 0.33301257924743444 1 0.3191393340935006
0 0.7695269623717218 0.2827623865450399 0.7639352394526796 0.2969519486887115 0.819534677309008 0.30237075598631696 0.8206037525655644 0.2883644834663626 0.7695269623717218 0.2827623865450399
0 0.7989758221208665 0.30786769897377425 0.7986860296465221 0.3269947605473204 0.8167379156214367 0.3265370182440137 0.8196457708095781 0.30799091220068414 0.7989758221208665 0.30786769897377425