0 0.6389141687571266 0.8177908472063854 0.68051048004561 0.8189155108323831 0.6815343169897378 0.7630367514253136 0.6325265245153934 0.7643713911060434 0.6389141687571266 0.8177908472063854
0 0.4652172998859749 0.2622241596351197 0.43301801938426454 0.2629485655644242 0.43638159863169895 0.36198851539338656 0.47411926111744584 0.35629302622576964 0.4652172998859749 0.2622241596351197
0 0.5004210752565564 0.2611146465222349 0.5029079840364881 0.31069013911060434 0.534392157354618 0.31170289395667045 0.5356678278221209 0.25941294070695553 0.5004210752565564 0.2611146465222349
0 0.34388551311288484 0.056131889395667045 0.31215261459521093 0.05867607297605473 0.3163711744583808 0.1375374481185861 0.35073548004561 0.13696443443557582 0.34388551311288484 0.056131889395667045
0 0.26780620866590654 0.11390309236031927 0.20730370809578108 0.11919554275940707 0.20594045153933865 0.21016736259977195 0.2717609828962372 0.21060358380843786 0.26780620866590654 0.11390309236031927
0 0.1620921425313569 0.05056205701254275 0.08208036259977194 0.05389508551881414 0.08041321778791334 0.11568086088939568 0.16117428050171037 0.11478102622576966 0.1620921425313569 0.05056205701254275
0 0.8947274446978335 0.10536410604332953 0.8835948118586089 0.10280003762827822 0.8853833283922463 0.14607866020524515 0.898635014823261 0.14313494184720638 0.8947274446978335 0.10536410604332953
0 0.9099937502850627 0.09988443215507412 0.9122485541619155 0.13575566134549602 0.9282884070695553 0.13628207753705815 0.9231946693272519 0.09842829646522236 0.9099937502850627 0.09988443215507412
0 0.9370294196123148 0.09641971721778791 0.9389100125427594 0.1376200125427594 0.9528277080957811 0.134425267958951 0.9529021493728621 0.09931367958950969 0.9370294196123148 0.09641971721778791
0 0.7853602086659065 0.060218811858608896 0.7497298015963513 0.05891769099201824 0.7524302805017103 0.09392571949828962 0.7867203306727479 0.09186108095781072 0.7853602086659065 0.060218811858608896
0 0.6486930672748005 0.1500604937286203 0.6449552269099201 0.0843271322690992 0.6244911322690991 0.0849793432155074 0.6282584732041049 0.15279953363740023 0.6486930672748005 0.1500604937286203
0 0.6080498700114024 0.007584553021664765 0.5333993454960091 0.0023644800456100344 0.5348066636259977 0.02692560433295325 0.6110130011402508 0.024814473204104903 0.6080498700114024 0.007584553021664765
0 0.7412728198403649 0.03511352565564424 0.738986385404789 0.0167405267958951 0.6955440296465223 0.013702741163055872 0.7040022086659066 0.04024490992018244 0.7412728198403649 0.03511352565564424
0 0.43084900342075255 0.5919455575826682 0.4000110057012543 0.5987155860889396 0.40524292816419616 0.6285453979475485 0.43985542075256556 0.6163817765108324 0.43084900342075255 0.5919455575826682
0 0.34518604218928167 0.6079778152793615 0.37482563968072974 0.5927880558722919 0.35894451425313567 0.5559671117445838 0.32117543899657924 0.568204472063854 0.34518604218928167 0.6079778152793615
0 0.30807481870011405 0.7470403158494869 0.2877661470923603 0.7480009954389967 0.29597435005701256 0.7994645575826681 0.31648632269099203 0.7970300969213228 0.30807481870011405 0.7470403158494869