0 0.2534926966932725 0.7269702086659064 0.25725650741163053 0.6920483261117446 0.20002478335233753 0.6815284697833524 0.20348165108323832 0.7166441824401368 0.2534926966932725 0.7269702086659064
0 0.1264978905359179 0.9010922565564424 0.12275236259977196 0.8767968255416192 0.07813229418472065 0.872957692132269 0.0755687377423033 0.8939336168757127 0.1264978905359179 0.9010922565564424
0 0.2514565233751425 0.6752104025085519 0.25604613797035347 0.6422636305587229 0.2083834298745724 0.6354152063854048 0.20704758152793615 0.6702933101482326 0.2514565233751425 0.6752104025085519
0 0.2776514378563284 0.6120195074116306 0.28282050513112883 0.557429401368301 0.23538225313568986 0.5494180649942988 0.22798515963511973 0.6045874378563283 0.2776514378563284 0.6120195074116306
0 0.17379373204104903 0.5301944800456101 0.17093667616875713 0.4982164903078677 0.1416967662485747 0.4961588209806157 0.14013588711516534 0.5290910490307867 0.17379373204104903 0.5301944800456101
0 0.17290845724059292 0.6841128494868871 0.16881812542759406 0.6398090182440137 0.13619569669327253 0.6364905826681869 0.1309453637400228 0.6790599543899658 0.17290845724059292 0.6841128494868871
0 0.6846100775370582 0.9020161197263398 0.679534952109464 0.8690021163055872 0.6479652109464082 0.8664915758266818 0.6496735564424173 0.9012674104903079 0.6846100775370582 0.9020161197263398
0 0.8383174595210947 0.923435275940707 0.8403312132269098 0.8881732177879134 0.8049097035347776 0.8837042417331813 0.8005447263397948 0.9170512303306727 0.8383174595210947 0.923435275940707
0 0.7717945210946408 0.9171500615735462 0.7707804789053592 0.8819059133409349 0.7444396328392247 0.8773890433295325 0.7420188768529076 0.9147367605473204 0.7717945210946408 0.9171500615735462
0 0.33613876396807296 0.32668705473204107 0.34189406043329534 0.2939668677309008 0.265072322690992 0.2784293717217788 0.26247449258836947 0.31357630558722915 0.33613876396807296 0.32668705473204107
0 0.3037321790193843 0.27869368871151656 0.3036593637400228 0.24483903990877992 0.2660009771949829 0.23631085632839224 0.26715404789053593 0.27238745153933863 0.3037321790193843 0.27869368871151656
0 0.40882078449258835 0.2888477229190422 0.41203018129988594 0.23810755302166475 0.37602276282782215 0.23352468757126568 0.37184459407069553 0.28458113112884836 0.40882078449258835 0.2888477229190422
0 0.402280574686431 0.22291816875712656 0.40436815507411633 0.1592705496009122 0.33573984150513114 0.15136954846066134 0.329546669327252 0.21745991448118587 0.402280574686431 0.22291816875712656
0 0.24606165222348916 0.12729074686431013 0.24725054047890538 0.0900569464082098 0.1947154914481186 0.08649229304446979 0.19537335233751427 0.1188848369441277 0.24606165222348916 0.12729074686431013
0 0.19403176510832382 0.27670660433295324 0.19351782782212087 0.22645082554161916 0.14433258608893956 0.21809990992018244 0.14055732155074116 0.27175121778791334 0.19403176510832382 0.27670660433295324
0 0.07461222805017104 0.3060659464082098 0.07792163283922462 0.2734735974914481 0.04646518358038768 0.27038021436716075 0.04865754732041049 0.3042218665906499 0.07461222805017104 0.3060659464082098
0 0.10841701368301027 0.3126369315849487 0.11067373090079817 0.2792366898517674 0.08493269897377424 0.2778575416191562 0.08393768643101482 0.3078786316989738 0.10841701368301027 0.3126369315849487
0 0.10981196009122006 0.39569313797035344 0.14557611630558723 0.3984157206385405 0.147687425313569 0.3595482223489168 0.11134012884834663 0.3567138802736602 0.10981196009122006 0.39569313797035344
0 0.08241842531356898 0.39036837514253137 0.08176246978335233 0.3564019669327252 0.05331654732041049 0.3502677765108324 0.04982312770809578 0.38691036488027364 0.08241842531356898 0.39036837514253137
0 0.38446698859749145 0.14029490421892815 0.3863804367160775 0.0868865575826682 0.35537656442417337 0.08146487799315849 0.3489303546180159 0.13641000570125428 0.38446698859749145 0.14029490421892815
0 0.07269360433295324 0.07787929988597492 0.07017206271379704 0.09551913568985176 0.14777242189281642 0.10238334663625998 0.14999910376282782 0.0862604321550741 0.07269360433295324 0.07787929988597492
0 0.3664346944127708 0 0.3697849863169897 0.013563469783352338 0.4398389179019384 0.02657730330672748 0.44047628734321553 0 0.3664346944127708 0
0 0.8234000570125427 0.23467983580387683 0.8219976442417332 0.19210661573546178 0.7340562257696692 0.18709865450399088 0.7351624686431014 0.2265279110604333 0.8234000570125427 0.23467983580387683
0 0.8407743169897377 0.11417950855188141 0.8385961254275941 0.07870907297605473 0.8017808141391106 0.07517889623717218 0.8015678745724059 0.10894775712656785 0.8407743169897377 0.11417950855188141
0 0.6352758346636259 0.3467636499429874 0.6431631014823261 0.2999554891676169 0.6058612690992018 0.29270474800456103 0.6006143329532497 0.3399242645381984 0.6352758346636259 0.3467636499429874
0 0.7876266909920182 0.18844830216647662 0.7917637309007982 0.15782982668186998 0.7381537993158495 0.12867745952109463 0.7337182953249716 0.1872812793614595 0.7876266909920182 0.18844830216647662
0 0.7145476202964652 0.7168833101482327 0.7167719236031926 0.677434503990878 0.6809923261117447 0.6716877901938426 0.6783354435575827 0.7102502713797035 0.7145476202964652 0.7168833101482327
0 0.7874676807297605 0.6591488700114025 0.8415573774230332 0.6702661128848347 0.8488531197263397 0.6420762155074116 0.7912972542759408 0.6363274811858609 0.7874676807297605 0.6591488700114025
0 0.9972974150513112 0.5555134458380844 0.9989509475484606 0.538916204104903 0.9824220809578107 0.5399325849486887 0.9790927833523375 0.5539485872291904 0.9972974150513112 0.5555134458380844
0 1 0.5058844868871152 0.983610968072976 0.5026987822120866 0.982999700114025 0.5182904857468643 1 0.5215950091220068 1 0.5058844868871152
0 0.612190142531357 0.48730330216647666 0.6121015895096921 0.45042605359179017 0.5801740592930444 0.44663623945267955 0.5771244298745724 0.4794398494868871 0.612190142531357 0.48730330216647666
0 0.6121469338654504 0.7084598882554163 0.6166081140250855 0.6730702907639681 0.5571567833523375 0.6615141231470923 0.558127511972634 0.703196417331813 0.6121469338654504 0.7084598882554163
0 0.5886241984036489 0.7703587970353477 0.5902983717217788 0.7368437286202965 0.5403209749144812 0.7325680980615735 0.5334166704675029 0.7680876636259978 0.5886241984036489 0.7703587970353477