0 0.9961363204104903 0.7257134629418471 0.9642761630558724 0.726823220068415 0.9704235815279361 0.8501274127708096 0.9937613797035347 0.8380484982896237 0.9961363204104903 0.7257134629418471
0 0.7069689350057012 0.15961495096921324 0.5983965986316989 0.19934021550741163 0.6124006202964651 0.25285995781071835 0.720238330672748 0.21520187457240594 0.7069689350057012 0.15961495096921324
0 0.5661986602052451 0.04727856100342075 0.5873928129988598 0.16418656784492588 0.6739243363740023 0.13323266362599773 0.6447599988597491 0.015352596351197262 0.5661986602052451 0.04727856100342075
0 0.4205752998859749 0.21288574344355757 0.4327443591790194 0.2763609156214367 0.5408244663625998 0.2661784355758267 0.5350288187001141 0.21654785404789054 0.4205752998859749 0.21288574344355757
0 0.5663761824401368 0.13218834207525657 0.45681287799315845 0.13360610262257697 0.4550442462941847 0.18560034207525655 0.5654465416191562 0.185447417331813 0.5663761824401368 0.13218834207525657
0 0.454524685290764 0.4373983740022805 0.4528715188141391 0.37355198631698977 0.4113427160775371 0.37421324629418473 0.41848095553021664 0.4409323625997719 0.454524685290764 0.4373983740022805
0 0.500757007981756 0.3258288711516533 0.5064142508551881 0.3980714196123147 0.5438421436716078 0.3945615929304447 0.545101007981756 0.3224413272519954 0.500757007981756 0.3258288711516533
0 0.8290631368301027 0.23612775484606616 0.8088114754846066 0.17274903648802736 0.7561599897377423 0.1858040045610034 0.7813059589509692 0.2531328038768529 0.8290631368301027 0.23612775484606616
0 1 0.11742110832383125 0.9493913591790194 0.1401225245153934 1 0.2841256522234892 1 0.11742110832383125
0 1 0.3935771368301026 0.9399392166476624 0.27374041163055873 0.8014315176738883 0.32364634663626 0.8545041231470923 0.4640017799315849 1 0.3981514344355758 1 0.3935771368301026
0 0.8707757901938427 0.22556038084378563 0.7859348643101481 0.259753661345496 0.8074241482326112 0.3201816545039909 0.8931287445838084 0.2898681014823261 0.8707757901938427 0.22556038084378563
0 0.8355975051311288 0.23564797149372863 0.8683923511972634 0.2261126191562144 0.842318921322691 0.14271205929304445 0.8084772018244013 0.1578784378563284 0.8355975051311288 0.23564797149372863