0 0.34862103078677303 0.9220558494868871 0.3507397981755986 0.9043471562143671 0.2631357833523375 0.8855005496009122 0.2611737856328392 0.9002477651083238 0.34862103078677303 0.9220558494868871
0 0.36023561801596354 0.8933008643101482 0.3603432474344356 0.8799021984036488 0.18691714595210945 0.8423023728620296 0.1861410205245154 0.8571117377423033 0.36023561801596354 0.8933008643101482
0 0.2893062234891676 0.8512826864310149 0.29464381527936145 0.8402250034207526 0.11525415621436716 0.8029072075256557 0.11429182896237172 0.8212695074116306 0.28856069555302166 0.8541632405929305 0.2893062234891676 0.8512826864310149
0 0.4660763055872292 0.8988477400228051 0.47309584378563285 0.884029181299886 0.3974141824401368 0.864619834663626 0.3937665165336374 0.8774965781071835 0.46576634435575825 0.8990896624857468 0.4660763055872292 0.8988477400228051
0 0.48179646978335233 0.8711684743443558 0.48719281755986316 0.8532873295324972 0.4105457343215507 0.8409543420752567 0.4074599304446978 0.854455094640821 0.48179646978335233 0.8711684743443558
0 0.4888088745724059 0.8394685940706956 0.4937089304446978 0.8310572668187001 0.43338154275940705 0.8136401664766248 0.43073354846066136 0.8301319965792474 0.4888088745724059 0.8394685940706956
0 0.501100496009122 0.814812473204105 0.5074023432155074 0.8080157833523376 0.4652697810718358 0.7951149304446978 0.45587903534777646 0.8041264321550742 0.501100496009122 0.814812473204105
0 0.5180049327251995 0.7928984002280501 0.5203756761687571 0.7760243500570125 0.48573384606613457 0.7676764583808438 0.48074509806157356 0.7834526123147092 0.5180049327251995 0.7928984002280501
0 0.5839988494868872 0.7589463500570126 0.5859649646522235 0.7497632246294184 0.5007031801596351 0.7316339350057013 0.49702452109464085 0.7451020535917903 0.5839988494868872 0.7589463500570126
0 0.6029507594070695 0.7376715598631699 0.6011252371721778 0.7214522280501711 0.5097463283922463 0.706565047890536 0.5066605245153933 0.720065802736602 0.6029507594070695 0.7376715598631699
0 0.5408207890535918 0.6978951026225769 0.5406348939566704 0.6844247263397948 0.5099884082098062 0.6792559167616876 0.5058409486887114 0.6903243375142532 0.5408207890535918 0.6978951026225769
0 0.47572268187001143 0.748818858608894 0.4849453443557583 0.7373420570125429 0.3795548825541619 0.7175617377423034 0.37643800342075256 0.7316554275940707 0.47572268187001143 0.748818858608894
0 0.4778690478905359 0.724881197263398 0.4816920399087799 0.7086590456100341 0.38438524515393385 0.693462762827822 0.379550228050171 0.7062757137970354 0.4778690478905359 0.724881197263398
0 0.4872703215507412 0.6986513375142531 0.48877009464082094 0.6870514321550741 0.4170527023945268 0.6714141037628277 0.41396698061573545 0.6849132964652224 0.4872703215507412 0.6986513375142531
0 0.3788853557582668 0.7927344059293044 0.3799459304446978 0.7781699521094642 0.33921960889395664 0.7724713158494869 0.3425924766248575 0.7874981197263398 0.3788853557582668 0.7927344059293044
0 0.33291082440136827 0.7680554013683011 0.33612296351197263 0.7521141641961231 0.2743924298745724 0.7387807901938427 0.2734921698973774 0.7559587776510833 0.33291082440136827 0.7680554013683011
0 0.3229763717217788 0.7363592212086659 0.3252546282782212 0.7212499361459521 0.2839974378563284 0.7143359133409349 0.2798189042189282 0.7259972702394527 0.3229763717217788 0.7363592212086659
0 0.3531428118586089 0.676975377423033 0.35051496807297605 0.6590179247434436 0.31138117331813003 0.6569670091220069 0.31588096693272516 0.6732404367160776 0.3531428118586089 0.676975377423033
0 0.3631613842645382 0.6502818768529076 0.35955959407069554 0.6339506784492588 0.3206415974914481 0.6277522497149373 0.3233920136830103 0.6433409954389966 0.3631613842645382 0.6502818768529076
0 0.38317933181299885 0.625683322690992 0.38242647890535914 0.6060435689851768 0.34494735689851763 0.6064545017103763 0.34591748688711516 0.6219483831242872 0.38317933181299885 0.625683322690992
0 0.37512795781071834 0.5921206385404789 0.37471211858608894 0.5830677172177879 0.34818371607753706 0.5787061641961232 0.34590976624857467 0.5880906408209806 0.37512795781071834 0.5921206385404789