0 0.246827929304447 0.20437937286202965 0.21259769099201822 0.24320465222348917 0.2577323614595211 0.2795591630558723 0.28979354275940705 0.23580986887115163 0.246827929304447 0.20437937286202965
0 0.0828533637400228 0.38702742759407066 0.0420818015963512 0.35458793158494867 0.006532649942987458 0.4201625074116306 0.038206919042189286 0.44257741163055875 0.0828533637400228 0.38702742759407066
0 0.08561612656784492 0 0.07222352907639681 0.028046647662485748 0.11645185860889395 0.04462307525655644 0.13385474344355758 0 0.08561612656784492 0
0 0.5790087354618016 0.3242615735461802 0.5595532337514253 0.3560159361459521 0.6127319475484606 0.3783045370581528 0.630532567844926 0.35094972976054734 0.5790087354618016 0.3242615735461802
0 1 0.4520188654503991 0.9709514458380843 0.42370833523375145 0.9247860820980616 0.48804455644241734 0.9755907890535918 0.5215747126567845 1 0.47027718244013683 1 0.4520188654503991
0 0.8123487867730901 0.1434115347776511 0.8363760763968072 0.1590587879133409 0.8671338529076398 0.11636496921322691 0.8438193067274801 0.09960172976054732 0.8123487867730901 0.1434115347776511
0 0.7690593762827822 0.15198351767388826 0.7881347286202964 0.16646300456100344 0.8209523021664766 0.1240375267958951 0.7992870011402509 0.1086385290763968 0.7690593762827822 0.15198351767388826
0 0.8011709156214367 0.062312924743443555 0.8247212748004561 0.03137544127708096 0.7792516704675029 0.026608962371721778 0.7721067274800456 0.03778584036488027 0.8011709156214367 0.062312924743443555
0 0.7051390456100342 0.30570820638540475 0.7115786830102622 0.28989627366020526 0.6102136408209806 0.254577574686431 0.5999301835803877 0.26721407297605476 0.7051390456100342 0.30570820638540475
0 0.7010984446978336 0.41801042645381986 0.74271655986317 0.44522070239452677 0.7585597924743444 0.4109279749144812 0.7241809635119727 0.38584387001140247 0.7010984446978336 0.41801042645381986
0 0.8796983945267959 0.633011692132269 0.9589519327251996 0.6514814971493729 0.9698172725199544 0.6049074093500569 0.89485203990878 0.591064323831243 0.8796983945267959 0.633011692132269
0 0.8299738608893956 0.6403118654503991 0.8693511562143672 0.6462400763968074 0.8710535233751425 0.6130172759407069 0.8373331083238312 0.6100701368301027 0.8299738608893956 0.6403118654503991
0 0.8137590912200685 0.550333425313569 0.8272586442417331 0.5354991858608894 0.7707060684150513 0.5112141710376283 0.7630649429874572 0.527111921322691 0.8137590912200685 0.550333425313569
0 0.7525093717217789 0.6900244526795895 0.8105965553021666 0.6997086431014824 0.8187631892816419 0.6731307548460662 0.7558899623717217 0.6635405518814139 0.7525093717217789 0.6900244526795895
0 0.700876078677309 0.760942362599772 0.6809093283922463 0.7947058529076397 0.7281156522234892 0.8198702998859749 0.7515731550741163 0.7954965655644242 0.700876078677309 0.760942362599772
0 0.7822436784492588 0.7820193033067274 0.8073217286202965 0.7507474891676168 0.7353287366020524 0.7114805017103762 0.712526558722919 0.7466600547320411 0.7822436784492588 0.7820193033067274
0 0.151469007981756 0.37038353819840364 0.20754159977194983 0.4077556989737742 0.21739212542759406 0.396398141391106 0.15820980843785631 0.35737155074116306 0.151469007981756 0.37038353819840364
0 0.01674746978335234 0.44226067844925887 0.006479527936145952 0.4547495518814139 0.06522960547320411 0.4979035712656784 0.0805780581527936 0.48818436602052456 0.01674746978335234 0.44226067844925887
0 0 0.47949465108323835 0.03751087685290764 0.5088426636259977 0.04561751083238313 0.497036298745724 0.0016345108323831243 0.46676518244013687 0 0.47595131128848345 0 0.47949465108323835
0 0.10463628392246294 0.8244726077537058 0.07480499087799315 0.8782474104903079 0.10815783010262257 0.8960672873432155 0.13468593044469784 0.8481590330672748 0.10463628392246294 0.8244726077537058
0 0.36063959179019384 0.7574667377423032 0.32717067958950974 0.8003940695553022 0.3631037867730901 0.8220656955530216 0.39640802622576965 0.777850031927024 0.36063959179019384 0.7574667377423032
0 0.5734447548460662 0.9622672280501711 0.6093159612314709 0.9845277981755987 0.6321181379703535 0.9493482451539338 0.5962807366020525 0.9324612713797036 0.5734447548460662 0.9622672280501711
0 0.43201572862029647 0.5072286202964652 0.458095015963512 0.5260735074116306 0.480495488027366 0.5003962063854047 0.45727420980615735 0.47708025655644243 0.43201572862029647 0.5072286202964652