0 0.3212796556442417 0.9670466966932726 0.3391651539338654 0.9910810798175598 0.37160383694412774 0.9755057753705815 0.34200907297605476 0.9395991870011403 0.3212796556442417 0.9670466966932726
0 0.8512799680729761 0.6631906362599772 0.8215336237172178 0.6772354378563283 0.8270556807297604 0.7033071664766248 0.864948701254276 0.6860597366020524 0.8512799680729761 0.6631906362599772
0 0.8323859885974915 0.5670696157354618 0.7804583888255416 0.5808890478905359 0.7803745290763968 0.6585842896237173 0.8421196966932726 0.6470228905359179 0.8323859885974915 0.5670696157354618
0 0.13576568757126567 0.4412601755986317 0.10580018015963513 0.4511529441277081 0.13124108323831243 0.5399979167616875 0.15451311858608893 0.5346147616875713 0.13576568757126567 0.4412601755986317
0 0.4323619384264538 0.3105677913340935 0.4025430615735462 0.3232285553021665 0.41977274116305585 0.36117101026225773 0.44515725085518815 0.3431928494868871 0.4323619384264538 0.3105677913340935
0 0.5314927137970353 0.2720769384264538 0.5021088779931585 0.29303880957810724 0.5232669099201824 0.32661343443557583 0.5498163751425313 0.30441226567844926 0.5314927137970353 0.2720769384264538
0 0.34177287685290764 0.14189957924743443 0.3180608198403649 0.16533831927023948 0.3549243215507411 0.20780160205245155 0.38249375598631696 0.1786109110604333 0.34177287685290764 0.14189957924743443
0 0.41742542075256556 0.025562043329532498 0.3914575438996579 0.05883075370581528 0.4145088859749145 0.07565833865450398 0.4408392702394527 0.049306698973774224 0.41742542075256556 0.025562043329532498
0 0.6192283557582668 0.09544939794754845 0.6689774868871152 0.06648415735461802 0.6534202588369441 0.03400228278221209 0.6008352805017104 0.06172986773090079 0.6192283557582668 0.09544939794754845
0 0.2922648392246294 0.942206172177879 0.27387028392246293 0.908488283922463 0.24448644925883695 0.9294501550741163 0.25859022576966934 0.960620362599772 0.2922648392246294 0.942206172177879
0 0.2489369589509692 0.8293284583808438 0.2554772086659065 0.8747687548460661 0.2868219897377423 0.8648021356898518 0.27999488711516535 0.8138286442417332 0.2489369589509692 0.8293284583808438
0 0.04301755302166477 0.1256473261117446 0.010433801596351197 0.13845455530216647 0.03020454047890536 0.1984614458380844 0.06395324857468643 0.1814312109464082 0.04301755302166477 0.1256473261117446
0 0.8192425336374002 0.44844648460661346 0.8502263671607753 0.4315627149372862 0.8374310558722919 0.39893765792474345 0.7991754458380843 0.40926645724059296 0.8192425336374002 0.44844648460661346
0 0.4933801014823261 0.7610260604332953 0.5067635940706955 0.7520007537058153 0.4647375872291904 0.6903860969213227 0.4501906978335234 0.7036343295324972 0.4933801014823261 0.7610260604332953
0 0.5026225370581527 0.7258582155074117 0.5215328209806157 0.7165432622576967 0.4965189714937286 0.6887205051311288 0.48189954846066135 0.7005846989737742 0.5026225370581527 0.7258582155074117