0 0.675953449258837 0.7681607981755986 0.7725367537058152 0.7599847434435576 0.7691963318129988 0.6764886237172179 0.6757992394526796 0.6860156408209807 0.675953449258837 0.7681607981755986
0 0.6713952212086659 0.5906741425313569 0.6743677229190421 0.6502322531356899 0.7477924629418472 0.6415146031927024 0.7447997297605473 0.5839569007981756 0.6713952212086659 0.5906741425313569
0 0.5037407594070695 0.575252362599772 0.40933475598631697 0.5861219201824401 0.414715259977195 0.6201511436716078 0.5128372018244013 0.6079798848346636 0.5037407594070695 0.575252362599772
0 0.4103742542759407 0.7599028494868871 0.5048537913340935 0.7538227936145951 0.5040100296465222 0.7179552246294185 0.40851848574686433 0.7253782565564425 0.4103742542759407 0.7599028494868871
0 0.2790599464082098 0.828137637400228 0.2854961801596351 0.9165965131128848 0.3396628905359179 0.9137821368301026 0.33869320410490306 0.8215570638540479 0.2790599464082098 0.828137637400228
0 0.2659625917901938 0.7520101949828962 0.2702967023945268 0.8041803443557582 0.3311883204104903 0.7980209258836944 0.33164083466362604 0.7457792234891676 0.2659625917901938 0.7520101949828962
0 0.528309748004561 0.9292531311288484 0.5537575803876853 0.9268742645381984 0.5490461356898517 0.8933505963511973 0.5180584389965792 0.8947077069555301 0.528309748004561 0.9292531311288484
0 0.7935784663625998 0.8883729555302167 0.7940914754846067 0.9218870912200684 0.8561114481185861 0.9194900638540479 0.8544796180159636 0.8780151014823261 0.7935784663625998 0.8883729555302167
0 0.8563729646522235 0.857356803876853 0.9104568232611174 0.8539529099201825 0.9076668916761688 0.7871725404789054 0.8539135678449259 0.792928322690992 0.8563729646522235 0.857356803876853
0 0.7407920935005702 0.8370148985176739 0.7426369977194983 0.8757396921322692 0.781268542759407 0.8733098859749145 0.7822808643101483 0.8335839509692132 0.7407920935005702 0.8370148985176739
0 0.6788122155074117 0.31494602964652224 0.6812264595210946 0.3619881550741163 0.7563733717217788 0.357003086659065 0.7527218437856329 0.30755663397947547 0.6788122155074117 0.31494602964652224
0 0.4961569669327252 0.4743619007981756 0.4347597924743443 0.48119037856328395 0.436381550741163 0.5439362485746864 0.5011572029646522 0.5376711870011402 0.4961569669327252 0.4743619007981756
0 0.132344086659065 0.6118563922462942 0.13428094070695554 0.6469691744583809 0.19566703192702395 0.6443393511972634 0.19483435005701252 0.6042731277080958 0.132344086659065 0.6118563922462942
0 0.10474864196123147 0.5221725769669328 0.17741077423033066 0.5101618244013683 0.17504189965792474 0.4805076020524515 0.10054253591790194 0.48797830216647664 0.10474864196123147 0.5221725769669328
0 0.23631959521094642 0.03340320638540479 0.23503508779931587 0.049849846066134545 0.2782862246294185 0.04617121322690992 0.28100544241733183 0.02712302052451539 0.23631959521094642 0.03340320638540479
0 0.3650936510832383 0.0921467605473204 0.3650997742303307 0.1263317194982896 0.40938539224629417 0.12785820752565563 0.412525921322691 0.09687586202964653 0.3650936510832383 0.0921467605473204
0 0.41094872748004563 0.008860681870011402 0.3644989646522235 0.015388770809578109 0.363286228050171 0.03662358152793615 0.4100572098061574 0.03664736374002281 0.41094872748004563 0.008860681870011402
0 0.9380454834663626 0.2695178152793615 0.9726804116305586 0.27064762257696695 0.9643317651083239 0.21124391562143674 0.9351540672748005 0.2105478928164196 0.9380454834663626 0.2695178152793615
0 0.3237287035347777 0.3780437913340935 0.32486871265678446 0.39467669099201824 0.3916687092360319 0.38577296465222344 0.38939896009122005 0.37601103762827826 0.3237287035347777 0.3780437913340935
0 0.31874119156214364 0.35535460889395665 0.3224061231470924 0.368633149372862 0.38655988027366023 0.3622093432155074 0.3828223340935006 0.3505472656784493 0.31874119156214364 0.35535460889395665
0 0.6520134218928164 0.32051110946408207 0.575318338654504 0.333689818700114 0.5770070741163056 0.3670371391106043 0.6525929726339794 0.3544987160775371 0.6520134218928164 0.32051110946408207
0 0.3938551470923603 0.3352030912200684 0.39357876396807295 0.3844205370581528 0.4292227936145952 0.37779852679589515 0.43048552109464083 0.3270555245153934 0.3938551470923603 0.3352030912200684
0 0.4725059315849487 0.34873874572405933 0.47289093728620296 0.36427700570125426 0.5410956499429874 0.3546914583808438 0.5390198301026226 0.34418750741163057 0.4725059315849487 0.34873874572405933
0 0.5885150980615735 0.44038844355758267 0.5969461607753707 0.5003785735461802 0.6380274663625998 0.5004477730900798 0.6284880718358039 0.4389708597491448 0.5885150980615735 0.44038844355758267
0 1 0.5368752212086659 0.9842163261117446 0.5383126556442417 0.9908571710376283 0.5727659122006842 1 0.5714809714937286 1 0.5368752212086659
0 0.0031539327251995436 0.5484456396807298 0.01158499543899658 0.6084357696693272 0.033454144811858606 0.5993648323831243 0.031564088939566706 0.5432536830102622 0.0031539327251995436 0.5484456396807298
0 0.03522485176738883 0.7766420855188141 0.04183753135689852 0.8236937445838084 0.07378638882554162 0.8180833477765109 0.071434590649943 0.7757518129988598 0.03522485176738883 0.7766420855188141