0 0.6240664481185861 0.42012865222348916 0.5931948848346635 0.4211519977194983 0.5922092257696693 0.5588454127708096 0.6230352884834663 0.5593124287343215 0.6240664481185861 0.42012865222348916
0 0.6971216442417332 0.11188123489167617 0.6992631801596352 0.16408914253135692 0.746492165336374 0.1687503181299886 0.7426960376282782 0.11900581870011404 0.6971216442417332 0.11188123489167617
0 0.6878844903078677 0 0.6882866168757126 0.043672020524515395 0.7151190273660206 0.046723465222348916 0.7131538244013683 0 0.6878844903078677 0
0 0.7305351391106043 0 0.7253114561003421 0.05243223261117446 0.7635633181299886 0.05191394982896237 0.7632118004561004 0 0.7305351391106043 0
0 0.8558916738882554 0.21355494412770812 0.8550359749144811 0.265326929304447 0.8890913010262258 0.2682986841505131 0.8896984047890536 0.2117832086659065 0.8558916738882554 0.21355494412770812
0 0.9446478061573547 0.6928823329532497 0.9093755324971493 0.6893797913340936 0.9073891071835805 0.7528050501710376 0.9452592098061574 0.7499285142531358 0.9446478061573547 0.6928823329532497
0 0.8231026681870012 0.9837530798175599 0.8598601037628278 0.9815294218928163 0.855109708095781 0.8795116636259978 0.820385968072976 0.8795493272519955 0.8231026681870012 0.9837530798175599
0 0.2549285267958951 0.4917960558722919 0.25752217673888256 0.6093855302166477 0.2710385336374002 0.6062989087799316 0.2710978597491448 0.49392148232611177 0.2549285267958951 0.4917960558722919
0 0.41595274800456106 0.42092782782212085 0.403375228050171 0.4192087274800456 0.404657023945268 0.4857328129988598 0.41515823717217787 0.4851824675028506 0.41595274800456106 0.42092782782212085
0 0.10797666248574686 0.4453920775370582 0.09443271379703536 0.42529211744583806 0.08676496009122008 0.5172569509692132 0.10099855074116305 0.5165109999999999 0.10797666248574686 0.4453920775370582
0 0.22522985062713796 0.15207072063854046 0.19167415507411628 0.14728752337514253 0.1832641778791334 0.20242979931584948 0.22933664196123146 0.2077430228050171 0.22522985062713796 0.15207072063854046
0 0.00008103420752565565 0.2477039110604333 0.0026005872291904215 0.28443488711516535 0.04008923375142531 0.2848484503990878 0.03866388939566705 0.24627643443557581 0.00008103420752565565 0.2477039110604333
0 0.46607950057012537 0.18582281870011402 0.4643394116305587 0.1526199464082098 0.4276595803876853 0.1563243842645382 0.4286457137970353 0.17767860205245153 0.46607950057012537 0.18582281870011402
0 0.5827494789053592 0.1083621881413911 0.5536566419612314 0.10929075028506272 0.5506429965792474 0.14006877651083238 0.5822422018244013 0.14406266362599773 0.5827494789053592 0.1083621881413911
0 0.9293485370581528 0.04917116419612315 0.908935425313569 0.0454844503990878 0.9048068221208666 0.08018558152793615 0.9281551003420753 0.08312390421892817 0.9293485370581528 0.04917116419612315
0 0.7051991664766248 0.7993725473204104 0.7040610570125427 0.7322463683010263 0.6380399578107184 0.7321389977194983 0.6368574184720639 0.8151427662485747 0.7051991664766248 0.7993725473204104