0 0.7599046590649943 0.05223242873432155 0.7968934036488027 0.13404620980615736 0.8273550832383124 0.12532126111744585 0.7907266602052451 0.03336534777651083 0.7599046590649943 0.05223242873432155
0 0.48071008323831244 0.0003247685290763968 0.4090275952109464 0.005283135689851767 0.43475983124287343 0.053829507411630555 0.49368398745724057 0.03232712542759407 0.48071008323831244 0.0003247685290763968
0 0.4767156659064994 0.23042103420752566 0.44908349828962374 0.16831175826681868 0.4154072531356899 0.18373912998859748 0.44627927480045615 0.25094364082098064 0.4767156659064994 0.23042103420752566
0 0.871133314709236 0.3707210855188141 0.8911907251995439 0.4017451299885975 0.9240226727480045 0.3928975245153934 0.9074252748004561 0.3541521288483466 0.871133314709236 0.3707210855188141
0 0.00827418015963512 0.20923332953249713 0.027266840364880272 0.2539756488027366 0.06462492018244013 0.24073201596351199 0.044475941847206386 0.19094329760547318 0.00827418015963512 0.20923332953249713
0 0.039746539338654505 0.3786527525655644 0.054591740022805015 0.41232665108323835 0.11114571037628279 0.39094848460661347 0.09886703648802736 0.36089679133409347 0.039746539338654505 0.3786527525655644
0 0.30329123603192704 0.3701873500570126 0.3161713443557583 0.4003999749144812 0.3489722166476625 0.3909594344355758 0.3352591288483467 0.3618700684150513 0.30329123603192704 0.3701873500570126
0 0.5638653112884835 0.7248031322690992 0.5872538654503991 0.7853542405929305 0.6808507628278222 0.7560937833523375 0.6540834743443558 0.6934400592930444 0.5638653112884835 0.7248031322690992
0 0.8236041220068414 0.7117869281641961 0.831588542759407 0.727999086659065 0.9141417445838085 0.6921920136830103 0.9055072257696692 0.6749202394526795 0.8236041220068414 0.7117869281641961
0 0.9665733078677309 0.8985276077537058 0.9570040273660206 0.863389645381984 0.892805511972634 0.8863560102622576 0.9104445324971493 0.9222867844925884 0.9665733078677309 0.8985276077537058
0 0.8724808586088939 0.577953314709236 0.9006438129988598 0.6388456442417333 0.9124078358038769 0.6364469874572406 0.8891532177879133 0.5671065108323832 0.8724808586088939 0.577953314709236
0 0.5665088985176739 0.8773206727480045 0.5284042075256556 0.8763479612314709 0.5268180057012543 0.9708761482326113 0.5659527833523376 0.9688439578107184 0.5665088985176739 0.8773206727480045
0 0.631287645381984 0.5591115074116306 0.5167469578107183 0.5971895393386545 0.526351968072976 0.6216344150513112 0.6374967331813 0.5811855518814139 0.631287645381984 0.5591115074116306
0 0.08917875712656785 0.03986387229190422 0.08106790421892816 0.021269127708095782 0.04074823717217788 0.023382191562143672 0.055347302166476625 0.0523296818700114 0.08917875712656785 0.03986387229190422
0 0.2865928403648803 0.4940169179019384 0.30199998403648803 0.5270683671607754 0.333552834663626 0.516504102622577 0.32038435461801595 0.4864614903078677 0.2865928403648803 0.4940169179019384