0 0.9512340695553021 0.9677166681870011 0.9922413797035348 0.948854472063854 0.9933387274800456 0.8859874857468644 0.926007865450399 0.9159966590649943 0.9512340695553021 0.9677166681870011
0 0.9534930410490308 1 0.945477046750285 0.9913463557582668 0.9235350501710377 1 0.9534930410490308 1
0 0.41532124857468644 0.7447859965792475 0.4318783888255416 0.8168609350057012 0.4694859977194983 0.8056515096921323 0.44904271949828967 0.7350761641961231 0.41532124857468644 0.7447859965792475
0 0.6169445051311289 0.7269489657924743 0.6044637423033067 0.6935073033067275 0.5117495279361459 0.7148205883694413 0.520909834663626 0.751375086659065 0.6169445051311289 0.7269489657924743
0 0.41548293500570127 0.5994385564424174 0.4227346396807297 0.6262629509692133 0.465050102622577 0.6175094994298745 0.4569937263397948 0.5857531220068415 0.41548293500570127 0.5994385564424174
0 0.6751582337514254 0.45387490763968075 0.6687056556442418 0.41520015507411634 0.6345102930444697 0.4180381710376283 0.6400582748004561 0.45741599315849485 0.6751582337514254 0.45387490763968075
0 0.17925227822120868 0.35445032497149376 0.18448849144811857 0.4286998928164196 0.2672970456100342 0.41353341733181304 0.2535599669327252 0.35000274572405926 0.17925227822120868 0.35445032497149376
0 0.013046761687571266 0.3503615165336374 0.028778911060433295 0.4016579543899658 0.06686630330672748 0.39698289737742304 0.056948123147092355 0.3358942462941847 0.013046761687571266 0.3503615165336374
0 0.19877340022805018 0.1886767046750285 0.21227945267958953 0.2654428597491448 0.26134583808437856 0.26117197377423035 0.2558993204104903 0.18196016647662486 0.19877340022805018 0.1886767046750285
0 0.3429645929304447 0.0250792086659065 0.34766412770809574 0.06194340478905359 0.4005515860889396 0.05990048232611174 0.3976521938426454 0.021880027366020523 0.3429645929304447 0.0250792086659065
0 0.6833890923603192 0.18645595210946408 0.6946292166476625 0.22284203648802736 0.7585250433295324 0.20259940136830104 0.7466854971493728 0.1664435165336374 0.6833890923603192 0.18645595210946408
0 0.7615040456100343 0.3041012257696693 0.7653905131128849 0.3195932884834664 0.7974136351197264 0.32212911744583805 0.7965920798175599 0.3011537730900798 0.7615040456100343 0.3041012257696693
0 0.7788169304446979 0.33287963625997724 0.7877150661345496 0.3674433181299886 0.8067949897377423 0.36303032383124284 0.7964299942987457 0.3274502622576967 0.7788169304446979 0.33287963625997724
0 0.009151093500570124 0.6415863192702395 0.012102245153933865 0.6766416009122006 0.057284053591790195 0.6738703352337514 0.04987180501710376 0.6391434971493729 0.009151093500570124 0.6415863192702395
0 0.27071162485746864 0.6942076328392247 0.23435345381984035 0.7018789509692132 0.24562145952109465 0.7537678825541619 0.279934244013683 0.7442027662485747 0.27071162485746864 0.6942076328392247
0 0.8104615974914481 0.663286921322691 0.7622199007981756 0.6713430900798175 0.7755377605473204 0.7078592052451539 0.8116229965792474 0.6989032405929304 0.8104615974914481 0.663286921322691
0 0.7317569042189281 0.6814911083238312 0.7448106294184721 0.716128889395667 0.7657026180159635 0.7099660034207526 0.754724874572406 0.6754691619156213 0.7317569042189281 0.6814911083238312
0 0.5435071128848347 0.8176217423033068 0.5468309532497149 0.8313255883694413 0.5999047719498289 0.8186061664766249 0.5939186248574686 0.8043307696693273 0.5435071128848347 0.8176217423033068
0 0.8522045256556443 0.34721260889395666 0.8716973694412772 0.4211171858608894 0.9264191527936146 0.41613864310148235 0.915508732041049 0.34376376852907636 0.8522045256556443 0.34721260889395666