0 0.3468533968072976 0.823652897377423 0.22032778221208665 0.8750808278221208 0.23630399087799314 0.9126025610034207 0.3696134184720638 0.8579472748004561 0.3468533968072976 0.823652897377423
0 0.24488513112884835 0.7972894446978336 0.19709257696693272 0.8223003192702394 0.20721713226909919 0.8413962839224629 0.2533728871151653 0.8225684743443558 0.24488513112884835 0.7972894446978336
0 0.1607941904218928 0.08317874116305587 0.1209457023945268 0.08029480501710376 0.11930360205245154 0.14779651083238313 0.1637468369441277 0.14622792588369443 0.1607941904218928 0.08317874116305587
0 0.20486195324971493 0.0424735724059293 0.14544533523375142 0.04103516419612315 0.14896202736602054 0.06967632497149373 0.20382571949828962 0.07789513454960091 0.20486195324971493 0.0424735724059293
0 0.50138 0.2692792497149373 0.4814934868871152 0.26813175370581527 0.48306906043329534 0.3041315142531357 0.49716806955530213 0.3080817833523375 0.50138 0.2692792497149373
0 0.522084913340935 0.2673352155074116 0.5051345758266819 0.27061287343215507 0.503167810718358 0.30704600342075256 0.5202320205245153 0.3058496704675029 0.522084913340935 0.2673352155074116
0 0.5438133101482326 0.2688547662485747 0.5273903819840365 0.26668378563283923 0.5265856168757127 0.307759913340935 0.5434387605473204 0.3047932930444698 0.5438133101482326 0.2688547662485747
0 0.5649504526795895 0.6700520729760547 0.5499234446978336 0.6695058962371722 0.555981244013683 0.7079447787913341 0.5665611459521095 0.7075430444697834 0.5649504526795895 0.6700520729760547
0 0.5937008221208666 0.660539882554162 0.577205724059293 0.6577811288483466 0.57722961345496 0.6909772177879133 0.5927475826681871 0.6917653660205245 0.5937008221208666 0.660539882554162
0 0.6220170319270238 0.6474917445838085 0.6051494994298745 0.6465717730900798 0.6084005245153934 0.681767605473204 0.6220886362599772 0.6821790729760546 0.6220170319270238 0.6474917445838085
0 0.6350907023945268 0.6321292690992019 0.6352226727480046 0.6721930649942988 0.651873125427594 0.6713450638540479 0.6523200342075256 0.6359958620296465 0.6350907023945268 0.6321292690992019
0 0.6586073021664767 0.45815245724059295 0.6871046465222349 0.529429542759407 0.7336134982896237 0.5183366670467503 0.7032740786773091 0.44668597605473204 0.6586073021664767 0.45815245724059295
0 0.4976667309007982 0.8482063933865451 0.48130590877993157 0.8514132428734322 0.4982995803876853 0.9689684732041048 0.5114048608893957 0.964966511972634 0.4976667309007982 0.8482063933865451
0 0.43284564538198406 0.8124961687571265 0.4157610330672748 0.8098082246294185 0.4151610592930445 0.8472699509692132 0.427839496009122 0.844817496009122 0.43284564538198406 0.8124961687571265
0 0.44202951995439 0.8239309179019384 0.43931856328392244 0.850584976054732 0.45419949144811855 0.8499542462941847 0.4583802782212087 0.8255141254275942 0.44202951995439 0.8239309179019384
0 0.5267057856328392 0.875149503990878 0.5130123990877993 0.8708487502850628 0.5198964732041049 0.9561471562143672 0.5366192850627138 0.9558884811858609 0.5267057856328392 0.875149503990878
0 0.6405928323831243 0.8085235450399088 0.6229912554161916 0.8064972827822121 0.6238111151653364 0.9095892371721779 0.6409597115165336 0.9089776020524516 0.6405928323831243 0.8085235450399088
0 0.5840230820980616 0.8058980935005702 0.5710757366020525 0.7979164834663626 0.5668245210946408 0.8217701904218928 0.5837023078677309 0.8179016579247435 0.5840230820980616 0.8058980935005702
0 0.681008204104903 0.8209092200684149 0.6649575210946408 0.8168979064994298 0.6625207730900798 0.8886846465222349 0.6755549543899657 0.8885781984036488 0.681008204104903 0.8209092200684149
0 0.6536067035347777 0.7536850444697832 0.6587338129988598 0.8003140216647663 0.6714021641961232 0.8011513797035348 0.6640005621436715 0.7506142120866591 0.6536067035347777 0.7536850444697832
0 0.7142777742303307 0.8335740809578108 0.6986716944127709 0.8283117594070695 0.7010149007981756 0.8660118928164197 0.7127350205245154 0.8648703728620296 0.7142777742303307 0.8335740809578108
0 0.5071349657924743 0.7644910045610035 0.49210776624857466 0.7639432770809578 0.49524799999999997 0.7979547194982897 0.5122194994298745 0.7961699863169898 0.5071349657924743 0.7644910045610035
0 0.4655625895096921 0.7085781368301027 0.47198403762827823 0.7365037115165337 0.5220495336374003 0.7154012189281642 0.5101794469783352 0.6869482337514253 0.4655625895096921 0.7085781368301027
0 0.5906043055872292 0.7620189749144812 0.5405171242873432 0.7585975644241734 0.5428747263397947 0.7912095803876853 0.5950376009122007 0.7883940376282782 0.5906043055872292 0.7620189749144812
0 0.3921668027366021 0.885686724059293 0.35383961459521096 0.8951799566704675 0.37717735461801594 0.939872054732041 0.40621987343215504 0.927033842645382 0.3921668027366021 0.885686724059293
0 0.28214033181299886 0.9057765735461801 0.26385482098061575 0.9128089988597492 0.2807913101482326 0.9660622143671608 0.3011041870011403 0.9578866955530217 0.28214033181299886 0.9057765735461801
0 0.3140379361459521 0.07393411858608893 0.2783178198403649 0.07054328164196123 0.2781266818700114 0.11124496009122006 0.31460425427594074 0.11753541163055874 0.3140379361459521 0.07393411858608893
0 0.3147452542759407 0.021204882554161916 0.27572322120866594 0.02503905131128848 0.27692209007981755 0.06892002850627138 0.3139156567844926 0.06318137172177879 0.3147452542759407 0.021204882554161916