0 0.9225357742303307 0.5354227708095781 0.9121472816419612 0.5289681858608895 0.8886622919042189 0.6052016339794755 0.8991327206385404 0.6113686214367161 0.9225357742303307 0.5354227708095781
0 0.8918914526795895 0.5203496180159635 0.8799600923603192 0.5160552713797035 0.8643971071835804 0.5953484766248576 0.872692677309008 0.5960596328392246 0.8918914526795895 0.5203496180159635
0 0.6933092155074116 0.4432097924743444 0.7513969977194983 0.3153459441277081 0.6803921847206386 0.28967225883694414 0.6225918392246295 0.40435472405929307 0.6933092155074116 0.4432097924743444
0 0.6172894652223488 0.5477927730900798 0.57779251995439 0.5355255598631699 0.5519924549600912 0.614999244013683 0.5916847571265678 0.6248943751425314 0.6172894652223488 0.5477927730900798
0 0.6811987309007982 0.8230242531356898 0.7005677286202965 0.7689826408209807 0.652070078677309 0.752885251995439 0.6348218460661345 0.8162800273660205 0.6811987309007982 0.8230242531356898
0 0.713856992018244 0.6737009646522235 0.6812345290763968 0.6673317708095781 0.6606495096921323 0.740417622576967 0.69620765336374 0.74965638654504 0.713856992018244 0.6737009646522235
0 0.2966815860889396 0.12249313112884834 0.25028385632839223 0.1007184070695553 0.2360221242873432 0.1225040353477765 0.282113078677309 0.14573621436716078 0.2966815860889396 0.12249313112884834
0 0.3414397867730901 0 0.3138217924743444 0.03323174572405929 0.3825112850627138 0.0621472086659065 0.42655314139110606 0.007803752565564424 0.4122519384264538 0 0.3414397867730901 0
0 0.11998402850627138 0.2105307445838084 0.13909651995438996 0.17328073774230332 0.10938102736602053 0.1523431858608894 0.08751818928164196 0.1993771505131129 0.11998402850627138 0.2105307445838084
0 0.052736174458380844 0.48723157240592935 0.022922343215507412 0.47830146750285063 0.009454468643101484 0.5140424709236032 0.04277218928164196 0.5253309908779932 0.052736174458380844 0.48723157240592935
0 0 0.9201601094640821 0.030529090079817557 0.9210549543899658 0.042761753705815274 0.8535594583808438 0.0055437400228050175 0.8458612508551882 0 0.8872044982896238 0 0.9201601094640821
0 0.7338701721778792 0.18332246636259975 0.6849153523375142 0.15873497035347775 0.6671888620296466 0.1986106841505131 0.7199631014823261 0.21869016989737744 0.7338701721778792 0.18332246636259975
0 0.7519042109464081 0.14530049828962371 0.7692591698973775 0.10777054389965793 0.7536264891676169 0.10409226795895098 0.7405301470923603 0.13748751197263398 0.7519042109464081 0.14530049828962371
0 0.6599490877993158 0.6272886852907639 0.6202403215507413 0.6125833169897378 0.6130370490307868 0.639095385404789 0.6505366237172178 0.6513484036488026 0.6599490877993158 0.6272886852907639