0 0.7705097537058152 0.10910534321550741 0.7669020057012542 0.0049467251995438995 0.713784709236032 0.012784285062713795 0.7188809224629419 0.11002583694412771 0.7705097537058152 0.10910534321550741
0 0.7821016716077538 0.5003176237172178 0.7506165530216647 0.4888872633979475 0.7358850057012543 0.5818184241733181 0.7657817605473204 0.5856011208665907 0.7821016716077538 0.5003176237172178
0 0.722691543899658 0.4870806453819841 0.6752014960091219 0.4779754789053592 0.6658016123147092 0.57062565336374 0.7087927137970353 0.5749127993158495 0.722691543899658 0.4870806453819841
0 0.9599668460661346 0.4425390718358039 0.9626792542759408 0.489070259977195 0.9834428152793614 0.48857665336374 0.9785260832383125 0.4400800114025086 0.9599668460661346 0.4425390718358039
0 0.9703691778791335 0.5564476396807297 0.9673835074116306 0.5108226191562144 0.9696899828962371 0.5095126123147092 0.951420905359179 0.5122537491448118 0.9478594446978336 0.5576273249714938 0.9703691778791335 0.5564476396807297
0 1 0.591406244013683 0.9828334275940708 0.5902791755986317 0.9871251881413912 0.6495107366020524 1 0.6518159247434435 1 0.591406244013683
0 0.9732557080957811 0.6621304663625998 0.9502101391106044 0.6591762793614595 0.9456172177879133 0.7188734675028506 0.9661933694412771 0.7261190250855188 0.9732557080957811 0.6621304663625998
0 1 0.6661072291904219 0.9909258415051312 0.6653663683010262 0.9887031037628279 0.7249393397947548 1 0.728176070695553 1 0.6661072291904219
0 0.017535647662485745 0.7698904207525655 0.021757155074116307 0.7030763557582669 0.011905164196123148 0.6964594629418471 0.014681884834663626 0.7694454150513113 0.017535647662485745 0.7698904207525655
0 0.6399572212086659 0.9649905838084378 0.6182151835803876 0.9661300353477764 0.6190392428734321 0.9931990045610034 0.6427146442417332 0.9916014903078677 0.6399572212086659 0.9649905838084378
0 0.6576044401368302 0.8258278437856329 0.640505015963512 0.824644574686431 0.6445446978335234 0.9017262919042188 0.6576078871151654 0.901636244013683 0.6576044401368302 0.8258278437856329
0 0.6193151972633979 0.8260508038768529 0.6032169110604332 0.8271917616875712 0.6030185393386545 0.8914167240592931 0.6190743648802737 0.8917644036488027 0.6193151972633979 0.8260508038768529
0 0.5901383534777651 0.8472005359179019 0.571038070695553 0.8479042576966933 0.5733065883694413 0.8911901664766249 0.5927614561003421 0.8883853215507411 0.5901383534777651 0.8472005359179019
0 0.6383630729760548 0.6966265438996578 0.6241287012542759 0.693506298745724 0.6210975096921322 0.7263677879133409 0.6336003979475485 0.726901669327252 0.6383630729760548 0.6966265438996578