0 0 0.5087275393386544 0.0008044127708095782 0.5317628985176739 0.04768725883694413 0.5245879646522235 0.04089288369441277 0.48882673774230334 0 0.4957320684150513 0 0.5087275393386544
0 0 0.04516511060433295 0.09547364424173317 0.027251655644241736 0.09231872633979475 0.01628633181299886 0 0.018550655644241732 0 0.04516511060433295
0 0.3780085210946408 0.09907258266818701 0.31460743101482325 0.10959478335233752 0.31500908323831245 0.1608088392246294 0.3881510159635119 0.15133169897377421 0.3780085210946408 0.09907258266818701
0 0.3554861961231471 0.009865194982896237 0.2781905438996579 0.019487385404789056 0.2855643591790194 0.07184162371721779 0.3613300307867731 0.05811876738882554 0.3554861961231471 0.009865194982896237
0 0.5985764481185861 0.06367987457240593 0.5102530478905359 0.0750723819840365 0.522311763968073 0.14249261003420752 0.6175092462941847 0.12947639908779932 0.5985764481185861 0.06367987457240593
0 0.4903214503990878 0.020386233751425314 0.39135654275940707 0.04460950285062714 0.38979366134549603 0.07927891676168757 0.4987890763968073 0.06439565222348917 0.4903214503990878 0.020386233751425314
0 0.8741376955530216 0.37250261573546184 0.8805127662485747 0.43596878905359177 0.9356547343215508 0.4271202234891676 0.9265592976054732 0.3651327001140251 0.8741376955530216 0.37250261573546184
0 0.9970174925883694 0.441592197263398 0.8881111778791334 0.45508713112884835 0.8852145302166476 0.49118521208665905 0.9983213705815279 0.47893037514253134 0.9970174925883694 0.441592197263398
0 0.963345763968073 0.6642951755986317 0.94956386659065 0.5872417183580387 0.9043558346636259 0.6026647879133409 0.9193281163055873 0.6741389270239453 0.963345763968073 0.6642951755986317
0 0.913369322690992 0.8211098551881414 0.8267206830102622 0.8407489384264538 0.8444631516533638 0.9121263397947549 0.9391294538198404 0.8838990889395667 0.913369322690992 0.8211098551881414
0 0.5324175860889396 0.8288736716077536 0.5475676567844926 0.8657267662485747 0.6012280125427594 0.8541626271379704 0.5930983648802736 0.8198316841505131 0.5324175860889396 0.8288736716077536
0 0.5256715256556442 0.794495976054732 0.45277105245153937 0.8108876510832382 0.45645876738882557 0.8370655233751425 0.5264924264538199 0.8180035222348917 0.5256715256556442 0.794495976054732
0 0.3125257274800456 0.8836264526795895 0.3197064526795895 0.9304512474344356 0.4089803363740023 0.9065648335233751 0.3987895815279362 0.8529237468643102 0.3125257274800456 0.8836264526795895
0 0.4054558928164196 0.6865459931584948 0.33651593614595215 0.6972600524515393 0.33461496579247435 0.72224786659065 0.40613196123147094 0.7059060672748004 0.4054558928164196 0.6865459931584948
0 0.6161219555302168 0.4867377605473204 0.5372495701254276 0.4908757001140251 0.5411771858608894 0.5239681630558723 0.6198096716077537 0.5129156328392246 0.6161219555302168 0.4867377605473204
0 0.6093275792474344 0.4509765336374002 0.5347055416191562 0.45773648574686426 0.5353816100342075 0.4770965598631699 0.6057066043329533 0.46633257012542756 0.6093275792474344 0.4509765336374002
0 0.6663529213226911 0.49606071721778794 0.6277291972633979 0.5015620171037628 0.6287432998859749 0.5306021277080958 0.668752062713797 0.5250508985176738 0.6663529213226911 0.49606071721778794
0 0.6650973580387686 0.46010606955530214 0.6320607594070695 0.46679748232611173 0.6283416488027366 0.4793880718358039 0.6615713945267959 0.4782276636259977 0.6650973580387686 0.46010606955530214
0 0.7950415245153933 0.8267663192702395 0.7175560969213227 0.836595259977195 0.7225274823261117 0.8854296339794755 0.7970441778791334 0.8670569087799316 0.7950415245153933 0.8267663192702395
0 0.13431050855188142 0.14412527708095782 0.14236970353477765 0.18776591220068414 0.21586858266818698 0.18282439110604334 0.2051666716077537 0.13155884036488028 0.13431050855188142 0.14412527708095782