0 0.7209572166476625 0.2205936841505131 0.7176364777651084 0.258334449258837 0.7928451482326112 0.2685552417331813 0.7919043147092361 0.22954302736602053 0.7209572166476625 0.2205936841505131
0 0.5974029099201825 0.16672022576966933 0.599216543899658 0.2267258221208666 0.6641348255416192 0.2346886237172178 0.6656841721778791 0.1758716465222349 0.5974029099201825 0.16672022576966933
0 0.5298410387685291 0.06130287571265679 0.47950043671607756 0.04874793728620297 0.46743600114025086 0.09781528620296466 0.5120544218928165 0.11374635689851767 0.5298410387685291 0.06130287571265679
0 0.667312006841505 0.4505835279361459 0.6652509714937287 0.5233623979475485 0.7114960935005702 0.5284645541619156 0.7158098802736602 0.4580655883694413 0.667312006841505 0.4505835279361459
0 0.7457042953249715 0.5915617001140251 0.6848538688711516 0.5821224789053592 0.6850502098061574 0.6190221060433295 0.7416669988597492 0.6275669714937285 0.7457042953249715 0.5915617001140251
0 0.6847292713797035 0.7166855222348917 0.6868835484606614 0.7474931060433295 0.7216935324971493 0.7510125199543899 0.7272067970353477 0.7233245496009122 0.6847292713797035 0.7166855222348917
0 0.6440051151653364 0.7564450228050171 0.6426546545039908 0.7797585176738883 0.7161661334093501 0.7912883899657925 0.7194528244013684 0.7658283523375143 0.6440051151653364 0.7564450228050171
0 0.11566674458380843 0.6153767217787913 0.11869101482326112 0.6586257993158495 0.19162409236031927 0.6618617525655645 0.18493179817559866 0.6130393420752566 0.11566674458380843 0.6153767217787913
0 0.13410031470923603 0.6914840672748004 0.13328850513112886 0.7225006259977196 0.18808529646522235 0.7305759908779932 0.18632310148232611 0.6968636693272521 0.13410031470923603 0.6914840672748004
0 0.33010273774230325 0.7587489201824402 0.3282136282782212 0.7743593500570126 0.36357605701254275 0.7772449338654505 0.36780164082098066 0.7609558050171038 0.33010273774230325 0.7587489201824402
0 0.3312504230330673 0.7836733261117447 0.3299537251995439 0.7992438973774231 0.3660343797035348 0.8038664218928164 0.3686511790193842 0.7858947936145952 0.3312504230330673 0.7836733261117447
0 0.32807862599771953 0.8065205473204106 0.32500490763968076 0.8222138118586089 0.36447661117445834 0.8242152805017104 0.3658179646522235 0.8093057058152794 0.32807862599771953 0.8065205473204106
0 0.025642181299885974 0.7085945290763969 0.026332600912200684 0.7270021459521094 0.08270077309007981 0.731991629418472 0.08114791448118586 0.714040598631699 0.025642181299885974 0.7085945290763969
0 0.1904452668187001 0.30413038084378563 0.1882677890535918 0.3155945758266818 0.22484545724059293 0.32732474458380845 0.22656723033067278 0.30934365222348914 0.1904452668187001 0.30413038084378563
0 0.18608875256556442 0.32705887913340936 0.18534594868871151 0.34199394982896236 0.2212608221208666 0.3442457023945268 0.22763154618015966 0.328819976054732 0.18608875256556442 0.32705887913340936
0 0.1844498164196123 0.3462245781071836 0.18167847776510831 0.3577302998859749 0.22037841277080958 0.3657408677309008 0.22372182896237172 0.3496262006841505 0.1844498164196123 0.3462245781071836
0 0.17768111288483465 0.36872655416191563 0.17744621778791334 0.3824357080957811 0.21542959521094643 0.38871078221208666 0.21631740820980613 0.3715711630558723 0.17768111288483465 0.36872655416191563
0 0.06119894070695553 0.884718244013683 0.06456856556442417 0.9243719726339794 0.09959954275940706 0.9225175689851768 0.0995705496009122 0.8752434948688711 0.06119894070695553 0.884718244013683
0 0.18032372177879133 0.7644593238312429 0.17712712770809577 0.8039754424173318 0.22108286316989736 0.8104296545039908 0.22153825541619157 0.7658267377423033 0.18032372177879133 0.7644593238312429
0 0.6308587194982896 0.8752467765108324 0.6301297457240593 0.9074479429874572 0.6523215450399088 0.9094673409350057 0.654914985176739 0.8783716202964652 0.6308587194982896 0.8752467765108324