0 0.4625304549600912 0.7061908072976055 0.42731436830102626 0.7203990273660205 0.444146125427594 0.7562304857468644 0.47822679703534776 0.7379688209806158 0.4625304549600912 0.7061908072976055
0 0.9040307571265679 0.5307870045610035 0.8865614994298746 0.4988538802736602 0.8484381516533637 0.5122117297605473 0.8628997844925883 0.5479017058152793 0.9040307571265679 0.5307870045610035
0 0.3934277993158495 0.1403289007981756 0.38442286545039905 0.10019290193842645 0.35823096351197264 0.10322322120866591 0.36068882212086656 0.1398486841505131 0.3934277993158495 0.1403289007981756
0 0.22556884264538196 0.226398425313569 0.21739911858608896 0.21077851083238314 0.15584681870011402 0.22626028620296465 0.16326268415051312 0.247090574686431 0.22556884264538196 0.226398425313569
0 1 0.1660214686431015 0.955356189281642 0.1757781448118586 0.9565214059293045 0.19311598859749143 1 0.18230710490307867 1 0.1660214686431015
0 0.8683960718358038 0.32496677879133407 0.8582005085518813 0.2984397331812999 0.8227035610034208 0.30904570467502845 0.8365451242873433 0.3381801299885975 0.8683960718358038 0.32496677879133407
0 0.9380129806157355 0.5647624116305587 0.9326366875712656 0.5683073272519954 0.9539530433295325 0.6210047616875712 0.9889102497149372 0.609755550741163 0.971262070695553 0.5730370615735462 0.9576799042189281 0.5784065427594071 0.9457305689851767 0.5582822599771949 0.9380129806157355 0.5647624116305587
0 0.8551209863169897 0.708345212086659 0.8462547183580388 0.6938563945267959 0.7796006031927024 0.7267770661345495 0.7924331698973774 0.7402122474344356 0.8551209863169897 0.708345212086659
0 0.8406283215507412 0.6832287046750285 0.8296800684150513 0.6721354127708096 0.7703292782212086 0.7033109703534778 0.7784795678449259 0.7157467628278221 0.8406283215507412 0.6832287046750285
0 0.6425579087799316 0.1472213740022805 0.6333103956670468 0.1303135598631699 0.5940040672748004 0.14356791220068416 0.6064915883694412 0.1643352976054732 0.6425579087799316 0.1472213740022805
0 0.8257063557582668 0.22703596807297605 0.8213664389965792 0.21532879589509693 0.7551416100342075 0.21609264082098062 0.7550306009122006 0.23098651653363741 0.8257063557582668 0.22703596807297605