0 0.2638858745724059 0.9607562793614596 0.2226660205245154 0.8809904629418472 0.19270271493728622 0.8912976955530217 0.23409354161915621 0.9812106031927024 0.2638858745724059 0.9607562793614596
0 0.5454144618015964 0.9979808871151653 0.6167392098061573 0.9892777445838085 0.588501518814139 0.9421446248574686 0.5307834640820981 0.9667013899657925 0.5454144618015964 0.9979808871151653
0 0.5373610957810718 0.7679909099201824 0.5682059429874573 0.8285689099201825 0.601028630558723 0.8114002029646522 0.5666817058152793 0.7459035108323832 0.5373610957810718 0.7679909099201824
0 0.13614124629418473 0.6485253591790194 0.11448765108323831 0.6185935564424173 0.08216374686431016 0.6291473272519954 0.1007661755986317 0.6669709828962371 0.13614124629418473 0.6485253591790194
0 1 0.751779322690992 0.9849612143671608 0.7209462417331813 0.9483474503990877 0.7361268950969214 0.9710745564424174 0.7847928631698974 1 0.7682243945267959 1 0.751779322690992
0 0.9659735233751425 0.5970931402508551 0.9493863124287344 0.5642423283922463 0.89402869327252 0.5885510034207525 0.9078633238312429 0.6179188950969212 0.9659735233751425 0.5970931402508551
0 0.7032330513112884 0.6193398050171038 0.6887893876852909 0.5898426784492588 0.6565275473204105 0.6009869452679589 0.6717442611174459 0.6293187582668187 0.7032330513112884 0.6193398050171038
0 0.4244569270239452 0.27884740478905357 0.397931425313569 0.2196033409350057 0.30599417445838084 0.25372218244013683 0.3360038209806157 0.314889149372862 0.4244569270239452 0.27884740478905357
0 0.1657552953249715 0.305439449258837 0.15693333751425315 0.2896673819840365 0.07636726909920183 0.32974588255416193 0.08589388939566704 0.3465420912200684 0.1657552953249715 0.305439449258837
0 0.013208791334093502 0.12643712086659065 0.02460393614595211 0.16102611060433294 0.08751250285062713 0.13473132953249714 0.06801718472063854 0.09977295096921322 0.013208791334093502 0.12643712086659065
0 0.12394985290763967 0.4416476590649943 0.09263863511972634 0.3823127160775371 0.08101627023945268 0.3853237662485747 0.1078680205245154 0.45335216191562144 0.12394985290763967 0.4416476590649943
0 0.41383481071835804 0.12667723831242875 0.4519381892816419 0.12565437286202966 0.44857499315849486 0.031172717217787915 0.4096002063854048 0.035250278221208665 0.41383481071835804 0.12667723831242875
0 0.36579862257696694 0.447840566704675 0.4781894857468643 0.4038201231470923 0.4673182930444698 0.3799114367160775 0.35844277765108323 0.42612173318129987 0.36579862257696694 0.447840566704675
0 0.9343398905359178 0.9380048050171038 0.9434128015963512 0.9561495758266819 0.9835666225769669 0.9519292394526796 0.9674725712656784 0.9237854766248574 0.9343398905359178 0.9380048050171038
0 0.7134278232611174 0.49480601482326114 0.6963120148232611 0.46260620980615735 0.6653552976054733 0.4748073443557583 0.6800780387685291 0.5041195997719499 0.7134278232611174 0.49480601482326114