0 0.08818540592930445 0.34242778791334094 0.12139497947548461 0.34753307183580384 0.129163834663626 0.2952766921322691 0.09112976738882554 0.2914430034207526 0.08818540592930445 0.34242778791334094
0 0.31720112656784494 0.00035682440136830106 0.31703496351197263 0.042547367160775375 0.3540309258836944 0.04555338768529077 0.355705228050171 0.0034070581527936147 0.31720112656784494 0.00035682440136830106
0 0.37919842759407074 0.27556225085518815 0.4155756259977195 0.28147182098061574 0.41937633067274804 0.24645623261117444 0.3862368882554162 0.24244889737742303 0.37919842759407074 0.27556225085518815
0 0.43706991220068414 0.11324584264538198 0.4332621049030787 0.13829210034207526 0.5009901573546179 0.14236729418472063 0.5026916043329532 0.11722794070695552 0.43706991220068414 0.11324584264538198
0 0.9538758027366021 0.344887441277081 0.9403991185860889 0.39687465222348917 0.9796865142531357 0.40623500684150515 0.996484022805017 0.355766740022805 0.9538758027366021 0.344887441277081
0 0.8627974572405929 0.44210691676168756 0.8746561140250855 0.4020231060433296 0.8077294401368301 0.3927573511972634 0.7993691938426454 0.42923343671607755 0.8627974572405929 0.44210691676168756
0 0.5669735450399087 0.22318168871151656 0.5661367776510833 0.2599598437856328 0.6080387023945268 0.25559191904218925 0.6040427594070695 0.2201315336374002 0.5669735450399087 0.22318168871151656
0 0.5707539099201824 0.4567050923603193 0.6116040433295326 0.4615766431014823 0.6107841630558722 0.44258012314709233 0.5722195188141391 0.4440983854047891 0.5707539099201824 0.4567050923603193
0 0.5054169680729761 0.4213976636259977 0.5050674538198404 0.45731135803876855 0.5631662212086659 0.46099629646522233 0.5648895188141392 0.4243235142531357 0.5054169680729761 0.4213976636259977
0 0.46754660319270236 0.3382523603192702 0.4686002018244014 0.3747118939566704 0.5075485974914481 0.3799555575826682 0.5083219794754846 0.34490350741163056 0.46754660319270236 0.3382523603192702
0 0.21854596009122007 0.3017134401368301 0.2185679464082098 0.31731679361459525 0.2584175883694413 0.3154646522234892 0.2533371128848347 0.30224127366020526 0.21854596009122007 0.3017134401368301
0 0.2189584811858609 0.32547469897377423 0.22063483238312429 0.339006433295325 0.2543562531356899 0.34313906841505126 0.25681244469783354 0.3230162576966933 0.2189584811858609 0.32547469897377423
0 0.23301041391106042 0.2465145416191562 0.2348582542759407 0.2606673774230331 0.27570921208665905 0.262671755986317 0.27393974230330675 0.24529443899657924 0.23301041391106042 0.2465145416191562
0 0.23391122805017106 0.2908248038768529 0.26824988711516534 0.29205356328392246 0.2689269646522235 0.2745892622576967 0.23587177651083238 0.27302629646522236 0.23391122805017106 0.2908248038768529