0 0.5908326590649944 0.8774922280501711 0.6064791904218928 0.9274498460661346 0.6348928620296465 0.9155641482326111 0.6250475564424173 0.8643890649942988 0.5908326590649944 0.8774922280501711
0 0.38284152451539344 0.9307837958950969 0.397338086659065 0.9859874481185861 0.4458750216647663 0.9672504846066134 0.4383424264538198 0.9139523911060433 0.38284152451539344 0.9307837958950969
0 0.48870333637400226 0.8494601185860889 0.5008053318129989 0.8990451915621437 0.54206903990878 0.8870253911060434 0.5294121516533637 0.8370394948688711 0.48870333637400226 0.8494601185860889
0 0.31502223261117446 0.5478972565564424 0.3346768928164196 0.5994670456100343 0.39331799429874575 0.5726545153933865 0.3778866807297605 0.5234893591790194 0.31502223261117446 0.5478972565564424
0 0.39716537286202963 0.43664441049030783 0.40609351311288483 0.4709845245153934 0.4592941174458381 0.4561580307867731 0.44809711858608897 0.42350876966932727 0.39716537286202963 0.43664441049030783
0 0 0.5582703648802737 0.006364651083238313 0.5876248232611175 0.04744723945267959 0.5716629327251995 0.02894253477765108 0.5261779304446979 0 0.5377689646522235 0 0.5582703648802737
0 0.515710897377423 0.37096976966932727 0.5215625860889396 0.4061790057012543 0.5646783819840365 0.39925886088939566 0.5541522018244014 0.36308227137970356 0.515710897377423 0.37096976966932727
0 0.6478290262257698 0.8691684344355758 0.6555142713797035 0.9039733637400228 0.7284884287343216 0.8771024766248575 0.7187419965792474 0.8420274903078677 0.6478290262257698 0.8691684344355758
0 0.3318881379703535 0 0.3435092394526796 0.021249302166476625 0.3780651539338654 0.010566922462941847 0.3718060741163056 0 0.3318881379703535 0
0 0.7394069258836944 0.5942913762827822 0.742397842645382 0.6226374196123147 0.7668742930444699 0.6226506659064994 0.757928022805017 0.5884830399087798 0.7394069258836944 0.5942913762827822
0 0.7128671208665907 0.5968688312428735 0.7187188095781073 0.6320780649942987 0.7377388529076397 0.6328831117445839 0.730768070695553 0.5969608061573546 0.7128671208665907 0.5968688312428735