0 0.9631199657924743 0.7877110501710376 0.7242103534777651 0.9386799042189281 0.7443595142531357 0.9712559270239453 0.9736090866590651 0.8158699498289624 0.9631199657924743 0.7877110501710376
0 0.9216296020524516 0.7564759521094641 0.7259674150513112 0.8869167377423033 0.7390918232611174 0.9054746944127708 0.9360428335233751 0.7779594629418471 0.9216296020524516 0.7564759521094641
0 0.3719753819840365 0.7536819064994298 0.37279138768529074 0.7940624013683011 0.4261196704675029 0.7985086670467503 0.42734548004561007 0.7570969099201824 0.3719753819840365 0.7536819064994298
0 0.3805405541619156 0.6927646271379704 0.38204596465222346 0.7188607981755987 0.41969820296465227 0.7167454652223489 0.41610397035347774 0.6903345005701255 0.3805405541619156 0.6927646271379704
0 0.3218573318129989 0.6965977890535917 0.3228107970353478 0.7239014583808437 0.3699157502850627 0.7202662417331813 0.37170194868871154 0.6948571767388825 0.3218573318129989 0.6965977890535917
0 0.8120844618015963 0.7329628232611175 0.7139367605473204 0.7976009429874573 0.7201063911060434 0.8211577890535918 0.826457865450399 0.7532610649942988 0.8120844618015963 0.7329628232611175
0 0.6954096932725199 0.777449314709236 0.7042767194982896 0.7931838198403649 0.8023208129988597 0.7255787594070696 0.7941108449258837 0.7116020809578107 0.6954096932725199 0.777449314709236
0 0.8316808574686431 0.7156386795895098 0.8462445678449259 0.7074050843785633 0.8296252120866591 0.6908437525655644 0.820928441277081 0.6969978905359179 0.8316808574686431 0.7156386795895098
0 0.8148234116305587 0.7263303831242874 0.8247037411630559 0.7200426716077537 0.8104961641961231 0.7044930992018245 0.8094968380843786 0.7013510615735462 0.8010848928164197 0.7071997594070696 0.8148234116305587 0.7263303831242874
0 0.8400436316989738 0.7510043033067274 0.8541398449258837 0.7463517058152793 0.8416443603192703 0.7287458175598632 0.8288029965792474 0.7353511231470923 0.8400436316989738 0.7510043033067274
0 0.16576352451539336 0.4459145507411631 0.22359699885974915 0.41774778221208664 0.21351827366020526 0.4013410935005701 0.15873882668187003 0.43189804446978336 0.16576352451539336 0.4459145507411631
0 0.1949894196123147 0.5512696978335234 0.2648434127708096 0.5440758836944127 0.26246717445838086 0.5270687651083238 0.193222330672748 0.5346931448118586 0.1949894196123147 0.5512696978335234