0 0.19572387913340936 0.7427008335233751 0.2333308882554162 0.7782652029646523 0.27123843101482326 0.7344267810718359 0.22863470695553023 0.7008583021664766 0.19572387913340936 0.7427008335233751
0 0.3725380399087799 0.9129498358038769 0.33869539794754844 0.9525644389965792 0.40298938084378566 0.9903804549600913 0.42649604561003424 0.9595077491448119 0.3725380399087799 0.9129498358038769
0 0 0.9040593238312428 0.013404965792474344 0.9110449464082098 0.031514841505131126 0.8674220684150513 0 0.853845945267959 0 0.9040593238312428
0 0.3271259931584949 0.41490621208665907 0.3581820250855188 0.4354580729760547 0.3823129589509692 0.3830896157354618 0.3555960490307868 0.3643451698973774 0.3271259931584949 0.41490621208665907
0 0.4680661527936146 0 0.44019077879133406 0.026672904218928165 0.5028766590649943 0.07505544697833523 0.538159449258837 0.02545187457240593 0.48915578563283924 0 0.4680661527936146 0
0 0.15452957354618016 0.17539672976054732 0.17100583580387685 0.151930157354618 0.12941145610034208 0.11970112656784491 0.11184476282782212 0.1424164401368301 0.15452957354618016 0.17539672976054732
0 0.16158555644241732 0.2189589270239453 0.17672194298745722 0.2004005222348917 0.13546762713797036 0.16612231242873432 0.11932190193842646 0.1872369977194983 0.16158555644241732 0.2189589270239453
0 0.07309026567844926 0.18373749144811857 0.042993524515393386 0.15912177537058153 0.03664308209806158 0.20439733295324972 0.04756379703534778 0.21192799201824403 0.07309026567844926 0.18373749144811857
0 0.31298581299885975 0.2882052337514253 0.29740825313568986 0.28121769099201827 0.25857348004561004 0.38128837970353474 0.270843393386545 0.39200658038768527 0.31298581299885975 0.2882052337514253
0 0.425078606613455 0.2961626647662486 0.4537247582668187 0.25551952679589507 0.42000584150513115 0.23848914595210946 0.39373721322690997 0.27197160889395666 0.425078606613455 0.2961626647662486
0 0.6461819475484606 0.1251749486887115 0.6674064104903079 0.04661427594070695 0.6212398882554161 0.0341301425313569 0.6047889874572406 0.10856659179019384 0.6461819475484606 0.1251749486887115
0 0.6517423135689852 0.17512396351197265 0.6590411607753706 0.13597754732041048 0.6258980102622577 0.1331167582668187 0.6217758403648803 0.16671377765108325 0.6517423135689852 0.17512396351197265
0 0.5612527970353478 0.18818865336374002 0.5468987229190422 0.17417961687571268 0.5206548460661345 0.22985020752565563 0.5362762394526795 0.23804150171037627 0.5612527970353478 0.18818865336374002
0 0.6987211448118587 0.2542762086659065 0.7104266499429874 0.19656238312428734 0.6841499635119725 0.18747316875712658 0.6723713580387685 0.24997340136830104 0.6987211448118587 0.2542762086659065
0 0.7677938768529077 0.308353046750285 0.8008399714937285 0.32948596237172173 0.8276365644241733 0.2831866214367161 0.8040963340935006 0.25889277765108326 0.7677938768529077 0.308353046750285
0 0.7916976670467503 0.22777058836944128 0.7613201140250855 0.20161644469783352 0.7195645279361459 0.2721951824401368 0.7539268654503991 0.2962112189281642 0.7916976670467503 0.22777058836944128
0 0.3582989407069555 0.8437951277080958 0.39760524059293045 0.7890609635119726 0.3865983797035348 0.7788200649942988 0.3455301299885975 0.8366043215507412 0.3582989407069555 0.8437951277080958
0 0.42543058152793617 0.9809430729760547 0.43755350171037627 0.9916406145952109 0.48273158038768527 0.9344323797035348 0.4735539498289623 0.9187540820980616 0.42543058152793617 0.9809430729760547
0 0.4926966385404789 0.962515992018244 0.48118038426453824 0.954002259977195 0.4493927229190422 0.9969020193842645 0.46160534663626 0.9995177696693273 0.4926966385404789 0.962515992018244
0 0.8104769532497149 0.906446802736602 0.8631779007981756 0.9381366351197263 0.8821509201824401 0.9054260193842646 0.8351976659064994 0.8772421049030786 0.8104769532497149 0.906446802736602
0 0.7524462884834664 0.6482609737742303 0.7941794207525656 0.6832076396807297 0.8170918928164197 0.6480527514253136 0.7740654652223489 0.6132256955530216 0.7524462884834664 0.6482609737742303
0 0.9645488129988598 0.44273288027366026 0.9880477092360319 0.40766040820980615 0.9536853705815279 0.3836443717217788 0.935557976054732 0.41887059521094644 0.9645488129988598 0.44273288027366026
0 0.5048515997719498 0.5681951322690992 0.5245951607753706 0.5427894082098061 0.499715267958951 0.5195064583808437 0.47560311060433297 0.5418998757126567 0.5048515997719498 0.5681951322690992