0 0.902911865450399 0.7900959532497148 0.8682380342075257 0.7972026818700114 0.8684342063854048 0.8595928472063854 0.9021399555302166 0.855718362599772 0.902911865450399 0.7900959532497148
0 0.9637332748004561 0.646066787913341 0.9047554526795896 0.6523263671607754 0.9080150205245153 0.6779870068415051 0.9663165667046749 0.6740802588369442 0.9637332748004561 0.646066787913341
0 0.8353500604332953 0.5322669543899657 0.7960788586088939 0.5350543568985177 0.7981764561003422 0.5939446864310148 0.8355905803876853 0.5949541607753707 0.8353500604332953 0.5322669543899657
0 0.7904425895096922 0.696455976054732 0.7602907263397947 0.693028165336374 0.7561473397947548 0.7267478540478906 0.7944800752565564 0.7271952953249715 0.7904425895096922 0.696455976054732
0 0.4854730250855188 0.5063844059293044 0.4525570763968073 0.5141466339794755 0.45431150627137973 0.5658956362599772 0.49184549258836946 0.5618609087799317 0.4854730250855188 0.5063844059293044
0 0.8983133283922463 0.3098898118586089 0.8599388015963512 0.321026094640821 0.8664224686431015 0.3563051117445838 0.902108307867731 0.34685727366020525 0.8983133283922463 0.3098898118586089
0 0.8953661470923604 0.2753284025085519 0.8882890912200684 0.2400286636259977 0.8499337240592931 0.2505715028506271 0.8592377206385404 0.2901077924743444 0.8953661470923604 0.2753284025085519
0 0.41836709578107184 0.23550086431014822 0.3915354572405929 0.25595191220068414 0.40974000684150513 0.2785697696693273 0.43722407639680727 0.2563591698973774 0.41836709578107184 0.23550086431014822
0 0.03645589281641961 0.8210337343215508 0.0036834880273660204 0.8246406282782213 0.005292866590649943 0.8805433489167618 0.03977432497149373 0.8781843603192703 0.03645589281641961 0.8210337343215508
0 0 0.6171929737742303 0.017010344355758267 0.6130064948688713 0.012395648802736602 0.5581886134549601 0 0.5615406738882555 0 0.6171929737742303
0 0.7592498825541619 0.9098442314709236 0.7160899840364879 0.9220000649942988 0.7210229304446979 0.9506912633979476 0.7621141778791335 0.9467791938426453 0.7592498825541619 0.9098442314709236
0 0.46565905017103765 0.7338330250855187 0.44601464994298745 0.7355234754846066 0.4534480034207526 0.7946016966932725 0.468329314709236 0.7933374652223489 0.46565905017103765 0.7338330250855187