0 0.23299268301026227 0.8159827514253136 0.20885260775370582 0.7376541790193843 0.11389030672748005 0.760307622576967 0.13442996351197264 0.8321194743443557 0.23299268301026227 0.8159827514253136
0 0.03775519384264538 0.9560967343215507 0.08194063625997719 0.9551990205245153 0.0701852086659065 0.8987957730900797 0.02810881299885975 0.9028549578107183 0.03775519384264538 0.9560967343215507
0 0.6158544321550741 0.9429626738882554 0.6086258996579247 0.8893348449258837 0.5699949509692133 0.8948875028506271 0.5826060410490308 0.9516934207525656 0.6158544321550741 0.9429626738882554
0 0.4904722246294185 0.7819409076396807 0.4765820478905359 0.729518314709236 0.41418196465222346 0.7478777776510833 0.43306666134549604 0.8011012189281642 0.4904722246294185 0.7819409076396807
0 0.4961925336374002 0.5258069851767389 0.4833242155074116 0.4889545781071836 0.42072355872291906 0.4959815610034207 0.4263154971493729 0.5308469167616876 0.4961925336374002 0.5258069851767389
0 0.09460392930444698 0.4085004709236032 0.16553875940706955 0.4016066157354618 0.16081730672748004 0.3738049441277081 0.08810956100342075 0.38054368985176734 0.09460392930444698 0.4085004709236032
0 0.08682488255416192 0.32028993956670465 0.09229263625997719 0.28504329874572404 0.047494460661345494 0.2793374811858609 0.04837799315849487 0.3169262725199544 0.08682488255416192 0.32028993956670465
0 0.6588328335233751 0.2405292668187001 0.6643524720638541 0.20468957924743444 0.5495849532497149 0.17440449942987457 0.5456535313568985 0.20912208893956669 0.6588328335233751 0.2405292668187001
0 0.3791231904218928 0.06541115051311289 0.3804779030786773 0.022658721778791333 0.2868156647662486 0.016845273660205246 0.286863496009122 0.06057992930444697 0.3791231904218928 0.06541115051311289
0 0.43657668529076393 0.29432401026225774 0.445438409350057 0.2611592212086659 0.40164699885974914 0.25077647548460663 0.3920386750285063 0.28566243101482325 0.43657668529076393 0.29432401026225774
0 0.7538088722919042 0.5310766579247435 0.7385987822120866 0.4392406088939567 0.6642185062713797 0.4446409908779932 0.6847783135689851 0.540066330672748 0.7538088722919042 0.5310766579247435
0 0.7734845028506272 0.9329347548460661 0.7667729122006841 0.8733982462941847 0.732163006841505 0.8772715336374002 0.7374781242873433 0.935738511972634 0.7734845028506272 0.9329347548460661
0 0.6135431482326112 0.9898004002280502 0.6506003329532497 0.995423418472064 0.6532674367160775 0.9581436989737742 0.6154636510832383 0.9542418472063854 0.6135431482326112 0.9898004002280502
0 1 0.08613929988597492 0.9840554435575827 0.08618226111744584 0.9824611140250855 0.121436834663626 1 0.12205832383124288 1 0.08613929988597492
0 0.3696728072976055 0.3777871174458381 0.3721316328392246 0.342870110604333 0.33553531927023944 0.34562225541619157 0.3420885758266819 0.37971846750285065 0.3696728072976055 0.3777871174458381
0 0.9867193648802737 0.3418592394526796 0.995219118586089 0.3128317719498289 0.9699619623717218 0.3051779019384265 0.9619801197263398 0.33850436830102626 0.9867193648802737 0.3418592394526796
0 0.5709378437856328 0.5639039395667046 0.5595291835803876 0.5444480729760547 0.5078034595210946 0.5565939110604333 0.513712449258837 0.5742103249714937 0.5709378437856328 0.5639039395667046
0 0.16911488939566705 0.6877320889395667 0.15576445610034206 0.6359527366020524 0.13953587343215507 0.6375083044469784 0.1492633797035348 0.6932290832383124 0.16911488939566705 0.6877320889395667