0 0.732860189281642 0.7774359270239454 0.7615967058152793 0.7453067856328393 0.6891219703534778 0.6987405587229191 0.6639795781071836 0.736032063854048 0.732860189281642 0.7774359270239454
0 0.5514688209806157 0.9371724868871152 0.5525911402508552 0.9214596909920182 0.4686160912200684 0.9354730444697833 0.46952571379703534 0.9521513192702394 0.5514688209806157 0.9371724868871152
0 0.24947942987457242 0.5561407058152793 0.2551455051311288 0.5387853340935006 0.18024925085518814 0.538424448118586 0.18075213797035347 0.5515187126567845 0.24947942987457242 0.5561407058152793
0 0.22859442303306726 0.5292138916761687 0.22599229874572405 0.5164680513112885 0.18267695667046752 0.5147909908779932 0.1811526031927024 0.532532401368301 0.22859442303306726 0.5292138916761687
0 0.23829225541619156 0.3952206157354618 0.23381855416191563 0.3784791619156214 0.1817674709236032 0.38466036488027366 0.18205300114025086 0.40190206157354613 0.23829225541619156 0.3952206157354618
0 0.23505558380843786 0.3718926887115165 0.23562224971493728 0.35540756556442415 0.18175972405929305 0.3620884002280502 0.18270189965792474 0.3781753819840365 0.23505558380843786 0.3718926887115165
0 0.5795360022805017 0.3846013169897377 0.6040219942987458 0.35986453933865453 0.5577931151653364 0.322991449258837 0.533771433295325 0.35024347434435577 0.5795360022805017 0.3846013169897377
0 0.427296236031927 0.17531407069555302 0.4598114150513113 0.12777876282782213 0.4286621231470924 0.1095141299885975 0.39924495895096923 0.1489582976054732 0.427296236031927 0.17531407069555302
0 0.30291294982896233 0.16054192018244015 0.26190101710376285 0.13760314709236032 0.2343217172177879 0.16466872633979474 0.2767398928164196 0.19480971607753705 0.30291294982896233 0.16054192018244015
0 0.30784289737742304 0 0.3014664070695553 0.006624025085518814 0.33349123603192704 0.030872369441277085 0.3565970661345496 0 0.30784289737742304 0
0 0.15028713568985178 0 0.1391943352337514 0.017127004561003422 0.15820098631698973 0.028812750285062715 0.18287914937286204 0.00040912998859749146 0.1821661881413911 0 0.15028713568985178 0
0 0.20199279589509692 0.05546303534777651 0.2255935142531357 0.024898501710376282 0.19886053021664768 0.013125458380843787 0.1717499521094641 0.042592296465222355 0.20199279589509692 0.05546303534777651