0 0.1588539521094641 0.7090774025085518 0.12484043557582668 0.7036901904218928 0.11778442759407069 0.7596266202964652 0.15257519042189283 0.7657997844925883 0.1588539521094641 0.7090774025085518
0 0.01583621322690992 0.4582080695553022 0.003906667046750285 0.5031641094640821 0.0648667913340935 0.5092155017103763 0.07436732269099201 0.4625158244013683 0.01583621322690992 0.4582080695553022
0 0.2373000741163056 0.5743623888255417 0.23120928620296466 0.6052270763968073 0.29963699543899663 0.6172672622576967 0.30481522006841505 0.5845732348916762 0.2373000741163056 0.5743623888255417
0 0.49141165792474345 0.5413198916761688 0.48741785632839224 0.5779223215507412 0.5618043899657925 0.5903051425313569 0.5625771505131129 0.5569497445838084 0.49141165792474345 0.5413198916761688
0 0.566284378563284 0.10275181527936146 0.5303222736602052 0.10966749486887115 0.541717110604333 0.15917993386545037 0.5778126738882554 0.15142163055872293 0.566284378563284 0.10275181527936146
0 0.07490753135689852 0.1156106031927024 0.07353414709236032 0.16223699429874572 0.1709811071835804 0.16566070809578107 0.16711475598631698 0.1160592645381984 0.07490753135689852 0.1156106031927024
0 0.3332181904218928 0.35591217901938427 0.27583841391106045 0.34622296465222346 0.2698174857468643 0.40701073204104904 0.3214061128848346 0.4152986339794755 0.3332181904218928 0.35591217901938427
0 0.6162610250855188 0.37551714139110604 0.5639787320410491 0.3564267913340935 0.5405305872291905 0.4228688939566705 0.5891064241733182 0.44448552793614593 0.6162610250855188 0.37551714139110604
0 0.7551593671607754 0.48159696009122005 0.6963283078677309 0.473479755986317 0.68259 0.5507412029646522 0.7340808175598631 0.565339937286203 0.7551593671607754 0.48159696009122005
0 0.8665113432155074 0.15811014937286202 0.8712200478905359 0.1018019441277081 0.8307885381984036 0.09328786431014824 0.8253364903078677 0.14858610148232612 0.8665113432155074 0.15811014937286202
0 0.8996360900798176 0.07990415621436717 0.9526942371721778 0.09979922006841505 0.9600454994298746 0.07994382098061574 0.9785942234891676 0.09188942531356897 0.9889721117445838 0.07191224515393387 0.9028719327251995 0.057576083238312425 0.8996360900798176 0.07990415621436717
0 0.7908465028506271 0.03993266248574686 0.7904679703534777 0.0650957457240593 0.8276920912200684 0.0691895952109464 0.8345516784492589 0.04675521778791334 0.7908465028506271 0.03993266248574686
0 0.6881320330672749 0.9009953774230332 0.6497945381984037 0.9039310900798175 0.6496908985176738 0.963415985176739 0.6852406123147092 0.9647973169897378 0.6881320330672749 0.9009953774230332
0 0.807556251995439 0.8112063648802738 0.8564147468643102 0.8177440695553022 0.8619878244013682 0.7673849486887114 0.8134970969213227 0.7623007958950969 0.807556251995439 0.8112063648802738
0 0 0.5617885883694413 0.029041605473204102 0.5684039794754846 0.0415538472063854 0.5349510273660205 0 0.5252948700114025 0 0.5617885883694413