0 0.44822908551881413 0.5021132588369441 0.41867222576966934 0.49870466248574685 0.403578740022805 0.5569946659064995 0.43771224857468644 0.5653159771949828 0.44822908551881413 0.5021132588369441
0 0.30903552793614597 0.2049478848346636 0.27472714709236035 0.21860260889395666 0.277646070695553 0.27098638768529076 0.3174330045610034 0.2676228836944128 0.30903552793614597 0.2049478848346636
0 0.08314902736602052 0.24874749258836945 0.02887067730900798 0.25635784150513113 0.03472107411630559 0.29280296807297607 0.08809570923603192 0.28456694982896236 0.08314902736602052 0.24874749258836945
0 0.24124032953249716 0.786595566704675 0.1940854914481186 0.7772254287343215 0.18965797833523376 0.8020235165336375 0.23958302736602052 0.814758007981756 0.24124032953249716 0.786595566704675
0 0.4342529019384264 0.8343309988597492 0.3694172554161915 0.8213713112884834 0.34916277537058155 0.8575005108323832 0.418821330672748 0.8816181265678449 0.4342529019384264 0.8343309988597492
0 0.29477333523375143 0.8853052234891676 0.24079418700114025 0.8673792075256556 0.23349887115165338 0.9063373990877993 0.2893773842645382 0.918091566704675 0.29477333523375143 0.8853052234891676
0 0 0.849727598631699 0.031568242873432156 0.8582921037628278 0.03315896807297605 0.8304243933865451 0 0.8226822200684151 0 0.849727598631699
0 0.9661017582668188 0.6972446864310149 0.9931971277080958 0.7035363204104903 0.9957665484606614 0.6299577320410491 0.9745159851767389 0.626245086659065 0.9661017582668188 0.6972446864310149
0 0.8024221391106043 0.6933112029646522 0.7834524515393386 0.6926487673888256 0.7739302508551882 0.7273688472063854 0.7906757708095781 0.7341917890535918 0.8024221391106043 0.6933112029646522
0 0.7711073968072976 0.6892471083238312 0.7580860684150513 0.6881982816419612 0.7545627673888256 0.7041162679589509 0.7666534925883693 0.7083986488027366 0.7711073968072976 0.6892471083238312
0 0.3801055575826682 0.48131686316989736 0.3726969566704675 0.4555113363740023 0.3544980535917902 0.466758054732041 0.3619480969213227 0.49137680501710373 0.3801055575826682 0.48131686316989736