0 0.8183100353477766 0.6907079589509693 0.8513445541619157 0.7135289988597492 0.8726758209806157 0.662458605473204 0.8410070889395667 0.6394212451539338 0.8183100353477766 0.6907079589509693
0 0.9684117183580387 0.32046862143671606 0.9698361094640822 0.2781624378563284 0.9531257993158495 0.26818491790193844 0.9306263238312428 0.29419040706955535 0.9684117183580387 0.32046862143671606
0 0.7417667879133409 0.47278964994298744 0.7931505632839224 0.5053286271379703 0.8050010980615735 0.4739952805017104 0.7535488095781072 0.4498832702394526 0.7417667879133409 0.47278964994298744
0 0.8449382086659065 0.16889615051311288 0.8786216100342076 0.1958240581527936 0.9101043169897377 0.155770007981756 0.8693022713797036 0.1369840684150513 0.8449382086659065 0.16889615051311288
0 0.940577732041049 0.09343231014823261 0.8956489589509693 0.05566290193842645 0.8733662907639681 0.08303726681870012 0.938436189281642 0.14006013797035347 0.940577732041049 0.09343231014823261
0 0.7578809749144811 0.04381715963511973 0.787616606613455 0.08118808095781073 0.8137829156214368 0.05179539452679589 0.7894467958950969 0.02198697377423033 0.7578809749144811 0.04381715963511973
0 0.505445378563284 0.03330233181299886 0.5384147160775371 0.0645513945267959 0.5755786830102623 0.024999152793614594 0.5564281094640822 0.0013823261117445838 0.505445378563284 0.03330233181299886
0 0.43109797149372864 0.08575517331812998 0.4572991664766249 0.109660086659065 0.48246454732041044 0.09164689509692131 0.4615145701254276 0.06550863740022805 0.43109797149372864 0.08575517331812998
0 0.29103072862029644 0.07708160661345495 0.26709849486887116 0.11173013797035347 0.28919924059293045 0.13628450057012542 0.31443183580387685 0.10984612770809578 0.29103072862029644 0.07708160661345495
0 0.2720089543899658 0.35502293614595215 0.2988906271379703 0.32130730786773093 0.26217183124287347 0.2752246647662486 0.2298891037628278 0.3013780376282782 0.2720089543899658 0.35502293614595215
0 0.3633049441277081 0.2592067525655644 0.32751986316989734 0.2101697970353478 0.2977534458380844 0.2345214116305587 0.335623007981756 0.27902016077537056 0.3633049441277081 0.2592067525655644
0 0.3982922998859749 0.7277758255416192 0.3503570057012543 0.6904810216647663 0.3305254663625998 0.7244816488027366 0.37644479133409353 0.7578876932725199 0.3982922998859749 0.7277758255416192
0 0.3733971140250855 0.07525859635119726 0.4036315450399088 0.10693924287343215 0.420447976054732 0.08043064538198404 0.39697965450399086 0.05609130444697833 0.3733971140250855 0.07525859635119726
0 0.44595636145952106 0.1470257765108324 0.5006344298745724 0.20028419270239453 0.5049085849486887 0.1884859361459521 0.46389687229190424 0.1351654298745724 0.44595636145952106 0.1470257765108324
0 0.49900022120866594 0.19753726909920183 0.4847728415051311 0.18355958380843784 0.4605234435575826 0.21625556670467505 0.475027929304447 0.2319928164196123 0.49900022120866594 0.19753726909920183