0 0.4221252052451539 1 0.4390309931584949 0.9887474777651083 0.40472701140250855 0.957309125427594 0.38801928620296466 0.9873744948688711 0.40049376624857463 1 0.4221252052451539 1
0 0.8705730820980616 0.6127137537058153 0.8430708859749144 0.630761762827822 0.8521676852907639 0.6558112417331814 0.8872915564424173 0.6334579737742303 0.8705730820980616 0.6127137537058153
0 0.8384855176738882 0.5201577103762828 0.788986566704675 0.5410695769669327 0.7997166111744584 0.6180203660205246 0.8592518426453819 0.5979782143671607 0.8384855176738882 0.5201577103762828
0 0.13113538768529076 0.4925234458380844 0.10283830900798174 0.5064903318129989 0.14039645381984037 0.5909299817559863 0.16269281755986317 0.5823603740022805 0.13113538768529076 0.4925234458380844
0 0.40665632041049027 0.32182473204104906 0.37888967616875713 0.33851226681870006 0.4012322462941847 0.37368756100342077 0.42386763854047893 0.35235152109464085 0.40665632041049027 0.32182473204104906
0 0.4994654697833524 0.2699121311288484 0.4732849236031927 0.2947594424173318 0.49890973204104905 0.32506269213226907 0.5221110148232612 0.29938261231470925 0.4994654697833524 0.2699121311288484
0 0.2934747867730901 0.1674055473204105 0.2732555347776511 0.19391626339794754 0.31567003078677314 0.23083588825541618 0.3389086031927024 0.19809235575826684 0.2934747867730901 0.1674055473204105
0 0.35220002964652225 0.041671401368301025 0.33111498061573547 0.07823037286202965 0.3562839350057012 0.0916860661345496 0.3786906339794755 0.061926397947548464 0.35220002964652225 0.041671401368301025
0 0.5617654720638541 0.08279307639680729 0.6069992656784492 0.04718598289623717 0.5870728358038769 0.017185367160775372 0.5388585450399087 0.05196152451539338 0.5617654720638541 0.08279307639680729
0 0.35582970695553023 0.9668137981755986 0.33292154389965795 0.9359840775370581 0.30674100000000004 0.9608313888255416 0.3250455735461802 0.9897353842645382 0.35582970695553023 0.9668137981755986
0 0.2972139498289624 0.8610646784492588 0.3100146180159635 0.9051525256556442 0.33966726795895097 0.8909205518814138 0.3258124675028506 0.8413932793614596 0.2972139498289624 0.8610646784492588
0 0 0.2617864538198404 0.023860619156214367 0.2452174789053592 0 0.20140146636259978 0 0.2617864538198404
0 0.8089608244013684 0.4045182257696693 0.8372933591790194 0.38348665222348916 0.8200820410490308 0.35295986316989736 0.7836362223489167 0.36851229532497154 0.8089608244013684 0.4045182257696693
0 0.5297723318129989 0.7594070843785633 0.5417694982896237 0.7486069897377423 0.4915773819840365 0.6934408517673889 0.4790158597491448 0.7085846887115165 0.5297723318129989 0.7594070843785633
0 0.5340304036488027 0.7232951915621436 0.5514602622576967 0.7114390889395668 0.5228176670467503 0.6873683557582668 0.5099916955530217 0.7011517183580388 0.5340304036488027 0.7232951915621436