0 0.5860703124287343 0.6941328129988596 0.5487 0.689375 0.5392093751425313 0.802925 0.5753921870011403 0.8088703124287343 0.5860703124287343 0.6941328129988596
0 0.5860703124287343 0.39569531242873435 0.5154812497149374 0.38499531242873436 0.5073234378563284 0.4328515621436716 0.5854765621436716 0.442660937286203 0.5860703124287343 0.39569531242873435
0 0.5902218745724059 0.3083046875712657 0.5866625005701255 0.354675 0.6566578129988598 0.36835 0.6608093751425314 0.32019531242873434 0.5902218745724059 0.3083046875712657
0 0.18033750057012543 0.49676093728620296 0.129325 0.4884375005701254 0.12482968757126567 0.5238093751425313 0.18033750057012543 0.534214062713797 0.18033750057012543 0.49676093728620296
0 0.8773187502850627 0.6156593751425313 0.8387625005701254 0.6067421870011402 0.8310515621436716 0.6875937502850628 0.8713875005701254 0.6917546875712657 0.8773187502850627 0.6156593751425313
0 0.8233406248574687 0.7904406248574686 0.769360937286203 0.7844953124287343 0.7599484378563284 0.8573203124287343 0.8185937502850626 0.8659406248574687 0.8233406248574687 0.7904406248574686
0 0.5842906248574686 0.7208843751425313 0.5801375005701255 0.7761718745724059 0.5985265621436716 0.7761718745724059 0.5998343751425314 0.7235593751425313 0.5842906248574686 0.7208843751425313
0 0.5267515621436716 0.8903156248574686 0.495314062713797 0.8831828129988598 0.4904234378563284 0.9143937502850628 0.5231937502850627 0.9182578129988598 0.5267515621436716 0.8903156248574686
0 0.10619062485746864 0.8867484378563283 0.11983437514253135 0.8885312497149372 0.12482968757126567 0.8510781254275941 0.10797031242873432 0.8481062497149373 0.10619062485746864 0.8867484378563283
0 0.08305781299885975 0.8736703124287343 0.09907187457240592 0.8760468745724059 0.10348124971493729 0.842160937286203 0.08958124971493728 0.8368109372862029 0.08305781299885975 0.8736703124287343
0 0.1922015621436716 0.8231375005701254 0.2295718745724059 0.8338390627137969 0.23550312542759405 0.8047078129988597 0.1951015621436716 0.7948984378563284 0.1922015621436716 0.8231375005701254
0 0.24795937514253136 0.8920984378563284 0.2657546875712657 0.8897218745724059 0.27583906271379705 0.8130312497149373 0.2574515621436716 0.8082765621436717 0.24795937514253136 0.8920984378563284
0 0.2295718745724059 0.8611859372862031 0.2461812497149373 0.8635625005701255 0.25389218700114025 0.8106531254275942 0.2351312497149373 0.80025 0.2295718745724059 0.8611859372862031
0 0.7112296875712656 0.7089953124287344 0.7011453124287343 0.8528624994298746 0.7290249999999999 0.8564296875712657 0.7385984378563283 0.7173171870011402 0.7112296875712656 0.7089953124287344
0 0.7960531254275941 0.4688187502850627 0.7948671870011402 0.5122171870011403 0.8079171870011402 0.5163781254275941 0.8120703124287343 0.4729796875712657 0.7960531254275941 0.4688187502850627
0 0.7705468745724059 0.4658468745724059 0.7539375005701254 0.4634687502850627 0.7450406248574686 0.50865 0.7652078129988598 0.50865 0.7705468745724059 0.4658468745724059