0 0.14439082098061573 0.5428413158494869 0.25862699771949826 0.573205338654504 0.27067692474344357 0.5286499213226911 0.14902944241733182 0.49968118358038766 0.14439082098061573 0.5428413158494869
0 0.3629408494868871 0.736233441277081 0.40125781299885976 0.741808936145952 0.41453155986316986 0.6925611379703535 0.3818314230330673 0.685199030786773 0.3629408494868871 0.736233441277081
0 0.4915428221208666 0.730487322690992 0.5295170057012543 0.7312883352337515 0.5245521505131129 0.6900031664766249 0.48819426567844926 0.6952325085518815 0.4915428221208666 0.730487322690992
0 0.8368526259977195 0.8853341539338654 0.8463993580387685 0.929832274800456 0.8826793101482325 0.9183574811858608 0.8716435632839226 0.878835126567845 0.8368526259977195 0.8853341539338654
0 0.36286008551881416 0.2617633432155074 0.3536370661345496 0.29041366248574685 0.38369275826681876 0.30625837058152794 0.393641842645382 0.27288958380843786 0.36286008551881416 0.2617633432155074
0 0.16678611288483466 0.05884853705815279 0.16670245724059293 0.1171099418472064 0.20698002964652223 0.11238330444697833 0.2085317149372862 0.06698197947548461 0.16678611288483466 0.05884853705815279
0 0.09921918928164197 0.928726370581528 0.13058497035347777 0.9422630421892817 0.14426616761687572 0.9079007183580388 0.11059226795895097 0.8930555176738882 0.09921918928164197 0.928726370581528
0 0.045657915621436715 0.7493335883694413 0.03484313340935006 0.7630363648802737 0.10029034663625998 0.8063021516533637 0.11451832953249715 0.7889135815279361 0.045657915621436715 0.7493335883694413
0 0 0.7797967719498289 0.011025750285062714 0.7754631402508553 0 0.7541014002280503 0 0.7797967719498289
0 0.03794553933865451 0.6811490091220068 0.034523864310148235 0.7237783546180159 0.04849342417331813 0.7230240558722919 0.052723828962371724 0.682518070695553 0.03794553933865451 0.6811490091220068
0 0 0.7139166339794755 0.004404096921322691 0.7144705017103763 0.0072978711516533635 0.6765700091220068 0 0.6750930171037628 0 0.7139166339794755
0 0.3601793329532497 0.08622466248574687 0.3502571870011402 0.03754491334093501 0.29813582896237173 0.03867801938426454 0.30671362713797035 0.09769376396807297 0.3601793329532497 0.08622466248574687
0 0.29679486659064996 0.252949929304447 0.3743324732041049 0.2582026316989738 0.3756661539338655 0.22140950855188143 0.30352244241733184 0.21525035803876852 0.29679486659064996 0.252949929304447
0 0.10733260091220068 0.24123693728620296 0.18608307297605473 0.2346619087799316 0.1919691174458381 0.20167475256556444 0.11368476054732042 0.1993557377423033 0.10733260091220068 0.24123693728620296