0 0.8505944332953249 0.5328062896237172 0.8842389475484607 0.5423144686431015 0.9021880935005702 0.49420562029646525 0.870720055872292 0.4788366647662486 0.8505944332953249 0.5328062896237172
0 0.926530834663626 0.9017089988597492 0.959651062713797 0.9302298688711517 0.9813170490307868 0.9033573671607754 0.9495917502850627 0.8721596214367161 0.926530834663626 0.9017089988597492
0 0.9144943580387686 0.9828503694412771 0.9374107936145952 0.9577149726339794 0.8320385655644241 0.8531224458380844 0.8074080604332953 0.8803470604332954 0.9144943580387686 0.9828503694412771
0 0.09146234207525655 0.12128643215507412 0.0968850684150513 0.15730193272519957 0.1336376510832383 0.15364518358038767 0.1280271755986317 0.11225327251995439 0.09146234207525655 0.12128643215507412
0 0.0014403249714937288 0.234827007981756 0.0156713078677309 0.26756748574686434 0.0496952748004561 0.25391550057012546 0.03823876168757126 0.22397677651083236 0.0014403249714937288 0.234827007981756
0 0.10539915621436716 0.24781618472063852 0.1042605598631699 0.21521105929304446 0.07084142189281642 0.21215675940706955 0.07212724971493728 0.24897806613454962 0.10539915621436716 0.24781618472063852
0 0.4521321049030787 0.8761340718358039 0.48031108779931586 0.8994851767388825 0.4898936328392246 0.8843118198403649 0.461174755986317 0.862513314709236 0.4521321049030787 0.8761340718358039
0 0.43808603648802735 0.8997730478905359 0.4638676214367161 0.9226137594070695 0.47353299771949825 0.909812394526796 0.44775288597491447 0.8870138437856329 0.43808603648802735 0.8997730478905359
0 0.6039909692132268 0.9491772075256556 0.5543215792474344 0.9236106944127708 0.5452702565564425 0.9369831641961232 0.5903742417331812 0.9680529840364881 0.6039909692132268 0.9491772075256556
0 0.0651259361459521 0.8320760524515393 0.05975012086659065 0.8655012155074117 0.09685614823261117 0.8719210820980616 0.09795146864310147 0.8351448278221208 0.0651259361459521 0.8320760524515393
0 0.3510050741163056 1 0.35799156556442413 0.99100669327252 0.3346909201824401 0.9710686670467502 0.3125053318129989 1 0.3510050741163056 1
0 0.21321561003420753 0.16689164766248576 0.27057856100342076 0.15717285176738882 0.2628878494868871 0.141366 0.21276017103762826 0.1538495974914481 0.21321561003420753 0.16689164766248576
0 0.2867974344355758 0.008386497149372863 0.28892531927023946 0.018236986316989737 0.3590188574686431 0.03240876510832383 0.36254969783352337 0.005741169897377423 0.2867974344355758 0.008386497149372863
0 0.9924215199543899 0.3100255712656784 0.9918625826681869 0.29401970353477763 0.9452238244013682 0.29564836488027363 0.9469038825541619 0.3097326864310148 0.9924215199543899 0.3100255712656784