0 0.7628178323831243 1 0.6991431710376282 0.9819730889395667 0.696012606613455 1 0.7628178323831243 1
0 0.7745935838084379 0.9982935245153934 0.782459244013683 0.9829009122006841 0.7116175108323831 0.9615636841505131 0.7030766442417331 0.9753387708095782 0.7745935838084379 0.9982935245153934
0 0.4068191824401368 0.7382077708095781 0.4089354834663626 0.7231495062713797 0.37429443215507413 0.7218753797035348 0.37197288597491446 0.7341277719498289 0.4068191824401368 0.7382077708095781
0 0.40788241391106045 0.7114105815279361 0.4119783819840365 0.6972206590649943 0.3763248916761687 0.6946066499429875 0.373085054732041 0.7091267480045611 0.40788241391106045 0.7114105815279361
0 0.41209153021664763 0.6814611607753706 0.4172734743443558 0.6638216180159635 0.33790260661345495 0.660453488027366 0.33862658380843785 0.6809221961231471 0.41209153021664763 0.6814611607753706
0 0.5892178494868872 0.5168210513112885 0.5745942862029647 0.4457315062713797 0.5488055610034208 0.45408621664766247 0.5641926191562143 0.5197432120866591 0.5892178494868872 0.5168210513112885
0 0.551230244013683 0.3129659190421893 0.54831303990878 0.29528157012542755 0.4430315849486887 0.3182227981755986 0.4478660364880273 0.33507525541619154 0.551230244013683 0.3129659190421893
0 0.5472603797035348 0.2899503717217788 0.5432902896237172 0.2712139384264538 0.4415413044469783 0.2946516225769669 0.443432802736602 0.3110904754846066 0.5472603797035348 0.2899503717217788
0 0.4862294332953249 0.2436465062713797 0.4820885256556442 0.2069048221208666 0.42990251539338653 0.21514557012542757 0.43275570809578107 0.2460954218928164 0.4862294332953249 0.2436465062713797
0 0.533444354618016 0.07215959179019385 0.5276034754846066 0.024015664766248574 0.48566153021664765 0.027705003420752567 0.4899948175598632 0.07803223603192702 0.533444354618016 0.07215959179019385
0 1 0.3693171482326112 0.968578441277081 0.35913796807297604 0.9603694424173318 0.3705629327251996 1 0.3842539794754846 1 0.3693171482326112
0 0.8840243249714937 0.789918889395667 0.8949895256556442 0.7716925724059294 0.8625180342075256 0.7635362257696693 0.8606293774230331 0.7812409897377424 0.8840243249714937 0.789918889395667