0 0.8239734378563284 0.000012500570125427595 0.7990359372862029 0.07297187457240592 0.8423796875712657 0.07890468757126567 0.858410937286203 0 0.8239734378563284 0.000012500570125427595
0 0.7883484378563284 0.22304531242873432 0.8079421870011403 0.168475 0.7657859372862029 0.155425 0.7533171870011403 0.21200312542759406 0.7883484378563284 0.22304531242873432
0 0.8334734378563283 0.1744062497149373 0.8245671870011403 0.20999687457240593 0.8536609372862031 0.2272 0.8696921870011403 0.18804843785632838 0.8334734378563283 0.1744062497149373
0 0.38815781299885976 0.050432812998859745 0.38400312542759407 0.0878015621436716 0.4404093751425313 0.09076875028506272 0.44426875028506274 0.060784375142531356 0.38815781299885976 0.050432812998859745
0 0.1387812497149373 0 0.13521875028506272 0.018993750285062713 0.1708437502850627 0.02520312542759407 0.17856406271379704 0 0.1387812497149373 0
0 0.05446875028506272 0.2841437502850627 0.05090624971493729 0.3209203124287343 0.09425 0.3285312497149373 0.10315624971493728 0.295414062713797 0.05446875028506272 0.2841437502850627
0 0.039625 0.3505796875712657 0.03368749942987457 0.3861687502850627 0.06575 0.39328750057012546 0.0710937502850627 0.36055312542759405 0.039625 0.3505796875712657
0 0.19815781299885976 0.3458328129988597 0.1898437502850627 0.3772718745724059 0.24120468757126567 0.3988015621436716 0.256939062713797 0.3624421870011403 0.19815781299885976 0.3458328129988597
0 0.29553281299885975 0.4881953124287343 0.2824703124287343 0.5392093751425313 0.3177984378563284 0.5518000000000001 0.33293906271379703 0.5000593751425314 0.29553281299885975 0.4881953124287343
0 0.9326312497149373 0.40811718700114025 0.9498484378563283 0.37608593728620293 0.895225 0.35413750057012544 0.8824578129988597 0.38723749942987457 0.9326312497149373 0.40811718700114025
0 0.744410937286203 0.36362812542759404 0.7378796875712658 0.3903218745724059 0.7865671870011403 0.41582812542759406 0.8049734378563285 0.38367968757126564 0.744410937286203 0.36362812542759404
0 0.8572234378563284 0.4187937502850627 0.8483171870011402 0.450825 0.9047249999999999 0.4698062497149373 0.9145218745724059 0.43616250057012546 0.8572234378563284 0.4187937502850627
0 0.8762234378563284 0.5463281254275941 0.8625671870011402 0.569460937286203 0.8934421870011403 0.5866625005701255 0.9091765621436716 0.5598062497149373 0.8762234378563284 0.5463281254275941
0 0.796660937286203 0.6293718745724058 0.7806296875712657 0.6643687502850627 0.8168484378563284 0.6869093751425314 0.8290203124287343 0.6540953124287343 0.796660937286203 0.6293718745724058
0 1 0.8601171870011403 0.972410937286203 0.8369828129988597 0.953410937286203 0.8607093751425314 0.9937875005701254 0.8969343751425314 1 0.8601171870011403
0 0.17618749942987458 0.9224 0.16668749942987457 0.9526531254275942 0.2124062497149373 0.976971874572406 0.2254703124287343 0.93545 0.17618749942987458 0.9224
0 0.27653281299885973 0.7574968745724059 0.26525 0.7865625005701253 0.29731406271379707 0.8026453124287343 0.3085953124287343 0.7711406248574687 0.27653281299885973 0.7574968745724059
0 0.09425 0.6673343751425314 0.082375 0.6958062497149373 0.1174062497149373 0.7110234378563284 0.13225 0.6815703124287343 0.09425 0.6673343751425314
0 0.1257187502850627 0.609796874572406 0.11681249942987458 0.6424203124287343 0.14709531242873433 0.6536906248574686 0.1577812497149373 0.615728125427594 0.1257187502850627 0.609796874572406
0 0.8263484378563284 0.09076875028506272 0.7930984378563284 0.08424218700114025 0.7880515621436716 0.09903437514253137 0.8281296875712656 0.10797031242873432 0.8263484378563284 0.09076875028506272
0 0.49087812542759407 0.9983265621436715 0.5365953124287344 0.9987546875712657 0.539564062713797 0.9692609372862029 0.501564062713797 0.9621437502850627 0.49087812542759407 0.9983265621436715
0 0.8756296875712657 0.7788515621436716 0.8643484378563284 0.7960531254275941 0.9047249999999999 0.8311093751425314 0.9207562497149373 0.8162218745724059 0.8756296875712657 0.7788515621436716
0 0.8987875005701254 0.7705468745724059 0.8875046875712657 0.7794453124287343 0.930553125427594 0.8177671870011403 0.941535937286203 0.8049515621436716 0.8987875005701254 0.7705468745724059