0 0.08269369555302167 0.5751445370581528 0.09439877765108325 0.5786904469783353 0.09735286887115166 0.498976228050171 0.08564307753705816 0.4957293215507412 0.08269369555302167 0.5751445370581528
0 0.11619505587229191 0.5817727502850627 0.12883132497149374 0.5828327069555302 0.12334142189281642 0.502213354618016 0.11514445496009121 0.5036734823261118 0.11619505587229191 0.5817727502850627
0 0.06937153819840365 1 0.07006526909920183 0.9997609726339796 0.06333062143671607 0.9413653500570125 0.04917464652223489 0.9401666100342075 0.054648937286202966 1 0.06937153819840365 1
0 0.08680038084378564 0.9944214880273661 0.10083420410490307 0.991752433295325 0.09524807297605474 0.9499495302166476 0.0826037274800456 0.9518770957810718 0.08680038084378564 0.9944214880273661
0 0.327976023945268 0.6048872348916761 0.30496113340935005 0.7434284526795896 0.38019135461801595 0.7498499304446978 0.4063401961231471 0.6241153443557582 0.327976023945268 0.6048872348916761
0 0.37433739566704677 0.48419247434435575 0.41566350399087804 0.4858191299885975 0.4200151505131129 0.4023758985176739 0.3791142827822121 0.4030910581527936 0.37433739566704677 0.48419247434435575
0 0.24137063740022804 0.2348802132269099 0.23664862143671608 0.2920934686431015 0.28766006385404785 0.29509023717217786 0.2879128015963512 0.2293914139110604 0.24137063740022804 0.2348802132269099
0 0.24847289053591792 0.38756801482326114 0.28163223831242873 0.38527686887115165 0.2825998301026226 0.3093535621436716 0.24586213340935006 0.3096327263397948 0.24847289053591792 0.38756801482326114
0 0.7940964743443557 0.8120209566704675 0.8445489521094641 0.8210451083238313 0.8526861927023945 0.7963105997719498 0.8021528198403649 0.7857992554161916 0.7940964743443557 0.8120209566704675
0 0.6983339806157355 0.9564156214367161 0.7681067594070696 0.9733212405929303 0.8006428529076396 0.9026770456100343 0.7268100250855187 0.8925250022805017 0.6983339806157355 0.9564156214367161
0 0.9419873979475484 0.6812504583808437 0.9331671596351198 0.7221778791334094 0.9672891584948689 0.7347110661345495 0.9762337525655644 0.6836212269099201 0.9419873979475484 0.6812504583808437
0 0.9353283922462942 0.3965729578107184 0.9664376237172178 0.3974823899657925 0.9701961379703535 0.359473488027366 0.935092007981756 0.3571928757126568 0.9353283922462942 0.3965729578107184
0 0.8468303888255416 0 0.8501503090079817 0.04014582212086659 0.8880925917901938 0.03794898859749145 0.8831889771949829 0 0.8468303888255416 0
0 0.9573813876852907 0.08022071949828963 0.9514853283922463 0.024123468643101484 0.9304000228050171 0.01469615165336374 0.9144197548460662 0.07279418700114025 0.9573813876852907 0.08022071949828963
0 0.9660701527936145 0.16288879817559862 0.9600864663625998 0.16113119726339795 0.9599270296465222 0.2560742212086659 0.9757832964652223 0.2553031904218928 0.9660701527936145 0.16288879817559862
0 0.35606093728620297 0.866417062713797 0.40971137400228047 0.8774963204104903 0.41651325541619155 0.8343913854047891 0.3603403010262258 0.828655070695553 0.35606093728620297 0.866417062713797
0 0.3484822041049031 0.9078110171037628 0.34143206727480047 0.9485539623717218 0.35748408437856327 0.9480608688711517 0.36149085404789055 0.9124139566704675 0.3484822041049031 0.9078110171037628
0 0.3125563090079817 0.4184464424173318 0.3547180615735462 0.4223733511972634 0.3548140604332953 0.3949003158494869 0.31542093728620296 0.39277041391106043 0.3125563090079817 0.4184464424173318