0 0.06638143101482326 0.11795855644241733 0.032554781071835806 0.10606667958950969 0.031365785632839226 0.11965695438996579 0.05969321094640821 0.13309260433295325 0.06638143101482326 0.11795855644241733
0 0.0356650330672748 0.08073511174458381 0.03384727366020525 0.09129342303306727 0.06765254389965793 0.10342967844925885 0.06886305473204105 0.08959346864310147 0.0356650330672748 0.08073511174458381
0 0.186584834663626 0.2427990912200684 0.20623630672748003 0.1748517069555302 0.12456656100342074 0.15460668072976055 0.10439503420752566 0.22846247320410493 0.186584834663626 0.2427990912200684
0 0.052901779931584944 0.1834689509692132 0.026350925883694414 0.1769770638540479 0.024696600912200686 0.19588608437856328 0.0475129361459521 0.20078235347776513 0.052901779931584944 0.1834689509692132
0 0.25816155872291907 0 0.2542733329532497 0.014117392246294184 0.2920999179019384 0.02457116419612315 0.3004184515393386 0 0.25816155872291907 0
0 0.30817199771949827 0.08611707525655644 0.2735097240592931 0.07355764196123148 0.25977775142531356 0.12832704903078676 0.29937867274800456 0.13893762257696693 0.30817199771949827 0.08611707525655644
0 0.5084028768529076 0.28405437058152794 0.5131925644241734 0.27018309806157353 0.4627339087799316 0.25764543899657927 0.46018806841505133 0.26971322576966933 0.5084028768529076 0.28405437058152794
0 0.5130998380843785 0.3053055427594071 0.44299832155074115 0.28904955872291904 0.44229731927023946 0.3038745632839225 0.5084135131128849 0.3179953911060433 0.5130998380843785 0.3053055427594071
0 0.7788281083238312 0.40179338996579245 0.7950295404789054 0.34604799771949835 0.7464354686431015 0.33604185632839223 0.7264728643101482 0.38709000342075256 0.7788281083238312 0.40179338996579245
0 0.4720024629418472 0.8840509714937286 0.5004989007981756 0.8240233637400228 0.4544809007981756 0.8016038802736603 0.42422389965792473 0.8715360467502851 0.4720024629418472 0.8840509714937286
0 0.9260149429874572 0.8040883591790193 0.9393271847206386 0.7677415370581528 0.87541996009122 0.7419971277080958 0.8610893021664766 0.776377393386545 0.9260149429874572 0.8040883591790193
0 0.6474744640820981 0.8880894184720639 0.6557385461801597 0.8685682086659066 0.6172944606613455 0.8515653854047891 0.6104462269099202 0.8753229908779931 0.6474744640820981 0.8880894184720639
0 0.8663275701254276 0.9685668392246295 0.8718410592930445 0.9464224811858609 0.8349873283922463 0.9384739703534777 0.8337940319270238 0.9657205233751426 0.8663275701254276 0.9685668392246295
0 0.9523418403648803 0.24429490421892816 0.9594289555302166 0.210976425313569 0.9208250524515393 0.19235821208665907 0.9079800456100342 0.2404137502850627 0.9523418403648803 0.24429490421892816
0 0.3857883888255416 0.9906676282782212 0.3952439532497149 0.9779652736602054 0.36014529874572404 0.9635811755986318 0.3488202269099202 0.9874333329532496 0.3857883888255416 0.9906676282782212