0 0.18958915621436714 0.9321205416191561 0.2048219623717218 0.8359443899657926 0.15412996465222348 0.8261105302166476 0.13600307981755985 0.928743125427594 0.18958915621436714 0.9321205416191561
0 0.2862806545039909 0.3709262542759407 0.2578236818700114 0.3610103340935006 0.22412896465222348 0.4410370809578107 0.2525495518814139 0.45876378449258837 0.2862806545039909 0.3709262542759407
0 0.3525054503990878 0.39644559293044473 0.31134515507411636 0.3833137787913341 0.27948871607753706 0.46633686088939563 0.324047921322691 0.4851167936145952 0.3525054503990878 0.39644559293044473
0 0.02474652337514253 0.41066030672748005 0.01947279361459521 0.45911942645381987 0.038137734321550744 0.46057278449258837 0.045158977194982894 0.41449447320410493 0.02474652337514253 0.41066030672748005
0 0.04255165336374002 0.3930412223489168 0.06099142189281642 0.39415834093500574 0.07390875370581527 0.350516755986317 0.051645640820980616 0.3469906259977195 0.04508009350057012 0.3922393854047891 0.04255165336374002 0.3930412223489168
0 0.054604695553021665 0.25247741049030786 0.037678898517673885 0.24558698631698972 0.02463025085518814 0.3051398608893957 0.04648773660205245 0.31130692702394525 0.054604695553021665 0.25247741049030786
0 0.10962694070695553 0.19326041391106044 0.09100686316989737 0.18189516647662488 0.07079488369441278 0.243017078677309 0.09272264196123148 0.25069815279361457 0.10962694070695553 0.19326041391106044
0 0.06874375028506272 0.1783690353477765 0.05101790421892816 0.16894887457240593 0.03926286202964652 0.23171080957810716 0.05418366704675028 0.23617806157354618 0.06874375028506272 0.1783690353477765
0 0.06470949486887115 0.05208947890535918 0.07452568072976054 0.058451836944127714 0.07566763169897377 0.05502737856328392 0.093086330672748 0.013299460661345497 0.07204749258836944 0.005759179019384264 0.06470949486887115 0.05208947890535918
0 0.4614912371721779 0 0.45977815849486886 0.016071833523375142 0.48128198517673887 0.019477704675028507 0.4848063340935006 0 0.4614912371721779 0
0 0.44213754389965787 0.07699985860889395 0.4293410935005701 0.07437194868871151 0.4135830125427594 0.14852446978335232 0.43006275826681867 0.15323705245153932 0.44213754389965787 0.07699985860889395
0 0.4806127765108324 0.09571791220068415 0.464980094640821 0.0920396362599772 0.4510818996579247 0.15626716419612313 0.4670656180159635 0.15849816077537057 0.4806127765108324 0.09571791220068415
0 0.5096283454960091 0.1021169794754846 0.4900154526795895 0.10081563740022804 0.4840184355758267 0.14164581071835805 0.5028476442417332 0.14492863968072978 0.5096283454960091 0.1021169794754846
0 0.42861327137970356 0.2534013033067275 0.4164946009122007 0.2502795917901938 0.40554144925883695 0.27890291676168755 0.41881603078677304 0.28491446978335233 0.42861327137970356 0.2534013033067275