0 0.655411842645382 0.5275572941847206 0.6634876989737741 0.45376525997719497 0.6289356259977195 0.44769317901938427 0.6183652257696692 0.5239408392246294 0.655411842645382 0.5275572941847206
0 0.709267748004561 0.6093564857468643 0.7108167331812998 0.5729679851767389 0.6361518380843786 0.5617433785632839 0.6308740171037629 0.598871732041049 0.709267748004561 0.6093564857468643
0 0.7604707058152794 0.643292007981756 0.8349819122006842 0.6478859384264538 0.8353536157354619 0.6341325701254277 0.7612154823261117 0.6271931254275941 0.7604707058152794 0.643292007981756
0 0.9246068517673889 0.17321867616875714 0.9198215838084379 0.13882793728620296 0.8636053876852908 0.1479412998859749 0.8678896157354618 0.17980219954389967 0.9246068517673889 0.17321867616875714
0 0.3535408791334093 0.2521308152793615 0.3532379064994299 0.21604856214367163 0.2735675267958951 0.20222771151653363 0.27016037286202965 0.24273720410490307 0.3535408791334093 0.2521308152793615
0 0.25242032839224626 0 0.2517122132269099 0.009587060433295325 0.2917321527936146 0.015326027366020524 0.2910578221208666 0 0.25242032839224626 0
0 0.29033867046750284 0.4991633158494869 0.29253955074116306 0.44726237286202963 0.2595643614595211 0.4426407673888255 0.2583604663625998 0.49394026795895096 0.29033867046750284 0.4991633158494869
0 0.20069207753705817 0.6585296887115165 0.20292567616875715 0.6102376716077538 0.1684050205245154 0.6077727286202964 0.16387249942987459 0.6572952645381984 0.20069207753705817 0.6585296887115165
0 0 0.6516836955530217 0.030811122006841503 0.6556455051311288 0.0367500102622577 0.6181488437856328 0 0.6152270684150513 0 0.6516836955530217
0 0.012660570125427595 0.38071345153933867 0.002467622576966933 0.4583734846066134 0.03849542303306727 0.462719228050171 0.047443271379703535 0.3796161550741163 0.012660570125427595 0.38071345153933867
0 0.18336176168757126 0.8515702805017104 0.1898868449258837 0.8141680433295325 0.14223238312428735 0.8072198882554161 0.13909840592930445 0.8479023694412771 0.18336176168757126 0.8515702805017104
0 0.2480808449258837 0.8077693762827821 0.28467194070695556 0.8123641163055871 0.29478640592930444 0.7485038905359179 0.2542399475484607 0.738478220068415 0.2480808449258837 0.8077693762827821
0 0.35830025313568986 0.9441388631698974 0.3948898061573546 0.9487333568985178 0.4002716408209806 0.9147537924743443 0.3581182508551881 0.9110783603192703 0.35830025313568986 0.9441388631698974
0 0.7465578141391107 0.23330227251995436 0.6827413751425313 0.2219924401368301 0.6801430969213227 0.23839732497149374 0.7474518757126568 0.2466549669327252 0.7465578141391107 0.23330227251995436