0 0 0.7322909281641962 0.018368115165336374 0.7265399646522236 0.013759543899657924 0.6953407080957811 0 0.6982249042189282 0 0.7322909281641962
0 0 0.6592506898517674 0.013574064994298746 0.6581687753705815 0.013393820980615735 0.5922992690992018 0 0.5962931972633979 0 0.6592506898517674
0 0.15652011630558724 0.4554726237172178 0.19799283352337513 0.46278538198403646 0.20771555644241732 0.388533157354618 0.16272548232611175 0.3856646339794755 0.15652011630558724 0.4554726237172178
0 0.6563497571265678 0.4296561698973774 0.7346075473204104 0.46793325655644247 0.8314588985176739 0.21490569783352337 0.755614094640821 0.18633889167616877 0.6563497571265678 0.4296561698973774
0 0.5487655313568985 0.047731444697833525 0.5341402873432155 0.09495294868871151 0.5564412223489167 0.10226149942987457 0.5795207229190422 0.05737478221208666 0.5487655313568985 0.047731444697833525
0 0.9935183774230331 0.14303483922462942 0.9275092029646522 0.12886342075256557 0.912404307867731 0.19541562257696693 0.9720038939566704 0.21098907753705815 0.9935183774230331 0.14303483922462942
0 0.8957493249714936 0.33765951995439 0.8695309270239453 0.4398133774230331 0.9361043797035348 0.45281818244013683 0.9643858084378563 0.34976198403648806 0.8957493249714936 0.33765951995439
0 0.24799334663625996 0.9341572018244013 0.20686353249714937 0.9349236031927024 0.20713397605473205 0.9556510877993158 0.25289060661345497 0.9637192166476625 0.24799334663625996 0.9341572018244013
0 0.575393401368301 0.9365982736602053 0.5542773283922463 0.9172611687571266 0.5310071117445838 0.9536735233751426 0.5584012576966932 0.9703208779931585 0.575393401368301 0.9365982736602053
0 0.743064968072976 1 0.7505686567844926 0.9885898175598632 0.7395062405929305 0.9796042132269099 0.7246623181299886 1 0.743064968072976 1
0 0.7096304025085519 1 0.7242764925883695 0.9783261151653363 0.7145786875712657 0.9695827137970353 0.6920403101482326 1 0.7096304025085519 1
0 0.8328458768529077 0.5219725165336374 0.8602576408209807 0.5338409532497149 0.8890414196123148 0.4502870193842646 0.862909542759407 0.4470865815279361 0.8328458768529077 0.5219725165336374