0 0.6996844629418473 0.8472594082098062 0.681481605473204 0.918203141391106 0.7311731265678449 0.9282429441277081 0.7420139190421893 0.8535010456100341 0.6996844629418473 0.8472594082098062
0 0.7813276282782212 0.8373281014823261 0.7758918403648802 0.8719904150513113 0.8331657605473204 0.8780667058152793 0.8409361037628278 0.838218448118586 0.7813276282782212 0.8373281014823261
0 0.6995534492588369 1 0.7015670923603193 0.9883949771949829 0.6603883261117446 0.9882460581527935 0.6596035324971494 1 0.6995534492588369 1
0 0.9131967046750286 0.8067760558722918 0.9706684161915622 0.8052752633979475 0.9764419806157354 0.7503434686431015 0.9144564458380844 0.752188385404789 0.9131967046750286 0.8067760558722918
0 0.9776837468643101 0.738528858608894 0.9808648859749145 0.7054222052451539 0.9548209384264539 0.7032818950969214 0.9511321071835804 0.735538638540479 0.9776837468643101 0.738528858608894
0 0.7685382405929304 0.4818532930444698 0.8078518529076397 0.47702687001140254 0.8099552291904218 0.4002118688711517 0.7709520992018244 0.40208425199543896 0.7685382405929304 0.4818532930444698
0 0.48272576168757125 0.3723874629418472 0.48276205473204103 0.4118040604332953 0.5284446807297606 0.41170364424173317 0.5297475997719499 0.37374596351197265 0.48272576168757125 0.3723874629418472
0 0.4385397274800456 0.4292521505131129 0.43751882668187 0.4673667331812999 0.469761897377423 0.4673290330672748 0.4689654127708096 0.42946491562143674 0.4385397274800456 0.4292521505131129
0 0.4118922919042189 0.5691801505131129 0.4700715176738883 0.5723083591790193 0.46997623717217785 0.5561740775370582 0.4121997628278221 0.554879259977195 0.4118922919042189 0.5691801505131129
0 0.21173923945267958 0.2752294161915621 0.2095995701254276 0.31262781984036486 0.25155535005701257 0.31106420296465226 0.25008980843785633 0.27388546750285064 0.21173923945267958 0.2752294161915621
0 0.07914021322690992 0.38371490193842644 0.07920519042189282 0.40581777537058156 0.13293853591790195 0.408643669327252 0.13312528392246295 0.38700087913340936 0.07914021322690992 0.38371490193842644
0 0.14040460889395667 0.19845703648802737 0.1372658323831243 0.21126473204104904 0.21546873432155075 0.2113442850627138 0.21592458836944126 0.19564656670467503 0.14040460889395667 0.19845703648802737
0 0.4718995267958951 0.770766298745724 0.4681747206385405 0.8062054652223489 0.5282265815279361 0.8057174207525656 0.53014065336374 0.7733055655644242 0.4718995267958951 0.770766298745724
0 0.41353401368301024 0.7807561049030787 0.41183342075256557 0.8367130068415052 0.4589573819840365 0.8342597388825542 0.4669906510832383 0.78338951995439 0.41353401368301024 0.7807561049030787
0 0.04680328620296465 0.7481829281641962 0.04087237742303307 0.7875709395667047 0.12134576054732041 0.7916095085518814 0.1269866385404789 0.757806150513113 0.04680328620296465 0.7481829281641962
0 0.5939998335233752 0.9496184025085519 0.628683290763968 0.9490830649942988 0.6318738369441278 0.8676045952109465 0.6007740763968074 0.8652848278221208 0.5939998335233752 0.9496184025085519
0 0.9151746659064995 0.06370751425313569 0.9150566921322691 0.04212381870011402 0.875787062713797 0.03799641505131129 0.8832575039908781 0.06632466134549601 0.9151746659064995 0.06370751425313569
0 0 0.6273970250855188 0.06668472063854049 0.6300420410490308 0.07823514481185861 0.5968158095781072 0.002869432155074116 0.5924782485746865 0 0.6250843751425313 0 0.6273970250855188
0 0.3942387765108324 0.0895762850627138 0.3956393420752566 0.10465214595210946 0.43613550399087797 0.09995001368301025 0.4355299543899658 0.0858155370581528 0.3942387765108324 0.0895762850627138
0 0.3869651607753706 0.07925632611174457 0.43724996807297606 0.07797110376282781 0.4351650809578107 0.058045583808437856 0.3867457525655644 0.06430303990877993 0.3869651607753706 0.07925632611174457