0 0.07255015393386545 0.3935208095781072 0.12250777194982897 0.40916734093500573 0.13561093500570126 0.37495244355758267 0.08443585176738883 0.3651071379703535 0.07255015393386545 0.3935208095781072
0 0.014012551881413912 0.602661913340935 0.06921620410490308 0.6171584754846066 0.08604760889395667 0.5616575735461802 0.032749515393386545 0.5541249783352338 0.014012551881413912 0.602661913340935
0 0.10095480843785633 0.49919466818700114 0.15053988141391106 0.5112966636259977 0.16296050513112884 0.47058784834663625 0.11297460889395668 0.4579309600912201 0.10095480843785633 0.49919466818700114
0 0.4005329543899658 0.6653231071835805 0.45210274344355755 0.6849777673888255 0.4765106408209806 0.6221133192702395 0.4273454846066135 0.6066820057012543 0.4005329543899658 0.6653231071835805
0 0.5290154754846066 0.5939064868871152 0.5633555895096921 0.6028346271379703 0.5764912303306727 0.5519028814139111 0.5438419692132269 0.5407058825541619 0.5290154754846066 0.5939064868871152
0 0.46223103534777654 1 0.47382206955530215 0.9710574652223489 0.4283370672748005 0.9525527605473204 0.4123751767388826 0.9936353489167616 0.44172963511972635 1 0.46223103534777654 1
0 0.5938209942987458 0.4784374139110604 0.6290302303306727 0.48428910262257696 0.6369177286202965 0.4458477981755986 0.6007411391106043 0.43532161801596353 0.5938209942987458 0.4784374139110604
0 0.0960266362599772 0.34448572862029647 0.13083156556442418 0.35217097377423034 0.15797250969213225 0.2812580034207526 0.12289752337514252 0.27151157126567843 0.0960266362599772 0.34448572862029647
0 1 0.6281939258836944 0.9894330775370581 0.6219348460661346 0.9787506978335234 0.6564907605473204 1 0.6681118620296466 1 0.6281939258836944
0 0.3773625803876853 0.257602157354618 0.4057086237172178 0.26059307411630556 0.4115169600912201 0.24207197719498288 0.3773493340935006 0.23312570695553023 0.3773625803876853 0.257602157354618
0 0.36792193500570125 0.2812811904218928 0.40313116875712657 0.28713287913340935 0.40303919384264536 0.26923192930444695 0.36711688825541616 0.2622611470923603 0.36792193500570125 0.2812811904218928