0 0.08844720638540479 0.4682465005701254 0.05910489395667047 0.5053814378563284 0.2159978472063854 0.6141770364880274 0.24734114139110605 0.5726940148232611 0.08844720638540479 0.4682465005701254
0 0.06888088711516534 0.1468780969213227 0.03674723831242874 0.17710288369441277 0.11253340250855189 0.23214174116305586 0.13804361687571265 0.1966926898517674 0.06888088711516534 0.1468780969213227
0 0.19921329304446977 0.02682269669327252 0.17655261915621437 0.055416285062713795 0.20546239110604333 0.07864340250855188 0.22754522234891678 0.05096628962371722 0.19921329304446977 0.02682269669327252
0 0.4567925575826682 0.05230463740022805 0.5095497434435576 0.09791584492588369 0.5371643534777651 0.06395373090079817 0.48362469327251995 0.024546188141391107 0.4567925575826682 0.05230463740022805
0 0.48617840706955534 0.23889051425313568 0.4519457844925884 0.2849496590649943 0.4970603340935006 0.3179782690992018 0.5306866510832383 0.2711155210946408 0.48617840706955534 0.23889051425313568
0 0.6060529190421893 0.21722480387685292 0.5778067525655644 0.24893666020524516 0.6090290171037628 0.2685619315849487 0.6346324378563284 0.23845269213226908 0.6060529190421893 0.21722480387685292
0 0.79499474686431 0.0698017354618016 0.7675954298745724 0.09908750513112885 0.8000774686431016 0.12284298289623717 0.8245365279361458 0.0951259543899658 0.79499474686431 0.0698017354618016
0 0.41063185176738887 0.04448406271379704 0.443621748004561 0.012192453819840365 0.4202721128848347 0.001315491448118586 0.3766003363740023 0.016922232611174457 0.41063185176738887 0.04448406271379704
0 0.06739459179019384 0.6910291003420752 0.09532610490307868 0.6412012257696693 0.05927015735461802 0.6169127286202964 0.0297699338654504 0.6619219327251995 0.06739459179019384 0.6910291003420752
0 0.1468602143671608 0.7358162417331813 0.08134458266818699 0.826901645381984 0.1947217229190422 0.8921969486887116 0.2509402041049031 0.8129052873432155 0.1468602143671608 0.7358162417331813
0 0.2063464629418472 0.8777559327251996 0.23939112770809579 0.8997231949828962 0.263786503990878 0.8684473603192703 0.23254351539338655 0.8476347685290764 0.2063464629418472 0.8777559327251996
0 0.07934803762827822 1 0.04351614823261118 0.9731466168757126 0.01512612314709236 1 0.07934803762827822 1
0 0.008653452679589509 0.7109401197263399 0.0036487423033067273 0.7133997137970354 0.004985459521094641 0.7899802348916762 0.04708244811858609 0.7351856339794755 0.008653452679589509 0.7109401197263399
0 0.3845525610034207 0.5406366499429874 0.3696143432155074 0.5693751721778791 0.4117621288483466 0.6024540057012543 0.4338242907639681 0.5735926955530217 0.3845525610034207 0.5406366499429874
0 0.4589684127708095 0.4662281436716078 0.4414455051311289 0.499895338654504 0.4865082976054732 0.5299587753705816 0.5073831117445838 0.5011166294184721 0.4589684127708095 0.4662281436716078
0 0.31685748460661345 0.7108987115165336 0.37281317787913343 0.7526363192702394 0.39421955872291903 0.7202265393386545 0.3442418563283922 0.6807568221208666 0.31685748460661345 0.7108987115165336
0 0.33316727137970353 1 0.3575052348916761 0.9813304982896237 0.30310581755986316 0.9436991676168758 0.2787311379703535 0.9761607582668187 0.32721557582668187 1 0.33316727137970353 1
0 0.4250683021664766 1 0.49288492816419616 0.9973389851767389 0.5157034139110604 0.9607758038768529 0.46619812770809577 0.9313603101482326 0.4188777936145952 1 0.4250683021664766 1
0 0.6678020114025086 0.8460241527936145 0.6324589783352337 0.8964205233751426 0.6739598415051311 0.9265476978335233 0.7123442337514254 0.8801957377423033 0.6678020114025086 0.8460241527936145
0 0.4359636499429875 0.730177645381984 0.473810740022805 0.755106857468643 0.5080070649942987 0.7069683420752566 0.4725256704675028 0.6814852599771949 0.4359636499429875 0.730177645381984
0 0.7554572063854048 0.8325751231470923 0.7978312120866591 0.8787035575826682 0.828850023945268 0.8526519874572406 0.7864863808437856 0.8071172109464083 0.7554572063854048 0.8325751231470923
0 0.7763669429874573 0.6866598483466363 0.8127749669327251 0.7141083090079817 0.8500962805017104 0.674894740022805 0.8199044469783352 0.6463501242873432 0.7763669429874573 0.6866598483466363
0 0.7854128415051311 0.5414876784492588 0.8104409281641962 0.5124386408209806 0.7693991505131129 0.4745913409350057 0.7413900592930445 0.5029641767388825 0.7854128415051311 0.5414876784492588
0 0.7462500330672748 0.4411808859749145 0.6824732223489167 0.3936460798175599 0.6387443306727479 0.44009132725199546 0.7114172075256556 0.48687544925883697 0.7462500330672748 0.4411808859749145
0 0.6641542109464083 0.46693632839224625 0.6352341299885975 0.4431186761687571 0.6114324127708096 0.47438414823261116 0.6420522166476624 0.4934260957810718 0.6641542109464083 0.46693632839224625
0 0.5396509669327252 0.5806437149372862 0.5744574732041049 0.6013941060433295 0.6172909350057012 0.5377603044469783 0.5900777890535918 0.5097590992018244 0.5396509669327252 0.5806437149372862
0 0.5531323740022804 0.6385500638540479 0.5789185484606614 0.6529319110604334 0.6021887001140251 0.6252340729760547 0.5704348688711517 0.609176433295325 0.5531323740022804 0.6385500638540479
0 0.7098091835803877 0.9051578449258837 0.6853102656784493 0.9305017696693273 0.7282070114025085 0.972467322690992 0.7597470285062714 0.9422544595210947 0.7098091835803877 0.9051578449258837
0 0.6671413580387686 0.9782808255416191 0.6900096647662486 0.995514030786773 0.7541070638540479 0.9933731767388825 0.6963703911060433 0.9516666556442418 0.6671413580387686 0.9782808255416191
0 0.8810082862029647 0.16651844811858607 0.9278831174458382 0.19833021436716078 0.9359164025085519 0.1821719281641961 0.8938322702394527 0.152650338654504 0.8810082862029647 0.16651844811858607
0 0.3121742736602052 0.578682181299886 0.28201509007981757 0.5519185188141391 0.2612334275940707 0.5860973511972635 0.28944599885974914 0.6034029224629418 0.3121742736602052 0.578682181299886
0 0.38551649942987454 0.6978343933865451 0.4273752257696693 0.6464897879133409 0.3811506465222349 0.6178202770809579 0.33507971151653365 0.6660848015963512 0.38551649942987454 0.6978343933865451
0 0.34240994298745725 0.8819069293044469 0.3168463819840365 0.9143892725199544 0.34621677537058154 0.9298946750285063 0.3658716488027366 0.8992938643101481 0.34240994298745725 0.8819069293044469