0 0.8650395176738883 0.11599518129988597 0.8778280034207525 0.06913952337514254 0.846699984036488 0.06252305929304447 0.8339978141391106 0.10231416077537057 0.8650395176738883 0.11599518129988597
0 0.8414273432155074 0.09397984606613456 0.8041065416191563 0.08321326567844925 0.7895617867730901 0.11836361003420752 0.822823274800456 0.12826735689851768 0.8414273432155074 0.09397984606613456
0 0.8466580478905359 0.30896372291904217 0.822639015963512 0.34210024743443557 0.8469146898517674 0.35434310490307863 0.86416496009122 0.3197662371721779 0.8466580478905359 0.30896372291904217
0 0.8206225974914481 0.3515867514253136 0.7997142827822121 0.396714889395667 0.821858015963512 0.40567078791334094 0.8451864241733181 0.3624739566704675 0.8206225974914481 0.3515867514253136
0 0.2788173033067275 0.5579390136830102 0.25928926339794756 0.6231923466362599 0.30804036602052454 0.653381732041049 0.342054850627138 0.5798787742303306 0.2788173033067275 0.5579390136830102
0 0.24223556670467503 0.7300425553021666 0.2238598118586089 0.7898748118586089 0.2665080581527936 0.8088550820980616 0.28148679589509695 0.7383856624857468 0.24223556670467503 0.7300425553021666
0 0.712558795895097 0.41552242075256557 0.7223483489167617 0.4236734025085519 0.7400753340935006 0.39162592246294187 0.7248057115165337 0.38261522120866587 0.712558795895097 0.41552242075256557
0 0.7330388232611175 0.4247301060433295 0.7433221664766249 0.43055798631698977 0.7614956761687571 0.40680331128848346 0.7479148620296465 0.3975429669327252 0.7330388232611175 0.4247301060433295
0 0.6651918540478905 0.4928643876852908 0.6771780022805016 0.502089283922463 0.6918112713797036 0.4693858118586089 0.6777831071835804 0.46215493158494864 0.6651918540478905 0.4928643876852908
0 0.7030050729760547 0.5118281003420753 0.7175460273660206 0.4833541106043329 0.7031148586088939 0.4742165222348917 0.6891166875712657 0.5058409589509693 0.7030050729760547 0.5118281003420753
0 0.7142744675028506 0.5130094549600912 0.7272987206385404 0.5230620216647662 0.74210890649943 0.4937347366020524 0.727039692132269 0.487193094640821 0.7142744675028506 0.5130094549600912
0 0.736879370581528 0.5293475541619156 0.7489399737742303 0.5325181299885975 0.7676561790193842 0.5018965427594071 0.7498409669327253 0.4968957730900799 0.736879370581528 0.5293475541619156
0 0.763494590649943 0.5410749418472064 0.7791602360319271 0.5444047776510832 0.7953873169897377 0.5168961995438996 0.775419937286203 0.5077942862029646 0.763494590649943 0.5410749418472064
0 0.7844680843785633 0.547961054732041 0.8009249361459521 0.5532801106043329 0.8148501824401368 0.5277103204104903 0.8034052884834664 0.5216355450399088 0.7844680843785633 0.547961054732041