0 0.6819004891676169 0.8536927901938427 0.636377070695553 0.8699107662485747 0.6496017662485747 0.9116575017103763 0.6969228084378564 0.8972904789053592 0.6819004891676169 0.8536927901938427
0 0.12423586088939566 1 0.17495674572405928 0.9835639429874573 0.1742683352337514 0.9659231961231471 0.0723080535917902 0.9958859395667047 0.0729596567844926 1 0.12423586088939566 1
0 0.6014999201824401 0.7787427628278221 0.5175782018244014 0.7992421436716077 0.5195684367160776 0.8137057480045611 0.603912677309008 0.7939763112884834 0.6014999201824401 0.7787427628278221
0 0.5910515324971495 0.7317518392246294 0.5083659464082098 0.756260330672748 0.5156669885974915 0.771993142531357 0.592260236031927 0.750779834663626 0.5910515324971495 0.7317518392246294
0 0.6186722622576967 0.8150597890535919 0.6226307297605473 0.8324515450399088 0.6588338722919043 0.8219114857468643 0.6546233432155074 0.8067237958950969 0.6186722622576967 0.8150597890535919
0 0.554197488027366 0.833080228050171 0.5621663648802737 0.8492340638540479 0.5931844298745724 0.8401163899657924 0.5880029019384264 0.8244813420752566 0.554197488027366 0.833080228050171
0 0.4930555883694413 0.8493704891676169 0.4971347822120867 0.8637389486887115 0.5318570091220068 0.8552353147092361 0.528419496009122 0.8411227491448119 0.4930555883694413 0.8493704891676169
0 0.5696021470923603 0.08773617331813 0.5250364561003421 0.10620548346636259 0.5463284401368301 0.1628296339794755 0.5920614823261118 0.1460374196123147 0.5696021470923603 0.08773617331813
0 0.6834883477765108 0 0.6948238757126568 0.03573983124287343 0.7470349863169897 0.019995563283922463 0.74160438654504 0 0.6834883477765108 0
0 0.3141441288483466 0.07654678905359179 0.26522483010262254 0.09030161117445838 0.2757893375142531 0.13993344469783353 0.3282672907639681 0.12776173090079818 0.3141441288483466 0.07654678905359179
0 0.2334810410490308 0.056892044469783354 0.19832801938426453 0.0702667913340935 0.22643399315849488 0.1414463865450399 0.2552984207525656 0.1339132497149373 0.2334810410490308 0.056892044469783354
0 0.24667643899657926 0.19713729304446978 0.2690468814139111 0.26626384834663624 0.39364810946408213 0.23691844241733181 0.37163889167616876 0.16437930330672748 0.24667643899657926 0.19713729304446978