0 0.7715672348916761 0.9795578529076396 0.7902062303306727 0.9323634606613456 0.744867597491448 0.9101875644241734 0.724165874572406 0.9564817582668188 0.7715672348916761 0.9795578529076396
0 0.7730909122006842 0.8922664629418472 0.782503724059293 0.8633232052451539 0.730748850627138 0.8345015062713796 0.7152336168757126 0.8728412554161915 0.7730909122006842 0.8922664629418472
0 0.7285343557582667 0.7572432782212086 0.7355414150513113 0.7300411128848346 0.7019101220068416 0.717574142531357 0.6930429201824401 0.7492804675028506 0.7285343557582667 0.7572432782212086
0 0.669164582668187 0.5863201630558722 0.6781184196123147 0.5496505324971493 0.6243840649942988 0.5320803751425314 0.6166382440136831 0.5675849737742303 0.669164582668187 0.5863201630558722
0 0.06334328734321551 0.8982915131128848 0.124519748004561 0.8975778312428734 0.12043304104903078 0.8426153249714938 0.05654664652223489 0.8453070136830103 0.06334328734321551 0.8982915131128848
0 0.2515710045610034 0.7293148665906499 0.2504741322690992 0.6900913124287342 0.19640963511972634 0.6915245381984036 0.1955360307867731 0.7245627605473205 0.2515710045610034 0.7293148665906499
0 0.26326313568985177 0.43370514937286203 0.2552703762827822 0.3812936123147092 0.18492831927023948 0.39669800684150514 0.18607407867730902 0.4500417537058153 0.26326313568985177 0.43370514937286203
0 0.408123314709236 0.5039502576966933 0.40541412998859744 0.48905383124287344 0.3359041505131129 0.4908097331812999 0.33385475028506273 0.5060669144811859 0.408123314709236 0.5039502576966933
0 0.22046399201824401 0.2660420410490308 0.2509686567844926 0.25350688711516534 0.24022810490307867 0.2224318928164196 0.20562846180159636 0.23133096351197263 0.22046399201824401 0.2660420410490308
0 0.29093894754846067 0.3450871630558723 0.3273491208665906 0.3344366100342075 0.32279834663626 0.3230710820980616 0.28639697263397945 0.33312794754846065 0.29093894754846067 0.3450871630558723
0 0.3651743637400228 0.41291183010262256 0.3582561881413911 0.40091113797035344 0.3284073568985177 0.40989469783352334 0.33445644127708096 0.42056439338654505 0.3651743637400228 0.41291183010262256
0 0.41680446636259977 0.9591085872291905 0.41962067616875715 0.8658997901938427 0.31278111516533635 0.8628472189281642 0.3170225917901939 0.9600641744583808 0.41680446636259977 0.9591085872291905
0 0.7787540239452679 0.3637004196123147 0.7876560763968072 0.3299975245153934 0.7320801311288483 0.3159582633979475 0.7240496966932725 0.3507577890535918 0.7787540239452679 0.3637004196123147
0 0.6840822862029646 0.3780862976054732 0.7425539942987457 0.3963329863169897 0.7496750672748004 0.3625990045610034 0.6881625256556443 0.34845612086659067 0.6840822862029646 0.3780862976054732
0 0.9335659954389967 0.3741241607753706 0.9406767069555302 0.3409838369441277 0.8904955085518814 0.32406954047890535 0.8771687970353478 0.3561027742303307 0.9335659954389967 0.3741241607753706
0 0.7849798722919042 0.2111483409350057 0.7866439703534778 0.18385447662485746 0.7370460695553022 0.16754420296465222 0.7267231870011402 0.1975936202964652 0.7849798722919042 0.2111483409350057
0 1 0.13966882668187 0.9456887753705815 0.12188481527936146 0.9397477297605473 0.1389571676168757 1 0.15434967388825543 1 0.13966882668187
0 1 0.1892086989737742 0.9602117901938426 0.17441033979475484 0.9539549977194982 0.19265079589509693 1 0.2083003021664766 1 0.1892086989737742
0 1 0.04631946066134549 0.9609080992018244 0.03245555872291904 0.9543910467502851 0.06560624401368301 1 0.08001666704675028 1 0.04631946066134549
0 0.9227241881413911 0.00854957810718358 0.8407991676168757 0.007119572405929305 0.8422667366020524 0.008095332953249715 0.9188619475484607 0.025780109464082098 0.9227241881413911 0.00854957810718358
0 0.9968351117445837 0.5938227582668187 0.9981241676168757 0.5403855541619157 0.9909135587229191 0.5248151527936146 0.9686193181299886 0.5772918688711517 0.9968351117445837 0.5938227582668187
0 0.6285621607753705 0.9051866807297605 0.6288419988597491 0.8891547480045611 0.5974920820980615 0.8820721630558722 0.594227638540479 0.8989865165336374 0.6285621607753705 0.9051866807297605
0 0.6012597514253135 0.8702595564424173 0.6385167673888256 0.8792252086659065 0.6405568859749144 0.8644101197263397 0.6021021904218928 0.8560174013683011 0.6012597514253135 0.8702595564424173