0 0.8959728255416191 0.7632148301026226 0.8693362383124287 0.7918480695553021 0.8968211915621437 0.8166752782212086 0.9207517639680729 0.7918547685290764 0.8959728255416191 0.7632148301026226
0 0.7131523888255417 0.5854330342075256 0.6848695051311288 0.6063191733181299 0.714304267958951 0.6555263124287343 0.741872669327252 0.6292862633979476 0.7131523888255417 0.5854330342075256
0 0.7873193192702395 0.4881501094640821 0.7613800136830102 0.5108571140250855 0.7776341242873432 0.532519086659065 0.8046020695553022 0.5056731527936146 0.7873193192702395 0.4881501094640821
0 0.8093959441277081 0.38045649714937285 0.7448919224629419 0.4345577366020525 0.7628871242873432 0.45862546180159636 0.8241683044469784 0.405357165336374 0.8093959441277081 0.38045649714937285
0 0.7522808118586088 0.3515490478905359 0.7268538312428735 0.37901571835803877 0.7522262371721778 0.42280738540478907 0.7833767742303307 0.39484677879133406 0.7522808118586088 0.3515490478905359
0 0.7703870216647662 0.3352359965792474 0.7380238757126568 0.283600818700114 0.7067504344355757 0.30562087457240594 0.7397279657924744 0.35607909692132267 0.7703870216647662 0.3352359965792474
0 0.879969456100342 0.08060813112884835 0.8534468540478906 0.10271111402508552 0.8761050501710376 0.134580157354618 0.9062670638540479 0.10541617787913342 0.879969456100342 0.08060813112884835
0 0.4147839179019384 0.15325214937286202 0.4478176134549601 0.13245049942987458 0.40790995553021664 0.0705867810718358 0.3771607035347777 0.09024062485746864 0.4147839179019384 0.15325214937286202
0 0.4343616499429874 0.18863046750285065 0.46571801710376287 0.16185957126567843 0.44827502736602054 0.1401768472063854 0.418676251995439 0.16133537400228048 0.4343616499429874 0.18863046750285065
0 0.3439095245153934 0.26603239794754846 0.3114192394526796 0.2898127366020525 0.3521278312428734 0.3398120638540479 0.38216411174458376 0.3139120125427594 0.3439095245153934 0.26603239794754846
0 0.24811581071835803 0.24120053591790194 0.21266446522234891 0.26433534777651085 0.22760601710376283 0.2889436123147092 0.2606198779931585 0.27348617901938427 0.24811581071835803 0.24120053591790194
0 0.0895077023945268 0.6499665746864309 0.10859398403648803 0.6455474401368301 0.08708563283922463 0.5846002862029646 0.07092085974914482 0.5899611755986317 0.0895077023945268 0.6499665746864309
0 0.4559622850627138 0.9850553124287343 0.539911267958951 0.9137751927023946 0.5119792896237172 0.8806264139110603 0.4517775222348917 0.9264889828962372 0.430896921322691 0.8976201687571266 0.4031766374002281 0.9202960866590649 0.4559622850627138 0.9850553124287343
0 0.5602953546180159 0.5287254241733181 0.5370297548460662 0.5004088209806158 0.5034127616875713 0.5206064492588369 0.5278138700114025 0.5519120752565564 0.5602953546180159 0.5287254241733181
0 0.5873687924743444 0.6111495370581529 0.6288396316989737 0.5833690718358039 0.6091583033067275 0.5539257879133409 0.5698778061573546 0.5826368095781072 0.5873687924743444 0.6111495370581529
0 0.41133923261117444 0.4186402645381984 0.4730970125427594 0.41971825085518816 0.472184937286203 0.36981817103762826 0.4150390342075257 0.3697114458380844 0.41133923261117444 0.4186402645381984