0 0.45506388027366024 0.8396400570125427 0.4784296408209806 0.884386330672748 0.535244102622577 0.8584631322690992 0.5135340649942988 0.8076036567844926 0.45506388027366024 0.8396400570125427
0 0.22716950285062715 0.9257406510832383 0.2520486795895097 0.9495710296465222 0.29091999543899655 0.9138897730900798 0.2673741071835804 0.8878469372862029 0.22716950285062715 0.9257406510832383
0 0.7959036431014823 0.8366178517673888 0.8023255746864311 0.8688734538198404 0.8480665963511973 0.8633395541619155 0.8466348859749144 0.8300975119726339 0.7959036431014823 0.8366178517673888
0 0.6485276180159636 0.5335569179019384 0.6590558152793614 0.5649301812998859 0.7260552041049031 0.5357025302166477 0.714658 0.5003912303306728 0.6485276180159636 0.5335569179019384
0 0.677636205245154 0.396542645381984 0.7229538791334092 0.38921045838084384 0.7187770193842645 0.3550138335233751 0.6706219703534777 0.3643284606613455 0.677636205245154 0.396542645381984
0 0.6406081128848347 0.2415558677309008 0.6538779589509692 0.2780895165336374 0.6901872736602052 0.26535224173318134 0.6808993181299885 0.23041346522234893 0.6406081128848347 0.2415558677309008
0 0.7742202497149373 0.0413384606613455 0.7767029258836944 0.07684238882554162 0.8125743226909921 0.07488849258836944 0.8061616716077536 0.03850969897377423 0.7742202497149373 0.0413384606613455
0 0.5983784161915622 0.27602468871151653 0.6143598244013684 0.3087990935005701 0.6523982622576967 0.286720007981756 0.6415184355758267 0.2545740775370582 0.5983784161915622 0.27602468871151653
0 0.7442697571265678 0.31101273888255415 0.7412431391106044 0.3528476488027366 0.7815599110604333 0.3463491505131129 0.7804416966932725 0.3090785507411631 0.7442697571265678 0.31101273888255415
0 0.9743464207525655 0.29016731128848344 0.9859507582668187 0.2816260900798176 0.9827587445838084 0.23597818244013682 0.9555819464082098 0.25164021778791335 0.9743464207525655 0.29016731128848344
0 0.28562911288483467 0.9276000570125428 0.2490196385404789 0.965836007981756 0.2599163968072976 0.9769670661345496 0.3000133010262258 0.9417890433295325 0.28562911288483467 0.9276000570125428