0 0.692073118586089 0.863615078677309 0.7372822246294184 0.9110520273660205 0.7598672702394527 0.8809833568985176 0.7160513215507411 0.833770322690992 0.692073118586089 0.863615078677309
0 0.6599020444697834 0.8731792531356898 0.6373602827822121 0.8797097023945267 0.6640289521094641 0.9263899293044471 0.6871346704675029 0.9113765632839225 0.6599020444697834 0.8731792531356898
0 0.6638353797035348 0.13805421550741165 0.7220448358038769 0.13491623603192704 0.7230577742303307 0.09443126567844926 0.6584679224629418 0.0959445370581528 0.6638353797035348 0.13805421550741165
0 0.18743673318129989 0.12264046180159635 0.124550834663626 0.11635001938426454 0.11123099429874572 0.21235528734321552 0.1826702132269099 0.2300507046750285 0.18743673318129989 0.12264046180159635
0 0.5046385267958952 0.8176773055872292 0.5521642143671608 0.8815975758266819 0.5639200319270239 0.8698597502850627 0.5244089441277081 0.8123773420752566 0.5046385267958952 0.8176773055872292
0 0.8996129224629419 0.3133541425313569 0.8653153432155075 0.33162241733181297 0.8826094846066134 0.3712149110604333 0.9148211687571266 0.35408078905359175 0.8996129224629419 0.3133541425313569
0 0.7894223511972633 0.18960255302166476 0.816869685290764 0.26559088483466364 0.8530946180159635 0.25489525883694414 0.8211503534777651 0.17673981299885974 0.7894223511972633 0.18960255302166476
0 0.7075946442417332 0.20390495895096922 0.7192725404789053 0.2372842417331813 0.7492432177879134 0.22186462941847204 0.7375655393386544 0.18848689281641962 0.7075946442417332 0.20390495895096922
0 0.46428197377423036 0.4412145165336374 0.44889874116305584 0.40135346180159637 0.4032748027366021 0.4147680114025086 0.4141624344355758 0.4524601881413911 0.46428197377423036 0.4412145165336374
0 0.4405778825541619 0.35209461801596353 0.4674260729760547 0.43376696465222353 0.5026665256556443 0.42601354732041047 0.47836527251995437 0.3425805393386545 0.4405778825541619 0.35209461801596353
0 0.9777848791334094 0.3113126545039909 0.9699144321550741 0.25958901368301024 0.9464345575826681 0.2649905974914481 0.9725806271379703 0.31264522805017103 0.9777848791334094 0.3113126545039909
0 0.325185889395667 0.2709550592930445 0.3225720969213227 0.23530311630558726 0.2927717628278221 0.2448954355758267 0.29688619498289626 0.27703402622576967 0.325185889395667 0.2709550592930445