0 0.5138937502850627 0.843389062713797 0.5192375005701254 0.8250015621436717 0.37732968757126567 0.7656843751425313 0.36961250057012546 0.7826593751425314 0.5138937502850627 0.843389062713797
0 0.5239874994298745 0.8184750000000001 0.5281437502850628 0.7989015621436716 0.3927687502850627 0.7389906248574687 0.37940937514253137 0.7622015621436716 0.5239874994298745 0.8184750000000001
0 0.390985937286203 0.7324656248574686 0.5323 0.7929687502850626 0.5418 0.7739874994298747 0.3963296875712657 0.7158562497149372 0.390985937286203 0.7324656248574686
0 0.5388312497149372 0.7656843751425313 0.5453625005701255 0.7496671870011402 0.4064234378563284 0.69035 0.4010812497149373 0.7117046875712657 0.5388312497149372 0.7656843751425313
0 0.5524875005701254 0.7431421870011402 0.5596140627137971 0.7253468745724059 0.4188921870011402 0.6648437502850627 0.4052374994298746 0.6865921870011402 0.5524875005701254 0.7431421870011402
0 0.5590187502850626 0.7223812497149373 0.5732687502850627 0.7028062497149373 0.42305000000000004 0.6428953124287344 0.4185953124287343 0.6625749999999999 0.5590187502850626 0.7223812497149373
0 0.569114062713797 0.6974687502850627 0.5768312497149373 0.6767078129988597 0.44442499999999996 0.6179828129988597 0.43284687457240595 0.6412265621436716 0.569114062713797 0.6974687502850627
0 0.577425 0.6737406248574687 0.5881140627137971 0.6529796875712657 0.4533296875712657 0.5966281254275941 0.4468 0.6179828129988597 0.577425 0.6737406248574687
0 0.5898937502850627 0.6512 0.5970203124287343 0.635778125427594 0.4628296875712657 0.5776468745724059 0.45155 0.5958609372862029 0.5898937502850627 0.6512
0 0.7798953124287343 0.9727015621436715 0.8072078129988597 0.8469484378563283 0.7490203124287343 0.829153125427594 0.7231921870011403 0.9534484378563284 0.7798953124287343 0.9727015621436715
0 0.921803125427594 0.9584656248574687 0.9318968745724059 0.909825 0.880239062713797 0.8872843751425314 0.8648015621436717 0.942775 0.921803125427594 0.9584656248574687
0 0.5127062497149373 0.9626171870011403 0.5619875005701255 0.8356781254275941 0.5162687502850627 0.8172890627137971 0.47025312542759407 0.9463328129988599 0.5127062497149373 0.9626171870011403
0 0.25086093728620296 0.6345921870011402 0.17248437514253137 0.615610937286203 0.14517343785632839 0.7134843751425313 0.23334531242873432 0.7355156248574686 0.25086093728620296 0.6345921870011402
0 0.16357812542759406 0.9371109372862029 0.16951562485746863 0.9056718745724059 0.11667187457240594 0.8926234378563284 0.11073593728620296 0.924653125427594 0.16357812542759406 0.9371109372862029
0 0.06679687457240592 0.8807593751425313 0.07451562485746864 0.8534734378563285 0.030281249714937286 0.8449265621436716 0.02879687457240593 0.8766062497149373 0.06679687457240592 0.8807593751425313