0 0.43910448004561003 0.9367058483466363 0.43660838768529076 0.9031989954389965 0.383943724059293 0.9073843819840365 0.38876409578107185 0.9453060307867731 0.43910448004561003 0.9367058483466363
0 0.05428344583808438 0.7905090091220068 0.09543002622576967 0.7811801071835804 0.09003672177879134 0.7444561402508552 0.048593963511972635 0.7523056111744584 0.05428344583808438 0.7905090091220068
0 0.30848901710376286 0.6681929441277081 0.3060640353477765 0.6314187274800457 0.27109092132269097 0.6355922280501711 0.27464104675028506 0.6687837628278221 0.30848901710376286 0.6681929441277081
0 0.1373145165336374 0.6483179486887115 0.16257541049030785 0.6463939806157355 0.15131066134549603 0.5794850741163056 0.12643288483466364 0.5834823603192703 0.1373145165336374 0.6483179486887115
0 0.24676312542759407 0.09264973888255416 0.30044950171037627 0.09408643899657924 0.30073220980615734 0.05370035347776511 0.2477788244013683 0.048686254275940706 0.24676312542759407 0.09264973888255416
0 0.3619790421892817 0.15952412884834663 0.32025496009122006 0.15698630330672747 0.32628191106043325 0.22428199201824403 0.36370376282782213 0.22422263283922464 0.3619790421892817 0.15952412884834663
0 0.2152107537058153 0.4970135530216647 0.2512345188141391 0.48955559064994303 0.23755266248574686 0.4497101778791334 0.20390001596351195 0.46158055644241736 0.2152107537058153 0.4970135530216647
0 0.44189857126567844 0.4407987434435576 0.437455984036488 0.3998997354618016 0.4191307765108324 0.40497188939566703 0.4292852827822121 0.44220658950969216 0.44189857126567844 0.4407987434435576
0 0.4221936841505131 0.5124035473204105 0.4572655370581528 0.5046652805017103 0.4477866510832383 0.44722664880273666 0.4116661322690992 0.4537971014823261 0.4221936841505131 0.5124035473204105
0 0.34969836830102624 0.5680069213226909 0.3849864378563284 0.5587787149372861 0.3813342234891676 0.5196489954389966 0.3470065815279361 0.5267804321550741 0.34969836830102624 0.5680069213226909
0 0.04479345838084378 0.8408541767388826 0.0466015267958951 0.7585757149372861 0.025559339794754846 0.7598337673888256 0.030521778791334095 0.8399156077537059 0.04479345838084378 0.8408541767388826
0 0.37010889509692135 0.8188451619156214 0.38530738996579245 0.815313748004561 0.37453849942987455 0.7769020912200684 0.3627968939566704 0.7848269680729761 0.37010889509692135 0.8188451619156214
0 0.3931683568985177 0.8130980923603193 0.4059761767388826 0.8084207286202965 0.40241722348916764 0.7746339452679589 0.38225763625997716 0.776767353477765 0.3931683568985177 0.8130980923603193
0 0.313070945267959 0.8171684811858608 0.3264453717217788 0.8121843055872291 0.319208913340935 0.7719294686431014 0.30267501938426455 0.7775626316989738 0.313070945267959 0.8171684811858608
0 0.3560429007981756 0.8063231151653363 0.34951564880273656 0.7725881425313569 0.33234664766248573 0.7758570319270239 0.33825954047890533 0.8084166077537058 0.3560429007981756 0.8063231151653363