0 0.1157438700114025 0.6254098004561003 0.21252827366020524 0.6270088141391106 0.22032529988597493 0.5738626145952109 0.12007964766248574 0.5693019384264538 0.1157438700114025 0.6254098004561003
0 0.1418503683010262 0 0.13080132497149372 0.02408930330672748 0.20503003648802737 0.04211270125427594 0.21362045496009122 0.0002729521094640821 0.2119988985176739 0 0.1418503683010262 0
0 0.1984816966932725 0.14456689281641963 0.20992153819840365 0.1912617708095781 0.24417938768529077 0.17999423717217788 0.23337437970353478 0.13213330444697835 0.1984816966932725 0.14456689281641963
0 0.32390198061573544 0.17684334663625997 0.38009990763968077 0.14972248004561003 0.36928790535917905 0.11907491448118587 0.3138872702394527 0.14883927936145952 0.32390198061573544 0.17684334663625997
0 0.42553649714937286 0.32877664424173314 0.4163597730900798 0.3023402770809578 0.36240817901938427 0.3160845165336374 0.3650867297605473 0.34150441847206386 0.42553649714937286 0.32877664424173314
0 0.2929969714937286 0.3472951744583809 0.29611403078677306 0.3770814777651083 0.3515131322690992 0.3558675803876853 0.3421123420752566 0.3358476157354618 0.2929969714937286 0.3472951744583809
0 0.374371401368301 0.6540282052451539 0.40805814595210943 0.6421466180159635 0.39728005587229187 0.6190345131128848 0.3650512964652224 0.6317424868871151 0.374371401368301 0.6540282052451539
0 0.4249266898517674 0.6694441368301025 0.4182836978335234 0.6555616567844926 0.3858267331812999 0.6662979646522235 0.39228339566704673 0.6855162554161915 0.4249266898517674 0.6694441368301025
0 0.42645997605473207 0.6766207708095782 0.3897649007981756 0.6895839646522235 0.3974942383124287 0.7064733785632838 0.4349053614595211 0.6899736442417332 0.42645997605473207 0.6766207708095782
0 0 0.9102638289623717 0.03802133295324972 0.8945362679589509 0.021606720638540477 0.8541950809578107 0 0.864512275940707 0 0.9102638289623717
0 0.2337373899657925 0.9553818494868871 0.23205378677309008 0.9695676727480045 0.2689473591790194 0.9678885917901938 0.2654146887115165 0.9499590684150513 0.2337373899657925 0.9553818494868871
0 0.2412374481185861 0.9787922337514253 0.24495601368301026 0.9913984401368301 0.2781857582668187 0.9925588483466362 0.27624735803876854 0.9800148072976055 0.2412374481185861 0.9787922337514253