0 0.3895554275940707 0.10479666020524515 0.39852766362599773 0.06698342531356899 0.317711015963512 0.05308648916761688 0.31135799885974913 0.0939396488027366 0.3895554275940707 0.10479666020524515
0 0.30349753021664766 0.135922921322691 0.30581680729760546 0.10511495553021664 0.24569564424173318 0.09631279247434435 0.24117361117445837 0.13424277537058152 0.30349753021664766 0.135922921322691
0 0.405588913340935 0 0.393372622576967 0.05621525541619156 0.45143582098061574 0.06375474572405929 0.4607527844925884 0.006371109464082097 0.41759670809578103 0 0.405588913340935 0
0 0.5258932805017104 0.050816299885974914 0.5354814355758266 0.01182769897377423 0.48957139794754845 0.005377037628278221 0.48503431128848346 0.044169387685290766 0.5258932805017104 0.050816299885974914
0 0.5749392976054732 0.06472282554161916 0.5779454127708096 0.028586974914481186 0.5355818985176739 0.023082728620296464 0.531080945267959 0.059805080957810716 0.5749392976054732 0.06472282554161916
0 0.5172240353477765 0.3093293740022805 0.5225426966932726 0.2767922417331813 0.442356929304447 0.2607731790193843 0.43538185860889395 0.30315321436716075 0.5172240353477765 0.3093293740022805
0 0.735278259977195 0.33686413797035347 0.7453425929304447 0.27059531698973777 0.7024434754846066 0.26175465336374004 0.689690685290764 0.3289501322690992 0.735278259977195 0.33686413797035347
0 0.9559662531356898 0.45165815849486884 0.9592519064994298 0.39950755872291904 0.8853987115165337 0.394838244013683 0.8818623204104903 0.4444325153933865 0.9559662531356898 0.45165815849486884
0 0.24357329076396808 0.37099727594070697 0.25256778677309005 0.3319983124287343 0.191854 0.32312642189281643 0.18668548574686433 0.3640721425313569 0.24357329076396808 0.37099727594070697
0 0.19066794526795897 0.20395944811858607 0.19551715849486886 0.1642958494868871 0.15199806613454958 0.15695240592930443 0.14268347206385404 0.19718972177879132 0.19066794526795897 0.20395944811858607
0 0.2714645575826682 0.2700358574686431 0.2801898779931585 0.24645798175598632 0.23597917445838085 0.24471582098061576 0.23059522690992018 0.26398260433295323 0.2714645575826682 0.2700358574686431
0 0.3951165222348917 0.2965182269099202 0.40835464766248575 0.21843893500570125 0.35414471949828963 0.21119330102622577 0.337643858608894 0.28898904446978335 0.3951165222348917 0.2965182269099202
0 0.1848984891676169 0.6025335233751425 0.19145622690992017 0.5670519429874572 0.09868958836944128 0.5572580136830103 0.09127627480045611 0.5908134321550741 0.1848984891676169 0.6025335233751425
0 0.32841238312428733 0.647754449258837 0.3398193614595211 0.5726077080957811 0.2855697035347776 0.5676382896237172 0.27035798517673887 0.6396212725199544 0.32841238312428733 0.647754449258837
0 0.47301598859749144 0.9368252827822121 0.4759496488027366 0.9048403603192702 0.4473169030786773 0.895186054732041 0.4380728905359179 0.9314693124287343 0.47301598859749144 0.9368252827822121
0 0.8925394526795896 1 0.9129969122006842 0.9741675085518815 0.8801189954389966 0.9525607309007982 0.8564113318129988 0.9838595541619156 0.8799326271379704 1 0.8925394526795896 1
0 0.9592427685290764 1 0.9759765564424173 0.9723023078677309 0.9423756419612315 0.9580949771949828 0.9252463454960091 0.9868410330672748 0.9545563112884835 1 0.9592427685290764 1
0 0.8307868437856328 0.852893961231471 0.7977282668187001 0.8416371698973775 0.7866179475484606 0.8657672565564424 0.8237907457240593 0.8794680980615736 0.8307868437856328 0.852893961231471
0 0.8320323363740023 0.7134975929304447 0.8278540068415051 0.6807946898517674 0.7611674572405929 0.6738016579247434 0.7579594640820981 0.7044925336374003 0.8320323363740023 0.7134975929304447
0 0.9905063660205246 0.6842276374002281 0.9958560592930444 0.6499126510832383 0.9416378152793615 0.6431435062713796 0.9377949042189282 0.6761877217787913 0.9905063660205246 0.6842276374002281
0 0.3241209954389966 0.9957606830102622 0.47491052679589507 0.998392724059293 0.48294256670467506 0.946490621436716 0.3362581676168757 0.9297233842645382 0.3241209954389966 0.9957606830102622
0 0.05876198403648803 0.7183904093500569 0.06654843557582668 0.6805580399087798 0.011184457240592931 0.6713857206385405 0.004300548460661345 0.7085431140250854 0.05876198403648803 0.7183904093500569
0 0.7945017206385405 0.07389517787913341 0.7989368221208666 0.057956091220068416 0.7212455176738883 0.05212430330672748 0.7185857514253136 0.06841786545039909 0.7945017206385405 0.07389517787913341