0 0.38186771151653365 0.7136913990877993 0.4358153044469783 0.7166601071835803 0.43619897263397944 0.6663594355758268 0.37730629760547324 0.6674992428734322 0.38186771151653365 0.7136913990877993
0 0.2993042884834664 0.8054062497149372 0.29639127366020523 0.8818779395667047 0.3407597434435576 0.8785614389965792 0.3372158928164196 0.806787448118586 0.2993042884834664 0.8054062497149372
0 0.19807492474344357 0.596927150513113 0.19188014367160774 0.637494425313569 0.25525834777651085 0.630327377423033 0.25383809350057013 0.5942100262257697 0.19807492474344357 0.596927150513113
0 0.01801209464082098 0.5938604686431015 0.01448184150513113 0.6732360342075256 0.04617094298745724 0.6696525096921323 0.04647902850627138 0.596876228050171 0.01801209464082098 0.5938604686431015
0 0.41337121094640816 0.24023582896237172 0.4325929042189282 0.23825137856328393 0.4435676043329532 0.14953191448118586 0.42720869669327255 0.14180561801596353 0.41337121094640816 0.24023582896237172
0 0.3540048551881414 0.24279248802736603 0.3523996385404789 0.27887217217787913 0.40940796123147094 0.2788493705815279 0.41226018244013685 0.24546280501710377 0.3540048551881414 0.24279248802736603
0 0.42860419384264536 0.2883927890535918 0.4223710957810718 0.331988590649943 0.4771083683010262 0.33694619612314713 0.4865651607753706 0.2867514344355758 0.42860419384264536 0.2883927890535918
0 1 0.3851346716077537 0.9774643215507411 0.3853286328392246 0.971758023945268 0.42630324515393386 1 0.4270091402508552 1 0.3851346716077537
0 0.898072220068415 0.4391721345496009 0.8939980535917902 0.4868673204104903 0.9271813819840364 0.4848138369441277 0.9292170091220069 0.43243783922462947 0.898072220068415 0.4391721345496009
0 0.46905982212086655 0.6429918916761688 0.5275617217787913 0.6445021858608895 0.525476763968073 0.6058154891676168 0.4736508551881414 0.6078503683010262 0.46905982212086655 0.6429918916761688
0 0.8755782246294185 0.3281617126567845 0.9122063603192703 0.3298771151653364 0.9099471083238312 0.28629885062713795 0.8718370114025085 0.29185613112884834 0.8755782246294185 0.3281617126567845
0 0.8365563762827822 0.1893575974914481 0.8967504025085519 0.18576283580387684 0.8984285450399088 0.14362850627137969 0.8411880216647663 0.14511948802736602 0.8365563762827822 0.1893575974914481
0 0.9559313899657924 0.1983421425313569 0.9998789965792474 0.19129409806157355 0.9994714583808438 0.13900420524515394 0.9619648449258836 0.14165468757126568 0.9559313899657924 0.1983421425313569
0 0.8784921527936146 0.9934670057012543 0.8963562474344355 0.9978695553021665 0.9067752337514253 0.9260283819840365 0.8918519110604333 0.920731778791334 0.8784921527936146 0.9934670057012543
0 0.19197806955530217 0.7625602736602052 0.1927434914481186 0.7760788916761687 0.21593936602052452 0.7725095222348917 0.21487772862029647 0.7546804378563283 0.19197806955530217 0.7625602736602052
0 0.19033606499429875 0.801668810718358 0.21713665564424173 0.7982602314709235 0.21674157582668185 0.7829992884834663 0.19113899885974917 0.7836274389965793 0.19033606499429875 0.801668810718358