0 0.8516207856328393 0.3090633352337514 0.8853057423033067 0.31622329418472067 0.895279566704675 0.2607328061573546 0.8608595621436717 0.2527472953249715 0.8516207856328393 0.3090633352337514
0 0.9813130364880274 0.5670738312428735 0.9955790513112885 0.5228037457240593 0.9350191767388825 0.5135702405929304 0.9230875929304447 0.5597086978335234 0.9813130364880274 0.5670738312428735
0 0.7662317309007982 0.43948817331813 0.7739295051311289 0.4089845530216648 0.7062257080957811 0.3933796385404789 0.6993435062713796 0.42575785176738884 0.7662317309007982 0.43948817331813
0 0.5107390877993159 0.4591862155074117 0.516643038768529 0.4228429669327252 0.4430065165336374 0.4065840250855188 0.4404891288483466 0.4398532690992018 0.5107390877993159 0.4591862155074117
0 0.4130160992018244 0.8932347137970353 0.44929085746864306 0.888210622576967 0.44050291676168757 0.8381696795895096 0.4040507833523375 0.8440282542759406 0.4130160992018244 0.8932347137970353
0 0.9043925074116306 0.9061102257696694 0.9082042462941847 0.8596196111744584 0.8110700171037628 0.8511006088939568 0.8123351311288484 0.900836425313569 0.9043925074116306 0.9061102257696694
0 0.6590122668187001 0.6526190399087799 0.7158063124287344 0.6652980000000001 0.7250003751425314 0.6049086510832383 0.6739162029646522 0.5939321676168757 0.6590122668187001 0.6526190399087799
0 0.3773833774230331 0.6182276271379703 0.4285949076396807 0.6400280581527936 0.45548822919042187 0.5749041927023945 0.40811028962371726 0.550774921322691 0.3773833774230331 0.6182276271379703
0 0.2442271790193843 0.5050238095781072 0.3025527901938426 0.5162088688711516 0.32031582212086657 0.43977231356898516 0.2696596100342075 0.4224987651083238 0.2442271790193843 0.5050238095781072
0 0.11609781527936146 0.8222395803876853 0.10844862029646522 0.8782241835803878 0.14837912770809578 0.8888426157354619 0.15671779019384266 0.8339055017103763 0.11609781527936146 0.8222395803876853
0 0 0.90427465336374 0.07452550969213227 0.9207329030786773 0.07892548004561004 0.898604779931585 0.026981273660205245 0.8759601322690992 0.018600935005701254 0.8954035860889396 0.0007028164196123147 0.8825035872291904 0 0.883699054732041 0 0.90427465336374
0 0.1854740273660205 0.9442151014823261 0.18716897605473204 0.9191063135689852 0.15021012542759407 0.9130699144811858 0.14218581299885974 0.935114543899658 0.1854740273660205 0.9442151014823261
0 0.33311227251995434 0.08970810262257697 0.3715508700114025 0.08878284264538198 0.37476756670467504 0.029384893956670467 0.3393388654503991 0.026144927023945268 0.33311227251995434 0.08970810262257697
0 0.20915252565564424 0.17312388141391105 0.1607031470923603 0.16403808095781072 0.1525021140250855 0.2140365142531357 0.20066030216647662 0.22165150741163056 0.20915252565564424 0.17312388141391105
0 1 0.4637413477765108 0.9738929498289624 0.45633782440136833 0.9596470638540479 0.4890900900798176 1 0.5007236681870011 1 0.4637413477765108