0 0.22970040364880273 0.8818904355758267 0.23951270581527934 0.7456653204104903 0.19986358152793615 0.7346167993158494 0.18907819384264538 0.8782910114025085 0.22970040364880273 0.8818904355758267
0 0.2870777229190422 0.887678354618016 0.2960957662485747 0.8344961482326112 0.26943111972633976 0.8342354629418473 0.2657877206385405 0.8839503078677309 0.2870777229190422 0.887678354618016
0 1 0.6941389612314709 0.9403651778791333 0.7104741790193843 0.9526070798175599 0.7532269270239452 1 0.7365432428734322 1 0.6941389612314709
0 0.7262386339794755 0.4459495108323831 0.7190020296465223 0.4273909087799316 0.6834001858608894 0.4433873352337514 0.6915139475484606 0.4555755895096921 0.7262386339794755 0.4459495108323831
0 0.7165734503990878 0.42423220752565566 0.7144527457240593 0.40709862713797035 0.6783958985176739 0.42076245381984034 0.6825312485746865 0.43736116875712655 0.7165734503990878 0.42423220752565566
0 0.7134328118586089 0.4018515233751425 0.7062931231470924 0.38690326111744583 0.6722292964652223 0.39836509350057014 0.6746157799315851 0.4153101220068415 0.7134328118586089 0.4018515233751425
0 0.32336312086659064 0.5049001858608894 0.3182000741163056 0.4907774298745724 0.2820463101482326 0.5008309167616876 0.2849336077537058 0.5110171436716078 0.32336312086659064 0.5049001858608894
0 0.3260833489167617 0.4753300421892816 0.31836235233751425 0.4604947742303307 0.2889597206385405 0.4710505632839224 0.2945046100342075 0.4855654789053592 0.3260833489167617 0.4753300421892816
0 0.3281089771949829 0.44529005245153935 0.32202167844925883 0.42953236259977196 0.28900994184720635 0.44018323603192705 0.2936311299885975 0.45307425427594067 0.3281089771949829 0.44529005245153935
0 0.29444855872291903 0.42460617901938424 0.3325922748004561 0.41235129646522234 0.32359076966932726 0.39716007183580393 0.2901097833523375 0.40850861117445836 0.29444855872291903 0.42460617901938424
0 0.41419232611174456 0.33114713568985177 0.4907870262257697 0.33622388939566705 0.487889503990878 0.2901999236031927 0.410370251995439 0.2834867023945268 0.41419232611174456 0.33114713568985177
0 0.17156293728620298 0.6263718015963512 0.16955706043329533 0.6098207639680729 0.05426627366020524 0.6328358859749145 0.054509936145952106 0.6465364230330672 0.17156293728620298 0.6263718015963512
0 0.2313861425313569 0.6758520239452679 0.22355031927023944 0.6604342132269099 0.19435789509692133 0.6751831835803878 0.19594332497149372 0.6879989441277081 0.2313861425313569 0.6758520239452679
0 0.18532546864310148 0.6660481915621437 0.20983725313568988 0.6552333614595212 0.20327887115165336 0.6401721049030786 0.18132686887115165 0.6517006818700115 0.18532546864310148 0.6660481915621437
0 0.14328082668187 0.6022230399087799 0.134959078677309 0.5905288608893957 0.055108307867730896 0.6060502782212086 0.060029927023945266 0.6220345530216648 0.14328082668187 0.6022230399087799
0 0.1704973740022805 0.4777412337514253 0.16313109806157355 0.4616272896237172 0.06748023945267959 0.4923203774230331 0.07219774914481186 0.5088186670467503 0.1704973740022805 0.4777412337514253
0 0.19470097605473205 0.5244642143671607 0.18310906499429874 0.5146170091220068 0.17179212086659065 0.5186313899657925 0.17332845039908779 0.5358785610034208 0.19470097605473205 0.5244642143671607
0 0.14763750285062716 0.44104291334093504 0.13886258380843786 0.42701737058152794 0.07619070809578106 0.453114582668187 0.08011725313568986 0.46554372177879133 0.14763750285062716 0.44104291334093504
0 0.1653329464082098 0.44183731014823263 0.2112641037628278 0.43230433409350055 0.21097275940706955 0.4214702474344356 0.16062183580387687 0.43004774914481186 0.1653329464082098 0.44183731014823263
0 0.12636403192702395 0.4125059030786773 0.1165367229190422 0.39928978677309007 0.08724891676168758 0.41042811858608896 0.08978498403648803 0.4219273637400228 0.12636403192702395 0.4125059030786773
0 0.25141386088939566 0.5890689179019384 0.24624928050171038 0.5749464595210947 0.2145495724059293 0.5799001242873432 0.21809667046750286 0.5965924925883695 0.25141386088939566 0.5890689179019384
0 0.2837290125427594 0.5997284298745723 0.3122721493728621 0.5972061128848347 0.31905604218928163 0.5480889521094641 0.28832758608893955 0.545592283922463 0.2837290125427594 0.5997284298745723
0 0.2415386214367161 0.5413769669327252 0.2228068757126568 0.4947985005701254 0.1963527377423033 0.49873252907639676 0.20979421208665905 0.5492124207525656 0.2415386214367161 0.5413769669327252
0 0.1693275701254276 0.7611241094640822 0.16651241847206386 0.7217392177879133 0.12284633409350056 0.7211509156214367 0.11961110034207525 0.7527392177879133 0.1693275701254276 0.7611241094640822
0 0.18036818472063854 0.8521524070695553 0.18140588483466363 0.8325887137970354 0.1259860615735462 0.8306559293044469 0.12448770467502851 0.8525009977194983 0.18036818472063854 0.8521524070695553
0 0.9769411710376283 0.578122858608894 0.9626781710376283 0.5451988346636261 0.921035874572406 0.5581337742303306 0.9382906396807298 0.5908821516533638 0.9769411710376283 0.578122858608894
0 1 0.5326057833523375 0.9729424264538198 0.5419923477765108 0.9789162816419613 0.5789486624857468 1 0.5727293831242873 1 0.5326057833523375