0 0.744881275940707 0.4702901835803877 0.7331711413911061 0.4213586727480046 0.6813935644241734 0.42859177765108325 0.6898095781071836 0.47742331812998856 0.744881275940707 0.4702901835803877
0 0.9486026875712658 0.7044736909920183 0.8093087297605472 0.6970180319270239 0.8073823090079818 0.7525328882554162 0.9466997867730901 0.7602123158494869 0.9486026875712658 0.7044736909920183
0 0.36818556670467506 1 0.3596597377423033 0.9688206134549601 0.29942900456100346 0.9751511185860889 0.3074185210946408 1 0.36818556670467506 1
0 0 0.44894788483466364 0.014373667046750284 0.5124330091220068 0.047783761687571265 0.5065333842645382 0.0353950661345496 0.4284097605473204 0 0.43321777993158495 0 0.44894788483466364
0 0.16041572063854048 1 0.1582985781071836 0.9899845245153933 0.08478223489167618 1 0.16041572063854048 1
0 0.4816927137970353 0.3462667787913341 0.5345892223489167 0.33831904903078674 0.5257361299885975 0.30520994868871154 0.4753879657924744 0.3146824697833523 0.4816927137970353 0.3462667787913341
0 0.6122054606613455 0.4746795017103763 0.6136421550741163 0.4201854903078677 0.577685433295325 0.42456171493728617 0.5797614184720639 0.4727147525655644 0.6122054606613455 0.4746795017103763
0 0.2775697913340935 0.33547399771949826 0.26877876282782215 0.30295539452679593 0.23726445153933867 0.30985137628278225 0.2447709361459521 0.34150890877993156 0.2775697913340935 0.33547399771949826
0 0.3037748916761687 0.7722478232611175 0.29706729532497145 0.7311503842645382 0.2579385803876853 0.7394436932725199 0.26460840592930446 0.777341614595211 0.3037748916761687 0.7722478232611175
0 0.0585237354618016 0.608717401368301 0.04202739338654504 0.5596903500570125 0.011974091220068414 0.5634461003420752 0.018912066134549602 0.6124157069555302 0.0585237354618016 0.608717401368301
0 0.9662436841505131 0.16455478563283923 0.9604702827822121 0.10962454389965792 0.789895298745724 0.13173341277080958 0.8007047149372862 0.1891210205245154 0.9662436841505131 0.16455478563283923
0 0.8606727445838084 0.04964483922462942 0.8548342041049032 0.016815917901938426 0.7898779395667046 0.02364309692132269 0.7977936431014824 0.0648743614595211 0.8606727445838084 0.04964483922462942
0 0.7930057457240594 0.8372795872291905 0.7791862451539338 0.7569182668187001 0.731201362599772 0.754794291904219 0.7434569144811859 0.8344763055872292 0.7930057457240594 0.8372795872291905