0 0.9991766259977195 0.21114464424173318 0.9981465940706955 0.1778357126567845 0.9578077331812999 0.1798804675028506 0.9600030501710377 0.21740616419612316 0.9991766259977195 0.21114464424173318
0 1 0.29755265450399093 0.9667257251995438 0.3008927297605473 0.9788973124287342 0.33340085518814144 1 0.3335479247434435 1 0.29755265450399093
0 1 0.35782414025085524 0.9858209156214367 0.3600904104903079 0.9911530205245155 0.4171773945267959 1 0.4176410456100342 1 0.35782414025085524
0 0.7730938711516534 0.5013569897377423 0.737723457240593 0.567397913340935 0.8171071744583808 0.6145108529076396 0.8537151607753707 0.5513073363740023 0.7730938711516534 0.5013569897377423
0 0.6101384492588369 0.7782502212086659 0.5736818198403649 0.8650173899657926 0.6248805986316989 0.8940273078677309 0.6552151687571265 0.7916980969213226 0.6101384492588369 0.7782502212086659
0 0 0.7588104070695553 0.011731353477765109 0.7607455233751425 0.023001546180159635 0.7045270638540478 0 0.6994314264538198 0 0.7588104070695553
0 0 0.6438345781071836 0.04585289965792474 0.6655414595210946 0.07728194184720638 0.5688100102622577 0 0.5361461698973774 0 0.6438345781071836
0 0.6944051014823261 0.33511716077537057 0.6815978722919043 0.3677009122006842 0.7084711436716078 0.3843504811858609 0.7254289258836945 0.35198425085518814 0.6944051014823261 0.33511716077537057
0 0.6325797012542759 0.3235640729760547 0.6114729247434435 0.3557128643101482 0.654731134549601 0.3773783911060433 0.671616465222349 0.3463946385404789 0.6325797012542759 0.3235640729760547
0 0.7349944583808438 0.19591473432155074 0.7207323808437857 0.22980694982896238 0.7662517445838085 0.2612902086659065 0.786120865450399 0.2263055701254276 0.7349944583808438 0.19591473432155074
0 0.8383026784492589 0.13066172976054732 0.8095383660205245 0.12361384948688711 0.8011006088939567 0.15226777080957812 0.8172682736602053 0.16142960205245152 0.8383026784492589 0.13066172976054732
0 0.6788193033067275 0.07657839452679589 0.6986305974914481 0.09563041049030786 0.7200285803876852 0.057954911060433295 0.6887859201824401 0.04523361231470923 0.6788193033067275 0.07657839452679589
0 0.6495480672748004 0.07920317901938427 0.6812976499429874 0.0822518141391106 0.682086126567845 0.040725231470923606 0.6458255324971494 0.04436686431014823 0.6495480672748004 0.07920317901938427
0 0.6165112588369441 0.15367935689851767 0.6102606431014823 0.19353340706955532 0.6607995826681871 0.2086522554161916 0.6749892896237172 0.1761409566704675 0.6165112588369441 0.15367935689851767
0 0.029402728620296466 0 0.02703429874572406 0.04519233979475484 0.13553617103762827 0.06611988255416192 0.13610083922462943 0.0024121254275940706 0.09922647320410491 0 0.029402728620296466 0
0 0.34373180273660203 0.11721414709236032 0.398934834663626 0.1492033409350057 0.41181435233751423 0.11524023261117447 0.363456102622577 0.08499290421892816 0.34373180273660203 0.11721414709236032
0 0.46253562371721774 0.25922804675028505 0.4554802645381984 0.28795598061573546 0.4864331961231471 0.306205629418472 0.5018621174458381 0.27653026111744583 0.46253562371721774 0.25922804675028505
0 0.7674957913340935 0.08818683466362601 0.7247670364880273 0.063972086659065 0.6937969258836945 0.1273459007981756 0.7323106624857468 0.14693058152793617 0.7674957913340935 0.08818683466362601
0 0.6875125267958951 0.5479011687571266 0.6692974697833524 0.5778357662485747 0.7094323329532497 0.6118375484606614 0.7296187502850626 0.5726794218928164 0.6875125267958951 0.5479011687571266