0 0.1466053762827822 0.9342266738882554 0.1812638825541619 0.9199856282782213 0.16584137856328393 0.8858659600912201 0.134679503990878 0.9037326431014824 0.1466053762827822 0.9342266738882554
0 0.38801270239452684 0.801261748004561 0.387407236031927 0.7679961151653364 0.350657 0.7661669566704674 0.3506377172177879 0.8012032063854048 0.38801270239452684 0.801261748004561
0 0.3457109441277081 0.4376837309007982 0.3474415267958951 0.4745336088939567 0.3977489749144812 0.48135013340935007 0.40130636488027366 0.447563322690992 0.3457109441277081 0.4376837309007982
0 0.18355228050171038 0.04113546408209807 0.18274401596351197 0.08744090992018244 0.23435433181299886 0.08774793044469784 0.23447411288483466 0.046775031927023945 0.18355228050171038 0.04113546408209807
0 0.41924988825541615 0.23528008551881413 0.424385244013683 0.17895488141391105 0.37230874230330674 0.17151363740022807 0.36311415621436716 0.22242342417331815 0.41924988825541615 0.23528008551881413
0 0.5709727274800456 0.421426677309008 0.5038769566704675 0.41728631470923605 0.5032137651083238 0.4552805267958951 0.5689821881413911 0.4599915621436716 0.5709727274800456 0.421426677309008
0 0.6598253283922464 0.5577793865450399 0.6032854629418473 0.5680754469783352 0.610114425313569 0.6186710855188141 0.6606306818700114 0.6136144458380843 0.6598253283922464 0.5577793865450399
0 0.5362495621436716 0.5758145017103763 0.5439625678449259 0.6359270171037628 0.579014724059293 0.6329758118586089 0.5634337799315849 0.5739120798175599 0.5362495621436716 0.5758145017103763
0 0.8824733865450399 0.5818578608893957 0.8653350547320411 0.5779956681870011 0.8703136545039909 0.6327143272519954 0.8839035131128848 0.6359207411630559 0.8824733865450399 0.5818578608893957
0 0.9077334891676169 0.5983309064994299 0.8910580615735462 0.5998213568985177 0.8910507046750284 0.6342639749144812 0.9077285233751425 0.6303982041049031 0.9077334891676169 0.5983309064994299
0 0.9025886271379704 0.4830360570125427 0.9347032383124287 0.480330496009122 0.9315240353477766 0.4568183067274801 0.8983119076396807 0.4562385860889396 0.9025886271379704 0.4830360570125427
0 0.9324373922462943 0.43842363169897375 0.9520420342075256 0.43698587343215506 0.9468562428734322 0.3941372805017104 0.9326121106043329 0.39448248916761686 0.9324373922462943 0.43842363169897375
0 0.953299417331813 0.4343355393386545 0.9698641881413911 0.43551387685290766 0.9668338095781072 0.4051766818700114 0.9525912394526795 0.4055219179019384 0.953299417331813 0.4343355393386545
0 0.9004738335233752 0.30068856328392246 0.8898204515393386 0.2969395644241733 0.8812045963511972 0.31460438882554165 0.8965116989737743 0.32140381984036487 0.9004738335233752 0.30068856328392246
0 0.8809546670467503 0.2976771356898517 0.862609645381984 0.292307716077537 0.8563403443557583 0.3456439247434436 0.8680160501710377 0.3565384150513113 0.8809546670467503 0.2976771356898517