0 0.7753495496009122 0.5403634059293044 0.7598982645381984 0.5073316567844925 0.6859942257696693 0.556920503990878 0.7001192805017104 0.5872720364880273 0.7753495496009122 0.5403634059293044
0 0.740080503990878 0.4467310558722919 0.648683637400228 0.5111166818700114 0.6645642497149373 0.5392680604332953 0.7581270547320411 0.4847621163055872 0.740080503990878 0.4467310558722919
0 0.7158156111744585 0.4415538061573546 0.7004984868871151 0.42834670581527934 0.6279182508551882 0.47111163854047894 0.6411409110604332 0.49006241163055875 0.7158156111744585 0.4415538061573546
0 0.7743950376282782 0.36733400798175597 0.7457583078677309 0.3838958072976055 0.7621967069555302 0.41556891220068415 0.7962042782212087 0.3987576054732041 0.7743950376282782 0.36733400798175597
0 0.6843449258836943 0.40985855872291904 0.6720758369441278 0.3817363238312429 0.5955406955530216 0.42799735803876854 0.6190225792474344 0.46049280501710377 0.6843449258836943 0.40985855872291904
0 0.1405692690992018 0.6962228711516534 0.24245831356898517 0.6259673888255416 0.2148367662485747 0.5768239384264539 0.10850666590649943 0.6494138323831243 0.1405692690992018 0.6962228711516534
0 0.12141976738882554 0.6740011767388825 0.09639218814139111 0.6298588244013682 0.05581474002280502 0.6469402748004561 0.08364974914481187 0.6974214903078677 0.12141976738882554 0.6740011767388825
0 0 0.4590239977194983 0.02017594982896237 0.44469892132269095 0 0.40324159064994297 0 0.4590239977194983
0 0.36796395096921325 0.6175142839224629 0.3421992542759407 0.5801045074116306 0.2724015929304447 0.6290413865450399 0.3022931265678449 0.6773348939566705 0.36796395096921325 0.6175142839224629
0 0.3346052611174459 0.6384324583808437 0.34608489395667047 0.6919344082098061 0.3904352645381984 0.6758911505131129 0.38177005701254274 0.6268744595210947 0.3346052611174459 0.6384324583808437
0 0.5345933055872292 0.508141778791334 0.5251632884834664 0.4789671459521095 0.47648904104903084 0.5018602018244014 0.49364703876852906 0.5380766716077537 0.5345933055872292 0.508141778791334
0 0.6146062497149373 0.6337717103762828 0.6067861721778791 0.6109563318129989 0.5384175473204105 0.6480504184720639 0.5493723808437856 0.673568055872292 0.6146062497149373 0.6337717103762828
0 0.5400309600912201 0.7550228449258837 0.5089026647662486 0.7292848814139111 0.48309203648802734 0.7542011892816419 0.5054720353477765 0.7797396054732041 0.5400309600912201 0.7550228449258837
0 0.3996508278221209 0.8897021995438996 0.42843848004561 0.866502251995439 0.3965611755986317 0.8246486738882555 0.3648829703534778 0.8504737480045611 0.3996508278221209 0.8897021995438996
0 0.4674075313568985 0.9493258449258837 0.49341366134549597 0.9199506191562143 0.4596319030786773 0.8850603819840365 0.42753318700114024 0.9063326875712656 0.4674075313568985 0.9493258449258837
0 0.5235497274800457 0.9963566727480045 0.5577082223489168 0.9729072177879133 0.5244389019384265 0.9469356830102622 0.502605818700114 0.9666010558722918 0.5235497274800457 0.9963566727480045
0 0.7253265735461801 0.9229062736602053 0.6997767844925884 0.8830578540478905 0.6701756180159635 0.9049169942987457 0.6976191619156215 0.9453355587229191 0.7253265735461801 0.9229062736602053
0 0.7084479669327252 0.9719552314709236 0.7530174025085519 0.9648961265678448 0.7245605564424173 0.9332519144811859 0.6906688278221208 0.9602834264538198 0.7084479669327252 0.9719552314709236
0 0.909265945267959 0.9190293979475485 0.8913122759407069 0.8815847776510832 0.8427024868871151 0.9181691254275941 0.8615087947548461 0.9477127776510832 0.909265945267959 0.9190293979475485
0 0.9926059464082098 0.9100392782212087 0.9726202554161916 0.8825380820980616 0.9441857411630559 0.898488850627138 0.9596783717217787 0.926078378563284 0.9926059464082098 0.9100392782212087
0 0.6735602120866591 0.20892337742303305 0.7025044868871152 0.19050783124287343 0.6877327685290763 0.15797118244013683 0.6601029703534778 0.17520720182440136 0.6735602120866591 0.20892337742303305
0 0.745203055872292 0.08813511402508552 0.7114103922462942 0.10250777765108324 0.7274770148232611 0.13183357696693274 0.7574084047890536 0.11205938654503991 0.745203055872292 0.08813511402508552
0 0.48256871265678447 0.06960137058152793 0.4683834344355758 0.03697183808437856 0.42381876168757127 0.06114084948688712 0.44128005473204107 0.09357898061573545 0.48256871265678447 0.06960137058152793