0 0.17634710262257697 0.3468533968072976 0.12491917217787914 0.22032778221208665 0.08739743899657924 0.23630399087799314 0.1420527251995439 0.3696134184720638 0.17634710262257697 0.3468533968072976
0 0.20271055530216647 0.24488513112884835 0.17769968072976056 0.19709257696693272 0.15860371607753707 0.20721713226909919 0.17743152565564424 0.2533728871151653 0.20271055530216647 0.24488513112884835
0 0.9168212588369441 0.1607941904218928 0.9197051949828963 0.1209457023945268 0.8522034891676169 0.11930360205245154 0.8537720741163056 0.1637468369441277 0.9168212588369441 0.1607941904218928
0 0.9575264275940707 0.20486195324971493 0.9589648358038768 0.14544533523375142 0.9303236750285063 0.14896202736602054 0.922104865450399 0.20382571949828962 0.9575264275940707 0.20486195324971493
0 0.7307207502850627 0.50138 0.7318682462941847 0.4814934868871152 0.6958684857468643 0.48306906043329534 0.6919182166476625 0.49716806955530213 0.7307207502850627 0.50138
0 0.7326647844925883 0.522084913340935 0.7293871265678449 0.5051345758266819 0.6929539965792474 0.503167810718358 0.6941503295324972 0.5202320205245153 0.7326647844925883 0.522084913340935
0 0.7311452337514254 0.5438133101482326 0.7333162143671608 0.5273903819840365 0.692240086659065 0.5265856168757127 0.6952067069555302 0.5434387605473204 0.7311452337514254 0.5438133101482326
0 0.32994792702394526 0.5649504526795895 0.3304941037628278 0.5499234446978336 0.2920552212086659 0.555981244013683 0.29245695553021667 0.5665611459521095 0.32994792702394526 0.5649504526795895
0 0.3394601174458381 0.5937008221208666 0.34221887115165334 0.577205724059293 0.3090227822120867 0.57722961345496 0.3082346339794755 0.5927475826681871 0.3394601174458381 0.5937008221208666
0 0.3525082554161916 0.6220170319270238 0.35342822690992015 0.6051494994298745 0.3182323945267959 0.6084005245153934 0.31782092702394527 0.6220886362599772 0.3525082554161916 0.6220170319270238
0 0.3678707309007982 0.6350907023945268 0.32780693500570124 0.6352226727480046 0.32865493614595215 0.651873125427594 0.36400413797035347 0.6523200342075256 0.3678707309007982 0.6350907023945268
0 0.541847542759407 0.6586073021664767 0.47057045724059293 0.6871046465222349 0.4816633329532497 0.7336134982896237 0.553314023945268 0.7032740786773091 0.541847542759407 0.6586073021664767
0 0.15179360661345498 0.4976667309007982 0.14858675712656785 0.48130590877993157 0.0310315267958951 0.4982995803876853 0.03503348802736602 0.5114048608893957 0.15179360661345498 0.4976667309007982
0 0.18750383124287343 0.43284564538198406 0.19019177537058155 0.4157610330672748 0.15273004903078677 0.4151610592930445 0.155182503990878 0.427839496009122 0.18750383124287343 0.43284564538198406
0 0.17606908209806157 0.44202951995439 0.14941502394526798 0.43931856328392244 0.15004575370581527 0.45419949144811855 0.17448587457240594 0.4583802782212087 0.17606908209806157 0.44202951995439
0 0.12485049600912201 0.5267057856328392 0.1291512497149373 0.5130123990877993 0.04385284378563284 0.5198964732041049 0.04411151881413911 0.5366192850627138 0.12485049600912201 0.5267057856328392
0 0.19147645496009122 0.6405928323831243 0.19350271721778792 0.6229912554161916 0.09041076282782212 0.6238111151653364 0.09102239794754846 0.6409597115165336 0.19147645496009122 0.6405928323831243
0 0.19410190649942988 0.5840230820980616 0.2020835165336374 0.5710757366020525 0.1782298095781072 0.5668245210946408 0.18209834207525655 0.5837023078677309 0.19410190649942988 0.5840230820980616
0 0.17909077993158495 0.681008204104903 0.1831020935005701 0.6649575210946408 0.11131535347776511 0.6625207730900798 0.1114218015963512 0.6755549543899657 0.17909077993158495 0.681008204104903
0 0.24631495553021665 0.6536067035347777 0.19968597833523377 0.6587338129988598 0.19884862029646522 0.6714021641961232 0.24938578791334093 0.6640005621436715 0.24631495553021665 0.6536067035347777
0 0.16642591904218929 0.7142777742303307 0.17168824059293042 0.6986716944127709 0.1339881071835804 0.7010149007981756 0.13512962713797036 0.7127350205245154 0.16642591904218929 0.7142777742303307
0 0.2355089954389966 0.5071349657924743 0.2360567229190422 0.49210776624857466 0.2020452805017104 0.49524799999999997 0.20383001368301026 0.5122194994298745 0.2355089954389966 0.5071349657924743
0 0.2914218631698974 0.4655625895096921 0.26349628848346635 0.47198403762827823 0.2845987810718358 0.5220495336374003 0.31305176624857467 0.5101794469783352 0.2914218631698974 0.4655625895096921
0 0.23798102508551883 0.5906043055872292 0.2414024355758267 0.5405171242873432 0.2087904196123147 0.5428747263397947 0.21160596237172177 0.5950376009122007 0.23798102508551883 0.5906043055872292
0 0.11431327594070695 0.3921668027366021 0.1048200433295325 0.35383961459521096 0.06012794526795895 0.37717735461801594 0.07296615735461802 0.40621987343215504 0.11431327594070695 0.3921668027366021
0 0.09422342645381984 0.28214033181299886 0.08719100114025086 0.26385482098061575 0.033937785632839224 0.2807913101482326 0.042113304446978334 0.3011041870011403 0.09422342645381984 0.28214033181299886
0 0.926065881413911 0.3140379361459521 0.9294567183580388 0.2783178198403649 0.8887550399087799 0.2781266818700114 0.8824645883694412 0.31460425427594074 0.926065881413911 0.3140379361459521
0 0.9787951174458381 0.3147452542759407 0.9749609486887115 0.27572322120866594 0.9310799714937287 0.27692209007981755 0.9368186282782212 0.3139156567844926 0.9787951174458381 0.3147452542759407