0 0.5912293249714937 0.2890503842645382 0.5329281801596352 0.300843165336374 0.5510335416191562 0.3528766465222349 0.6006819270239453 0.343499102622577 0.5912293249714937 0.2890503842645382
0 0.4264711174458381 0.25582886088939566 0.4371902816419613 0.3065020649942987 0.4859090798175599 0.299053921322691 0.46716832383124285 0.24463250513112886 0.4264711174458381 0.25582886088939566
0 0.3522118848346636 0.26926324059293044 0.3657789589509692 0.3231352850627138 0.4241534218928164 0.31613046066134554 0.4104608403648803 0.2570991094640821 0.3522118848346636 0.26926324059293044
0 0.5234369087799315 0.11385370125427594 0.5250339110604333 0.15081457924743444 0.5942601619156214 0.13568762029646522 0.5861339828962371 0.1055976077537058 0.5234369087799315 0.11385370125427594
0 0.38763089851767385 0.6151405461801596 0.40523890763968073 0.6636464150513113 0.46404517331813 0.6511814823261117 0.44910064994298743 0.6024290912200685 0.38763089851767385 0.6151405461801596
0 0.4827051881413911 0.8308833557582669 0.5044583968072976 0.9045951288483466 0.5814095849486888 0.8889836636259978 0.554420961231471 0.8142720410490308 0.4827051881413911 0.8308833557582669
0 0.4204067126567845 0.8654288859749145 0.43271653819840367 0.9188764618015963 0.49530828620296463 0.9034827525655644 0.482290929304447 0.8513890079817559 0.4204067126567845 0.8654288859749145
0 0.3712648323831243 1 0.438031393386545 0.9823024732041049 0.4140045735461802 0.8753255803876853 0.32311532041049035 0.8898979874572406 0.35003153249714936 1 0.3712648323831243 1
0 0.23021579703534778 0.9029541641961232 0.23862055758266817 0.9371595199543901 0.28340766932725203 0.923067338654504 0.2761308460661345 0.8947545381984037 0.23021579703534778 0.9029541641961232
0 0.08929799087799317 0.834596189281642 0.09511206043329531 0.8631666362599771 0.13316495096921324 0.85661948004561 0.12097668985176739 0.825345779931585 0.08929799087799317 0.834596189281642
0 0.8722636738882554 0.8595020604332954 0.8823603591790193 0.8886697924743444 0.9112706898517674 0.8768089486887115 0.9049950342075257 0.8513423249714936 0.8722636738882554 0.8595020604332954
0 0.03827893614595211 0.2923934264538198 0.04584760547320411 0.32491595438996584 0.07087295096921323 0.3237972109464082 0.06678512542759407 0.2883114059293045 0.03827893614595211 0.2923934264538198
0 0.8729244652223489 0 0.8754060763968073 0.01580864196123147 0.9333691163055872 0.00373203078677309 0.9330352668187001 0 0.8729244652223489 0
0 0.9573309236031926 0.161430338654504 0.9543731470923602 0.15105033865450399 0.9326819794754846 0.1630941881413911 0.9396527343215508 0.17643039566704674 0.9573309236031926 0.161430338654504
0 0.9298419600912201 0.19408163511972634 0.9354453911060434 0.2040882337514253 0.9606550729760548 0.19574856328392248 0.9500836727480045 0.18665633295324974 0.9298419600912201 0.19408163511972634
0 0.9355733956670468 0.2220641094640821 0.9430235940706956 0.2324123261117446 0.9655965005701254 0.22024297833523374 0.9589699988597492 0.2114893945267959 0.9355733956670468 0.2220641094640821
0 0.3238055461801596 0.6558980935005702 0.2913751550741163 0.6640549760547321 0.2962877035347776 0.7203409270239454 0.33937490307867735 0.7154845872291904 0.3238055461801596 0.6558980935005702
0 0.07617597833523375 0.6942992485746864 0.13254017103762827 0.6857781915621436 0.12784581071835804 0.6438547742303307 0.06660480843785632 0.656060725199544 0.07617597833523375 0.6942992485746864