0 0.50015165336374 0.3421639384264538 0.4260783283922463 0.34702462485746866 0.4260984002280501 0.38210618015963516 0.5030232189281642 0.37927572519954394 0.50015165336374 0.3421639384264538
0 0.5713561516533637 0.27492194526795893 0.535251496009122 0.27971528848346633 0.5371628392246295 0.35519498973774233 0.5746436134549601 0.3539453568985177 0.5713561516533637 0.27492194526795893
0 0.5958848164196123 0.21860403420752564 0.587470220068415 0.14442709122006842 0.5738612508551881 0.1464492827822121 0.5799011835803877 0.2206661140250855 0.5958848164196123 0.21860403420752564
0 0.1044510125427594 0.13858886202964651 0.07141370011402509 0.14927331927023946 0.09015044925883695 0.2030529464082098 0.1207833614595211 0.1933012189281642 0.1044510125427594 0.13858886202964651
0 0.28132886431014825 0.6872761106043329 0.24584739338654502 0.6938400969213226 0.2460711277080958 0.774700070695553 0.2865568369441277 0.771021062713797 0.28132886431014825 0.6872761106043329
0 0.06015225655644242 0.8296750501710376 0.05885464652223489 0.7892665427594071 0.02398602394526796 0.7970090752565564 0.024618946408209805 0.8332691767388826 0.06015225655644242 0.8296750501710376
0 0.5355833340935006 0.7066213922462942 0.4840887046750285 0.7134664515393386 0.485263393386545 0.7467432075256556 0.5359925940706955 0.7390207468643101 0.5355833340935006 0.7066213922462942
0 0.7080955416191562 0.7672323705815279 0.6601493283922463 0.7734185267958951 0.6637162816419612 0.8078427685290764 0.7132735245153934 0.8037069327251996 0.7080955416191562 0.7672323705815279
0 0.6967964139110605 0.935695850627138 0.7026060444697834 0.9965396624857469 0.7375975895096921 0.9959288825541619 0.7347546944127707 0.9350332862029647 0.6967964139110605 0.935695850627138
0 0.4818946408209806 1 0.5454014754846066 0.9972021117445838 0.5434250353477765 0.960967023945268 0.46003070809578106 0.966585810718358 0.46701550855188145 1 0.4818946408209806 1
0 0.9012127901938426 0.7507782531356899 0.8632457092360319 0.7508471311288484 0.8646782223489168 0.7989841493728621 0.9052868551881413 0.7950060752565564 0.9012127901938426 0.7507782531356899
0 0.8468389703534778 0.6946483454960091 0.8450099281641962 0.657815282782212 0.7803635256556443 0.6589436898517673 0.7775309851767389 0.7006150969213227 0.8468389703534778 0.6946483454960091
0 1 0.9454698688711516 0.9346611174458381 0.9487871573546179 0.9374671436716078 0.9924401470923603 1 0.9913486316989737 1 0.9454698688711516
0 0.9619972987457241 0.5624231049030787 0.9601682827822121 0.5255916043329533 0.9257703990877992 0.5261920216647662 0.9294706636259977 0.5683432383124287 0.9619972987457241 0.5624231049030787
0 0.19453969555302167 0.3034995267958951 0.1944832930444698 0.3683103831242873 0.2110901368301026 0.3680205085518814 0.20753427936145952 0.30030037742303306 0.19453969555302167 0.3034995267958951