0 0.09186800570125428 0.29688004675028506 0.1636671755986317 0.2824150444697834 0.15964944469783351 0.23981693728620299 0.08444261459521095 0.24673118472063854 0.09186800570125428 0.29688004675028506
0 0.1429584481185861 0.20501778563283923 0.1778577457240593 0.20140353249714937 0.1800882850627138 0.14183015165336374 0.1398879692132269 0.14750434891676167 0.1429584481185861 0.20501778563283923
0 0 0.3145765632839225 0.020817142531356896 0.31427865564424173 0.022823557582668186 0.2731485302166477 0 0.2758877149372862 0 0.3145765632839225
0 0.26984820524515396 0.07291303192702395 0.27493466590649945 0.011109001140250856 0.21977598745724058 0.013999745724059293 0.2152694150513113 0.07131414823261117 0.26984820524515396 0.07291303192702395
0 0.320025842645382 0.009043155074116306 0.28679807183580386 0.010487266818700115 0.28839458950969216 0.037159014823261116 0.3208001835803877 0.03516342645381984 0.320025842645382 0.009043155074116306
0 0.5390533671607753 0.19377236716077537 0.5321760433295325 0.23277950741163056 0.6119620957810717 0.23454374458380844 0.6158731778791334 0.19569206043329532 0.5390533671607753 0.19377236716077537
0 0.5871729064994299 0.5218301402508552 0.6265335849486887 0.5239292884834664 0.6276378791334093 0.4769007936145952 0.5896640273660205 0.47621537628278227 0.5871729064994299 0.5218301402508552
0 0.5293185324971493 0.5641034378563283 0.5674343101482325 0.5650786989737743 0.5688141927023945 0.5346835769669328 0.5310436522234891 0.531906527936146 0.5293185324971493 0.5641034378563283
0 0.42622440136830103 0.5261031391106044 0.42630345724059293 0.5843663500570125 0.4406008403648803 0.5848077514253136 0.44233158494868874 0.5270426921322691 0.42622440136830103 0.5261031391106044
0 0.6719170091220068 0.7998087491448118 0.709376141391106 0.7996292930444698 0.7127253614595211 0.7614016191562144 0.6756742793614595 0.7579923010262257 0.6719170091220068 0.7998087491448118
0 0.5720304526795895 0.9251472417331814 0.5940996339794755 0.9263689042189281 0.5936435210946408 0.8722858437856329 0.5720206180159635 0.8713396396807297 0.5720304526795895 0.9251472417331814
0 0.769355526795895 0.8773482896237171 0.7823099407069556 0.874884117445838 0.7890689692132269 0.799614724059293 0.7733689064994299 0.7992483990877993 0.769355526795895 0.8773482896237171
0 0.1925485724059293 0.5157561083238312 0.22813411174458378 0.5138911493728621 0.2286464298745724 0.4555969452679589 0.19617881984036487 0.4558120889395667 0.1925485724059293 0.5157561083238312
0 0.15913416419612317 0.5704235530216648 0.2151033819840365 0.5716538483466362 0.2152712793614595 0.5181326499429875 0.16405034891676168 0.5234925678449259 0.15913416419612317 0.5704235530216648
0 0.18879428392246295 0.9434481049030787 0.22843871379703537 0.939586732041049 0.2230251527936146 0.8590096282782212 0.18897290079817558 0.8628736442417332 0.18879428392246295 0.9434481049030787
0 0.05826715051311288 0.34798987457240593 0.05591735575826682 0.3825977810718358 0.14048988939566703 0.3802464994298746 0.13980093728620296 0.3490679532497149 0.05826715051311288 0.34798987457240593
0 0.9789710661345497 0.10947551653363741 0.9574231254275941 0.1082281014823261 0.953139149372862 0.13996455074116307 0.9810376009122006 0.14890733979475484 0.9789710661345497 0.10947551653363741
0 0.34660700912200687 0.9928502770809579 0.38163068643101483 0.9916093295324971 0.38124340592930445 0.9161198928164196 0.34745820752565565 0.9259155610034208 0.34660700912200687 0.9928502770809579
0 0.8893442291904219 0.6249085427594071 0.9043261288483466 0.6270961995438996 0.9102427354618016 0.5860584310148232 0.8961593226909921 0.5847139703534778 0.8893442291904219 0.6249085427594071
0 0.9181664367160774 0.5847513204104903 0.9142512725199544 0.6348999521094641 0.9291725838084379 0.63590165336374 0.9379555359179019 0.5878761721778791 0.9181664367160774 0.5847513204104903