0 0.5359901835803877 0.10739665450399087 0.5841599498289624 0.11127968871151653 0.5873864834663627 0.0652794937286203 0.5379594082098061 0.06364960091220069 0.5359901835803877 0.10739665450399087
0 0 0.09869637286202965 0.06189421550741163 0.10115963511972634 0.06407310262257697 0.08780874230330674 0 0.08530017787913341 0 0.09869637286202965
0 0 0.1327019771949829 0.06477757582668187 0.1342583101482326 0.06087676738882554 0.1170404834663626 0 0.11389814709236033 0 0.1327019771949829
0 0.4395296727480046 0.20640471151653364 0.5258974583808438 0.2044850535917902 0.5242852702394527 0.18914610832383125 0.4377086362599772 0.1919188323831243 0.4395296727480046 0.20640471151653364
0 0.4417558301026226 0.2503062622576967 0.5279672371721779 0.2525790433295325 0.5242099475484606 0.233886574686431 0.44473614367160774 0.23321988369441277 0.4417558301026226 0.2503062622576967
0 0.5324073979475484 0.14713729874572407 0.5330851288483466 0.16496097149372863 0.5699687206385405 0.16370809806157355 0.5701049156214367 0.14794815165336375 0.5324073979475484 0.14713729874572407
0 0.46965967046750284 0.1465759589509692 0.4661432474344356 0.16424186316989736 0.5010223249714937 0.16379826453819843 0.5019806488027366 0.14735488939566707 0.46965967046750284 0.1465759589509692
0 0.4030898449258837 0.14939672862029646 0.4028684777651083 0.1643313683010262 0.4391620604332953 0.16314522006841506 0.438829842645382 0.14862383466362603 0.4030898449258837 0.14939672862029646
0 0.6261048791334093 0.8738963819840364 0.6739322417331813 0.8802019156214368 0.6805368209806157 0.8180743329532497 0.6320159486887116 0.813690881413911 0.6261048791334093 0.8738963819840364
0 0.8061848859749144 0.9456299224629419 0.8626836807297605 0.9492345610034207 0.8628517628278222 0.899711322690992 0.8083447867730901 0.8980167571265678 0.8061848859749144 0.9456299224629419
0 0.37926234549600907 0.9565025404789053 0.43007476966932723 0.9571274310148232 0.4304612941847206 0.9040022531356898 0.37662121322690995 0.9058275735461802 0.37926234549600907 0.9565025404789053
0 0.31983038198403646 0.9931688586088939 0.3572472326111744 0.9969896009122007 0.35838664766248574 0.9169460752565565 0.32855603192702393 0.9171402873432155 0.31983038198403646 0.9931688586088939
0 0.33741178563283925 0.7855468506271379 0.33369486659064995 0.8581078734321551 0.4628777194982896 0.8574069977194982 0.4653624800456101 0.7816431653363739 0.33741178563283925 0.7855468506271379