0 0.9544145210946408 0.32667214139110606 0.9762511220068415 0.4151912748004561 0.988598589509692 0.4096287206385405 0.9779054538198403 0.32114967274800454 0.9544145210946408 0.32667214139110606
0 0.7598183147092361 0.4377484161915622 0.7304648779931585 0.45411999201824405 0.7521937696693273 0.5077894161915621 0.7815523808437856 0.4995309794754846 0.7598183147092361 0.4377484161915622
0 0.4084966271379703 0.3271724241733181 0.33894305701254274 0.35381855872291906 0.3539956168757127 0.3893069908779932 0.41932020980615736 0.3651356966932725 0.4084966271379703 0.3271724241733181
0 0.2855268221208666 0.06711205245153934 0.2788580923603193 0.028792874572405928 0.24307445153933868 0.03446044583808438 0.2523415359179019 0.07777844697833523 0.2855268221208666 0.06711205245153934
0 0.25609518129988595 0.13249141619156216 0.26864912656784495 0.1617629281641961 0.3182609042189282 0.14849483352337514 0.3127516670467503 0.11750639908779932 0.25609518129988595 0.13249141619156216
0 0.38831555074116303 0.21494618700114024 0.39626306613454965 0.2545672850627138 0.4323605632839224 0.2500523055872292 0.4278982668187001 0.21048193500570125 0.38831555074116303 0.21494618700114024
0 0.1840093842645382 0.337779937286203 0.2213895849486887 0.33035661687571266 0.21683286316989736 0.2902000513112885 0.17682211744583806 0.29954288711516536 0.1840093842645382 0.337779937286203
0 0.1656509338654504 0.2442028677309008 0.13596142531356897 0.26784148574686434 0.14295050855188143 0.29829496009122003 0.17638684606613453 0.292999165336374 0.1656509338654504 0.2442028677309008
0 0.16322976510832382 0.14539481870011403 0.18123447890535915 0.22490244469783352 0.19454146180159637 0.2215925222348917 0.17845269099201824 0.14659065108323832 0.16322976510832382 0.14539481870011403
0 0.14046457924743444 0.05101282896237172 0.15209411402508552 0.11920500342075256 0.16979634663625998 0.11850527366020525 0.156843086659065 0.0481181527936146 0.14046457924743444 0.05101282896237172
0 0.04644652793614595 0.6153591584948689 0.0811738551881414 0.595431259977195 0.05364692018244014 0.5583116693272521 0.02342688825541619 0.5763233774230331 0.04644652793614595 0.6153591584948689
0 0.1188237354618016 0.6964745952109465 0.16836786088939568 0.6675872862029647 0.14964582212086658 0.6404934253135689 0.10522457696693273 0.6637601413911061 0.1188237354618016 0.6964745952109465
0 0.20657507297605474 0.6278698118586089 0.24380478563283922 0.6123547856328393 0.22470991676168756 0.582916952109464 0.1914648015963512 0.6008066351197263 0.20657507297605474 0.6278698118586089
0 0.23231746066134548 0.68030082668187 0.1996914811858609 0.6986936009122007 0.22765038084378564 0.7381509635119726 0.25848599429874575 0.7164348494868871 0.23231746066134548 0.68030082668187
0 0.43877228164196125 0.6512085028506271 0.4007187172177879 0.6641488335233752 0.41811006955530217 0.7067828095781071 0.4578713078677309 0.6920691322690992 0.43877228164196125 0.6512085028506271
0 0.17479212086659066 0.8144529714937286 0.19608158152793614 0.8501558768529077 0.2593609623717218 0.813081606613455 0.2405754275940707 0.7817913261117446 0.17479212086659066 0.8144529714937286
0 0.1264065781071836 0.23599093500570123 0.1621559794754846 0.22972763511972635 0.15565962827822122 0.20009784606613457 0.12009219498289624 0.2033249874572406 0.1264065781071836 0.23599093500570123
0 0.8123632884834663 0.3485712770809578 0.8232014526795896 0.4207962736602053 0.8374664082098061 0.4197392303306728 0.8289737594070696 0.347141157354618 0.8123632884834663 0.3485712770809578
0 0.9269598209806157 0.6658649042189282 0.906060630558723 0.6781922770809579 0.9122744207525656 0.6946414937286204 0.9348093614595211 0.6850607981755986 0.9269598209806157 0.6658649042189282
0 0.9308499931584949 0.6676533660205246 0.9376423614595212 0.6837103683010263 0.9604638129988597 0.676188322690992 0.9540933990877993 0.6549547046750285 0.9308499931584949 0.6676533660205246
0 0.42420206499429874 0.9426730741163056 0.373563905359179 0.8659294743443559 0.36371906613454963 0.8759064424173317 0.407968338654504 0.9578684184720638 0.42420206499429874 0.9426730741163056
0 0.5255082143671608 0.16616678221208667 0.4875643363740023 0.17337722348916762 0.4980801288483467 0.21319269783352338 0.536052905359179 0.20236919156214367 0.5255082143671608 0.16616678221208667
0 0.6076875598631699 0.35093116989737744 0.57684186659065 0.3585202462941847 0.5850108209806157 0.38999073090079817 0.6182902896237172 0.3799089897377423 0.6076875598631699 0.35093116989737744
0 0.30529798745724057 0.8677244663625998 0.3178844811858609 0.8585171470923603 0.28430149144811856 0.7959060877993158 0.2686833477765109 0.8073970262257696 0.30529798745724057 0.8677244663625998
0 0.25193969555302165 0.789008669327252 0.26076791448118586 0.8053443762827822 0.2726916316989738 0.7947391527936145 0.263237850627138 0.7806065553021665 0.25193969555302165 0.789008669327252
0 0.7223480969213227 0.7989650376282782 0.7112892907639681 0.807629818700114 0.7160515507411631 0.8225054823261118 0.7306534389965792 0.8159847115165336 0.7223480969213227 0.7989650376282782
0 0.7387337457240594 0.7948669281641961 0.7418917662485748 0.8148058859749144 0.7585318677309008 0.8097673295324971 0.755652496009122 0.7915876921322691 0.7387337457240594 0.7948669281641961
0 0.2610794857468643 0.5050184378563284 0.20840777765108323 0.525984992018244 0.22525784378563285 0.5635933318129989 0.2806718244013683 0.5451982006841505 0.2610794857468643 0.5050184378563284