0 0.6962267970353478 0.5354895655644242 0.5913676647662486 0.5830607673888255 0.615350700114025 0.6360469840364881 0.7198133568985177 0.5960036488027366 0.6962267970353478 0.5354895655644242
0 0.336773818700114 0.5856053568985178 0.3029335085518814 0.597537141391106 0.3166228597491448 0.6440121208665907 0.35507598859749145 0.6371985142531357 0.336773818700114 0.5856053568985178
0 0.32046799543899657 0.6964830649942988 0.3069617149372862 0.7083094059293045 0.33275117331813003 0.7461217468643102 0.3490295598631699 0.739038236031927 0.32046799543899657 0.6964830649942988
0 0.14929747776510832 0.38429462257696695 0.09841588711516533 0.3743904549600912 0.09311982896237171 0.4022608118586089 0.14791007981755985 0.4119841607753706 0.14929747776510832 0.38429462257696695
0 0.10269029988597492 0.7064729532497149 0.02962065222348917 0.7692835838084379 0.05797558152793615 0.8052838278221209 0.1442199087799316 0.7474342736602053 0.10269029988597492 0.7064729532497149
0 0.25120947434435575 0.8682979885974915 0.21387730444697833 0.827417921322691 0.1940084937286203 0.8439154150513113 0.23423843899657926 0.8811511037628278 0.25120947434435575 0.8682979885974915
0 0.345120897377423 0.1760005974914481 0.328749441277081 0.1839928494868871 0.3658552109464082 0.2557100501710376 0.3837847662485747 0.24722738312428733 0.345120897377423 0.1760005974914481
0 0.5720448802736602 0.8594145838084378 0.526900614595211 0.8864931254275941 0.5477882839224629 0.9189236670467503 0.5916516442417332 0.8875158335233752 0.5720448802736602 0.8594145838084378
0 0.6728852132269099 0.9301839931584949 0.6382593899657925 0.9308462565564424 0.646438228050171 0.9696229179019384 0.6797392713797036 0.9616457058152794 0.6728852132269099 0.9301839931584949
0 0.459936251995439 0.9210365096921322 0.47985334435575827 0.9419211470923603 0.5037757343215508 0.9174483249714936 0.48761166704675024 0.8978975005701254 0.459936251995439 0.9210365096921322
0 0 0.3573353283922463 0.044970364880273665 0.3582208004561004 0.0416022748004561 0.31885345381984037 0 0.3191295895096921 0 0.3573353283922463
0 0.23342840935005701 0.5821429361459521 0.21031242303306727 0.6083113717217787 0.23169862599771948 0.6320066704675029 0.2603345895096921 0.6063568836944128 0.23342840935005701 0.5821429361459521