0 0.2578713797035348 0.826578929304447 0.28744220752565564 0.8009041436716077 0.24257569555302166 0.7672518129988597 0.21290840820980617 0.7943060421892817 0.2578713797035348 0.826578929304447
0 0.6178533055872292 1 0.6239425507411631 0.9936592622576966 0.6036648608893956 0.9658864834663626 0.5695602907639681 0.9967921288483466 0.581592401368301 1 0.6178533055872292 1
0 0.45672790193842644 0.8030337286202964 0.4917961687571266 0.758324181299886 0.47212725655644244 0.7416913181299887 0.42886341733181305 0.7844384538198405 0.45672790193842644 0.8030337286202964
0 0.7431540011402508 0.9770282702394527 0.7706369213226909 0.9414978939566705 0.745023465222349 0.9105796248574687 0.7112086020524516 0.9373422611174459 0.7431540011402508 0.9770282702394527
0 0.8246187822120866 1 0.8439471163055872 0.9854625997719499 0.8222868654503991 0.9575931436716077 0.7634252348916761 1 0.8246187822120866 1
0 0.8661313523375143 0.9065647787913341 0.9006502212086659 0.88955782668187 0.88648030672748 0.8538903124287344 0.8433781379703534 0.8744571938426454 0.8661313523375143 0.9065647787913341
0 0.9458251014823261 0.6804935473204105 0.9731445724059293 0.6671464321550741 0.9535112930444698 0.6102899464082098 0.9156466556442417 0.6353847730900798 0.9458251014823261 0.6804935473204105
0 0.9018316602052452 0.574773441277081 0.9320127149372861 0.5602402383124288 0.9191273432155074 0.5260487366020524 0.8899411231470924 0.5462009612314709 0.9018316602052452 0.574773441277081
0 0.9018133489167617 0.37642023489167614 0.9218980079817559 0.4069534606613455 0.9590868802736602 0.391522535917902 0.930709969213227 0.3604094606613455 0.9018133489167617 0.37642023489167614
0 0.7725140558722919 0.31883080159635124 0.7542930250855189 0.28149224857468647 0.6925481368301026 0.31046509350057017 0.719352574686431 0.34424215621436716 0.7725140558722919 0.31883080159635124
0 0.8041699646522236 0.3626567001140251 0.7522929179019384 0.3895456282782212 0.7653714287343215 0.4209751242873432 0.8212014629418471 0.3971381277080958 0.8041699646522236 0.3626567001140251
0 0.319395275940707 0.28437170353477764 0.27651582554161913 0.32159939452679587 0.3009413090079817 0.3496606488027366 0.34806334435575825 0.3113434389965793 0.319395275940707 0.28437170353477764
0 0.9267111311288484 0.516869457240593 0.9557058791334093 0.4994777879133409 0.9423347616875712 0.47218796465222346 0.9046648209806157 0.4945208939566704 0.9267111311288484 0.516869457240593
0 0.8024257879133408 0.5748581949828963 0.8636053204104902 0.5468921140250855 0.8560846909920183 0.5267434207525655 0.7918913956670467 0.5680395564424173 0.8024257879133408 0.5748581949828963
0 0.7853523740022805 0.525363834663626 0.7667556704675028 0.5359564606613455 0.7949355313568985 0.5670651550741164 0.8117554344355759 0.5563467183580387 0.7853523740022805 0.525363834663626