0 0 0.9504755051311288 0.04004419954389966 0.9522983021664766 0.05158788483466363 0.8939406202964651 0 0.8895548038768528 0 0.9504755051311288
0 0.07041119270239453 0.7462138038768529 0.033910948688711515 0.7366294367160775 0.028232242873432154 0.7631411539338655 0.0636714937286203 0.7691269247434436 0.07041119270239453 0.7462138038768529
0 0.23535516419612312 0.39525803534777654 0.24473209464082096 0.3819349817559863 0.17510625085518816 0.37671439452679595 0.17202822576966934 0.3882984036488027 0.23535516419612312 0.39525803534777654
0 0.3440164709236032 0.17588381071835804 0.3522896567844926 0.10910217103762827 0.2951000672748004 0.10498502508551881 0.28592496579247434 0.1720744378563284 0.3440164709236032 0.17588381071835804
0 0.3036231163055872 0.17565990421892816 0.2542891094640821 0.17631044355758266 0.25251573660205245 0.21008006271379703 0.2980824150513113 0.21523283124287346 0.3036231163055872 0.17565990421892816
0 0.22544080273660203 0.16877406157354616 0.22520623603192702 0.14146486431014824 0.17440102850627137 0.14171225085518815 0.17137879475484608 0.16866694640820978 0.22544080273660203 0.16877406157354616
0 0.38092940478905357 0.12256613568985177 0.4177210410490308 0.12385092816419613 0.4188526442417332 0.10845916989737742 0.3785214002280502 0.1064566590649943 0.38092940478905357 0.12256613568985177
0 0.4140502200684151 0.14390378449258837 0.416304984036488 0.1303304549600912 0.3868614823261117 0.13133162713797034 0.3849741927023945 0.14288842645381983 0.4140502200684151 0.14390378449258837
0 0.016007475484606612 0.22852946978335234 0.01873276738882554 0.26957927480045607 0.05053389965792474 0.2691169623717218 0.0527975496009122 0.22981420638540478 0.016007475484606612 0.22852946978335234
0 0.909963274800456 0.9144193397947548 0.9112067856328392 0.92989403990878 0.9470641345496009 0.93236882668187 0.9491284640820981 0.9157870182440137 0.909963274800456 0.9144193397947548
0 0.8882301961231471 0.9243450387685291 0.9024715153933865 0.9248423568985176 0.9082467810718358 0.9125786259977196 0.8886649680729761 0.9118948141391107 0.8882301961231471 0.9243450387685291
0 0.8991855781071836 0.9508419532497149 0.8991925165336374 0.933630149372862 0.884634142531357 0.933750267958951 0.8843524321550741 0.9503239692132269 0.8991855781071836 0.9508419532497149