0 0.32715438312428735 0.859762898517674 0.3122367833523375 0.8090801607753706 0.26812980957810717 0.8194792428734322 0.2817964446978335 0.8697934321550741 0.32715438312428735 0.859762898517674
0 0.3919340809578107 0.8428609429874572 0.3792376054732041 0.8122598312428734 0.319750984036488 0.828416314709236 0.3309301163055872 0.8610310091220068 0.3919340809578107 0.8428609429874572
0 0.3495491516533637 1 0.3411872337514253 0.9681443511972634 0.2772542736602052 0.9825273865450399 0.2821806602052452 1 0.3495491516533637 1
0 0.2130752748004561 0.9567633306727481 0.2695205553021665 0.948830464082098 0.26112511060433297 0.910425125427594 0.203327755986317 0.9215475176738883 0.2130752748004561 0.9567633306727481
0 0.15188326795895096 0.6834778289623717 0.24202726681870013 0.6636138950969213 0.21892486088939567 0.5930896659064995 0.13348506955530218 0.6122956225769669 0.15188326795895096 0.6834778289623717
0 0.5029900410490308 0.5579651664766249 0.577837244013683 0.5444481539338655 0.5696166020524516 0.5030203226909921 0.4966987993158495 0.5174669247434436 0.5029900410490308 0.5579651664766249
0 0.121605417331813 0.21632981413911062 0.11731645952109464 0.18154602052451538 0.0008045735461801596 0.2015197867730901 0.010550543899657925 0.23673581755986317 0.121605417331813 0.21632981413911062
0 0.3308378631698974 0.07536972177879132 0.32586765336374 0.04428233865450399 0.21784613454960092 0.06066294298745724 0.22347195553021665 0.09642646636259977 0.3308378631698974 0.07536972177879132
0 0.5818683500570125 0.20622052451539338 0.5696506909920183 0.1491624834663626 0.507996299885975 0.15842702850627138 0.5245761151653363 0.21667076282782213 0.5818683500570125 0.20622052451539338
0 0.825893897377423 0.6157426088939566 0.8101139030786773 0.5375922690992018 0.7613855724059293 0.5492388494868872 0.776606030786773 0.6212747434435575 0.825893897377423 0.6157426088939566
0 0.6357752086659064 0.4703322052451539 0.6514256522234891 0.5305068882554163 0.6864465176738883 0.5279833671607753 0.6697216134549602 0.46016350513112886 0.6357752086659064 0.4703322052451539
0 0.6474673500570125 0.5364610353477766 0.6025149692132269 0.5493772725199544 0.6238421619156214 0.6243465085518813 0.6720667023945268 0.6133703181299885 0.6474673500570125 0.5364610353477766
0 0.4928071151653364 0.6433618688711517 0.5435379464082097 0.6374312862029646 0.5217038677309008 0.563132873432155 0.47390336259977195 0.5728487217787913 0.4928071151653364 0.6433618688711517
0 0.35970566248574687 0.6092887890535919 0.41969916989737743 0.5924614811858608 0.40765539794754846 0.523830677309008 0.34274084264538196 0.5355067947548461 0.35970566248574687 0.6092887890535919
0 0 0.44657959977194983 0.013340784492588369 0.5018999236031927 0.05917475712656785 0.49738967502850623 0.03607443101482326 0.38848381755986316 0 0.39536181870011405 0 0.44657959977194983
0 0.6483296419612314 0.15009973660205247 0.6364535997719498 0.09119492930444698 0.60049361345496 0.09984628620296465 0.6109073101482326 0.1526010102622577 0.6483296419612314 0.15009973660205247
0 0.513032472063854 0.12173466590649944 0.5122040513112884 0.15423657810718358 0.5890107058152794 0.1439848905359179 0.578142921322691 0.10718614481185862 0.513032472063854 0.12173466590649944
0 0.7456202633979475 0.3517374481185861 0.7337442212086659 0.29283264082098065 0.6961140342075257 0.29812121892816423 0.710068 0.3590124161915621 0.7456202633979475 0.3517374481185861
0 0.17365290535917902 0.5610693090079818 0.16342044583808438 0.5181254652223489 0.11218272976054731 0.5247268722919043 0.11671598061573546 0.5719145678449259 0.17365290535917902 0.5610693090079818