0 0.6660485233751425 0.09851716761687572 0.6966939236031927 0.09194905017103763 0.6901497742303306 0.053641185860889395 0.655853874572406 0.05782766704675028 0.6660485233751425 0.09851716761687572
0 0.7553236579247434 0.2791774150513113 0.7378477183580388 0.215092078677309 0.7014155108323831 0.2327666795895097 0.7197926818700114 0.2873763375142531 0.7553236579247434 0.2791774150513113
0 0.7528738107183581 0.40894020752565563 0.7632681505131129 0.4451527012542759 0.8172112976054732 0.4344596191562144 0.8128242998859749 0.3976941345496009 0.7528738107183581 0.40894020752565563
0 0.8393424287343215 0.5624031379703535 0.8490840399087799 0.6048243363740022 0.9004987468643101 0.5949330912200683 0.8931532497149373 0.5540937012542759 0.8393424287343215 0.5624031379703535
0 0.9584700592930445 0.6005079384264538 0.9214880912200684 0.6123845290763968 0.9338344868871151 0.6422951174458381 0.9654801664766248 0.6358838472063854 0.9584700592930445 0.6005079384264538
0 0.9314922063854049 0.6572534914481185 0.911093204104903 0.6645411698973774 0.9233183568985176 0.6935292474344356 0.9419521904218928 0.6820545096921322 0.9314922063854049 0.6572534914481185
0 0.9017488608893957 0.6687736898517674 0.8889451174458382 0.6754608859749145 0.8957400729760547 0.7083996944127708 0.9131653717217788 0.7045453466362599 0.9017488608893957 0.6687736898517674
0 0.9076414914481186 0.8076711847206386 0.9423496111744584 0.9033410843785633 0.9565607046750285 0.8136157730900798 0.9436581299885974 0.7908324903078678 0.9076414914481186 0.8076711847206386
0 0.696226417331813 0.6813084697833524 0.6615697172177879 0.6815303238312429 0.6728796396807298 0.742835605473204 0.7040591163055872 0.7393578335233751 0.696226417331813 0.6813084697833524
0 0.6815816202964652 0.8647446738882554 0.6456276453819841 0.8731771755986317 0.663383778791334 0.9355034367160775 0.6979000421892817 0.9223345895096922 0.6815816202964652 0.8647446738882554
0 0.4074501242873432 0.7957775849486887 0.42426903990877995 0.8260959760547321 0.46604401824401365 0.7936360741163055 0.44823928734321555 0.76196082668187 0.4074501242873432 0.7957775849486887
0 0.17058576282782212 0.8352093055872292 0.14337157810718357 0.8056506522234891 0.08520638882554163 0.8661733101482326 0.11251238084378562 0.8909372930444698 0.17058576282782212 0.8352093055872292
0 0.36940466476624856 0.43687445838084377 0.40164770581527937 0.39749606841505136 0.35739481984036486 0.3610306921322691 0.32399975142531356 0.4050358289623717 0.36940466476624856 0.43687445838084377
0 0.23841231356898518 0.47143321550741163 0.2301461299885975 0.4743320387685291 0.25717347206385405 0.5008553420752565 0.28732463625997723 0.46595484150513117 0.24628848688711516 0.4287966442417332 0.22229461915621437 0.4556550980615735 0.23841231356898518 0.47143321550741163
0 0.8933893945267958 0.7215532850627138 0.8633375735461802 0.7423424697833524 0.87873434663626 0.7778443922462942 0.9122650399087798 0.7633171448118585 0.8933893945267958 0.7215532850627138
0 0.30635198859749146 0.5164594196123147 0.27942323033067273 0.5323328871151654 0.2945698517673888 0.5680957662485747 0.32597253591790193 0.555637661345496 0.30635198859749146 0.5164594196123147
0 0.21489944355758267 0.5473632554161916 0.2058680889395667 0.5366149851767389 0.16495014481185863 0.5788258825541619 0.1726228905359179 0.5872549407069556 0.21489944355758267 0.5473632554161916
0 0.22488596351197263 0.5525502884834664 0.18569798859749145 0.5881235290763969 0.19382790307867728 0.6050426944127708 0.23378990877993158 0.5650818323831243 0.22488596351197263 0.5525502884834664
0 0 0.8454089361459521 0.00894909007981756 0.8546949087799316 0.03508568871151654 0.8299792827822121 0.005241963511972634 0.7963972451539338 0 0.8020676248574686 0 0.8454089361459521
0 0.23439612086659065 0.6460342611174459 0.25037951539338654 0.6650974389965792 0.2856752291904219 0.6394262873432155 0.26694142531356896 0.6136169817559863 0.23439612086659065 0.6460342611174459
0 0.32795964766248575 0.4931305096921323 0.35272887229190425 0.523203645381984 0.36926824059293045 0.505985236031927 0.34122618472063854 0.47449200798175595 0.32795964766248575 0.4931305096921323
0 0.1570726339794755 0.3722850843785633 0.18849813340935004 0.39980556214367163 0.21287695553021665 0.3748115324971494 0.18455495210946407 0.3450758369441277 0.1570726339794755 0.3722850843785633
0 0.24084931470923604 0.32333327822120866 0.20660865222348915 0.2926617411630559 0.18218289167616875 0.3410948141391106 0.20998398289623718 0.36653836488027364 0.24084931470923604 0.32333327822120866
0 0.1721515313568985 0.4044303295324972 0.14314310490307866 0.3863099441277081 0.12524649144811859 0.4048162645381984 0.15461805131128847 0.43171085632839223 0.1721515313568985 0.4044303295324972