0 0.428871102622577 0.32580187229190427 0.396110503990878 0.3283596738882554 0.407260779931585 0.3835675621436716 0.4388170467502851 0.3796638939566705 0.428871102622577 0.32580187229190427
0 0.5219832622576966 0.6477066305587229 0.47052071151653363 0.661726929304447 0.48319944013683014 0.709345771949829 0.5346098711516534 0.6995065359179019 0.5219832622576966 0.6477066305587229
0 0.5857067331812998 0.8951151516533637 0.548493244013683 0.9028091927023945 0.5597143295324971 0.9574275667046751 0.5949586043329532 0.9575659828962371 0.5857067331812998 0.8951151516533637
0 0.9451711573546181 0.7849123477765108 0.851229984036488 0.7832482702394526 0.853023842645382 0.8319234526795894 0.9385898574686432 0.8310636681870012 0.9451711573546181 0.7849123477765108
0 0.29789615963511973 0.04949612542759407 0.28339541163055876 0.044127978335233756 0.2708901277080958 0.11676885860889395 0.28612449942987456 0.11923918700114025 0.29789615963511973 0.04949612542759407
0 0.17651170353477763 0 0.1840213329532497 0.021157039908779932 0.23115443101482325 0.007203360319270239 0.2304305165336374 0 0.17651170353477763 0
0 0.25534648460661347 0.000004218928164196123 0.24320905473204105 0.001504974914481186 0.24663585746864308 0.022264838084378562 0.2589180057012543 0.01958543329532497 0.25534648460661347 0.000004218928164196123
0 0.2689187844925884 0 0.2709724401368301 0.013888598631698975 0.28266545610034205 0.011135282782212088 0.2822753238312429 0 0.2689187844925884 0
0 0.3612061220068415 0.13563655872291905 0.3420136396807298 0.14105516077537059 0.3495070524515393 0.20658337742303307 0.36620970353477766 0.2068395781071836 0.3612061220068415 0.13563655872291905
0 0.3178641687571266 0.15693356100342074 0.30849495324971493 0.15608227023945268 0.31105089851767387 0.21801319726339796 0.3263578209806157 0.2198926510832383 0.3178641687571266 0.15693356100342074
0 0.0853622314709236 0.30605712200684154 0.03483081413911061 0.3163018152793614 0.0422424070695553 0.3435330387685291 0.0920309464082098 0.33229981755986315 0.0853622314709236 0.30605712200684154
0 0.0801798700114025 0.2533750535917902 0.02921467274800456 0.2695501505131129 0.03603114823261117 0.2919226305587229 0.08618012770809579 0.27774104675028505 0.0801798700114025 0.2533750535917902
0 0.28159621094640824 0.3848861698973774 0.29575328164196124 0.4350809395667047 0.32964421322690995 0.42189416419612313 0.3144015530216648 0.3805408084378563 0.28159621094640824 0.3848861698973774
0 0.48092763740022804 0.49909390992018243 0.4309218278221209 0.5120966556442418 0.43959642645381986 0.5436704184720639 0.4915222713797035 0.5344926784492589 0.48092763740022804 0.49909390992018243
0 0.7167901425313569 0.5720225427594071 0.6764095336374002 0.566765322690992 0.6746937856328392 0.5904830136830103 0.708995449258837 0.5982855564424173 0.7167901425313569 0.5720225427594071
0 0.8093868449258838 0.5789054207525656 0.8025447844925884 0.6151542770809578 0.818813275940707 0.6189464230330672 0.8224929965792475 0.5841054811858608 0.8093868449258838 0.5789054207525656
0 0.7976622360319271 0.5702873124287343 0.7820767685290764 0.5725611208665906 0.7798336111744584 0.5908301721778791 0.7930123124287344 0.5954393591790195 0.7976622360319271 0.5702873124287343
0 0.1645267890535918 0.4422985028506271 0.11052855302166477 0.4542128301026226 0.12089721322690991 0.48659280729760546 0.17311094754846065 0.4750575781071836 0.1645267890535918 0.4422985028506271