0 0.5622877514253135 0.5653159771949828 0.5964212599771951 0.5569946659064995 0.5813277742303307 0.49870466248574685 0.5517709144811859 0.5021132588369441 0.5622877514253135 0.5653159771949828
0 0.6825669954389966 0.2676228836944128 0.722353929304447 0.27098638768529076 0.7252728529076397 0.21860260889395666 0.690964472063854 0.2049478848346636 0.6825669954389966 0.2676228836944128
0 0.9119042907639681 0.28456694982896236 0.9652789258836945 0.29280296807297607 0.9711293226909921 0.25635784150513113 0.9168509726339795 0.24874749258836945 0.9119042907639681 0.28456694982896236
0 0.7604169726339794 0.814758007981756 0.8103420216647662 0.8020235165336375 0.8059145085518814 0.7772254287343215 0.7587596704675028 0.786595566704675 0.7604169726339794 0.814758007981756
0 0.581178669327252 0.8816181265678449 0.6508372246294185 0.8575005108323832 0.6305827445838085 0.8213713112884834 0.5657470980615735 0.8343309988597492 0.581178669327252 0.8816181265678449
0 0.7106226157354618 0.918091566704675 0.7665011288483466 0.9063373990877993 0.7592058129988597 0.8673792075256556 0.7052266647662486 0.8853052234891676 0.7106226157354618 0.918091566704675
0 1 0.8226822200684151 0.966841031927024 0.8304243933865451 0.9684317571265679 0.8582921037628278 1 0.849727598631699 1 0.8226822200684151
0 0.02548401482326112 0.626245086659065 0.0042334515393386545 0.6299577320410491 0.006802872291904219 0.7035363204104903 0.033898241733181296 0.6972446864310149 0.02548401482326112 0.626245086659065
0 0.2093242291904219 0.7341917890535918 0.22606974914481187 0.7273688472063854 0.21654754846066135 0.6926487673888256 0.19757786088939566 0.6933112029646522 0.2093242291904219 0.7341917890535918
0 0.23334650741163057 0.7083986488027366 0.24543723261117448 0.7041162679589509 0.24191393158494867 0.6881982816419612 0.22889260319270238 0.6892471083238312 0.23334650741163057 0.7083986488027366
0 0.6380519030786773 0.49137680501710373 0.6455019464082098 0.466758054732041 0.6273030433295325 0.4555113363740023 0.6198944424173318 0.48131686316989736 0.6380519030786773 0.49137680501710373