0 0.7781822862029647 0.9275066077537059 0.7953577981755986 0.8856723454960092 0.7592068312428735 0.8693657468643101 0.7429258369441277 0.9055583899657925 0.7781822862029647 0.9275066077537059
0 0.8951859749144812 0.6613776134549602 0.8591572212086659 0.646449984036488 0.8376742177879134 0.7025671436716078 0.8831137149372862 0.7138905450399088 0.8951859749144812 0.6613776134549602
0 0.6795180433295325 0.9111058529076397 0.6442631505131129 0.8891574994298745 0.6201950798175598 0.9315932132269099 0.6552100809578107 0.9507816602052451 0.6795180433295325 0.9111058529076397
0 0.4121509669327252 0.5381423158494869 0.4461475461801596 0.5615919897377423 0.471785236031927 0.537097118586089 0.43017019726339795 0.5059697217787914 0.4121509669327252 0.5381423158494869
0 0.36094513911060433 0.2227581915621437 0.3357903443557583 0.2527726020524515 0.38238642417331814 0.2931996978335234 0.4031638665906499 0.26078579247434436 0.36094513911060433 0.2227581915621437
0 0.8560750672748004 0.13493620980615736 0.879849196123147 0.105042590649943 0.8507113090079818 0.08951209007981757 0.8298130729760548 0.12054533181299885 0.8560750672748004 0.13493620980615736
0 0.17755696009122007 0.7144281014823262 0.19656273546180159 0.7252816909920182 0.2160817274800456 0.6943675484606613 0.19209505017103762 0.6742158152793615 0.17755696009122007 0.7144281014823262
0 0.7852821128848346 0.2148383990877993 0.7535068038768529 0.20092987343215507 0.734883748004561 0.22620070581527935 0.7666575017103763 0.24010936830102622 0.7852821128848346 0.2148383990877993
0 0.3737819064994299 0.05196603990877993 0.35861951197263403 0.05329257696693272 0.3491832531356899 0.10418522576966932 0.368068236031927 0.11365815051311288 0.3737819064994299 0.05196603990877993
0 0.3022678882554162 0.5046433454960091 0.3143607628278221 0.48411595667046753 0.27695134663626 0.4693091208665906 0.2710265484606613 0.4809541881413911 0.3022678882554162 0.5046433454960091
0 0.2999434663625997 0.5257089064994299 0.30862647890535916 0.5138225256556442 0.26701143899657925 0.48269512884834664 0.255692425313569 0.49620179247434437 0.2999434663625997 0.5257089064994299
0 0.2243507708095781 0.5031159578107184 0.2831095803876853 0.5396980592930445 0.2944301505131129 0.5261912588369442 0.23315457582668186 0.49261024059293046 0.2243507708095781 0.5031159578107184