0 0.4539481516533637 0.20192150285062715 0.4658438996579247 0.2631198221208666 0.49839529076396805 0.25316329418472067 0.4842978472063854 0.1899734891676169 0.4539481516533637 0.20192150285062715
0 0.5227161630558723 0.1292777787913341 0.5439882223489168 0.20135565108323833 0.5843282907639681 0.19411919954389964 0.567252181299886 0.12182898745724059 0.5227161630558723 0.1292777787913341
0 0.4731990763968073 0.08930256442417332 0.44999882782212086 0.0003608962371721779 0.28429248916761685 0.03257094526795895 0.3059075302166477 0.13754718472063854 0.4731990763968073 0.08930256442417332
0 0.5428672508551882 0.6624823637400228 0.5622432063854048 0.7403725701254276 0.5967533295324972 0.7342693443557582 0.5737831140250855 0.6534470216647662 0.5428672508551882 0.6624823637400228
0 0.6135634070695553 0.7273726180159635 0.57868065336374 0.7377823169897377 0.5925023797035348 0.808888936145952 0.6293769179019385 0.7962790763968074 0.6135634070695553 0.7273726180159635
0 0.6115152793614596 0.5051795450399088 0.6298555188141391 0.5808532120866591 0.7296513397947548 0.5215323181299886 0.7192910262257697 0.4775765678449259 0.6115152793614596 0.5051795450399088
0 0.9330592976054732 0.5781686305587229 0.9512709156214367 0.6345100912200684 0.9980580570125428 0.6199718244013683 0.9851889258836943 0.5662210695553022 0.9330592976054732 0.5781686305587229
0 0.9972324743443558 0.8989757537058153 0.9775833842645383 0.8072251995438997 0.9437080969213226 0.822580401368301 0.9646810832383124 0.908932282782212 0.9972324743443558 0.8989757537058153
0 0.6955317913340936 0.7755550604332954 0.7272740535917902 0.7645476773090081 0.7164960923603193 0.7122034355758267 0.6792760456100342 0.7224625952109464 0.6955317913340936 0.7755550604332954
0 0.8790036966932726 0.1320011984036488 0.9166904321550741 0.12044159863169897 0.8995129942987456 0.06631697263397947 0.8632022782212088 0.07700424059293044 0.8790036966932726 0.1320011984036488
0 0.7004420900798176 0.3245793124287343 0.723988755986317 0.32121362143671606 0.7122701630558723 0.27026194526795894 0.6897598095781072 0.2758472417331813 0.7004420900798176 0.3245793124287343