0 0.7384924047890535 0.47999423603192704 0.8007981767388825 0.47781846978335235 0.8056127662485746 0.4455589167616876 0.7408712782212087 0.44603740364880273 0.7384924047890535 0.47999423603192704
0 0.7810949167616876 0.3899588323831243 0.8561106100342075 0.39447169669327253 0.8533500649942988 0.34940151995439 0.7790713580387686 0.3490248301026226 0.7810949167616876 0.3899588323831243
0 1 0.4912724583808438 0.9980812029646523 0.43632530216647664 0.9062001835803877 0.433727197263398 0.8968244789053592 0.6075837491448118 1 0.605124952109464 1 0.4912724583808438
0 0.25178648802736603 0.4934241459521095 0.332039015963512 0.49478201254275944 0.3338882257696693 0.46262601254275937 0.2499702006841505 0.4584255883694413 0.25178648802736603 0.4934241459521095
0 0.2506127331812999 0.4768253101482326 0.2529087183580388 0.44049492588369443 0.1822110638540479 0.44058729418472065 0.1782193591790194 0.47935334207525654 0.2506127331812999 0.4768253101482326
0 0.3920079144811858 0.391660685290764 0.4698677263397948 0.3925079942987457 0.4725189737742303 0.28128521436716075 0.4273592428734322 0.28107832725199544 0.3920079144811858 0.391660685290764
0 0.26742352451539336 0.09055331584948688 0.3264176807297605 0.09562410034207526 0.3263324127708096 0.04214293500570125 0.2710643603192702 0.04169492702394527 0.26742352451539336 0.09055331584948688
0 0 0.13925232155074116 0.08587470923603192 0.140228913340935 0.0932160763968073 0.10376767958950969 0 0.10525197605473204 0 0.13925232155074116
0 0.1911071242873432 0.3380612451539339 0.1875223158494869 0.3714660775370582 0.2429107708095781 0.3753619828962372 0.24453429988597492 0.33678807411630557 0.1911071242873432 0.3380612451539339
0 0.7760953922462942 0.008607253135689852 0.7733097354618016 0.04792842531356899 0.8304516704675028 0.0509532314709236 0.832696889395667 0.013169043329532497 0.7760953922462942 0.008607253135689852
0 0.6238175883694413 0.24153387685290764 0.625835007981756 0.26523415849486887 0.6757210684150513 0.264680322690992 0.6760994857468643 0.24149049030786773 0.6238175883694413 0.24153387685290764
0 0.05354283352337514 1 0.05393335461801596 0.9864528985176739 0.017964370581527934 0.9874322314709236 0.018559058152793614 1 0.05354283352337514 1