0 0.8337600638540479 0.3883858597491448 0.8856900034207525 0.39841420752565565 0.8956867651083238 0.34288817787913345 0.8432163591790195 0.33668171037628275 0.8337600638540479 0.3883858597491448
0 0.7037794595210947 0.3016723249714937 0.7105885484606613 0.3346117913340935 0.7476557890535918 0.32515331128848346 0.7391080535917902 0.2874298358038768 0.7037794595210947 0.3016723249714937
0 0.891367141391106 0.7612095450399088 0.9097025769669328 0.7707262554161916 0.9322923990877994 0.726813189281642 0.9171637206385405 0.7181049543899658 0.891367141391106 0.7612095450399088
0 0.7524887571265678 0.6851081824401368 0.7898420364880273 0.7036485347776511 0.8277060820980616 0.6281912098061573 0.7980636180159635 0.6099688221208667 0.7524887571265678 0.6851081824401368
0 0.717566291904219 0.689195425313569 0.7005359201824402 0.7321871516533638 0.7468078255416192 0.7551458312428734 0.7641368791334093 0.7164110524515394 0.717566291904219 0.689195425313569
0 0.6655860877993159 0.5162471505131129 0.6460905450399087 0.5444192212086659 0.6881590307867731 0.5787351676168757 0.7132861197263398 0.5478481402508553 0.6655860877993159 0.5162471505131129
0 0.48839051881413914 0.6516968289623718 0.5002987993158495 0.6752243580387685 0.5423738517673888 0.6704649372862029 0.524090645381984 0.6351085803876853 0.48839051881413914 0.6516968289623718
0 0.13646937628278222 0.5767211584948688 0.12357813797035348 0.5404121881413911 0.07234338084378562 0.5677653192702394 0.09258564766248575 0.6010305199543899 0.13646937628278222 0.5767211584948688
0 0.24017286316989736 0.3851462907639681 0.2684116670467503 0.4118614709236032 0.30920394754846064 0.3720321117445838 0.2779840684150513 0.34003714937286206 0.24017286316989736 0.3851462907639681
0 0.5013761482326112 0.5431401539338654 0.534411810718358 0.5471701858608894 0.5404492029646523 0.509051590649943 0.5085587502850627 0.5082086966932725 0.5013761482326112 0.5431401539338654
0 0.037547914481185864 0.9317249315849486 0.0941139897377423 0.9162773785632838 0.06510586088939567 0.8070826396807297 0.007267554161915621 0.8267772086659065 0.037547914481185864 0.9317249315849486
0 0.8488231938426455 0.11484165678449258 0.7838966396807298 0.17549413911060432 0.8422277491448119 0.228618496009122 0.9023847183580388 0.15668885860889398 0.8488231938426455 0.11484165678449258