0 0.2095143283922463 1 0.21790804675028505 0.9871233671607753 0.17126712428734323 0.9479844811858609 0.1391261755986317 1 0.2095143283922463 1
0 0.3721840022805017 0.992708803876853 0.39186650285062713 0.9388461254275942 0.356951897377423 0.9221942132269099 0.33339296465222346 0.976833534777651 0.3721840022805017 0.992708803876853
0 0.25254240706955533 0.8895517787913341 0.2647571927023945 0.8527576636259977 0.23174483580387684 0.8418542736602053 0.2181841197263398 0.8779179087799315 0.25254240706955533 0.8895517787913341
0 0.047105563283922465 0.9040069156214368 0.05839390193842645 0.995943054732041 0.10799528164196123 0.9147759726339795 0.053034240592930444 0.8757629281641961 0.047105563283922465 0.9040069156214368
0 0.05963741505131129 0.4914954948688711 0.07978794868871152 0.46090707297605477 0.04672038882554162 0.44492568529076393 0.0319440433295325 0.4703708209806158 0.05963741505131129 0.4914954948688711
0 0.11468464538198404 0.09290810262257697 0.11110922576966932 0.07839188483466362 0.08075203420752566 0.09438256442417332 0.08992805587229191 0.11030484492588369 0.11468464538198404 0.09290810262257697
0 0.10361092816419612 0.07572330672748005 0.09562545153933866 0.05935574002280501 0.06667278335233752 0.07666948688711517 0.07512869783352337 0.09238108209806158 0.10361092816419612 0.07572330672748005
0 0.4216110285062714 0.144355417331813 0.3481771847206385 0.11090069783352338 0.32659317217787914 0.1404687092360319 0.4076373546180159 0.17658139908779932 0.4216110285062714 0.144355417331813
0 0.4335788392246294 0.22723499201824401 0.40204346408209807 0.21375741505131127 0.3898996784492589 0.2511425963511973 0.4233564503990878 0.26079342645381987 0.4335788392246294 0.22723499201824401
0 0.33283362941847205 0.27310464994298744 0.35135417331812996 0.28279479247434436 0.37917473090079823 0.21836154275940706 0.36048862485746863 0.20629731927023948 0.33283362941847205 0.27310464994298744
0 0.3451270205245154 0.305094913340935 0.35946503192702395 0.3099147251995439 0.38305238312428735 0.26454572633979473 0.36782695210946403 0.25145994982896236 0.3451270205245154 0.305094913340935
0 0.47015961003420753 0 0.4624901402508552 0.014908629418472064 0.5047596830102622 0.03304873204104903 0.5215077730900798 0 0.47015961003420753 0
0 0.7807366921322691 0.28510847206385403 0.7417016590649943 0.2689640581527936 0.7266622998859749 0.3040112565564424 0.7623438768529076 0.32026831927023947 0.7807366921322691 0.28510847206385403
0 0.8854825872291904 0.2620777411630559 0.8454666465222349 0.2574197377423033 0.8358004036488027 0.2950973500570126 0.8764270410490308 0.3002801527936146 0.8854825872291904 0.2620777411630559
0 0.7717110547320412 0.9514297662485747 0.8133004150513112 0.9640302200684151 0.8398678118586089 0.9029811676168757 0.8005433375142531 0.884479457240593 0.7717110547320412 0.9514297662485747
0 0.36202730216647666 0.4232613945267959 0.3800687605473204 0.3803679726339795 0.365079511972634 0.3702442417331813 0.3437909555302166 0.4192193420752566 0.36202730216647666 0.4232613945267959
0 0.3124367388825542 0.9587684264538199 0.33487546408209806 0.8884156852907639 0.267382850627138 0.8643978791334094 0.23727370353477764 0.9312058620296465 0.3124367388825542 0.9587684264538199
0 0 0.4769572383124287 0.007568591790193842 0.4811404663625998 0.03005878677309008 0.42095095781071834 0.0020121003420752567 0.40196182212086656 0 0.420661189281642 0 0.4769572383124287