0 0.7438674378563285 0.18403540935005702 0.7479215188141392 0.23671215051311287 0.793226740022805 0.23571066818700115 0.7903196624857469 0.183654511972634 0.7438674378563285 0.18403540935005702
0 0.6769892177879134 0.18709955872291903 0.6830459156214367 0.2196717092360319 0.7445917343215507 0.21623624743443556 0.7404378688711517 0.1820099897377423 0.6769892177879134 0.18709955872291903
0 0.7526750102622577 0.07510475712656785 0.8182012827822122 0.07432843557582668 0.8148915655644241 0.023774413911060433 0.7502734766248574 0.024330738882554163 0.7526750102622577 0.07510475712656785
0 0.8756211676168757 0.11287304903078678 0.8187600171037629 0.10889693044469782 0.8189870809578107 0.14820853021664768 0.8778339007981756 0.14934593500570126 0.8756211676168757 0.11287304903078678
0 0.878656732041049 0.3929091402508552 0.7863526510832383 0.39359700912200685 0.7942874025085519 0.46738337400228047 0.8818532725199544 0.4663610444697833 0.878656732041049 0.3929091402508552
0 0.5091269338654504 0.4426798472063854 0.43310497719498287 0.4403398722919042 0.4325326488027366 0.48257157354618013 0.5068606396807297 0.48360112770809577 0.5091269338654504 0.4426798472063854
0 0.8111474047890536 0.8561439692132269 0.8081106818700114 0.8910593785632839 0.926229283922463 0.8957462702394526 0.9240181094640821 0.8592734925883695 0.8111474047890536 0.8561439692132269
0 0.5771799395667047 0.950521873432155 0.5755781083238313 0.9819632873432155 0.6846448164196123 0.9883995758266818 0.6865775872291905 0.952247897377423 0.5771799395667047 0.950521873432155
0 0.35884048232611176 0.7703383021664766 0.3589281231470924 0.8286896818700114 0.421161425313569 0.8324462588369441 0.41705347206385407 0.7720281516533637 0.35884048232611176 0.7703383021664766
0 0.20529190763968072 0.31902949258836943 0.20447870239452678 0.39875290649942985 0.254563661345496 0.39749202166476627 0.25465291220068415 0.3238657730900798 0.20529190763968072 0.31902949258836943
0 0.36102352337514254 0.5007902291904219 0.35822610034207525 0.43867659635119727 0.3234458551881414 0.4338637251995439 0.3257047377423033 0.5036788643101482 0.36102352337514254 0.5007902291904219
0 0.36333584036488026 0.4336755393386545 0.4099913409350057 0.43038767844925885 0.40471717901938425 0.35262252793614596 0.3552643819840365 0.35333241619156214 0.36333584036488026 0.4336755393386545
0 0.5368423112884835 0.361266417331813 0.48598703420752565 0.35651986887115167 0.49189647548460663 0.433734244013683 0.5406724652223489 0.4341689931584949 0.5368423112884835 0.361266417331813
0 0.6599509874572406 0.4222682656784493 0.5977698871151653 0.42625450513112884 0.5952813283922463 0.49588960205245153 0.661204945267959 0.4979651311288483 0.6599509874572406 0.4222682656784493
0 0.9306494367160776 0.5942060045610034 0.9306021641961232 0.7055348358038769 0.9793368460661346 0.706560330672748 0.97641955986317 0.5993237343215507 0.9306494367160776 0.5942060045610034
0 0.2821633614595211 0.8114146362599772 0.2815328848346636 0.8715014002280502 0.31850577765108323 0.870515598631699 0.31928796921322694 0.8167485621436716 0.2821633614595211 0.8114146362599772
0 0.40860653363740024 0.8672897263397948 0.41617437856328393 0.8356702964652223 0.3389146875712657 0.8297289589509692 0.3418940957810718 0.8679831026225769 0.40860653363740024 0.8672897263397948
0 0.2289216111744584 0.5939553352337514 0.2282911345496009 0.6540420992018244 0.26619856898517674 0.6566928449258836 0.2652095222348917 0.5942310741163056 0.2289216111744584 0.5939553352337514
0 0.8319126510832383 0.5081165781071836 0.8329929794754847 0.5522494435575827 0.8844835381984036 0.5564452143671608 0.8898602234891676 0.5093461664766249 0.8319126510832383 0.5081165781071836