0 0.005285937286202965 0.7967578129988598 0.012868750285062715 0.83375 0.06502343785632839 0.8067328129988598 0.05506718700114025 0.7768078129988597 0.005285937286202965 0.7967578129988598
0 0.00041406271379703535 0.7527015621436717 0.04842968757126568 0.7402328129988597 0.03681406271379704 0.6753953124287343 0.010262499429874571 0.6886937502850627 0.00041406271379703535 0.7527015621436717
0 0.1540062497149373 0.5157937502850627 0.1961187502850627 0.5157937502850627 0.1928 0.4409812497149373 0.14799531242873432 0.4459687502850627 0.1540062497149373 0.5157937502850627
0 0.6417593751425315 0.40357499999999996 0.725475 0.4276812497149373 0.7769171870011402 0.16167968757126566 0.697264062713797 0.14671718700114025 0.6417593751425315 0.40357499999999996
0 0.4694890627137971 0.04613437514253136 0.46328593728620293 0.09517812542759407 0.4865171870011402 0.09850312542759407 0.5014515621436716 0.050290624857468644 0.4694890627137971 0.04613437514253136
0 0.9240343751425314 0.06275937514253135 0.8565671870011403 0.06026562485746864 0.8532484378563284 0.1284296875712657 0.9146468745724059 0.13341718700114025 0.9240343751425314 0.06275937514253135
0 0.8615468745724059 0.2714046875712657 0.8534656248574687 0.37655937514253135 0.9212859372862029 0.37780624971493726 0.9312421870011403 0.2714046875712657 0.8615468745724059 0.2714046875712657
0 0.32721250057012546 0.9713218745724059 0.28684062485746864 0.9792187502850628 0.29070624971493725 0.9995843751425313 0.3371687502850627 0.9995843751425313 0.32721250057012546 0.9713218745724059
0 0.6500625005701255 0.9168734378563284 0.6259093751425313 0.9014968745724059 0.6093156248574687 0.941396874572406 0.6391843751425313 0.9530343751425313 0.6500625005701255 0.9168734378563284
0 0.8399046875712657 1 0.8648125005701254 0.9362703124287343 0.8482078129988597 0.9307281254275941 0.8219171870011402 1 0.8399046875712657 1
0 0.8191499999999999 0.9307281254275941 0.7873249999999999 0.9958437502850627 0.8053140627137971 0.998614062713797 0.8316046875712657 0.9376562497149372 0.8191499999999999 0.9307281254275941
0 0.7748718745724059 0.9972296875712656 0.8039296875712657 0.932114062713797 0.7928609372862029 0.9251874994298747 0.7624187502850628 0.9861453124287343 0.7748718745724059 0.9972296875712656
0 0.8316046875712657 0.46384062485746863 0.8606609372862029 0.4707687502850627 0.8744984378563283 0.38348593728620295 0.8482078129988597 0.3848718745724059 0.8316046875712657 0.46384062485746863