0 0.06882877537058153 0.8432431676168758 0.11835790649942989 0.8542698563283923 0.13316825655644243 0.8060203432155075 0.08420555872291904 0.7928154994298745 0.06882877537058153 0.8432431676168758
0 0.155283818700114 0.8310927035347776 0.18534322576966933 0.8358619064994298 0.205713834663626 0.7802355131128847 0.16541899429874574 0.7709089566704675 0.155283818700114 0.8310927035347776
0 0.2816744629418472 0.765962433295325 0.3096378700114025 0.7686278688711516 0.31669025883694407 0.7334603671607753 0.2839871539338655 0.7296622976054732 0.2816744629418472 0.765962433295325
0 0.4412057514253136 0.6805853340935005 0.47882460775370583 0.6836925416191562 0.48777254275940707 0.6278711664766249 0.4514933500570126 0.6257748529076397 0.4412057514253136 0.6805853340935005
0 0.03830395667046751 0.13102577537058152 0.04857895895096921 0.19133740820980616 0.10222548460661346 0.17870298517673888 0.08957289965792474 0.1160242109464082 0.03830395667046751 0.13102577537058152
0 0.23464552223489166 0.2905023261117446 0.27321458152793615 0.2832830433295325 0.2633414503990878 0.23010837514253135 0.23057332155074117 0.23441384264538198 0.23464552223489166 0.2905023261117446
0 0.5284448460661345 0.25580696009122006 0.5789607673888256 0.23971363397947548 0.5527421037628278 0.17264738198403648 0.5002343443557582 0.1821238369441277 0.5284448460661345 0.25580696009122006
0 0.48172569669327253 0.409872425313569 0.49601491334093506 0.4048662816419612 0.4834068734321551 0.33648676738882555 0.4680169361459521 0.33684934891676166 0.48172569669327253 0.409872425313569
0 0.6873484823261118 0.18730645610034208 0.7045012896237172 0.21547462713797036 0.7335135051311288 0.2000051094640821 0.7193114207525655 0.16722356784492587 0.6873484823261118 0.18730645610034208
0 0.6203012497149373 0.2692791299885975 0.6365164811858609 0.30357492018244014 0.6470301835803877 0.2973022120866591 0.6314027058152794 0.26292224059293046 0.6203012497149373 0.2692791299885975
0 0.5649245940706956 0.3532106989737742 0.5756952964652223 0.344500377423033 0.5621529532497149 0.3164243728620296 0.552560905359179 0.3240680912200684 0.5649245940706956 0.3532106989737742
0 0.0335291527936146 0.4896491482326112 0.1260309464082098 0.47784961687571265 0.11233254732041048 0.3718479007981756 0.016976005701254276 0.3912452405929304 0.0335291527936146 0.4896491482326112
0 0.678228244013683 0.7540001470923604 0.7129087879133409 0.7575203055872293 0.7180812086659064 0.7004323694412771 0.6824538871151654 0.6979446476624858 0.678228244013683 0.7540001470923604
0 0.6492095564424173 0.6627444230330672 0.6403345051311288 0.7233506579247434 0.6747671470923604 0.7251069019384265 0.6791132269099203 0.6621392474344355 0.6492095564424173 0.6627444230330672
0 0.692150763968073 0.9085367594070696 0.7259954355758267 0.9103756374002281 0.7348514196123147 0.8581662736602051 0.701127811858609 0.8500147377423034 0.692150763968073 0.9085367594070696
0 0.8298760889395667 0.7362849429874573 0.857094244013683 0.7336588517673889 0.8654448893956671 0.682120094640821 0.834150575826682 0.6766250684150513 0.8298760889395667 0.7362849429874573
0 0.9191478494868871 0.9447472690992018 0.9332622645381984 0.9427636180159634 0.9431810444697833 0.8810513603192702 0.925389496009122 0.8778541630558723 0.9191478494868871 0.9447472690992018
0 0.8656269555302167 0.9522691402508552 0.8847387263397947 0.9474246488027367 0.8935740969213227 0.9036123751425315 0.8745794321550742 0.9002860501710377 0.8656269555302167 0.9522691402508552
0 0.5253934446978336 1 0.5380354469783352 0.9983091242873432 0.5522861630558723 0.9887515438996579 0.49696793500570124 0.9749409486887115 0.48716509806157354 1 0.5253934446978336 1
0 0.11991339224629419 0.6903645085518814 0.13579172177879134 0.6881329555302167 0.1378829007981756 0.656061047890536 0.12066611972633978 0.6554827822120867 0.11991339224629419 0.6903645085518814
0 0.1501394686431015 0.6579344321550742 0.14711247890535917 0.6961352884834663 0.16206431470923602 0.6958327001140251 0.16433806499429873 0.6565385347776511 0.1501394686431015 0.6579344321550742