0 0 0.8126200193842646 0.006298693272519954 0.8164594298745724 0.02103240250855188 0.6938844218928165 0 0.6916757103762828 0 0.8126200193842646
0 0.42281605701254277 0.19320880843785634 0.31727929190421894 0.14600668871151654 0.30016467160775373 0.20053257924743445 0.4051128004561004 0.2456213078677309 0.42281605701254277 0.19320880843785634
0 0.4362452326111744 0.15890837856328394 0.4655428472063854 0.043763582668187 0.3893999236031927 0.006435225769669327 0.3520837297605473 0.12199374116305588 0.4362452326111744 0.15890837856328394
0 0.5826920832383125 0.28159720638540475 0.5992593033067274 0.21912552679589511 0.48482913112884835 0.21479484150513115 0.47558554846066137 0.26390024173318133 0.5826920832383125 0.28159720638540475
0 0.5686402668187002 0.13751120068415051 0.4594427502850627 0.12845414367160776 0.4566549612314709 0.18164833181299886 0.5667776556442418 0.18950215849486884 0.5686402668187002 0.13751120068415051
0 0.5558342462941848 0.3771475233751425 0.5497314070695553 0.44072306613454965 0.5854408175598632 0.4467627297605474 0.5972157594070696 0.3807040763968073 0.5558342462941848 0.3771475233751425
0 0.5007115518814139 0.3978722770809578 0.5113944002280502 0.32620033751425315 0.46739472291904216 0.319727763968073 0.4636196647662486 0.39176016191562146 0.5007115518814139 0.3978722770809578
0 0.2147686465222349 0.15200460433295326 0.19014524173318129 0.2138162497149373 0.23659987343215508 0.23411124857468643 0.26638120752565564 0.16870055188141392 0.2147686465222349 0.15200460433295326
0 0.07680711858608893 0.10965121208665907 0.021327515393386544 0.07995380843785632 0.01239793842645382 0.2503402919042189 0.013938663625997721 0.25518538084378567 0.07680711858608893 0.10965121208665907
0 0.07691552337514253 0.2436029612314709 0.006517420752565565 0.36254724287343215 0.14887054047890536 0.439360511972634 0.21160456328392246 0.30304913568985176 0.07691552337514253 0.2436029612314709
0 0.2315203968072976 0.24039308095781073 0.14927134093500571 0.2003648905359179 0.12248695781071836 0.26295669669327254 0.20586821550741163 0.299174858608894 0.2315203968072976 0.24039308095781073
0 0.15161045153933866 0.2010820433295325 0.18366025883694412 0.21288182098061575 0.21613942645381987 0.13719354618015964 0.18343809806157355 0.11970343443557582 0.15161045153933866 0.2010820433295325