0 0.42423250513112887 0.932883621436716 0.4626888916761688 0.8960301858608894 0.42179054503990876 0.8585342656784494 0.3850143694412771 0.8940980535917903 0.42423250513112887 0.932883621436716
0 0.3710821242873432 0.9846985906499429 0.40381567730900797 0.9608344766248574 0.3650115644241733 0.9212361197263398 0.33787024857468645 0.9479720957810719 0.3710821242873432 0.9846985906499429
0 0.1513523329532497 0.6475116339794755 0.1901810684150513 0.6037537628278221 0.162238251995439 0.5764649270239453 0.11908699087799315 0.6147271094640822 0.1513523329532497 0.6475116339794755
0 0.3109591778791334 0.6573658266818699 0.3861340615735462 0.5917584104903079 0.34042760661345495 0.5458000387685291 0.2669375176738883 0.6079520524515394 0.3109591778791334 0.6573658266818699
0 0.27427207981755986 0.5920272223489167 0.31256540820980616 0.5520677411630559 0.2874900022805017 0.5299738415051312 0.24837212542759407 0.5694008859749145 0.27427207981755986 0.5920272223489167
0 0.20269269897377423 0.6789802690992018 0.22934583922462942 0.6535847103762829 0.19830830102622576 0.6312508928164197 0.17174498859749143 0.6538741619156214 0.20269269897377423 0.6789802690992018
0 0.5527548038768529 0.46422514139110604 0.506852488027366 0.44100296465222344 0.48761267388825547 0.47124461003420753 0.531493205245154 0.49178745838084376 0.5527548038768529 0.46422514139110604
0 0.5810281277080958 0.41236943329532494 0.6069765393386546 0.3855888779931585 0.5556072417331813 0.35860359749144816 0.5366153295324971 0.38708132725199546 0.5810281277080958 0.41236943329532494
0 0.84767213340935 0.6205141322690991 0.8626454903078676 0.5886441128848348 0.8309557343215508 0.5752060992018244 0.8193697388825542 0.610715779931585 0.84767213340935 0.6205141322690991
0 0.8551970592930445 0.2981965005701254 0.8789295028506272 0.2722626567844926 0.8567013534777651 0.2469745575826682 0.8298061755986317 0.2719479486887115 0.8551970592930445 0.2981965005701254
0 0.20039788711516532 0.9064890558722919 0.17446623831242872 0.9310172120866591 0.21086328164196122 0.9642782702394527 0.24350344127708096 0.953877496009122 0.20039788711516532 0.9064890558722919
0 0.2518146921322691 0.8136807514253136 0.2310523409350057 0.8419569977194983 0.267068015963512 0.8715322348916761 0.2954778779931585 0.8485688950969213 0.2518146921322691 0.8136807514253136
0 0.7490191801596351 0.45214732269099206 0.7422702326111745 0.4639052907639681 0.7629520296465222 0.47459864538198404 0.7699873169897377 0.46720266476624855 0.7490191801596351 0.45214732269099206
0 0.7539078814139111 0.4941552668187001 0.7615485553021664 0.4845848802736602 0.7418776510832383 0.475231189281642 0.7361007229190422 0.4822060125427594 0.7539078814139111 0.4941552668187001
0 0.7451498563283923 0.5180754241733181 0.7526144241733181 0.5054918289623717 0.7291578198403649 0.4932109087799316 0.7232982576966933 0.5007737035347777 0.7451498563283923 0.5180754241733181
0 0.735618220068415 0.5347013033067275 0.7435048392246295 0.5233809281641961 0.7232459635119726 0.5139446031927024 0.7156224857468643 0.521259496009122 0.735618220068415 0.5347013033067275