0 0.016554706955530216 0.7144896750285062 0.024402798175598633 0.7472720763968074 0.0811922850627138 0.7252476168757126 0.07196308323831242 0.6925602257696694 0.016554706955530216 0.7144896750285062
0 0.7269785610034207 0.367606771949829 0.8132555530216647 0.4296254059293044 0.8465787936145952 0.3897976248574686 0.7573449897377423 0.32520867502850626 0.7269785610034207 0.367606771949829
0 0.5781593454960091 0 0.5465791356898517 0.0121875165336374 0.5618201972633979 0.05139799429874572 0.6149762348916762 0.01712684606613455 0.6043741163055872 0 0.5781593454960091 0
0 0.8796137012542758 0 0.8644889236031927 0.030233335233751425 0.8953480330672748 0.05446317217787913 0.9191912668187 0.01807537628278221 0.8831744401368301 0 0.8796137012542758 0
0 0.8348660877993158 0.10313355074116307 0.8492278654503991 0.07018740592930445 0.8148990501710376 0.055920748004561004 0.7932410889395667 0.08382293614595211 0.8348660877993158 0.10313355074116307
0 0.7703471938426454 0 0.7952220478905359 0.012855629418472065 0.7989048095781072 0 0.7703471938426454 0
0 0.7614731927023946 0.006882781071835804 0.7542439635119726 0.02266457354618016 0.7860024618015964 0.039888042189281644 0.7943226590649943 0.01986199771949829 0.7614731927023946 0.006882781071835804
0 0.7411681790193843 0.05413303534777651 0.7898976738882555 0.07572393272519955 0.7979280535917902 0.05155332155074116 0.7524468540478906 0.036678757126567846 0.7411681790193843 0.05413303534777651
0 0.6900093090079817 0.9312711755986317 0.7958182177879134 0.9349837377423033 0.8017629030786774 0.92067796009122 0.6917097423033067 0.9158744287343215 0.6900093090079817 0.9312711755986317
0 0.6987758494868871 0.48068391904218927 0.6566100091220068 0.4933529965792474 0.6714349635119726 0.5464810889395667 0.7148866864310147 0.5323327742303307 0.6987758494868871 0.48068391904218927
0 0.07629305815279362 0.6353171778791334 0.12893631014823262 0.6135810843785632 0.12382373090079818 0.6000500718358039 0.06664774914481186 0.6165474036488028 0.07629305815279362 0.6353171778791334
0 0.07268766248574686 0.6036258540478905 0.12157139338654503 0.5877083728620297 0.11883733295324972 0.5684553169897377 0.06352563625997719 0.5917673272519954 0.07268766248574686 0.6036258540478905
0 0.7024758608893956 0.41299844127708096 0.7552847069555302 0.31702464538198405 0.6947798437856328 0.2774049897377423 0.6387465849486886 0.3698263055872292 0.7024758608893956 0.41299844127708096
0 0.867829724059293 0.5050303112884835 0.9141583580387684 0.44403907981755986 0.8387180467502852 0.395137094640821 0.800990055872292 0.455680409350057 0.867829724059293 0.5050303112884835
0 0.8536357708095781 0.5488882052451539 0.8513004332953249 0.4984454207525656 0.7494035997719498 0.49678527822120866 0.7486860045610034 0.5461054766248574 0.8536357708095781 0.5488882052451539
0 0.9156395940706956 0.9589259304446978 0.9038673671607754 0.9097398050171038 0.8857561288483466 0.9145790319270239 0.8989066602052451 0.96219644013683 0.9156395940706956 0.9589259304446978