0 0.5144126351197263 0.14816909578107185 0.5221469657924743 0.11407307069555303 0.47316466362599774 0.09866634549600911 0.45946367958950973 0.13089560661345495 0.5144126351197263 0.14816909578107185
0 0.8760495461801596 0 0.8481197753705816 0.03154706955530216 0.8788355712656785 0.05302988597491448 0.9055839760547321 0.018462381984036488 0.8800581322690991 0 0.8760495461801596 0
0 0.9604956807297604 0.06080325541619156 0.9341953785632839 0.03923371151653363 0.8352609486887116 0.1499354811858609 0.8637373135689852 0.1731074047890536 0.9604956807297604 0.06080325541619156
0 0.14318665450399087 0.9277981071835804 0.17886899429874573 0.9204979076396808 0.17329377537058155 0.8839870729760547 0.1322522189281642 0.8917561436716078 0.14318665450399087 0.9277981071835804
0 0.284866449258837 1 0.29323383124287344 0.9958295142531357 0.27781987913340933 0.9625666659064994 0.24852177309007983 0.9755743500570125 0.2571370410490308 1 0.284866449258837 1
0 0.268813606613455 0.9072583375142531 0.23631275484606612 0.9101017936145952 0.23501166362599774 0.9436349828962372 0.27171521208665905 0.9404238380843786 0.268813606613455 0.9072583375142531
0 0.8781238050171039 0.5281169578107183 0.8999681334093501 0.49875449144811856 0.8843140604332954 0.4899791904218928 0.8640484583808438 0.5197995553021665 0.8781238050171039 0.5281169578107183
0 0.9024654982896236 0.5409066077537058 0.9239256043329532 0.5139649646522235 0.9106359361459521 0.5049828061573546 0.8892178574686431 0.5319207708095781 0.9024654982896236 0.5409066077537058
0 0.9431191584948688 0.37264342873432155 0.9201871790193842 0.4235827958950969 0.9340150307867731 0.4319218529076397 0.9626817115165336 0.3852536123147092 0.9431191584948688 0.37264342873432155
0 0.854380503990878 0.9168985667046751 0.8880412075256556 0.9205176761687571 0.8925102953249715 0.8831265108323831 0.8557271174458381 0.8839574127708095 0.854380503990878 0.9168985667046751
0 1 0.6176716602052451 0.9977659327251995 0.616116511972634 0.979074692132269 0.640428701254276 1 0.6548007457240593 1 0.6176716602052451
0 0.18235729646522233 0.8038249064994298 0.16964967502850628 0.7470492120866591 0.15426698631698973 0.7555566499429875 0.16935695553021665 0.8049622884834663 0.18235729646522233 0.8038249064994298
0 0.020218396807297607 0.7386394424173318 0.02994402052451539 0.7359989384264539 0.040427965792474346 0.6652597673888255 0.013612127708095782 0.6631294401368302 0.020218396807297607 0.7386394424173318
0 0.28451457354618015 0.01819581984036488 0.2685598928164196 0.019591673888255418 0.27262720638540483 0.06608127822120866 0.2866042987457241 0.0636664047890536 0.28451457354618015 0.01819581984036488