0 0.024487897377423032 0.2751567730900798 0.09993514709236032 0.280965921322691 0.11037619498289625 0.19942753249714937 0.02567966362599772 0.20743816077537058 0.024487897377423032 0.2751567730900798
0 0.2777071083238313 0.37109741391106044 0.2809609851767389 0.42151705473204104 0.3098978358038768 0.41388587457240594 0.306071023945268 0.36466391448118585 0.2777071083238313 0.37109741391106044
0 0.5990901721778791 0.3274818620296465 0.7110981049030788 0.35462337628278223 0.7260424036488028 0.2931969566704675 0.6162884720638541 0.2695775792474344 0.5990901721778791 0.3274818620296465
0 0.5894809714937287 0.3888135940706956 0.7014060581527936 0.4112089566704675 0.7093912246294185 0.35881005245153935 0.5996989737742304 0.33845572177879135 0.5894809714937287 0.3888135940706956
0 0.813536922462942 0.4793248768529076 0.7982875473204104 0.5573841539338654 0.8500206476624858 0.5642010752565565 0.8612211550741162 0.49215087571265675 0.813536922462942 0.4793248768529076
0 0.8991986921322691 0.3566861949828962 0.8217440262257697 0.33784603306727484 0.808028810718358 0.39806331812998863 0.8901624515393386 0.4168218084378563 0.8991986921322691 0.3566861949828962
0 0.39277212656784494 0.3013895724059293 0.40828491334093503 0.3064633591790194 0.4123973990877993 0.27016730900798175 0.3946916898517674 0.2654287194982896 0.39277212656784494 0.3013895724059293
0 0.49199244013683013 0.5817350125427594 0.5377433557582668 0.5856855872291904 0.5436886316989737 0.552326748004561 0.4902898232611174 0.5434604606613455 0.49199244013683013 0.5817350125427594
0 0.459924645381984 0.7497577628278221 0.45405190535917905 0.787272220068415 0.5041315017103764 0.8012440889395667 0.5140914344355758 0.7600952462941847 0.459924645381984 0.7497577628278221
0 0.44008029418472067 0.632523740022805 0.45549982098061575 0.6322545917901938 0.468458992018244 0.5589844503990877 0.4517796100342075 0.5551187069555302 0.44008029418472067 0.632523740022805
0 0.4177398939566705 0.7801861231470923 0.43189076396807297 0.7751883956670468 0.4419987753705815 0.7085018301026226 0.4252883055872292 0.7028551071835804 0.4177398939566705 0.7801861231470923
0 0.44917561003420753 0.7457885051311288 0.46161080045610037 0.7443837673888255 0.4669297685290764 0.7092543375142532 0.45404938426453817 0.7097745233751426 0.44917561003420753 0.7457885051311288
0 0.4637721562143672 0.6303286750285062 0.48095037400228047 0.6288411470923604 0.4904632565564424 0.5960123124287343 0.47242124515393386 0.5900919122006842 0.4637721562143672 0.6303286750285062
0 0.23780497377423032 0.940102338654504 0.254391094640821 0.9386251459521094 0.2688158061573546 0.8813631163055873 0.2506016579247435 0.8790103261117446 0.23780497377423032 0.940102338654504
0 0.27428735005701255 0.9228380045610034 0.29029017445838085 0.9219648335233752 0.297461094640821 0.8909599612314709 0.28094960661345497 0.8847159258836944 0.27428735005701255 0.9228380045610034
0 0.29218357582668186 0.9284640285062714 0.30825737400228054 0.9317465028506271 0.31151567160775373 0.91446669327252 0.29920382782212085 0.911120117445838 0.29218357582668186 0.9284640285062714
0 0.40929724629418474 0.9763023990877994 0.4137339692132269 0.9245608369441276 0.36690086659064997 0.9265644298745723 0.36115406499429875 0.9712043375142532 0.40929724629418474 0.9763023990877994
0 0.8161083397947549 0.15088310148232612 0.8500177787913341 0.15623117673888257 0.8634328939566704 0.1090820581527936 0.8300549680729761 0.10016322462941847 0.8161083397947549 0.15088310148232612