0 0.8948089179019385 0.38208180045610035 0.9024055370581529 0.41974017103762823 0.9359857149372862 0.410820732041049 0.9280444139110604 0.37452616191562144 0.8948089179019385 0.38208180045610035
0 0.7285763454960091 0.22551780501710375 0.7458742303306728 0.2575785222348917 0.7778826932725199 0.24267245838084378 0.7627054549600912 0.2094303432155074 0.7285763454960091 0.22551780501710375
0 0.7192889851767388 0.27030221208665905 0.7043232656784493 0.23950959635119726 0.6487545245153934 0.25707472405929305 0.66462821322691 0.28738623603192703 0.7192889851767388 0.27030221208665905
0 0.8061940581527937 0.01038776054732041 0.753437236031927 0.023989233751425313 0.7666683842645381 0.04490748802736602 0.8139214002280502 0.02728961117445838 0.8061940581527937 0.01038776054732041
0 0.3646412930444698 0 0.33513674800456095 0.008195199543899658 0.3455942041049031 0.03198246180159635 0.3907081949828963 0.016072224629418472 0.38290354618015965 0 0.3646412930444698 0
0 0.09886401140250856 0.2070893101482326 0.06591559749144812 0.21484102394526797 0.07832299429874573 0.25088661915621435 0.10939090079817561 0.23735012656784493 0.09886401140250856 0.2070893101482326
0 0.17162290877993158 0.2672026784492588 0.1853795689851767 0.29854718586088935 0.21004126795895095 0.2899119817559863 0.19517168643101482 0.25636635575826683 0.17162290877993158 0.2672026784492588
0 0.11174360889395667 0.4847204264538198 0.1171322850627138 0.5175534903078677 0.17521006043329532 0.5047428836944128 0.16451693500570125 0.4706911425313569 0.11174360889395667 0.4847204264538198
0 0.1503768278221209 0.6884662611174458 0.19530887685290765 0.6437399327251996 0.164133834663626 0.6177220273660206 0.12245495895096922 0.6543553979475485 0.1503768278221209 0.6884662611174458
0 0 0.8925833101482327 0.04462206043329533 0.8586791619156215 0.01735393842645382 0.8313671299885975 0 0.8490137993158495 0 0.8925833101482327
0 0.4350875473204105 0.684756511972634 0.45238543215507415 0.7168172291904219 0.4795846784492588 0.7035239977194983 0.45878502964652224 0.6696618460661345 0.4350875473204105 0.684756511972634
0 0.5025200250855189 0.6592146248574686 0.5209632428734322 0.6925035621436716 0.5692018038768529 0.6722278380843786 0.5463338221208666 0.638004221208666 0.5025200250855189 0.6592146248574686
0 0.6584586351197264 0.6171780706955531 0.6638266442417332 0.650602961231471 0.7019484378563284 0.6477785461801596 0.6977216180159634 0.6157005541619156 0.6584586351197264 0.6171780706955531
0 0.7400014196123147 0.5618589236031927 0.748702038768529 0.6019291676168758 0.7756736191562144 0.5951553990877994 0.7711633637400227 0.5541808460661345 0.7400014196123147 0.5618589236031927
0 0.8041152155074116 0.49524650969213224 0.8113047229190421 0.5275499110604333 0.8517187993158495 0.5271804298745725 0.8457435781071836 0.4855793671607754 0.8041152155074116 0.49524650969213224
0 0.3528008244013683 0.3530639384264538 0.3322721220068415 0.362437582668187 0.35244806271379703 0.39714723147092357 0.37005726681870016 0.38631143329532497 0.3528008244013683 0.3530639384264538
0 0.6517386419612314 0.48636385746864313 0.6600390855188142 0.5038673272519955 0.6907139817559863 0.4846167628278221 0.6849132143671608 0.4720910638540479 0.6517386419612314 0.48636385746864313