0 0.21936862485746864 0.7657602633979474 0.18941769441277082 0.7592947833523375 0.17331659749144812 0.7879870456100343 0.2165298654503991 0.8002652497149373 0.21936862485746864 0.7657602633979474
0 0 0.6968743340935005 0.0000066465222348916764 0.6970033215507412 0.07399065678449258 0.6977235096921323 0.06960794298745723 0.6651198050171038 0.031056830102622578 0.6603863238312428 0.02378047434435576 0.6399771197263399 0 0.6407860296465222 0 0.6968743340935005
0 0.2525282155074116 0.677820913340935 0.21535425997719498 0.6732565256556442 0.20579997377423034 0.7055421790193843 0.2493522189281642 0.7150724618015963 0.2525282155074116 0.677820913340935
0 0.7567484823261117 0.8624114412770809 0.7514941778791334 0.8255211277080958 0.7138142748004561 0.8250773568985177 0.7166795245153934 0.8700398118586089 0.7567484823261117 0.8624114412770809
0 0.825888401368301 0.23101394982896237 0.8018927058152794 0.19879161687571267 0.7677260478905359 0.22666047890535918 0.7884334526795895 0.2515083511972634 0.825888401368301 0.23101394982896237
0 0.662720071835804 0.27371262713797034 0.6722726305587229 0.3097390752565564 0.7386136624857469 0.2816379908779932 0.7278540193842645 0.2440701322690992 0.662720071835804 0.27371262713797034
0 0.6869581573546181 0.679580849486887 0.6977178015963512 0.7171487069555302 0.7402020969213227 0.7126064458380844 0.7308178700114025 0.6752090421892816 0.6869581573546181 0.679580849486887
0 0.6729691596351197 0.5203327571265678 0.6759750957810718 0.5527642656784493 0.7138235210946409 0.5518355313568986 0.7154536453819841 0.5157889452679589 0.6729691596351197 0.5203327571265678
0 0.6457771356898517 0.24096306727480046 0.656819322690992 0.2534723261117446 0.7202390684150514 0.226405748004561 0.7114170330672748 0.2071999543899658 0.6457771356898517 0.24096306727480046
0 0.5107016009122007 0.5101674834663625 0.5017096830102623 0.4923324549600912 0.4518632257696693 0.5113069464082098 0.4548127286202965 0.5214277765108324 0.5107016009122007 0.5101674834663625
0 0.5247011767388826 0.25955400570125425 0.5340303318129989 0.2746424732041049 0.5828368654503991 0.2527523272519954 0.5760948643101482 0.23937629418472064 0.5247011767388826 0.25955400570125425
0 0.46538487913340937 0.2759709749144812 0.46903843101482323 0.2917557628278221 0.5245887069555303 0.28324029076396806 0.5168050421892817 0.26694996237172175 0.46538487913340937 0.2759709749144812
0 0.39000166932725205 0.1273056305587229 0.3640666396807298 0.14503333523375142 0.3768498859749145 0.1661202748004561 0.40553903990877993 0.1487323078677309 0.39000166932725205 0.1273056305587229
0 0.631195038768529 0.18898602736602052 0.6422374161915622 0.20149373546180158 0.6717714948688711 0.1772372291904219 0.6646903283922463 0.16661066818700115 0.631195038768529 0.18898602736602052
0 0.6547972576966933 0.2016426921322691 0.664632740022805 0.2126074401368301 0.6936577696693272 0.19247117103762826 0.6843313363740023 0.17738618700114026 0.6547972576966933 0.2016426921322691
0 0.22812143101482327 0.3416374891676169 0.22334370353477767 0.35777867046750284 0.26327197377423034 0.3626812451539339 0.26425546408209805 0.3432862223489168 0.22812143101482327 0.3416374891676169