0 0.022283359179019385 0.33721753249714936 0.04610634321550741 0.3437965484606613 0.053067675028506275 0.29553659863169895 0.032085394526795895 0.2914580558722919 0.022283359179019385 0.33721753249714936
0 0.28364936488027365 0 0.2828831801596351 0.0032071733181299887 0.3226621254275941 0.01638477765108324 0.3242948323831243 0.015764605473204105 0.3265403580387686 0 0.28364936488027365 0
0 1 0.18940754618015965 0.9503371710376283 0.17287759863169896 0.948718818700114 0.17343211516533638 0.9266513523375143 0.22938380843785633 0.988466503990878 0.2474496795895097 1 0.2130876282782212 1 0.18940754618015965
0 0.7288697776510832 0.21689236602052453 0.7362228916761687 0.20083794070695551 0.6694065153933866 0.16183308323831244 0.6677729703534777 0.1826921277080958 0.7288697776510832 0.21689236602052453
0 0.6407131858608894 0.1943126921322691 0.631329550741163 0.20525449144811858 0.726477023945268 0.25097608209806155 0.7399322862029647 0.2408862132269099 0.6407131858608894 0.1943126921322691
0 0.6190724275940707 0.22162747776510833 0.6137781778791334 0.23330527936145953 0.7086052166476625 0.283803488027366 0.7141257548460661 0.2709615393386545 0.6190724275940707 0.22162747776510833
0 0.5883721904218929 0.8510049076396807 0.550192409350057 0.9494027069555302 0.6006878460661345 0.9634520661345496 0.6419889019384265 0.8692312656784493 0.5883721904218929 0.8510049076396807
0 0.4088357297605473 0.8877828255416192 0.4065043785632839 0.9075559578107183 0.45369813568985173 0.9137051801596351 0.456175094640821 0.8978505746864309 0.4088357297605473 0.8877828255416192
0 0.4032771630558723 0.9257144230330673 0.39821553819840366 0.9470865997719499 0.4430782269099202 0.9527811163055872 0.44858238768529074 0.9369116670467502 0.4032771630558723 0.9257144230330673
0 0.4666618472063854 0.9543680513112884 0.46227938312428735 0.9722462474344356 0.4939957685290764 0.9802258779931585 0.4989352964652224 0.9672693990877993 0.4666618472063854 0.9543680513112884
0 0.511105354618016 0.9684507616875713 0.5017992884834663 0.9805330022805018 0.5490273318129988 0.99273751995439 0.552684518814139 0.9801382348916762 0.511105354618016 0.9684507616875713
0 0.3828801163055872 0.9653013694412771 0.37825586088939567 0.984423472063854 0.4283801984036488 0.9941666567844926 0.4272444561003421 0.9751155484606613 0.3828801163055872 0.9653013694412771
0 0.1727706408209806 0.2258386408209806 0.16780686773090078 0.23737216191562144 0.22132980273660205 0.2514051448118586 0.21835222006841506 0.23872591676168756 0.1727706408209806 0.2258386408209806