0 0.8546582018244014 0.19484473318129988 0.8121815290763967 0.3246495689851767 0.8479800250855188 0.3449618939566705 0.8932029783352338 0.20816464082098063 0.8546582018244014 0.19484473318129988
0 0.8003854583808437 0.17534790992018243 0.7787693489167617 0.2247687149372862 0.8045788757126568 0.23147241847206385 0.8201411596351197 0.1841157354618016 0.8003854583808437 0.17534790992018243
0 0.05487569441277081 0.15114621436716077 0.060532295324971494 0.1906964606613455 0.12363386202964652 0.1892438244013683 0.12209842303306727 0.14479943215507413 0.05487569441277081 0.15114621436716077
0 0.01742069669327252 0.17832478107183578 0.02300029418472064 0.23749632497149373 0.0582632873432155 0.23399173204104903 0.046237401368301026 0.179835 0.01742069669327252 0.17832478107183578
0 0.2674056237172178 0.49771287913340934 0.26993753819840366 0.5174709053591791 0.3083517411630559 0.5105625062713798 0.3034275974914481 0.4967733979475485 0.2674056237172178 0.49771287913340934
0 0.27152981870011406 0.5211233055872292 0.26944254047890537 0.5382609897377423 0.3077339247434436 0.5337259783352337 0.3077370057012543 0.5166198848346637 0.27152981870011406 0.5211233055872292
0 0.2691627890535918 0.543598977194983 0.27247408665906503 0.5598304595210947 0.3082989407069555 0.5569498768529076 0.31008271949828964 0.5399308460661346 0.2691627890535918 0.543598977194983
0 0.672575472063854 0.5379777001140251 0.6741685496009122 0.5529300034207526 0.711680550741163 0.551921534777651 0.7113432896237173 0.5413393819840365 0.672575472063854 0.5379777001140251
0 0.6627823808437856 0.5660114002280502 0.666685054732041 0.5822738757126568 0.6977679794754845 0.5791447787913341 0.6958992725199544 0.5637195883694412 0.6627823808437856 0.5660114002280502
0 0.653549590649943 0.594669030786773 0.6556439407069555 0.6114312998859749 0.6902517673888255 0.6090830649942988 0.6888864663625998 0.5954569988597491 0.653549590649943 0.594669030786773
0 0.6812062690992019 0.6228816955530216 0.6412308597491448 0.625544755986317 0.6462898916761688 0.6424623979475484 0.6815218095781072 0.6395507423033067 0.6812062690992019 0.6228816955530216
0 0.5424096134549601 0.6845959680729761 0.4693182816419612 0.6611400798175598 0.46099553021664763 0.7064979122006841 0.5345880547320411 0.7317653261117446 0.5424096134549601 0.6845959680729761
0 0.8492531835803876 0.45683809806157355 0.8471954196123147 0.47338276396807294 0.96462944013683 0.47894265564424177 0.9677074743443557 0.46559013568985175 0.8492531835803876 0.45683809806157355
0 0.8031773340935006 0.3943551060433295 0.8070504937286203 0.41121059863169895 0.8389438757126568 0.40396202280501714 0.840505953249715 0.3911433945267959 0.8031773340935006 0.3943551060433295
0 0.8454980456100343 0.4150108084378563 0.8190980228050171 0.4195744549600912 0.8218179452679589 0.43577494412770806 0.8459068939566705 0.4298994846066134 0.8454980456100343 0.4150108084378563
0 0.8708530809578108 0.4871115997719498 0.8760985598631699 0.5004716248574687 0.9573323911060433 0.5047289099201824 0.9564239122006841 0.48802878905359176 0.8708530809578108 0.4871115997719498
0 0.8143301071835803 0.6013114857468643 0.8175792565564425 0.6187288403648802 0.9178142063854048 0.6120875051311289 0.9172281242873432 0.5949380171037628 0.8143301071835803 0.6013114857468643
0 0.8021487673888256 0.5501209965792474 0.811014094640821 0.5624800342075257 0.8229660433295325 0.5613227149372861 0.8256478175598632 0.5442161858608894 0.8021487673888256 0.5501209965792474
0 0.8276328141391106 0.6424500125427595 0.8327539954389965 0.6581817810718358 0.8998777354618016 0.6480214663625998 0.8990747069555303 0.6350116100342075 0.8276328141391106 0.6424500125427595
0 0.8106551835803877 0.6373982976054732 0.7637821425313569 0.6355363511972634 0.7614438301026226 0.6461191014823261 0.8123742006841506 0.6499773797035348 0.8106551835803877 0.6373982976054732
0 0.841370645381984 0.6752858700114026 0.8477087730900799 0.6904868517673888 0.8788212120866591 0.6867647377423033 0.8791423968072976 0.6749935393386545 0.841370645381984 0.6752858700114026
0 0.7627497901938426 0.47371523945267957 0.7643444287343215 0.4886676259977195 0.7963009201824401 0.49152995895096924 0.7968974344355758 0.47447530444697833 0.7627497901938426 0.47371523945267957
0 0.7339733055872292 0.45555461801596353 0.7056678187001141 0.4510968015963512 0.6872029190421893 0.4971138004561003 0.7164146100342075 0.5069701927023945 0.7339733055872292 0.45555461801596353
0 0.7607939657924744 0.5223795724059294 0.7677009475484606 0.572106078677309 0.7943210125427593 0.5746887434435576 0.7934909977194983 0.5224565324971494 0.7607939657924744 0.5223795724059294
0 0.8840216841505131 0.32662929418472064 0.8772251470923603 0.36552533295324974 0.9194518380843785 0.37665994184720636 0.930232873432155 0.34679262029646524 0.8840216841505131 0.32662929418472064
0 0.8953307616875712 0.23563395895096922 0.8895909999999999 0.25436548460661346 0.9428970353477765 0.2696481254275941 0.9496356841505131 0.24881443443557583 0.8953307616875712 0.23563395895096922
0 0.05612564994298746 0.3088152120866591 0.06199993614595211 0.34421178335233754 0.10553452223489168 0.3417352497149373 0.0967148472063854 0.30578533409350056 0.05612564994298746 0.3088152120866591
0 0.0105512748004561 0.309401149372862 0.00944848574686431 0.3485955849486887 0.051264852907639685 0.3448398757126568 0.05440898859749145 0.3075361151653364 0.0105512748004561 0.309401149372862