0 0.6945425792474345 0.8401471949828963 0.7029235359179019 0.8780176316989738 0.7473192645381984 0.869865015963512 0.7400781516533638 0.8292539555302166 0.6945425792474345 0.8401471949828963
0 0.7911715096921322 0.8645973238312429 0.8007294230330673 0.9018533774230332 0.8493635051311289 0.8983681265678449 0.8426866887115166 0.8559750718358039 0.7911715096921322 0.8645973238312429
0 0.810918905359179 0.36291221322690986 0.8122871197263398 0.44129714709236034 0.8850702462941846 0.44345536031927024 0.8845342542759407 0.36162725199543905 0.810918905359179 0.36291221322690986
0 0.7029746761687571 0.2685676681870012 0.7002551288483466 0.2828704344355758 0.7746164298745725 0.2903894207525656 0.7755358802736602 0.2750225952109464 0.7029746761687571 0.2685676681870012
0 0.9037427810718358 0.30545533637400224 0.957132228050171 0.302146496009122 0.9589056864310148 0.2676634184720638 0.9025494766248574 0.27102248118586086 0.9037427810718358 0.30545533637400224
0 0.8953392611174459 0.1642289270239453 0.8970256727480045 0.1927116442417332 0.9333361755986318 0.19765212884834663 0.9356681972633979 0.1611480581527936 0.8953392611174459 0.1642289270239453
0 0.10895501254275941 0.6668219589509692 0.10780786316989738 0.7030756259977194 0.1681540535917902 0.7071652497149373 0.174871921322691 0.6668574937286204 0.10895501254275941 0.6668219589509692
0 0.1834005701254276 0.5770152770809578 0.18730172633979475 0.6304068859749146 0.23258914367160777 0.6223074652223489 0.2344241778791334 0.5743415724059293 0.1834005701254276 0.5770152770809578
0 0.26519466818700116 0.3979792542759407 0.2272004549600912 0.3986424458380844 0.22602065792474343 0.43311516191562144 0.26132044127708093 0.43118317673888257 0.26519466818700116 0.3979792542759407
0 0.00011371265678449258 0.43943374458380846 0.0008496590649942988 0.4815960718358039 0.017211484606613453 0.47998214823261115 0.017634223489167617 0.43615872063854044 0.00011371265678449258 0.43943374458380846
0 0 0.43291916533637403 0.00005153819840364881 0.4358717867730901 0.020824579247434433 0.4318180045610034 0.02721102394526796 0.3724334389965792 0 0.3717655781071836 0 0.43291916533637403
0 0.9008842132269099 0.7539782246294185 0.9547414082098061 0.743535134549601 0.9505264310148233 0.7061858198403649 0.8937113272519955 0.717275945267959 0.9008842132269099 0.7539782246294185
0 0.9098673523375143 0.6902633055872291 0.9619124549600913 0.6780687628278221 0.9530622143671608 0.6473341641961231 0.9086207001140251 0.6528637423033068 0.9098673523375143 0.6902633055872291
0 0.7582856602052451 0.6816230809578108 0.766000393386545 0.7153467012542759 0.8006222280501711 0.708596126567845 0.7943848802736602 0.6744591584948688 0.7582856602052451 0.6816230809578108
0 0.8457992770809578 0.6260419806157355 0.8843129965792474 0.6212097115165337 0.8772023124287343 0.5880709509692131 0.8435088175598632 0.596974401368301 0.8457992770809578 0.6260419806157355
0 0.7021463044469785 0.4592580421892816 0.6916366202964653 0.4695383409350057 0.7075630296465223 0.4804026659064994 0.7154244526795894 0.4714984834663626 0.7021463044469785 0.4592580421892816
0 0.8464043010262258 0.49059829190421894 0.8469329190421893 0.5208827411630559 0.8864225347776511 0.5209279350057012 0.8860965393386545 0.4851516123147092 0.8464043010262258 0.49059829190421894
0 0.8379333386545039 0.14147108209806156 0.8400993956670467 0.1634116214367161 0.8746927343215508 0.1550284811858609 0.871680181299886 0.13553433865450398 0.8379333386545039 0.14147108209806156
0 0.7088707958950969 0.1300608574686431 0.70678638654504 0.14672946180159635 0.7418527947548461 0.14843804104903077 0.7433030513112884 0.12945984036488029 0.7088707958950969 0.1300608574686431
0 0.717101945267959 0.0913066157354618 0.7155904697833524 0.10677753819840365 0.749214370581528 0.11089759749144812 0.7485970171037628 0.09253995096921323 0.717101945267959 0.0913066157354618
0 0.09422823261117445 0.4354156077537058 0.17142472976054732 0.4352573819840365 0.17278199429874572 0.3770201368301026 0.10031407639680728 0.3759097069555302 0.09422823261117445 0.4354156077537058
0 0.29184533523375145 0.29178233751425314 0.33464219726339794 0.2940045176738883 0.33837412770809583 0.23572738540478905 0.3003799156214367 0.23639057696693272 0.29184533523375145 0.29178233751425314