0 0.09220754846066136 0.4460728289623717 0.07920761801596352 0.4133867936145952 0.009555582668187 0.42868287343215505 0.02155298631698974 0.465950094640821 0.09220754846066136 0.4460728289623717
0 0.1399361984036488 0.5594780273660206 0.20577208209806158 0.5430461083238313 0.19542164766248574 0.5117000387685291 0.12669743443557582 0.5220092417331813 0.1399361984036488 0.5594780273660206
0 0.5843381014823261 0.07766042987457242 0.5782533603192702 0.043152150513112886 0.5396596670467503 0.04995725997719498 0.5512592177879133 0.08495915165336373 0.5843381014823261 0.07766042987457242
0 0.7216020148232611 0.16201096351197264 0.7741245758266818 0.15214690992018243 0.7650119270239454 0.1278206716077537 0.7147251812998859 0.13668758152793614 0.7216020148232611 0.16201096351197264
0 0.7594545108323831 0 0.7637261117445837 0.023079256556442416 0.8040627457240593 0.014191409350057013 0.798473881413911 0 0.7594545108323831 0
0 0.5980954446978336 0.459997236031927 0.5859910935005701 0.4289620148232611 0.5686541448118586 0.43322639110604333 0.5820576499429875 0.4647909338654504 0.5980954446978336 0.459997236031927
0 0.6244759509692132 0.45233109236031926 0.617257181299886 0.42164023033067277 0.5945881835803877 0.4298577537058153 0.6058938540478905 0.46149233181299887 0.6244759509692132 0.45233109236031926
0 0.9232477616875712 0.028152562143671605 0.9194936909920183 0.008913730900798176 0.8799382850627138 0.01709423489167617 0.8839343283922463 0.03805629076396807 0.9232477616875712 0.028152562143671605
0 0.4108477251995439 0.06482928392246294 0.42408852907639677 0.08179402508551882 0.4380198209806157 0.06848201710376282 0.41961955302166476 0.053029938426453815 0.4108477251995439 0.06482928392246294
0 0.4357478015963512 0.08637018586088939 0.4251186795895097 0.09789411288483467 0.44301304903078675 0.11218673888255416 0.45105237628278216 0.1047813432155074 0.4357478015963512 0.08637018586088939
0 0.48058877537058153 0.20390519156214365 0.4800370535917902 0.21787256670467503 0.5137842337514253 0.21094468072976053 0.5112359714937287 0.19307349030786772 0.48058877537058153 0.20390519156214365
0 0.6413315450399087 0.44875608665906497 0.6693293534777651 0.44683386545039905 0.6549195929304447 0.40957155872291906 0.6280235701254275 0.41431405245153935 0.6413315450399087 0.44875608665906497