0 0.6562111698973775 0 0.6446281288483466 0.029050909920182437 0.9061236328392247 0.13623998973774232 0.9115636590649943 0.10668746864310148 0.6733901870011402 0 0.6562111698973775 0
0 0.6553470752565564 0.07972256784492589 0.8706875188141391 0.17420528164196122 0.8811512086659065 0.150545322690992 0.6650495393386544 0.059167517673888254 0.6553470752565564 0.07972256784492589
0 0.3236605724059293 0.23249461117445838 0.32986896237172175 0.2724033340935006 0.38380485632839223 0.25942529418472066 0.3754065929304447 0.2188555347776511 0.3236605724059293 0.23249461117445838
0 0.34583317331813 0.30494669327251994 0.34888218586088937 0.33090781641961237 0.3843273010262258 0.32712550057012546 0.3832807126567845 0.3004916465222349 0.34583317331813 0.30494669327251994
0 0.28662261915621434 0.31026868985176737 0.29042487115165333 0.33732312314709234 0.3398144914481186 0.3303818643101482 0.33364319042189283 0.3056689897377423 0.28662261915621434 0.31026868985176737
0 0.6590087183580388 0.16977055644241734 0.7668896271379703 0.21638350741163057 0.7775199144811858 0.19389772633979474 0.660994014823261 0.14550024629418473 0.6590087183580388 0.16977055644241734
0 0.6502624618015963 0.1757980205245154 0.6442624127708096 0.1928332269099202 0.7528983249714938 0.24054081755986317 0.7585565404789054 0.22535083010262258 0.6502624618015963 0.1757980205245154
0 0.8049688209806157 0.23562112656784492 0.7891966168757127 0.2300415803876853 0.7818444925883695 0.2502663112884835 0.7914777947548461 0.2548167753705815 0.8049688209806157 0.23562112656784492
0 0.7698306408209806 0.24796435233751427 0.7702691755986317 0.24469651767388825 0.7815607525655643 0.22691605815279361 0.7707386773090079 0.22243957240592932 0.7605308757126569 0.24366522805017102 0.7698306408209806 0.24796435233751427
0 0.8059811402508552 0.19589519156214366 0.7912911641961231 0.19376105929304446 0.7829394458380843 0.21112834777651082 0.7967327194982896 0.21540342531356899 0.8059811402508552 0.19589519156214366
0 0.24207912998859749 0.6289994994298745 0.18023316761687572 0.6113033249714938 0.17574913112884835 0.6263267137970354 0.2350025142531357 0.6469070855188142 0.24207912998859749 0.6289994994298745
0 0.2607622725199544 0.49742824059293045 0.1907203261117446 0.5024737354618016 0.19185857126567843 0.5191053044469783 0.26137538996579246 0.5145896123147092 0.2607622725199544 0.49742824059293045