0 1 0.2791924595210946 0.9778535074116306 0.28753613683010265 0.9945374367160775 0.3419731801596351 1 0.3380470091220068 1 0.2791924595210946
0 0.6799754367160775 0.4866343945267959 0.710668393386545 0.4643774595210946 0.6865787217787913 0.4347169851767389 0.6599458289623717 0.4584497936145952 0.6799754367160775 0.4866343945267959
0 0.37140072976054733 0.6221895165336374 0.4058043340935006 0.6234064161915622 0.4153065336374003 0.589547717217788 0.37657767160775374 0.584756330672748 0.37140072976054733 0.6221895165336374
0 0.15308767160775372 0.7509635153933866 0.10559008551881413 0.7244293660205245 0.09207182212086659 0.8023480604332954 0.14590620296465223 0.8111717263397947 0.15308767160775372 0.7509635153933866
0 0.09004649144811858 0.8191711984036488 0.08182118129988597 0.8602600205245154 0.11212497377423034 0.8605919019384265 0.12208266020524515 0.8202194196123147 0.09004649144811858 0.8191711984036488
0 0.9789597103762828 0.41171266362599773 0.9664497491448119 0.35250829532497147 0.9373282143671607 0.3570191174458381 0.9445253614595212 0.4194247434435576 0.9789597103762828 0.41171266362599773
0 0.4792140889395667 0.6535381220068415 0.4772554446978335 0.6135212018244014 0.4406620889395667 0.6181063101482327 0.44247231242873436 0.662575283922463 0.4792140889395667 0.6535381220068415
0 0.4309987525655644 0.3311363101482326 0.4463363648802736 0.29887762713797034 0.4159570216647662 0.2741357023945268 0.39443451539338653 0.3038786944127708 0.4309987525655644 0.3311363101482326
0 0.11840750741163056 0.5836680775370582 0.14683348232611174 0.6023198449258838 0.16957321550741164 0.5747467343215508 0.14392773432155073 0.5503342656784492 0.11840750741163056 0.5836680775370582
0 0 0.8263608677309008 0.04850689395667047 0.8519768939566704 0.0918677708095781 0.7335882063854048 0.02535233637400228 0.706914598631699 0 0.7766829156214368 0 0.8263608677309008
0 0 0.5556872223489168 0.0013155507411630558 0.5659570125427594 0.05126969555302167 0.5063573933865451 0.02757602394526796 0.48803497377423033 0 0.5254431368301026 0 0.5556872223489168