0 0.6771025313568986 0.22723165792474342 0.7126978403648804 0.21425604218928163 0.6856909783352337 0.14804266818700113 0.6477645678449259 0.15723099657924744 0.6771025313568986 0.22723165792474342
0 0.7382834549600913 0.3334356157354618 0.7967138129988598 0.31965686088939566 0.7702017286202965 0.2560707879133409 0.7137898916761688 0.27279029646522235 0.7382834549600913 0.3334356157354618
0 0.9411816989737742 0.4030084298745724 0.9160254526795896 0.357632598631699 0.8699724549600911 0.3883865233751425 0.8969087856328393 0.4273613443557583 0.9411816989737742 0.4030084298745724
0 0.4346635575826682 0.34642645153933865 0.5044291128848346 0.3255990877993159 0.4846498244013683 0.28069023831242873 0.41776613454960093 0.30307763055872294 0.4346635575826682 0.34642645153933865
0 0.3728320741163056 0.3426997354618016 0.3479652383124287 0.28636578791334094 0.31423174572405926 0.2995843671607754 0.3371389543899658 0.35206041049030784 0.3728320741163056 0.3426997354618016
0 0.21257099657924744 0.3835402839224629 0.24288640364880276 0.37764756556442414 0.22547960319270238 0.3383357331812999 0.200162015963512 0.35082731128848343 0.21257099657924744 0.3835402839224629
0 0.19285228164196122 0.4346130171037628 0.21502186316989738 0.4272745963511973 0.18643095895096923 0.35682628962371726 0.1626891094640821 0.36659053249714935 0.19285228164196122 0.4346130171037628
0 0.44546927137970355 0.909371574686431 0.4880274104903079 0.9010991106043329 0.4723580307867731 0.8335892474344356 0.42346711060433295 0.8397611584948689 0.44546927137970355 0.909371574686431
0 0.37999281755986314 0.9118035028506271 0.4097424002280502 0.9029916784492589 0.3910298529076397 0.8539406841505132 0.3580101607753706 0.8609639247434436 0.37999281755986314 0.9118035028506271
0 0.27945080273660206 0.7369423181299886 0.29404038198403654 0.7310773010262258 0.2821515017103763 0.695234141391106 0.26751107297605475 0.7035316784492589 0.27945080273660206 0.7369423181299886
0 0.25496380615735464 0.7417021083238313 0.2696682120866591 0.7364196339794755 0.2578424116305587 0.7008682360319269 0.24116042873432153 0.7080472702394527 0.25496380615735464 0.7417021083238313
0 0.23405742075256558 0.7524273500570126 0.24842041277080956 0.7453966510832383 0.23596249714937287 0.7096641003420753 0.22190812086659067 0.714818630558723 0.23405742075256558 0.7524273500570126
0 0.41670590193842644 1 0.4016595541619156 0.9599778301026226 0.38391828050171034 0.9631239521094641 0.39738265108323834 1 0.41670590193842644 1
0 0.7588041949828962 0.7533825575826681 0.7693141847206385 0.7483121231470923 0.7549294994298745 0.7147702805017103 0.7380067251995439 0.7210872337514254 0.7588041949828962 0.7533825575826681
0 0.7340605860889395 0.7630374994298746 0.7482945051311288 0.7584545256556443 0.7358413489167617 0.7187830729760547 0.7225901060433296 0.7289291915621436 0.7340605860889395 0.7630374994298746
0 0.7198096499429875 0.7706528711516534 0.730206047890536 0.764998063854048 0.7167559885974915 0.7279446168757127 0.7020557548460662 0.7353448928164196 0.7198096499429875 0.7706528711516534
0 0.6970414469783353 0.7811351505131129 0.7102226784492588 0.7773600695553021 0.6974751881413911 0.740776513112885 0.681149369441277 0.7460701345496009 0.6970414469783353 0.7811351505131129
0 0.24149882782212087 1 0.2411813842645382 0.9839053112884835 0.19551063283922465 0.9961127366020525 0.196334755986317 1 0.24149882782212087 1
0 0.2899479179019384 0.8905458791334093 0.32729021778791334 0.8772306830102623 0.31530229190421893 0.8377744139110604 0.27233704675028503 0.8497583728620297 0.2899479179019384 0.8905458791334093
0 0.07275545153933866 0.47975960547320406 0.10367071835803876 0.4707211949828963 0.09442613112884835 0.4482933968072976 0.06506120410490308 0.4588466316989738 0.07275545153933866 0.47975960547320406