0 0.4873897742303307 0.6488127251995439 0.5211241801596351 0.6624735313568985 0.5445843352337514 0.5661928289623717 0.5132806225769669 0.5514718437856329 0.4873897742303307 0.6488127251995439
0 0.4968913249714937 0.7848730250855189 0.5126579942987457 0.7333776168757127 0.43932492702394527 0.7045626716077538 0.42405797035347775 0.7578679635119727 0.4968913249714937 0.7848730250855189
0 0.517966590649943 0.7907340524515393 0.4859982098061574 0.9020259783352337 0.542274984036488 0.916273614595211 0.5724679897377423 0.8129137058152794 0.517966590649943 0.7907340524515393
0 0.6159691163055873 0.6888484777651084 0.6504829863169898 0.698981181299886 0.6724400672748004 0.6219466271379703 0.636313299885975 0.6066740307867731 0.6159691163055873 0.6888484777651084
0 0.5405496157354618 0.665869834663626 0.5733173933865451 0.6753148985176739 0.5935682736602053 0.5949208209806157 0.5584925404789054 0.5841641071835804 0.5405496157354618 0.665869834663626
0 0.7845926100342075 0.8035182006841506 0.8611358335233752 0.8277448643101482 0.8809789236031927 0.7728957035347777 0.8012008095781071 0.7473103751425314 0.7845926100342075 0.8035182006841506
0 0.8785172827822121 1 0.9068094287343216 0.908919921322691 0.8731494549600912 0.8931820387685291 0.846540330672748 0.9815683671607753 0.8764599293044469 1 0.8785172827822121 1
0 0.980036 0.8940287708095781 0.9595707023945268 0.8876051459521095 0.9294046408209805 0.9645067673888256 0.9748453033067275 0.9874006989737742 0.980036 0.8940287708095781
0 0.8845254127708095 0.5061203922462942 0.8985864675028506 0.5098301254275941 0.8986893158494869 0.417973685290764 0.8819222987457241 0.419770503990878 0.8845254127708095 0.5061203922462942
0 0.8463863717217788 0.45179990649942986 0.8641572953249715 0.45273124059293046 0.8610308768529077 0.39905655644241733 0.8473141619156215 0.4001213888255416 0.8463863717217788 0.45179990649942986
0 0.37161858608893955 0.9424092166476625 0.42113078791334096 0.9610572930444699 0.4339073454960091 0.9073242018244014 0.38794711630558726 0.891537818700114 0.37161858608893955 0.9424092166476625
0 0.04100873318129988 0.5071004846066135 0.06495389623717218 0.5148956100342075 0.08412693044469784 0.4430662348916762 0.06359968301026225 0.4387203409350057 0.04100873318129988 0.5071004846066135
0 0.1572328928164196 0.3068759737742303 0.16876839110604333 0.31342617103762827 0.18008373660205246 0.27775229418472064 0.16791989395667048 0.27295129418472064 0.1572328928164196 0.3068759737742303
0 0.07313632383124288 0.052749865450399086 0.0914044401368301 0.04419422006841505 0.08619603192702394 0.030246266818700115 0.06833188369441277 0.031093742303306728 0.07313632383124288 0.052749865450399086
0 0.08882273774230331 0.08211106841505132 0.11236036830102622 0.07502227936145953 0.10724526567844926 0.059293958950969214 0.08180600684150514 0.06866290992018244 0.08882273774230331 0.08211106841505132
0 0.10503985632839226 0.1126907765108324 0.12623854047890537 0.10488171607753705 0.12310989167616876 0.09015091220068415 0.1000490513112885 0.09459071037628278 0.10503985632839226 0.1126907765108324
0 0.11829645838084378 0.15441049942987456 0.14538874914481187 0.14750487343215507 0.13353786431014825 0.11210175370581528 0.10993655986316989 0.12127131014823261 0.11829645838084378 0.15441049942987456
0 0.23084668757126567 0.16030900684150515 0.22563827936145953 0.14636105473204106 0.20113377537058152 0.1492387810718358 0.20905514937286201 0.1680854321550741 0.23084668757126567 0.16030900684150515
0 0.21104651767388824 0.1414328141391106 0.2297506385404789 0.135872842645382 0.22503417445838086 0.11689687115165337 0.2029370558722919 0.12614525997719497 0.21104651767388824 0.1414328141391106
0 0.2384513135689852 0.15119451083238314 0.26133394070695554 0.14525896009122005 0.2574354526795895 0.12751342303306729 0.2380439441277081 0.13630747662485748 0.2384513135689852 0.15119451083238314
0 0.2516018050171038 0.11561367958950969 0.2720225028506271 0.11133436488027365 0.2699136795895097 0.09338533637400227 0.24820163740022805 0.10116749258836943 0.2516018050171038 0.11561367958950969
0 0.2709038221208666 0.13268007069555302 0.29319515393386547 0.1267119669327252 0.29226267844925885 0.10882771835803877 0.26825056556442417 0.11529707525655644 0.2709038221208666 0.13268007069555302
0 0.29234605815279363 0.09753379133409351 0.31123810376282784 0.08841784378563285 0.30474098745724054 0.07469807183580388 0.28676379589509693 0.07940429190421892 0.29234605815279363 0.09753379133409351
0 0.304040929304447 0.1124178141391106 0.3251153158494869 0.10698049828962372 0.32408377194982896 0.09265844697833524 0.3023871003420753 0.09865458494868871 0.304040929304447 0.1124178141391106
0 0.3223987867730901 0.07948971379703534 0.3413826579247434 0.06859175484606614 0.3379308814139111 0.05324945153933866 0.3161599600912201 0.06251337058152794 0.3223987867730901 0.07948971379703534
0 0.34416281527936143 0.09489830900798177 0.36059145153933864 0.08743695438996579 0.35303425541619154 0.07098608323831243 0.3373619623717218 0.07730107525655644 0.34416281527936143 0.09489830900798177
0 0.36336316533637397 0.06855457468643102 0.3804469692132269 0.05993686088939567 0.37517485062713796 0.04717470011402508 0.3569999589509692 0.05395153705815279 0.36336316533637397 0.06855457468643102
0 0.3733750535917902 0.0928618677309008 0.39316930102622577 0.07784599087799315 0.3853731858608894 0.06792437628278221 0.36520344127708093 0.0787601858608894 0.3733750535917902 0.0928618677309008