0 0.9280903797035347 0.5509524275940707 0.9174681026225769 0.5998927776510832 0.947230267958951 0.6077643831242874 0.958258945267959 0.5549764971493728 0.9280903797035347 0.5509524275940707
0 0.5051899452679589 0.06802110148232611 0.47324277651083235 0.06393492246294184 0.4601947890535918 0.13120959863169898 0.4985183283922463 0.1358155017103763 0.5051899452679589 0.06802110148232611
0 0.40013802964652223 0.047124925883694414 0.3642974241733181 0.052408574686431016 0.3669739338654504 0.11191323261117445 0.4014485359179019 0.10836265336374003 0.40013802964652223 0.047124925883694414
0 0.6464343546180159 0.8904561539338653 0.6155480741163055 0.8899716921322691 0.606278290763968 0.9342079418472065 0.647951802736602 0.9350675370581527 0.6464343546180159 0.8904561539338653
0 0.6898887981755986 0.8373168825541619 0.6521082314709236 0.8300564367160774 0.6506860342075257 0.8537696864310149 0.6862592120866591 0.858875220068415 0.6898887981755986 0.8373168825541619
0 0.45996874116305586 0.08664331014823261 0.43497807753705814 0.08755138996579247 0.43086983238312426 0.12008564652223488 0.4525448631698974 0.1252983945267959 0.45996874116305586 0.08664331014823261
0 0.6021188950969213 0.32152861573546176 0.5849059486887116 0.3209275267958951 0.5800593204104902 0.35759321664766247 0.5959033580387686 0.3584435598631699 0.6021188950969213 0.32152861573546176
0 0.578970503990878 0.3207202565564424 0.5629236145952109 0.3207539977194983 0.5582013147092361 0.3538593591790194 0.5745708460661346 0.3568090068415051 0.578970503990878 0.3207202565564424
0 0.5544695655644242 0.32461755986316987 0.5382361265678449 0.3299933591790194 0.5384151379703535 0.34188028392246295 0.5553947172177879 0.3445526157354618 0.5544695655644242 0.32461755986316987
0 0.27086932953249715 0.2261913454960091 0.25179333295324974 0.22790164538198404 0.2541665017103763 0.27907970581527936 0.2698220684150513 0.2793277913340935 0.27086932953249715 0.2261913454960091
0 0.210439251995439 0.2038812748004561 0.19500647206385405 0.20334235005701254 0.19017302622576968 0.2566436362599772 0.2062645313568985 0.26195845952109464 0.210439251995439 0.2038812748004561
0 0.2861381094640821 0 0.28477665906499433 0.015171595210946407 0.3083319429874572 0.021341169897377422 0.3081414686431015 0 0.2861381094640821 0
0 0.22828398517673887 0.016169385404789054 0.19699236944127707 0.010323762827822122 0.1903049737742303 0.04870750855188141 0.21930220068415052 0.06724641619156214 0.22828398517673887 0.016169385404789054
0 0.28550756100342073 0.02826758038768529 0.28276101938426457 0.03886568415051311 0.2986420820980616 0.04358060889395667 0.30087817673888256 0.030586669327251993 0.28550756100342073 0.02826758038768529
0 0.3029748118586089 0.05561258608893957 0.3013321071835804 0.06862724743443557 0.3161301094640821 0.07033066590649943 0.31347575370581526 0.05003816761687571 0.3029748118586089 0.05561258608893957
0 0.23798256100342075 0.027796194982896236 0.2375474070695553 0.040257348916761686 0.2564783534777651 0.0427007685290764 0.25655286431014823 0.0213153409350057 0.23798256100342075 0.027796194982896236
0 0.9526828950969213 0.765693070695553 0.9631258859749144 0.7559578460661345 0.9495315438996579 0.7459773306727481 0.9423303283922463 0.7558257605473204 0.9526828950969213 0.765693070695553
0 0.9699919110604333 0.7805562018244013 0.979163677309008 0.7731530307867731 0.9696009327251995 0.7582633500570125 0.9573072337514253 0.769419228050171 0.9699919110604333 0.7805562018244013
0 0.9508107445838085 0.7852333865450399 0.9429161790193843 0.773075464082098 0.927662503990878 0.7853161995438996 0.9373800912200685 0.7954583933865451 0.9508107445838085 0.7852333865450399
0 0.9316382941847207 0.8237768198403649 0.9437786191562144 0.8164757514253135 0.9315534332953249 0.8014930969213226 0.9194833329532497 0.8144391174458381 0.9316382941847207 0.8237768198403649
0 0.910409527936146 0.7850107696693273 0.9257446773090079 0.7712875986316989 0.9207380820980616 0.7538835188141391 0.90341917331813 0.7639727445838085 0.910409527936146 0.7850107696693273