0 0 0.6765523523375142 0.06920698973774231 0.6832361550741164 0.07054599657924744 0.6079386328392247 0 0.6040510478905359 0 0.6765523523375142
0 0.7439411527936145 0.17846551995438997 0.7426782770809578 0.2302877126567845 0.780547031927024 0.22829610262257696 0.7813802850627137 0.17488121436716078 0.7439411527936145 0.17846551995438997
0 0.6744751379703534 0.2535751778791334 0.6827620102622577 0.28848575940706955 0.7478278301026225 0.2893526761687571 0.7462321071835804 0.25335272862029645 0.6744751379703534 0.2535751778791334
0 0.8206648209806157 0.7395244914481186 0.8201440273660205 0.7729107594070695 0.8917767069555302 0.7738708608893957 0.8908107947548461 0.7460942941847206 0.8206648209806157 0.7395244914481186
0 0.9360924572405929 0.9152840433295325 0.8186871197263398 0.9119026966932725 0.8199362006841505 0.934130023945268 0.9273239635119725 0.9418332383124287 0.9360924572405929 0.9152840433295325
0 0.2749170387685291 0.7848799007981755 0.2745203728620296 0.81708517331813 0.3123270638540479 0.8156840615735461 0.31405302394526796 0.7821919384264538 0.2749170387685291 0.7848799007981755
0 0.14623688711516533 0.26314919156214367 0.14892751767388826 0.31717797719498286 0.21000952793614597 0.32180689395667045 0.21178132155074114 0.2708378825541619 0.14623688711516533 0.26314919156214367
0 0.7845355085518815 0.12779055644241732 0.784356794754846 0.1636024321550741 0.828047314709236 0.16879308209806157 0.8302356157354618 0.12807689965792474 0.7845355085518815 0.12779055644241732
0 0.5362020273660205 0.1757406282782212 0.5357099179019384 0.19181317331813 0.6108266248574686 0.19373648118586087 0.6081670285062714 0.17637901596351196 0.5362020273660205 0.1757406282782212
0 0.6025792884834664 0.06746077309007982 0.6028004127708096 0.08241266932725198 0.6495708198403649 0.08673141619156215 0.6479044789053592 0.07129926111744583 0.6025792884834664 0.06746077309007982
0 0.9007418791334094 0.7909374059293045 0.8476861824401368 0.7895417423033066 0.8479148825541619 0.8271875005701255 0.9049844298745724 0.8302006488027366 0.9007418791334094 0.7909374059293045
0 0.37580808665906495 0.4676285769669327 0.34182922006841504 0.4724171117445838 0.3475465416191562 0.5602065917901938 0.3864751071835804 0.5595219851767389 0.37580808665906495 0.4676285769669327
0 0.31965291220068415 0.6265480889395667 0.32078372063854044 0.6726516647662486 0.3982034618015964 0.6754140513112885 0.3959723318129989 0.6340841128848347 0.31965291220068415 0.6265480889395667
0 0.13487872177879134 0.6214607457240593 0.13401853363740024 0.6637713637400228 0.181409905359179 0.6621820296465223 0.18130929646522234 0.6204774264538198 0.13487872177879134 0.6214607457240593
0 0 0.7412962793614596 0.02998299315849487 0.743609047890536 0.03281299543899658 0.7024826944127708 0 0.7035345336374002 0 0.7412962793614596
0 0 0.7996823454960091 0.027042450399087797 0.8000326465222349 0.028534823261117448 0.760242543899658 0 0.7596883261117446 0 0.7996823454960091