0 0.09152910490307867 0.3350675370581528 0.13882296351197262 0.3575145541619156 0.15656040022805018 0.3254562417331813 0.1072535518814139 0.3085845541619156 0.09152910490307867 0.3350675370581528
0 0.004454371721778791 0.5340264344355758 0.05710325427594071 0.556064779931585 0.08149509007981756 0.5034464891676169 0.029764023945267958 0.48856953819840365 0.004454371721778791 0.5340264344355758
0 0.10495036944127707 0.44366614937286203 0.15236861231470925 0.46255127594070694 0.17033393044469783 0.42396725313568984 0.122595992018244 0.4044768494868871 0.10495036944127707 0.44366614937286203
0 0.37849243101482327 0.6498710570125428 0.4268249464082098 0.676511566704675 0.4597443477765108 0.6176558335233752 0.4132052873432155 0.5955322291904218 0.37849243101482327 0.6498710570125428
0 0.5156638415051311 0.5970307685290764 0.5484272029646522 0.6106512405929305 0.5685233375142531 0.5620432873432155 0.5377501379703535 0.5464113580387685 0.5156638415051311 0.5970307685290764
0 0.366051314709236 0.9381749954389965 0.34452717217787915 0.9766363055872292 0.390820802736602 0.9936998244013683 0.4085183033067275 0.9628299030786773 0.366051314709236 0.9381749954389965
0 0.5959088665906499 0.4917046180159635 0.6299610513112884 0.5023995370581528 0.6431217844925883 0.4654300684150513 0.6087622234891675 0.44997152109464084 0.5959088665906499 0.4917046180159635
0 0.12160148118586088 0.2897769566704675 0.1549981117445838 0.30223131927023944 0.19174410034207523 0.23578575940706956 0.15836690193842645 0.2212526841505131 0.12160148118586088 0.2897769566704675
0 0.991790890535918 0.708122850627138 0.967699897377423 0.6888641037628278 0.9523122246294184 0.7215970216647662 0.9795170923603193 0.7418556750285064 0.991790890535918 0.708122850627138
0 0.8240914777651083 0.04220362713797035 0.8394675267958951 0.011549695553021664 0.7795321847206386 0.009456706955530218 0.7718909327251996 0.02433972177879133 0.8240914777651083 0.04220362713797035
0 0.41229133865450396 0.24289332725199544 0.43994526567844927 0.2498001425313569 0.4482747137970354 0.23226765564424173 0.41568468529076397 0.21865323603192705 0.41229133865450396 0.24289332725199544
0 0.3996470843785633 0.2650280330672748 0.43369926681870014 0.27572295210946407 0.4360995176738882 0.25798341277080955 0.40149695096921323 0.24608105017103765 0.3996470843785633 0.2650280330672748