0 0.9326915541619156 0.4231432383124287 0.8849077936145952 0.3996106716077537 0.8636612132269099 0.4508669064994299 0.9096584344355758 0.47326167616875714 0.9326915541619156 0.4231432383124287
0 0.9995601995438996 0.45536649486887115 0.9659397331812999 0.4327690250855188 0.9420012371721779 0.48277639794754845 0.9764077126567845 0.49913664994298745 0.9995601995438996 0.45536649486887115
0 0.7578601185860889 0.7771696898517674 0.7034609600912201 0.7556486875712657 0.6873748494868872 0.791239677309008 0.7380881402508552 0.8187021619156215 0.7578601185860889 0.7771696898517674
0 0.7125312748004562 0.6238179828962372 0.6251691459521094 0.5756157571265679 0.5976149315849487 0.6342844652223489 0.681153810718358 0.6820853181299885 0.7125312748004562 0.6238179828962372
0 0.6636807970353478 0.6806396966932725 0.6130340775370582 0.6583226875712658 0.600848897377423 0.6894424196123147 0.6512773010262258 0.7127163557582668 0.6636807970353478 0.6806396966932725
0 0.7698715245153934 0.7181626191562144 0.7368915929304447 0.7018026533637399 0.7265201334093501 0.7386070148232611 0.7568642405929304 0.7558307491448119 0.7698715245153934 0.7181626191562144
0 0.4483394230330673 0.4626624230330673 0.44221723261117446 0.5137389418472064 0.4772154868871152 0.5214752018244013 0.48151142417331816 0.47321492246294183 0.4483394230330673 0.4626624230330673
0 0.3899409509692132 0.45382988483466363 0.3559005815279362 0.43860584378563283 0.34811204675028506 0.4961067023945268 0.38136797605473205 0.5042133055872292 0.3899409509692132 0.45382988483466363
0 0.4943353671607754 0.1320768015963512 0.4592661562143671 0.1289066362599772 0.4574770889395667 0.16328133751425314 0.49480791790193845 0.16202358608893958 0.4943353671607754 0.1320768015963512
0 0.1888821915621437 0.23524480615735463 0.15639537628278222 0.22181350171037628 0.14023481071835803 0.25135016875712657 0.17290081413911063 0.26808196579247434 0.1888821915621437 0.23524480615735463
0 0.8796478608893957 0.6259327673888255 0.9133199840364881 0.6357719486887116 0.9287935302166477 0.5918129589509692 0.8974983044469783 0.5729703454960091 0.8796478608893957 0.6259327673888255
0 0.3698636157354618 0.2823650935005701 0.3832207685290764 0.2846855678449259 0.3861956431014823 0.26159369327251997 0.3768394857468643 0.257512259977195 0.3698636157354618 0.2823650935005701
0 0.40766613683010267 0.26340365336374005 0.3960596510832383 0.2594970342075257 0.3939979030786773 0.28118078791334095 0.4025279179019384 0.28422379589509694 0.40766613683010267 0.26340365336374005
0 0.4331391539338655 0.26345232953249714 0.418761409350057 0.2607417742303307 0.4152437502850627 0.28698409350057014 0.4243545416191562 0.28990365336374 0.4331391539338655 0.26345232953249714
0 0.4520223819840365 0.26672275256556444 0.43868732497149376 0.2631835518814139 0.43674902508551877 0.2854480798175599 0.44623015849486886 0.2901099646522235 0.4520223819840365 0.26672275256556444