0 0.7873120558722919 0.7625632018244014 0.8165555359179019 0.7198557035347777 0.7673267924743444 0.6892727069555302 0.7408362873432155 0.7366031755986318 0.7873120558722919 0.7625632018244014
0 0.927805181299886 0.5612931049030787 0.9722262189281642 0.5885219988597491 0.9995188620296465 0.5191038540478905 0.9653489988597492 0.500716149372862 0.927805181299886 0.5612931049030787
0 0.9361857183580389 0.9052398540478905 0.917566558722919 0.9782556123147093 0.9567048380843786 0.9921043511972634 0.982104534777651 0.9163026465222349 0.9361857183580389 0.9052398540478905
0 0.4429973101482326 0.6840572417331813 0.45843790992018246 0.650168542759407 0.40293928506271376 0.6345269315849487 0.3886050615735462 0.6638471904218928 0.4429973101482326 0.6840572417331813
0 0.07983721094640821 0.5636347309007982 0.025324896237172177 0.5365460387685291 0.002978198403648803 0.6035399965792474 0.041856568985176736 0.6331175416191562 0.07983721094640821 0.5636347309007982
0 0.23343661573546182 0.8919962508551882 0.20768150171037628 0.8793938198403649 0.18235605701254276 0.9255178346636259 0.20753974458380844 0.9393147947548461 0.23343661573546182 0.8919962508551882
0 0.27535869099201826 0.8782125096921323 0.25466091790193846 0.8661656510832384 0.22725832725199543 0.9122743523375143 0.2506388038768529 0.9249182326111745 0.27535869099201826 0.8782125096921323
0 0.28238679475484607 1 0.28625125085518816 0.991930353477765 0.2544146031927024 0.9711281231470923 0.23755725313568987 1 0.28238679475484607 1
0 0.3200682428734321 0.7178437331812999 0.3156035963511973 0.7343225997719498 0.42051734549600917 0.757024748004561 0.42918414937286203 0.7432292018244013 0.3200682428734321 0.7178437331812999
0 0.31039252793614597 0.6058861710376283 0.26576853021664765 0.5839506887115166 0.25422262257696693 0.6199186077537059 0.29140217901938426 0.6406260148232612 0.31039252793614597 0.6058861710376283
0 0.10692177194982896 0.41425335119726336 0.026008074116305586 0.40557979361459523 0.020899676168757125 0.45313087685290765 0.0969931778791334 0.4577348141391106 0.10692177194982896 0.41425335119726336
0 0.15538600000000002 0.4009476955530217 0.11557974914481185 0.3998625575826682 0.11793891220068416 0.4330451870011402 0.15176714595210947 0.43186087343215507 0.15538600000000002 0.4009476955530217
0 0.18244551995438996 0.48827936716077536 0.17085442987457242 0.5046482155074116 0.22994506955530217 0.5218601881413911 0.2355917913340935 0.5051497194982896 0.18244551995438996 0.48827936716077536
0 0.22621463968072977 0.3421651117445838 0.1673802234891676 0.3396321527936146 0.16251349144811858 0.36700719612314714 0.22608682326111745 0.3688635963511973 0.22621463968072977 0.3421651117445838
0 0.2688203477765108 0.2654832987457241 0.28452353363740024 0.22953814025085517 0.23460230330672746 0.21031427023945268 0.21429006043329532 0.23736507525655645 0.2688203477765108 0.2654832987457241
0 0.18549061573546183 0.254479677309008 0.16441056898517675 0.28857464196123145 0.24065237856328392 0.31877520068415055 0.25899728278221207 0.281078984036488 0.18549061573546183 0.254479677309008
0 0.8617293683010263 0.5861750763968073 0.801520212086659 0.5559150136830102 0.7931272497149372 0.5683883899657924 0.856624574686431 0.5999115724059293 0.8617293683010263 0.5861750763968073
0 0.9866870923603193 0.4984152725199544 0.9953564868871152 0.4847681425313569 0.9317851721778792 0.4490956191562144 0.917735598631699 0.4606128848346636 0.9866870923603193 0.4984152725199544
0 0.9579641505131129 0.4348600034207526 0.9513567753705815 0.447566314709236 0.9987010535917902 0.4722516157354618 0.9993741242873432 0.45978015621436713 0.9579641505131129 0.4348600034207526
0 0.8528734720638541 0.12976324515393386 0.8759289064994299 0.07275375142531357 0.8406529771949829 0.05913138996579247 0.8201611619156215 0.1099155062713797 0.8528734720638541 0.12976324515393386
0 0.9553940136830102 0.08349040478905359 0.9933076670467502 0.11223309692132269 0.9924691334093501 0.06419354047890537 0.9694165461801596 0.05332389623717217 0.9553940136830102 0.08349040478905359
0 0.6069443352337514 0.22746861801596352 0.6349322485746864 0.18078242645381984 0.5966258757126568 0.16365148118586087 0.5689584139110605 0.21159633523375143 0.6069443352337514 0.22746861801596352
0 0.37076648802736606 0.05012910490307868 0.3324497787913341 0.032406062713797035 0.3141048745724059 0.07010227936145952 0.3517331539338654 0.08249589965792475 0.37076648802736606 0.05012910490307868
0 0.5665965792474345 0.48454006271379707 0.5384150684150514 0.46901390763968076 0.5193108437856329 0.4972297445838085 0.5452005324971494 0.5175419395667047 0.5665965792474345 0.48454006271379707