0 0.851036006841505 0.8962335792474344 0.8712642006841506 0.9305580319270239 0.9115904047890536 0.8994071014823262 0.8939235644241733 0.8673510581527936 0.851036006841505 0.8962335792474344
0 0.1591386488027366 0.6491056647662485 0.16743044583808436 0.6839921220068415 0.19220667502850627 0.676974503990878 0.1851882485746864 0.6404806123147092 0.1591386488027366 0.6491056647662485
0 0.12953194754846067 0.6915095952109465 0.12181750855188142 0.7023910775370582 0.17550644697833523 0.723026094640821 0.17930627480045608 0.7016331436716078 0.12953194754846067 0.6915095952109465
0 0.3626882805017104 0.04796447320410491 0.3221850741163056 0.11652772519954391 0.3720013762827822 0.1428976100342075 0.4104729555302166 0.07330318129988597 0.3626882805017104 0.04796447320410491
0 0.8229494549600912 0.08040338768529078 0.8258055256556442 0.1167855370581528 0.8715177924743444 0.11918121550741162 0.8740573466362599 0.08780080729760546 0.8229494549600912 0.08040338768529078
0 0.7557780843785632 0.10123520980615734 0.7572526077537058 0.11853922006841505 0.808405338654504 0.13072367046750286 0.8120116123147092 0.11305381755986316 0.7557780843785632 0.10123520980615734
0 0.7971613181299886 0.0499448118586089 0.8381772930444699 0.01703694754846066 0.7817765701254277 0.014081111744583808 0.7723120980615736 0.02429039566704675 0.7971613181299886 0.0499448118586089
0 0.8762441117445838 0.3243550672748004 0.913192685290764 0.3690578836944128 0.9412114047890536 0.3455795929304447 0.9048574116305587 0.3009063740022805 0.8762441117445838 0.3243550672748004
0 0.6565347628278221 0.6318121026225769 0.6836966168757127 0.6587784127708095 0.7064348175598631 0.6338342531356899 0.6840955096921323 0.6113999851767388 0.6565347628278221 0.6318121026225769
0 0.486548661345496 0.6947770091220068 0.5130850262257697 0.7223035393386544 0.5384464435575826 0.6927450319270239 0.5121095963511972 0.6727564618015964 0.486548661345496 0.6947770091220068
0 0.304042590649943 0.7921291094640821 0.3290158631698974 0.8154164618015963 0.35069541847206387 0.7993274697833523 0.32556158836944127 0.7734312645381984 0.304042590649943 0.7921291094640821
0 0.5553095461801596 0.7571846408209806 0.5833437616875713 0.7788502793614596 0.5979624298745724 0.7612021128848346 0.5739050570125428 0.7374558175598631 0.5553095461801596 0.7571846408209806
0 0.8503888358038769 0.7381987525655644 0.8746434766248574 0.7638235735461802 0.9032257012542759 0.7409678152793614 0.8787782006841506 0.7133504834663627 0.8503888358038769 0.7381987525655644
0 0.8632585461801597 0.17458269783352337 0.8345195530216648 0.20039993500570125 0.860557684150513 0.2261182234891676 0.8859999224629418 0.20066019042189281 0.8632585461801597 0.17458269783352337
0 0.7649417400228051 0.8578642326111745 0.750571503990878 0.8707720296465222 0.7709503340935006 0.890847337514253 0.7850060570125428 0.8839109509692131 0.7649417400228051 0.8578642326111745
0 0.7854013090079818 0.8423043044469783 0.7680337571265679 0.8556495838084378 0.7892895210946408 0.8817118038768529 0.8060952109464082 0.8677425142531356 0.7854013090079818 0.8423043044469783
0 0.753191709236032 0.7639909464082097 0.7546973078677309 0.7807020193842645 0.7890614047890536 0.7611205370581527 0.7811641379703536 0.7527707822120867 0.753191709236032 0.7639909464082097
0 0.8507520114025086 0.7993985074116305 0.8565386214367161 0.8139572440136831 0.8923106031927025 0.8015765005701254 0.8856461197263398 0.7867511413911061 0.8507520114025086 0.7993985074116305
0 0.5804167628278222 0.07363217901938428 0.5633006556442417 0.09352459064994299 0.5883997035347776 0.11444183922462942 0.6077498198403648 0.09165926111744584 0.5804167628278222 0.07363217901938428