0 0.34193038084378563 0 0.3416816887115165 0.03114984264538198 0.39097036602052454 0.02005796009122007 0.3875590307867731 0 0.34193038084378563 0
0 0.675952511972634 1 0.6591217901938426 0.9330978985176739 0.6195146579247435 0.9429150387685291 0.6376668050171038 1 0.675952511972634 1
0 0.38592270353477764 0.7624095917901937 0.39553062485746865 0.7944250570125427 0.43369563740022804 0.7833447742303307 0.42517190193842647 0.7501969988597492 0.38592270353477764 0.7624095917901937
0 0.46981499315849484 0.7370779589509692 0.480700449258837 0.7673766818700113 0.5085894367160776 0.7649736111744584 0.49606314937286206 0.7235894458380844 0.46981499315849484 0.7370779589509692
0 0.3644729851767389 0.7636637183580387 0.3283733557582668 0.772473984036488 0.33876161915621433 0.8122596887115165 0.3734272976054732 0.7968356248574686 0.3644729851767389 0.7636637183580387
0 0.18285228848346635 0.30762406385404784 0.20411459977194982 0.29863077194982895 0.18271502280501709 0.23091800684150515 0.15926691448118588 0.24098587571265678 0.18285228848346635 0.30762406385404784
0 0.9139422531356899 0.1057331094640821 0.9277251174458381 0.1147809110604333 0.9734819281641961 0.057720875712656786 0.9604318882554161 0.04663206841505131 0.9139422531356899 0.1057331094640821
0 0.8759790342075257 0.1614178950969213 0.9206912394526796 0.19230027366020527 0.9378647844925884 0.15931010604332954 0.8967666031927023 0.12267148232611175 0.8759790342075257 0.1614178950969213
0 0.4671159657924744 0 0.4687590912200684 0.03186403762827822 0.49108208095781075 0.028277417331813 0.481209149372862 0 0.4671159657924744 0
0 0.43753617901938424 0 0.4400139315849487 0.036303216647662485 0.45882286088939567 0.0319378677309008 0.4538533705815279 0 0.43753617901938424 0
0 0.4131890912200684 0 0.40964845381984033 0.03768465336374002 0.4274996556442417 0.03475552451539339 0.4271791174458381 0 0.4131890912200684 0
0 0.43379181185860893 0.29104857012542756 0.46191652565564423 0.30976333979475484 0.4983650501710376 0.2632164914481186 0.46044053591790196 0.2472566795895097 0.43379181185860893 0.29104857012542756
0 0.9273281128848346 0.1676763740022805 0.9154587206385405 0.2241325496009122 0.946606101482326 0.23052143329532496 0.9669970102622577 0.1762955473204105 0.9273281128848346 0.1676763740022805
0 0.5418586966932726 0.5184847981755987 0.5480674914481186 0.547349298745724 0.5838714834663626 0.5352534332953249 0.5732816659064994 0.5082403090079818 0.5418586966932726 0.5184847981755987
0 0.5084081448118586 0.7147233819840365 0.6040223785632839 0.6923843283922463 0.5719212713797035 0.5795183580387685 0.48204527251995444 0.6057255279361459 0.5084081448118586 0.7147233819840365
0 0.3652273922462942 0.613278353477765 0.33732724629418476 0.6355987616875712 0.3595312782212086 0.6653015370581529 0.38555939338654505 0.6446667149372862 0.3652273922462942 0.613278353477765
0 0.5796824025085519 0.012110995438996578 0.5695221060433295 0.03595567502850627 0.6100849566704675 0.04402713112884835 0.614739046750285 0.014245517673888255 0.5796824025085519 0.012110995438996578