0 0.49885512314709235 0.8016127525655644 0.49667935803876856 0.7393069806157354 0.46297118472063853 0.7440487673888255 0.4670100022805017 0.8086659270239452 0.49885512314709235 0.8016127525655644
0 0.4195697787913341 0.8626044253135691 0.40983507753705817 0.788086267958951 0.36885963169897373 0.7889230490307867 0.3744168244013683 0.8629945404789054 0.4195697787913341 0.8626044253135691
0 0.5087275473204105 1 0.6399297787913342 0.9954183169897377 0.6350027571265678 0.8883531710376283 0.46222372633979475 0.9098336579247435 0.4710959350057013 1 0.5087275473204105 1
0 0.48307835803876853 0.3328121482326112 0.47612566476624857 0.2528498323831243 0.4410856636259977 0.25347934435575825 0.4511296818700114 0.3368999441277081 0.48307835803876853 0.3328121482326112
0 0.42340366020524517 0.2576614846066135 0.4594853865450399 0.2528368118586089 0.4569573534777651 0.18044343899657925 0.4185641847206385 0.18712960205245155 0.42340366020524517 0.2576614846066135
0 0.3906679190421893 0.47743939110604333 0.3843914469783352 0.3998283454960091 0.2765444458380844 0.4428073968072976 0.2799010125427594 0.48784268871151654 0.3906679190421893 0.47743939110604333
0 0.0845006488027366 0.355048354618016 0.07532699201824401 0.2965516259977195 0.026841591790193842 0.3035917810718358 0.03114381299885975 0.3586939521094641 0.0845006488027366 0.355048354618016
0 0.07130284150513112 0.028152003420752567 0.07635706955530216 0.12184675142531357 0.11221737856328393 0.11197985974914482 0.10501101482326113 0.02341021550741163 0.07130284150513112 0.028152003420752567
0 0.3499818380843786 0.19724956898517676 0.31690844127708095 0.20315584834663625 0.31936526453819836 0.25654169099201823 0.35773195781071837 0.2522313363740023 0.3499818380843786 0.19724956898517676
0 0.06809477194982896 0.8041788848346636 0.029063702394526793 0.8097006636259977 0.037562701254275944 0.8658460672748004 0.07509822919042189 0.8609706259977195 0.06809477194982896 0.8041788848346636
0 0.274583842645382 0.6419049167616876 0.25080056670467504 0.6415456602052452 0.2544042850627138 0.693703228050171 0.2775112314709236 0.6917080912200685 0.274583842645382 0.6419049167616876
0 0.9532532029646522 0 0.9541518871151653 0.021086712656784492 0.9819867810718358 0.018332359179019386 0.9816675689851767 0 0.9532532029646522 0