0 0.3360269942987457 0 0.3399369703534778 0.034403768529076395 0.3744864948688712 0.03768114595210947 0.3741713785632839 0 0.3360269942987457 0
0 0.2600046020524515 0.23273519612314708 0.25014770353477767 0.1930138574686431 0.2298688848346636 0.1964715701254276 0.23291033409350057 0.234992748004561 0.2600046020524515 0.23273519612314708
0 0.26080103876852906 0.2919607662485747 0.25832048574686434 0.2422862930444698 0.23146688369441276 0.2431789623717218 0.23691478905359178 0.2919693420752566 0.26080103876852906 0.2919607662485747
0 0.6770344435575826 0.7043937833523375 0.6833726887115166 0.6365766134549601 0.6165210763968073 0.6332296043329533 0.6205240649942988 0.714122409350057 0.6770344435575826 0.7043937833523375
0 0.6474437080957811 0.872211181299886 0.6528195632839224 0.8098519999999999 0.6133010741163056 0.8028838244013683 0.6007908084378564 0.8738330661345496 0.6474437080957811 0.872211181299886
0 0.32243464766248575 0.3459380535917902 0.33456477423033065 0.3420478255416191 0.3355368859749145 0.3069490262257697 0.3180036704675029 0.3095835017103763 0.32243464766248575 0.3459380535917902
0 0.3004090524515393 0.34446439794754846 0.31212676396807293 0.3429130900798176 0.30851842303306726 0.3121329509692132 0.2924575245153934 0.31563153021664764 0.3004090524515393 0.34446439794754846
0 0.33494075712656785 0.43556510262257697 0.34950982782212087 0.43150201710376285 0.34933938540478904 0.3983119395667047 0.33362396237172176 0.399761251995439 0.33494075712656785 0.43556510262257697
0 0.30453049600912196 0.403072023945268 0.3073460889395667 0.43491978563283923 0.32246599885974914 0.4345712850627138 0.32133384378563284 0.40000581071835806 0.30453049600912196 0.403072023945268
0 0.28061311060433297 0.43623513454960094 0.2964547457240593 0.43179352793614595 0.2942900136830102 0.403075078677309 0.2778675393386545 0.40349535575826684 0.28061311060433297 0.43623513454960094
0 0.2570053694412771 0.4368957297605473 0.2693754846066135 0.4384740045610034 0.26951435347776515 0.4035297377423033 0.2511230558722919 0.40149267388825544 0.2570053694412771 0.4368957297605473
0 0.2245328141391106 0.4365961277080958 0.24030512542759405 0.4393772120866591 0.24171528962371722 0.40405261117445834 0.2197922212086659 0.4050118472063854 0.2245328141391106 0.4365961277080958
0 0.20102817673888257 0.43667199315849486 0.2182792576966933 0.43790509578107184 0.21058269669327254 0.40640250627137975 0.19769552565564424 0.40774760775370583 0.20102817673888257 0.43667199315849486