0 0.846557794754846 0.3720996510832383 0.8709379977194983 0.3947613557582668 0.8962371334093501 0.36579414937286203 0.866075621436716 0.345699015963512 0.846557794754846 0.3720996510832383
0 0.9240662884834663 0.4474406339794755 0.9540948688711517 0.47574474914481185 0.9768376180159636 0.4502062622576967 0.948625134549601 0.42128384834663624 0.9240662884834663 0.4474406339794755
0 0.8846576396807297 0.5867440558722918 0.9165908050171038 0.6127712896237173 0.9450734583808438 0.5798136636259977 0.9084997092360318 0.557246740022805 0.8846576396807297 0.5867440558722918
0 0.8595012554161916 0.567607496009122 0.8770751630558723 0.583971543899658 0.8983405724059293 0.5469149555302166 0.8722572303306728 0.5397634948688712 0.8595012554161916 0.567607496009122
0 0.7171920307867731 0.43541124857468644 0.8231956339794755 0.522936811858609 0.8398098232611174 0.4895136510832383 0.7359705096921323 0.40610074458380846 0.7171920307867731 0.43541124857468644
0 0.80263686659065 0.5521524503990878 0.7557886316989738 0.5271272451539338 0.7370723021664767 0.5552518768529077 0.7855870285062714 0.5882158050171038 0.80263686659065 0.5521524503990878
0 0.6410555005701255 0.5834810570125428 0.6832237103762827 0.6070765575826682 0.7002957023945268 0.5819653101482326 0.6551214002280502 0.5533321413911061 0.6410555005701255 0.5834810570125428
0 0.7983245051311288 0.8726816579247434 0.78823686659065 0.8382956488027367 0.7497596088939567 0.8463773557582668 0.7632005632839225 0.8792054789053593 0.7983245051311288 0.8726816579247434
0 0.5638787251995439 0.002661568985176739 0.5982434903078677 0.027641190421892815 0.6183660604332953 0.006718776510832383 0.5638787251995439 0.002661568985176739
0 0.5158152656784493 0.7836273454960091 0.5156942246294184 0.7972819122006841 0.5690600513112886 0.8000786966932726 0.5700341003420752 0.7871353728620296 0.5158152656784493 0.7836273454960091
0 0.6098625404789054 0.6341195039908779 0.6101559007981756 0.673931606613455 0.6504445758266818 0.676636046750285 0.6467599338654505 0.6334934572405929 0.6098625404789054 0.6341195039908779