0 0.6505765621436717 0.8428968745724059 0.6505765621436717 0.8737812497149373 0.7283578129988598 0.8652187502850627 0.7212328129988597 0.8363640627137969 0.6505765621436717 0.8428968745724059
0 0.6594828129988598 0.9076328129988597 0.6612624994298746 0.9420812497149372 0.715889062713797 0.9212937502850627 0.7147000000000001 0.886846874572406 0.6594828129988598 0.9076328129988597
0 0.4374187502850627 0.8375515621436717 0.4071374994298746 0.8506171870011402 0.4317781254275941 0.9168734378563284 0.46651249942987455 0.9046640627137971 0.4374187502850627 0.8375515621436717
0 0.3786375005701254 0.9622734378563285 0.3786375005701254 1 0.44068437514253134 0.9899062497149373 0.430885937286203 0.9492062497149373 0.3786375005701254 0.9622734378563285
0 0.5817 0.6967937502850627 0.57695 0.6659109372862029 0.5154968745724059 0.6781859372862029 0.5193562497149373 0.7080781254275941 0.5817 0.6967937502850627
0 0.7859515621436717 0.6540328129988597 0.7835765621436716 0.6213671870011402 0.7307328129988597 0.6219593751425314 0.7256859372862029 0.6594828129988598 0.7859515621436717 0.6540328129988597
0 0.6725453124287343 0.6178031254275941 0.6672 0.6469046875712657 0.7096546875712657 0.6541390627137971 0.7129203124287343 0.6249296875712658 0.6725453124287343 0.6178031254275941
0 0.8702640627137971 0.637996874572406 0.8720468745724059 0.6255234378563285 0.8168265621436717 0.6284937502850627 0.8183124994298746 0.6443421870011402 0.8702640627137971 0.637996874572406
0 0.3198546875712657 0.0036937502850627134 0.295510937286203 0.01913750057012543 0.3537 0.11178749942987458 0.381903125427594 0.09749375028506271 0.3198546875712657 0.0036937502850627134
0 0.11857187457240592 0.6469046875712657 0.11738593728620297 0.6148328129988598 0.04969687457240593 0.6140593751425314 0.04969687457240593 0.65225 0.11857187457240592 0.6469046875712657
0 0.0012468745724059293 0.8060734378563285 0.0012468745724059293 0.8464593751425313 0.034259375142531356 0.8351765621436716 0.020306249714937285 0.7948578129988597 0.0012468745724059293 0.8060734378563285
0 0.28066718700114024 0.7437124994298746 0.20763593728620297 0.7710343751425314 0.21654218700114025 0.8060734378563285 0.29283906271379706 0.775264062713797 0.28066718700114024 0.7437124994298746
0 0.11976093728620298 0.9777156248574687 0.14885468757126566 0.967025 0.13876093728620298 0.9325765621436716 0.11293124971493729 0.9364687502850627 0.11976093728620298 0.9777156248574687
0 0.04435312542759407 1 0.08057187457240593 0.9996906248574686 0.06513437514253136 0.9711828129988597 0.03455624971493729 0.9801093751425314 0.04435312542759407 1
0 0.13697812542759408 0.9046640627137971 0.13104062485746865 0.870810937286203 0.10046250057012543 0.8759046875712657 0.10847812542759408 0.910603125427594 0.13697812542759408 0.9046640627137971
0 0.11916562485746864 0.8428968745724059 0.08710312542759407 0.8523984378563284 0.09333749942987457 0.8669984378563284 0.12807187457240593 0.8559625005701255 0.11916562485746864 0.8428968745724059
0 0.16369843785632837 0.776378125427594 0.18447812542759406 0.8298296875712656 0.20347812542759405 0.8232984378563284 0.18240156214367162 0.7734828129988598 0.16369843785632837 0.776378125427594
0 0.49204375028506275 0.5204015621436716 0.5015437502850627 0.571478125427594 0.5288562497149373 0.5607874994298746 0.5235124994298745 0.5071843751425313 0.49204375028506275 0.5204015621436716
0 0.5336062497149373 0.5560359372862029 0.5567624994298745 0.5512843751425314 0.5466703124287343 0.5209953124287343 0.5261843751425314 0.5258874994298746 0.5336062497149373 0.5560359372862029
0 0.49441875028506277 0.1937484378563284 0.4991687502850627 0.18008749942987456 0.4077312497149373 0.16518281299885976 0.402385937286203 0.18186875028506272 0.49441875028506277 0.1937484378563284
0 0.5537937502850627 0.16464531242873431 0.555575 0.14801562485746866 0.43979375028506273 0.14326562485746863 0.4389031254275941 0.15894687457240594 0.5537937502850627 0.16464531242873431
0 0.5935765621436716 0.20265781299885974 0.5953562497149373 0.18483906271379705 0.5347937502850627 0.181275 0.5333093751425313 0.1972437502850627 0.5935765621436716 0.20265781299885974
0 0.6024812497149372 0.1693984378563284 0.6048562497149373 0.1521734378563284 0.5627 0.15098593728620296 0.5618093751425314 0.16696406271379702 0.6024812497149372 0.1693984378563284
0 0.5413250000000001 0.11713281299885975 0.5401374994298745 0.1343562497149373 0.5778421870011403 0.14024375028506272 0.5775437502850628 0.12307187457240593 0.5413250000000001 0.11713281299885975
0 0.8963906248574687 0.27808281299885973 0.8987656248574686 0.24601249942987458 0.8678906248574687 0.24601249942987458 0.8690765621436717 0.28096406271379704 0.8963906248574687 0.27808281299885973
0 0.36497968757126564 0.6071124994298747 0.3863546875712657 0.5881078129988597 0.37091718700114024 0.5613812497149373 0.3465734378563284 0.5756343751425314 0.36497968757126564 0.6071124994298747
0 0.5371703124287344 0.8714046875712657 0.5407312497149374 0.9016937502850628 0.5644812497149373 0.8993187502850627 0.5564656248574686 0.8616562497149374 0.5371703124287344 0.8714046875712657
0 0.5561703124287344 0.5518796875712657 0.578139062713797 0.5471265621436716 0.5716078129988598 0.513275 0.5502312497149373 0.5152 0.5561703124287344 0.5518796875712657
0 0.6446390627137971 0.5061468745724059 0.6606703124287343 0.49605 0.6440453124287343 0.4455671870011403 0.6232624994298747 0.45196562485746866 0.6446390627137971 0.5061468745724059
0 0.578139062713797 0.055959375142531353 0.5336062497149373 0.0012468745724059293 0.479871874572406 0.028915624857468646 0.5383562497149373 0.09218749942987457 0.578139062713797 0.055959375142531353