0 0.2291904218928164 0.43443557582668185 0.06271379703534778 0.037628278221208664
0 0.973010937286203 0.551135937286203 0.9190343751425314 0.5454546875712657 0.9161937502850628 0.6789765621436716 0.964489062713797 0.6818187502850628 0.973010937286203 0.551135937286203
0 0.921875 0.30397656214367164 0.917614062713797 0.3735796875712657 0.980114062713797 0.3721593751425314 0.9815343751425314 0.3110796875712657 0.921875 0.30397656214367164
0 0.8607953124287344 0.09659062485746865 0.7741484378563284 0.09943124971493729 0.7727265621436716 0.2244312497149373 0.855114062713797 0.2258515621436716 0.8607953124287344 0.09659062485746865
0 0.566760937286203 0.4900562497149373 0.4857953124287343 0.4900562497149373 0.4829546875712657 0.5284093751425314 0.5696015621436716 0.526989062713797 0.566760937286203 0.4900562497149373
0 0.6590906248574686 0.7059656248574686 0.5525562497149373 0.7045453124287344 0.5525562497149373 0.7244312497149372 0.65625 0.730114062713797 0.6590906248574686 0.7059656248574686
0 0.551135937286203 0.7002843751425314 0.6548296875712656 0.703125 0.651989062713797 0.6803984378563284 0.5525562497149373 0.6875 0.551135937286203 0.7002843751425314
0 0.5099437502850627 0.96875 0.47301093728620297 0.9701703124287344 0.4715906248574686 1 0.511364062713797 0.9971593751425314 0.5099437502850627 0.96875
0 0.13068124971493728 1 0.13494375028506272 0.9616484378563284 0.08948906271379704 0.9630687502850628 0.08380624971493729 1 0.13068124971493728 1
0 0.20028437514253136 0.24573906271379703 0.1576703124287343 0.25852343785632836 0.1789765621436716 0.3110796875712657 0.2173296875712657 0.29261406271379703 0.20028437514253136 0.24573906271379703
0 0.29261406271379703 0.2201703124287343 0.2642046875712657 0.22301093728620297 0.27698906271379703 0.26136406271379703 0.2982953124287343 0.25426093728620297 0.29261406271379703 0.2201703124287343
0 0.7567406248574686 0.627025 0.7549015621436717 0.6968968745724059 0.8394609372862029 0.695671874572406 0.8354781254275941 0.6246937502850627 0.7567406248574686 0.627025
0 0.7965687502850627 0.6006703124287344 0.7941171870011403 0.6184453124287344 0.8327203124287343 0.6182593751425314 0.8339468745724059 0.5982187502850627 0.7965687502850627 0.6006703124287344
0 0.12132343785632839 0.6172187502850627 0.12806406271379703 0.714671874572406 0.18627500000000002 0.7091562497149373 0.1838234378563284 0.6182593751425314 0.12132343785632839 0.6172187502850627
0 0.6200984378563283 0.19002031242873432 0.6207109372862029 0.3126015621436716 0.7435656248574686 0.3158703124287343 0.7432593751425314 0.19308437514253135 0.6200984378563283 0.19002031242873432
0 0.3161765621436716 0.19185937514253135 0.32046562485746866 0.21085937514253136 0.3547796875712657 0.20190000000000002 0.35171562485746866 0.18572968757126568 0.3161765621436716 0.19185937514253135