0 0.8052944435575827 0.4558339007981756 0.7721799954389966 0.3940571060433295 0.6744013865450399 0.43436502964652224 0.7111679007981756 0.501421078677309 0.8052944435575827 0.4558339007981756
0 0.927508188141391 0.21794443329532498 0.8800903728620296 0.25440254047890537 0.9033632930444697 0.2961589817559863 0.9511858335233752 0.2644445324971494 0.927508188141391 0.21794443329532498
0 0.8337444218928164 0.1483202314709236 0.8037756898517674 0.16487702964652223 0.8160835256556442 0.19019733523375143 0.8490829692132269 0.17447839566704673 0.8337444218928164 0.1483202314709236
0 0.19710708779931588 0.246727322690992 0.1477751448118586 0.2754989156214367 0.1730140307867731 0.32791173204104906 0.22141829988597492 0.30123320980615736 0.19710708779931588 0.246727322690992
0 0.12302622805017104 0.35313016875712655 0.10404051197263398 0.319018818700114 0.04002621322690992 0.35636045952109463 0.05244647434435576 0.38821104675028506 0.12302622805017104 0.35313016875712655
0 0.777368031927024 0.907940141391106 0.7856387092360319 0.9950903215507412 0.8983231060433295 0.9931234082098062 0.9019774709236031 0.8965605484606614 0.777368031927024 0.907940141391106
0 0.97212651995439 0.6328570524515393 0.958760251995439 0.5808308403648803 0.922329685290764 0.6010634732041049 0.9368091755986316 0.6489133717217789 0.97212651995439 0.6328570524515393
0 0.7205800296465222 0.7007887423033067 0.6887505427594071 0.7126272953249715 0.7011930912200683 0.7456651755986317 0.7325215860889396 0.7341322862029647 0.7205800296465222 0.7007887423033067
0 0.5322602565564424 0.9920900535917903 0.5323897856328392 0.9995107981755986 0.5982235074116306 0.9983616659064994 0.5878645815279361 0.958458251995439 0.5322602565564424 0.9920900535917903
0 0.09022561687571265 0.4113067913340935 0.03919712998859749 0.44485715849486884 0.06813992246294186 0.5055190877993159 0.12315333751425313 0.48199288939566703 0.09022561687571265 0.4113067913340935
0 0.5902673740022805 0.27074438768529074 0.5724363272519954 0.23483136259977194 0.5166026647662486 0.26490412542759406 0.5313944675028506 0.2967148802736602 0.5902673740022805 0.27074438768529074
0 0.12552347776510833 0.9380241037628279 0.1289224275940707 0.9967549806157355 0.16911751083238313 0.9883334458380844 0.16036992246294185 0.9291005290763967 0.12552347776510833 0.9380241037628279
0 0.7400158004561004 0.862567929304447 0.7530401117445837 0.895003377423033 0.8043497126567846 0.8736187069555301 0.7876408916761688 0.8379845758266818 0.7400158004561004 0.862567929304447