0 0.8703813876852907 0.8306225347776511 0.8351546476624857 0.8340659304446978 0.828828197263398 0.8961348221208666 0.8627542976054733 0.8958047719498289 0.8703813876852907 0.8306225347776511
0 0.9459247582668187 0.693739945267959 0.8866157183580389 0.6938003728620297 0.8871751630558724 0.7196611584948689 0.9455656944127708 0.7218699828962372 0.9459247582668187 0.693739945267959
0 0.8301401619156215 0.5671438198403649 0.7907927297605473 0.5658109942987457 0.7867231208665907 0.6245979749144812 0.8238267673888255 0.6295127594070695 0.8301401619156215 0.5671438198403649
0 0.7683162736602052 0.7257392873432155 0.7386878893956671 0.7191785256556442 0.7310425324971493 0.7522803933865451 0.7691185074116306 0.7567322451539339 0.7683162736602052 0.7257392873432155
0 0.4848852542759407 0.5048309486887115 0.45133824743443557 0.5091100011402508 0.44767382326111743 0.5607589053591789 0.4854239384264538 0.5606696499429875 0.4848852542759407 0.5048309486887115
0 0.916003251995439 0.35256633637400225 0.8766748871151654 0.3596303819840365 0.8794353740022804 0.3953938654503991 0.915913290763968 0.3897279692132269 0.916003251995439 0.35256633637400225
0 0.91668486659065 0.3178861927023945 0.9133364070695553 0.2820400763968073 0.8740891277080958 0.28851593272519954 0.8792094891676169 0.32880817103762827 0.91668486659065 0.3178861927023945
0 0.4464619771949829 0.22841685632839226 0.4176396088939567 0.24595120068415052 0.43338022234891677 0.27034804903078674 0.46303537058152794 0.2511319897377423 0.4464619771949829 0.22841685632839226
0 0 0.5629794298745724 0.007843816419612314 0.5619012668187001 0.008984431014823262 0.5069013158494869 0 0.5083455564424173 0 0.5629794298745724
0 0.7149892976054733 0.9346980535917901 0.6707952018244013 0.942275858608894 0.6727020775370582 0.9713255165336374 0.7139771470923604 0.9717300832383123 0.7149892976054733 0.9346980535917901
0 0.44140496693272524 0.7289624572405929 0.42169148004561 0.7285902474344356 0.42290875826681873 0.7881218289623718 0.4378406955530217 0.7884200433295325 0.44140496693272524 0.7289624572405929