0 0 0.30475980615735465 0.014410793614595211 0.31630766020524514 0.03392087343215507 0.2628183911060433 0 0.24796778563283922 0 0.30475980615735465
0 0.3424479407069555 0.45013581870011404 0.31709362713797035 0.425041677309008 0.29148466020524516 0.453400748004561 0.320970716077537 0.47723352451539336 0.3424479407069555 0.45013581870011404
0 0.618817378563284 0.5910996009122007 0.5798908323831242 0.5938575085518815 0.5876079806157354 0.6281671128848346 0.6220281242873433 0.628752425313569 0.618817378563284 0.5910996009122007
0 0.8373230535917902 0.8292771140250855 0.8915454515393386 0.8232830136830102 0.8821236636259977 0.7447636134549601 0.8333024811858609 0.768775567844926 0.8373230535917902 0.8292771140250855
0 0.8606404287343216 0.8395592348916762 0.868471534777651 0.8803975336374003 0.8987511664766249 0.8816520855188141 0.8926875518814139 0.8401890946408209 0.8606404287343216 0.8395592348916762
0 0.060300827822120866 0.3962705096921323 0.07075416989737741 0.33432707753705815 0.04190862371721779 0.3282983329532497 0.026317289623717217 0.38676684378563286 0.060300827822120866 0.3962705096921323
0 0.548940314709236 0.6653632462941846 0.5530753842645383 0.6210499566704675 0.5167721448118586 0.6145559828962371 0.5127218608893958 0.6544155541619157 0.548940314709236 0.6653632462941846
0 0.6156850068415051 0.3096723432155074 0.5957486237172178 0.27884371037628275 0.5641160228050172 0.3019617958950969 0.5777443261117446 0.33497897833523377 0.6156850068415051 0.3096723432155074
0 0.8529499885974915 0.5689006670467502 0.8260620045610034 0.5919374982896237 0.8473275085518814 0.6206629258836943 0.8766906841505131 0.6035244218928164 0.8529499885974915 0.5689006670467502
0 0.9977777343215507 0.8448869828962371 0.963168102622577 0.7314721687571265 0.8953478358038769 0.7546280729760547 0.9324533033067274 0.8751238449258837 0.9977777343215507 0.8448869828962371
0 1 0.5546353397947549 0.9724027366020525 0.5127761311288483 0.9477826145952108 0.5298334093500571 0.9945490957810719 0.591965748004561 1 0.5619707149372862 1 0.5546353397947549