0 0.878721929304447 0.0759869977194983 0.8578977708095781 0.10995319156214367 0.9002747286202964 0.13957980501710376 0.9184983329532498 0.10783697377423034 0.878721929304447 0.0759869977194983
0 0.1706922029646522 0.3102317616875713 0.16179281641961232 0.3449681949828962 0.187687921322691 0.35404656100342075 0.19534218472063855 0.31768071607753706 0.1706922029646522 0.3102317616875713
0 0.12540731927023946 0.2910395530216648 0.13293067502850628 0.30205401368301027 0.1828741014823261 0.29280068871151654 0.1794482109464082 0.2713446795895097 0.12540731927023946 0.2910395530216648
0 0.3155196419612315 0.8803105712656785 0.354820086659065 0.9495702599771949 0.40303970467502853 0.9250693683010263 0.3657885758266819 0.854814117445838 0.3155196419612315 0.8803105712656785
0 0.8190678893956671 0.888842188141391 0.8155772976054733 0.9251689509692131 0.8668065074116306 0.9186646134549601 0.8648150045610035 0.8872446636259977 0.8190678893956671 0.888842188141391
0 0.7505560182440136 0.8858923580387685 0.7487797229190422 0.9031680000000001 0.8052109498289624 0.8923326020524516 0.801913606613455 0.8746025017103762 0.7505560182440136 0.8858923580387685
0 0.7639683466362599 0.9803896533637401 0.7732531995438997 0.99076255986317 0.8296969190421892 0.9887915017103763 0.7892615131128848 0.9551728221208665 0.7639683466362599 0.9803896533637401
0 0.9108444982896237 0.6381333808437856 0.8731213819840364 0.6821845461801597 0.901321086659065 0.70612903990878 0.9384491984036488 0.6620970889395666 0.9108444982896237 0.6381333808437856
0 0.6864397046750285 0.34445171721778794 0.6588113603192702 0.3709398802736602 0.686011669327252 0.3918298916761688 0.7087391060433296 0.36978891448118584 0.6864397046750285 0.34445171721778794
0 0.5169627651083238 0.2779586841505131 0.48995003762827827 0.3050178985176739 0.5151227673888256 0.32748119156214367 0.5418044526795895 0.30795530672748 0.5169627651083238 0.2779586841505131
0 0.33454668072976057 0.18164749258836946 0.30917079247434437 0.20449545496009122 0.3303601904218928 0.22356601026225767 0.35594214367160776 0.19811239566704675 0.33454668072976057 0.18164749258836946
0 0.5881976761687572 0.22264674002280502 0.5597896134549601 0.2438198141391106 0.5780379760547321 0.26387016989737744 0.6025061151653364 0.24054735005701255 0.5881976761687572 0.22264674002280502
0 0.8791907730900798 0.24275503876852905 0.8544926111744584 0.26795265450399086 0.8824439908779931 0.2932926020524515 0.907369755986317 0.2661061436716078 0.8791907730900798 0.24275503876852905
0 0.8292398620296466 0.805392605473204 0.857523905359179 0.8317074754846067 0.8807169327251995 0.8060308460661345 0.8557228734321551 0.7801326624857469 0.8292398620296466 0.805392605473204
0 0.757004205245154 0.1336575165336374 0.7711469794754846 0.14681414253135688 0.7916628198403648 0.1211215621436716 0.7777302930444698 0.11394092588369441 0.757004205245154 0.1336575165336374
0 0.7741998757126568 0.14908241733181302 0.7913318757126568 0.16272876966932726 0.8124665838084378 0.13765559293044471 0.7959072508551882 0.12339512998859749 0.7741998757126568 0.14908241733181302
0 0.7595574424173318 0.22378581413911058 0.7577604241733181 0.2404680661345496 0.7855327742303306 0.25217470581527934 0.7935745621436716 0.24396405017103762 0.7595574424173318 0.22378581413911058
0 0.8619636282782212 0.19231302964652222 0.8559238141391106 0.2067685598631699 0.8905918814139111 0.22002298517673888 0.8975140877993159 0.20531619498289624 0.8619636282782212 0.19231302964652222
0 0.5561970399087799 0.9075182508551881 0.5729633705815279 0.9277063489167617 0.6006068802736602 0.9101590410490308 0.581657322690992 0.8870422257696693 0.5561970399087799 0.9075182508551881