0 0.4811931527936146 0 0.4831675461801596 0.020275456100342076 0.5307168095781072 0.009479599771949829 0.5290452998859749 0 0.4811931527936146 0
0 0.9136845404789053 0.1155915929304447 0.8859883489167617 0.11926936031927023 0.8879414948688712 0.16112863625997717 0.8891055849486886 0.16243064994298748 0.9177719384264538 0.15586872405929303 0.9136845404789053 0.1155915929304447
0 0.9108267753705815 0.86551682668187 0.9694875496009122 0.8630111721778791 0.96678148004561 0.8031957844925883 0.9656838289623717 0.8018836431014823 0.9055401493728621 0.8013331824401367 0.9108267753705815 0.86551682668187
0 0.9377484697833522 0.929260330672748 0.958218622576967 0.925650890535918 0.956436070695553 0.8930463409350057 0.9455369783352338 0.8913506864310149 0.9377484697833522 0.929260330672748
0 0.899462205245154 0.9344436670467503 0.9178615085518814 0.9327669384264539 0.911099338654504 0.8841589623717218 0.890318337514253 0.8860144846066135 0.899462205245154 0.9344436670467503
0 0.8764158802736601 0.5369664218928164 0.856356874572406 0.5429165895096921 0.8463233386545039 0.6122116431014824 0.8639465564424174 0.6133229737742303 0.8764158802736601 0.5369664218928164
0 0.8136459623717217 0.6221923261117447 0.8278876009122006 0.6311380091220068 0.8358107833523376 0.5218185427594071 0.8222329395667047 0.5169793534777651 0.8136459623717217 0.6221923261117447
0 0.7765942565564424 0.6172718472063854 0.7905616316989738 0.6178235701254277 0.8025548802736603 0.511403897377423 0.7897554230330672 0.5106462394526796 0.7765942565564424 0.6172718472063854
0 0.10341351881413911 0.7600865689851767 0.20617718928164197 0.7648787115165336 0.20397844925883696 0.708291456100342 0.09843377993158495 0.7079101778791334 0.10341351881413911 0.7600865689851767
0 0.0971798369441277 0.6050321619156215 0.11286904903078676 0.6016628209806156 0.10530319156214367 0.5538597571265679 0.0860079007981756 0.5587693112884835 0.0971798369441277 0.6050321619156215
0 0.0568934732041049 0.6091211870011403 0.0736813945267959 0.6085726613454959 0.06789898175598631 0.5622638574686432 0.04613241277080958 0.5651975267958951 0.0568934732041049 0.6091211870011403
0 0.049518795895096925 0.6664921299885975 0.06338487913340934 0.6664603899657925 0.06386355530216647 0.6317071003420752 0.04560228620296466 0.6340226898517675 0.049518795895096925 0.6664921299885975
0 0.05755972063854048 0.722352291904219 0.07063278563283923 0.7212513899657924 0.06664334207525656 0.6782454811858609 0.052028602052451536 0.6738874070695552 0.05755972063854048 0.722352291904219
0 0.06479625655644242 0.8386436567844926 0.08482021436716077 0.8393332611174459 0.08133346408209806 0.7769440205245154 0.06002541961231471 0.7773852006841506 0.06479625655644242 0.8386436567844926
0 0.08229054389965793 1 0.08795666476624858 0.9973470182440136 0.09064649714937285 0.9579834743443558 0.07368541619156214 0.9540407115165337 0.08171668643101482 1 0.08229054389965793 1
0 0.012989441277080958 0.6102306465222349 0.03036816761687571 0.6023430330672748 0.02363173660205245 0.5574082668187001 0.004122531356898518 0.5599439019384265 0.012989441277080958 0.6102306465222349
0 0.6322168244013683 0.15075053021664767 0.6429868335233752 0.1434268882554162 0.6386831641961231 0.09625443101482327 0.6261368369441278 0.09575359521094641 0.6322168244013683 0.15075053021664767