0 0.04044019042189282 0.5927986214367161 0.031521385404789055 0.626178109464082 0.06854567046750284 0.6379899954389966 0.07931488255416191 0.6085569395667046 0.04044019042189282 0.5927986214367161
0 0.25885634777651084 0.688062180159635 0.20733575484606614 0.6622636590649944 0.18476277765108323 0.6958814823261117 0.24579225997719498 0.7221063021664766 0.25885634777651084 0.688062180159635
0 0.35515303990877994 0.7955416909920182 0.39095017331813 0.8050027605473205 0.4090466259977195 0.7530727742303307 0.3746331630558723 0.73773978677309 0.35515303990877994 0.7955416909920182
0 0.4988509087799316 0.8968554971493728 0.5382705564424174 0.9098132531356898 0.5552210855188141 0.8602755062713797 0.514568496009122 0.8447248095781072 0.4988509087799316 0.8968554971493728
0 0.5697791163055872 0.9798615210946409 0.5805322200684151 0.9494160923603193 0.5526310057012543 0.9330271014823261 0.5357231014823262 0.9679962622576967 0.5697791163055872 0.9798615210946409
0 0.6187749110604334 0.9629882326111744 0.6327313055872291 0.9461327172177879 0.6057267502850627 0.9299921778791335 0.5956710022805016 0.9491784104903079 0.6187749110604334 0.9629882326111744
0 0.645053220068415 0.9376116852907639 0.6512951904218928 0.9208923888255416 0.619622614595211 0.9095793660205245 0.6112185610034208 0.92132782668187 0.645053220068415 0.9376116852907639
0 0.7262568506271381 0.9798165393386545 0.7470227172177879 0.9957643660205245 0.8378526305587228 0.9941789247434435 0.7479442189281642 0.946493905359179 0.7262568506271381 0.9798165393386545
0 0.7086288791334093 0.7353853990877993 0.7164121505131129 0.7049933717217788 0.6572775245153933 0.6852614709236031 0.6522345496009121 0.7195500171037628 0.7086288791334093 0.7353853990877993
0 0.8906820957810718 0.7547517069555302 0.9085265199543899 0.722404102622577 0.8492779897377423 0.6961466316989737 0.8359237263397947 0.7305771277080958 0.8906820957810718 0.7547517069555302
0 0.7666151402508551 0.48520092018244015 0.795504188141391 0.5072407183580387 0.8334621448118585 0.47038983580387683 0.8057795518814139 0.4495150969213227 0.7666151402508551 0.48520092018244015
0 0.9410605724059293 0.17069133865450398 0.9203378494868871 0.14020460661345496 0.8523091641961231 0.18938061003420753 0.8777926727480045 0.22044371835803875 0.9410605724059293 0.17069133865450398
0 0.4304545142531357 0.3124961151653364 0.38222993728620297 0.33944185404789057 0.41218162371721784 0.38833907297605474 0.45566414937286204 0.3618902314709236 0.4304545142531357 0.3124961151653364
0 0.4947357787913341 0.2188256111744584 0.46479940820980614 0.2388479977194983 0.4958848563283922 0.2846562086659065 0.5346419395667047 0.2596556841505131 0.5121382371721779 0.22920003990877993 0.5081171949828962 0.23698233979475486 0.4947357787913341 0.2188256111744584
0 0.7033783568985176 0.9448995678449259 0.7224307970353478 0.9137169954389965 0.6894171927023945 0.8935291505131129 0.6646479224629418 0.9203952132269099 0.7033783568985176 0.9448995678449259
0 0.5793161402508552 0.335409425313569 0.5960234139110604 0.30604618244013687 0.5627165792474345 0.2860697366020525 0.5432498323831243 0.31052726567844924 0.5793161402508552 0.335409425313569
0 0.6319678688711516 0.1879524424173318 0.6246886818700115 0.17918127023945268 0.5771939007981756 0.21382638198403647 0.5865806476624857 0.22426571379703533 0.6319678688711516 0.1879524424173318
0 0.6014977445838084 0.24543828734321552 0.6466313454960091 0.21142666704675028 0.6310083033067274 0.20102117901938424 0.59032734663626 0.23487694070695553 0.6014977445838084 0.24543828734321552
0 0.8914715142531356 0.08553444241733181 0.9195841208665907 0.06309195438996579 0.8934667046750284 0.02973331014823261 0.8623697377423033 0.051307437856328394 0.8914715142531356 0.08553444241733181
0 0.6449467537058152 0.2850219635119726 0.6678976431014823 0.3071654127708096 0.6982311790193843 0.2757859270239453 0.6815779806157354 0.25730500114025084 0.6449467537058152 0.2850219635119726
0 0.49683729418472067 0.3392213340935006 0.5241213318129988 0.37137349714937284 0.543474007981756 0.35739142873432156 0.5171407525655645 0.3286778848346636 0.49683729418472067 0.3392213340935006
0 0.39048501368301025 0.16606356556442417 0.4159896624857468 0.19824835005701252 0.4441333283922463 0.17758527822120868 0.4212542611174458 0.14263549942987458 0.39048501368301025 0.16606356556442417
0 0.40819963283922467 0.19423212998859749 0.3868728608893957 0.16316053819840365 0.33551172633979476 0.180608007981756 0.36111939110604335 0.21878409578107183 0.40819963283922467 0.19423212998859749
0 0.4804433192702395 0.1484752725199544 0.4578981949828962 0.11564655188141391 0.4370812485746864 0.13079341391106045 0.45098809464082096 0.16204140250855187 0.4804433192702395 0.1484752725199544