0 0.6145457457240594 0.5714381163055873 0.607906621436716 0.6025340752565564 0.6619326157354618 0.6184536054732042 0.6673359600912201 0.5860405986316989 0.6145457457240594 0.5714381163055873
0 0.30426909578107186 0.4481336898517674 0.2899865872291904 0.4984909429874572 0.33631920182440134 0.5152716807297605 0.3547714047890536 0.46522690992018245 0.30426909578107186 0.4481336898517674
0 0.05245138084378564 0.36552323945267956 0.04951753021664766 0.40064546294184716 0.10295008209806157 0.4165841527936146 0.11385821436716079 0.38018285176738886 0.05245138084378564 0.36552323945267956
0 0.20842175370581528 0.03422500912200684 0.20010767046750286 0.1193904834663626 0.2484412850627138 0.12541983922462943 0.25497105245153934 0.03169110604332953 0.20842175370581528 0.03422500912200684
0 0.860671425313569 0.7462471311288484 0.861804590649943 0.761638834663626 0.9352589578107184 0.7555122075256556 0.9311750615735462 0.7405987730900798 0.860671425313569 0.7462471311288484
0 1 0.8169382132269098 0.9674899646522235 0.8107725872291904 0.9494814629418472 0.8565101870011402 0.9844983112884835 0.8724994196123148 1 0.8333912405929303 1 0.8169382132269098
0 0.957574763968073 0.7820354925883695 0.953835094640821 0.794037377423033 0.9742172953249715 0.7992604823261118 0.9767701881413912 0.787300038768529 0.957574763968073 0.7820354925883695
0 0.9680624857468644 0.7591148871151653 0.9643005336374002 0.770523441277081 0.9816760193842646 0.7746664435575826 0.9835759749144812 0.761021511972634 0.9680624857468644 0.7591148871151653
0 0.7803842645381984 0.6588317981755986 0.7791837594070695 0.6754932200684151 0.843809526795895 0.6886692782212086 0.8508802451539339 0.6700220912200684 0.7803842645381984 0.6588317981755986
0 0.7639075427594071 0.6973943819840365 0.7644457582668187 0.7128068620296465 0.8259182542759408 0.7207507172177879 0.8258867833523376 0.71134296009122 0.7639075427594071 0.6973943819840365
0 0.6315051858608894 0.9210326419612315 0.6159753534777651 0.9696526807297605 0.6424569908779932 0.9794094287343215 0.6570668038768529 0.9299631824401369 0.6315051858608894 0.9210326419612315
0 0.6853464127708097 0.9316163067274801 0.6668480228050172 0.9803384469783352 0.6885412736602052 0.9890788757126568 0.7090967286202965 0.9397173683010261 0.6853464127708097 0.9316163067274801
0 0.6028286431014823 0.6953037434435576 0.5629611345496008 0.6765149042189282 0.5468707491448118 0.7091275667046749 0.5956406431014823 0.727605527936146 0.6028286431014823 0.6953037434435576
0 0.46489969441277085 0.5054392337514253 0.4512312417331813 0.5563675929304447 0.4819288164196123 0.5677610159635119 0.49924037628278223 0.5190787571265679 0.46489969441277085 0.5054392337514253
0 0.42030360319270244 0.2832336909920182 0.42508686773090076 0.31808486202964653 0.4488638437856328 0.31844277651083236 0.44714603078677306 0.27775763055872293 0.42030360319270244 0.2832336909920182
0 0.4443216818700114 0.17140391106043332 0.4092926123147092 0.17203304104903078 0.41165243557582665 0.18857013340935005 0.44835967844925884 0.1849134047890536 0.4443216818700114 0.17140391106043332
0 0.43046152223489165 0.19978459977194984 0.4339045701254276 0.21331486887115167 0.452299606613455 0.2126725005701254 0.45592312542759406 0.1973445165336374 0.43046152223489165 0.19978459977194984
0 0.49635724971493733 0.827819015963512 0.48031518928164196 0.8788286989737741 0.5116682622576967 0.8919800045610035 0.5282435085518814 0.8392256499429874 0.49635724971493733 0.827819015963512