0 0.5190895051311288 0.62063365336374 0.44494417787913343 0.6254877822120867 0.4414614606613455 0.6641106955530216 0.5143573751425313 0.6557200205245154 0.5190895051311288 0.62063365336374
0 0.48407432269099204 0.5197965815279362 0.41712536602052447 0.528677291904219 0.42009008551881416 0.5624416305587229 0.4853201835803877 0.5571508392246294 0.48407432269099204 0.5197965815279362
0 0.42632052565564427 0.5962724218928165 0.42235964766248574 0.5564698608893957 0.33484999657924747 0.5781676077537058 0.33545044127708096 0.6125670558722919 0.42632052565564427 0.5962724218928165
0 0.06842112998859749 0.45394538768529075 0.06659431698973774 0.4173295062713797 0.010904193842645382 0.424827574686431 0.01446257354618016 0.458581550741163 0.06842112998859749 0.45394538768529075
0 0.0660713740022805 0.3703596031927024 0.0740188369441277 0.3323635518814139 0.03944164424173318 0.3246611470923603 0.030011969213226908 0.362794023945268 0.0660713740022805 0.3703596031927024
0 0.3896366590649943 0.3317942371721779 0.3761484891676169 0.25649004446978335 0.3299983420752566 0.26619539110604334 0.3531749714937286 0.33520297605473204 0.3896366590649943 0.3317942371721779
0 0.6412135963511973 0.30249290193842643 0.6426633660205245 0.24946577423033067 0.6004291562143672 0.24545693956670467 0.5978196100342075 0.3000826761687571 0.6412135963511973 0.30249290193842643
0 0.7676505564424174 0.554726251995439 0.776353086659065 0.5259668654503991 0.7108848996579248 0.5176175461801596 0.7060994241733182 0.5497372063854048 0.7676505564424174 0.554726251995439
0 0.6420704435575827 0.6067399110604333 0.6465021356898518 0.5715415815279361 0.6102283443557582 0.5686148255416191 0.6079122485746864 0.6060312588369441 0.6420704435575827 0.6067399110604333
0 0.8303970935005701 0.7813844446978336 0.8371747730900798 0.7444136510832383 0.7304645632839225 0.7207661505131129 0.7180873158494868 0.7601381596351198 0.8303970935005701 0.7813844446978336
0 1 0.8347713876852908 0.9632838221208665 0.8246765313568984 0.948248818700114 0.8818913933865451 1 0.8909318255416192 1 0.8347713876852908
0 0.8537035803876852 0.5345416579247434 0.8589700855188142 0.49604856898517674 0.8072580216647662 0.4933912896237172 0.7965908312428733 0.5285796909920183 0.8537035803876852 0.5345416579247434
0 0.9579007810718357 0.5843244982896237 0.9596780011402508 0.5500570114025085 0.9055499030786773 0.5450696670467503 0.9014336670467503 0.5813298415051311 0.9579007810718357 0.5843244982896237
0 0.7855578164196123 0.6620628859749145 0.7959020604332954 0.6252939429874572 0.7619495883694413 0.6193605917901939 0.751895220068415 0.6557259783352337 0.7855578164196123 0.6620628859749145
0 0.9248172668187001 0.6792053968072976 0.9316410570125427 0.6448763899657924 0.8782825895096921 0.6499599612314709 0.8740731721778792 0.6808818848346636 0.9248172668187001 0.6792053968072976
0 0.47727883808437854 0.3686312189281642 0.4734787924743444 0.3550532827822121 0.39999801710376287 0.3640480068415051 0.4003086157354618 0.3818421710376283 0.47727883808437854 0.3686312189281642
0 0.20470598745724058 0.8109900193842645 0.21265214367160773 0.7559085758266819 0.17933316419612313 0.7523364025085519 0.1683932474344356 0.8059214298745724 0.20470598745724058 0.8109900193842645
0 0.411780740022805 0.8349531539338655 0.4129204321550741 0.7980932748004561 0.37612233865450395 0.7993294275940707 0.37310906955530215 0.8308258757126568 0.411780740022805 0.8349531539338655
0 0.4835179897377423 1 0.4785399441277081 0.9511963740022805 0.44301354960091216 0.9571563648802737 0.45599227023945266 1 0.4835179897377423 1
0 0.6740491470923604 0.7547543489167617 0.6805645381984037 0.7198571995438996 0.653727181299886 0.7132058129988598 0.646618850627138 0.7483336579247435 0.6740491470923604 0.7547543489167617
0 0.8208934914481185 0.1347705724059293 0.8257525769669327 0.12405757582668188 0.7959971151653363 0.12042320068415052 0.7932979942987457 0.13589610148232611 0.8208934914481185 0.1347705724059293
0 0.8200265872291904 0.10220574230330672 0.7433306522234892 0.09702004446978335 0.7376839042189283 0.11372894982896238 0.8220767137970353 0.11759418244013684 0.8200265872291904 0.10220574230330672
0 0.3185398198403649 0.035000782212086655 0.31488165792474343 0.012540892816419612 0.28108448574686434 0.015504624857468645 0.2797191550741163 0.03925863283922463 0.3185398198403649 0.035000782212086655
0 0.24998453021664765 0.5132028825541619 0.1775580638540479 0.5144670912200684 0.17717148802736601 0.5263412713797035 0.25025370695553023 0.5286239703534777 0.24998453021664765 0.5132028825541619
0 0.026671200684150513 0.5116124948688712 0.028831064994298744 0.4992666704675029 0.0011458038768529075 0.4985622371721779 0.001414980615735462 0.5139833261117446 0.026671200684150513 0.5116124948688712
0 0.12738687343215507 0.5319547366020524 0.07607333751425314 0.5180184720638541 0.06370488825541619 0.5579841676168757 0.11378968415051312 0.5695680820980615 0.12738687343215507 0.5319547366020524
0 0.03253398517673888 0.6433646168757127 0.0035061607753705815 0.6337869509692132 0.003806369441277081 0.6509858939566705 0.02923084150513113 0.658254220068415 0.03253398517673888 0.6433646168757127
0 0.02352712314709236 0.6887099646522236 0.025365098061573544 0.6749336020524516 0.0056190330672748 0.6663784777651083 0.004355029646522235 0.6824186054732041 0.02352712314709236 0.6887099646522236
0 0.259697685290764 0.9505952941847206 0.2597196944127708 0.9348456362599773 0.18541753363740024 0.9308042725199543 0.18036600684150514 0.9475027890535918 0.259697685290764 0.9505952941847206
0 0.21817628848346637 0.9192917377423032 0.21521950171037627 0.9029924196123147 0.18617160433295324 0.905873251995439 0.18167077993158495 0.9201899201824402 0.21817628848346637 0.9192917377423032
0 0.640018811858609 0.4381703557582668 0.5924535644241733 0.4348468517673888 0.5903911436716078 0.5209068905359179 0.6355315302166477 0.5213050809578107 0.640018811858609 0.4381703557582668