0 0.7546752337514253 0.9601656499429875 0.789728646522235 0.9588694697833524 0.7869375598631698 0.9209535096921323 0.7526888996579247 0.9233591482326112 0.7546752337514253 0.9601656499429875
0 0.9549467981755986 0.8113522930444698 0.9694135142531357 0.812816882554162 0.9702268380843786 0.729745543899658 0.9531355165336374 0.728556811858609 0.9549467981755986 0.8113522930444698
0 0.9354398608893957 0.9548979942987458 0.9537266316989739 0.952975977194983 0.9503149076396806 0.9091550444697833 0.9345054458380844 0.9087271128848347 0.9354398608893957 0.9548979942987458
0 0.9059664230330673 0.5496305849486888 0.8872438141391107 0.5474208380843786 0.8907169806157355 0.6145175427594071 0.909696717217788 0.6131197137970354 0.9059664230330673 0.5496305849486888
0 0.9549138209806157 0.2776162531356899 0.9374644116305587 0.2818399144811859 0.9457807286202965 0.37230997605473204 0.9619914823261118 0.37030764766248575 0.9549138209806157 0.2776162531356899
0 0.974101409350057 0.2785846590649943 0.9569321778791334 0.27979376966932723 0.9616790022805016 0.33063705359179024 0.9781494743443557 0.32831048688711517 0.974101409350057 0.2785846590649943
0 0.7847526100342075 0.5540123819840365 0.7542624629418473 0.5590080877993159 0.7553469350057013 0.6203887924743443 0.7917142269099202 0.6138798437856328 0.7847526100342075 0.5540123819840365
0 0.4982175096921323 0.3417365245153934 0.49688133181299887 0.3800862770809578 0.5715212839224629 0.37522640478905356 0.5684183249714938 0.33435812086659067 0.4982175096921323 0.3417365245153934
0 0.6239486704675029 0.07956408209806157 0.588861779931585 0.08623696465222348 0.5941372006841504 0.1364292417331813 0.6273219737742304 0.13055329874572405 0.6239486704675029 0.07956408209806157
0 0.6591883409350057 0.06869442531356898 0.6574510136830102 0.02947367046750285 0.5931505108323831 0.036231925883694414 0.5946061071835804 0.0784673945267959 0.6591883409350057 0.06869442531356898
0 1 0.6283989726339795 0.9734311961231471 0.629706322690992 0.9720403010262257 0.6701513968072975 1 0.6685017993158495 1 0.6283989726339795
0 0.9197043568985177 0.28310797833523377 0.8966346499429874 0.2849356830102623 0.9011050262257696 0.3161079144811858 0.9244192633979476 0.31067238768529076 0.9197043568985177 0.28310797833523377
0 0.948088818700114 0.18997454960091217 0.9484938118586089 0.15411075142531355 0.90806851995439 0.15537451767388827 0.9073212839224629 0.19366236944127707 0.948088818700114 0.18997454960091217
0 0.5067352987457241 0.13904832611174459 0.47143502052451536 0.1379807993158495 0.47717363740022806 0.19827531242873433 0.5114319498289623 0.19377908779931585 0.5067352987457241 0.13904832611174459
0 0.25116494868871153 0.33486823717217784 0.2197738221208666 0.33697196465222345 0.21495960091220068 0.38762768529076397 0.249991165336374 0.3869308209806157 0.25116494868871153 0.33486823717217784
0 0.10160383466362599 0.31357089851767395 0.06521648346636261 0.31918642531356894 0.07045998061573545 0.3747552417331813 0.10458258380843785 0.37355689281641963 0.10160383466362599 0.31357089851767395
0 0.07880458836944128 0.4938808871151653 0.07921314823261118 0.43532993386545044 0.0461763740022805 0.43880223831242876 0.04511836031927024 0.496824433295325 0.07880458836944128 0.4938808871151653
0 0.22168762257696692 0.5594610490307868 0.22377057924743446 0.5055102725199544 0.1876922212086659 0.5027350353477765 0.1890390992018244 0.5643850992018244 0.22168762257696692 0.5594610490307868
0 0.3260931516533638 0.7413267913340935 0.3110964469783353 0.7405149258836945 0.3109676077537058 0.8187381596351198 0.32913166476624856 0.8165305290763968 0.3260931516533638 0.7413267913340935
0 0.38347450057012544 0.6517113215507412 0.3507513158494869 0.6581373409350058 0.3530153603192702 0.6967041448118586 0.38798808551881414 0.695716526795895 0.38347450057012544 0.6517113215507412
0 0.22847754503990877 0.7318833557582669 0.21295257126567843 0.7317256054732041 0.21955877194982895 0.8570026009122007 0.23656825199543902 0.8549163215507412 0.22847754503990877 0.7318833557582669
0 0.21186332155074117 0.7610940969213227 0.209817 0.7302641060433296 0.19531680729760548 0.734176220068415 0.19764486088939567 0.7619914971493729 0.21186332155074117 0.7610940969213227
0 0.17144779019384265 0.06443511288483467 0.15713378791334093 0.07011871835803876 0.16538918700114025 0.10328121208665907 0.18203170125427595 0.10272605473204105 0.17144779019384265 0.06443511288483467
0 0.148748913340935 0.06980596351197263 0.13555384264538198 0.07477494412770809 0.1453627810718358 0.11135784834663626 0.16169481299885977 0.10784864994298746 0.148748913340935 0.06980596351197263
0 0.1277306488027366 0.07977633865450398 0.11447195895096922 0.08415498631698974 0.1250258928164196 0.11648044469783353 0.1371359156214367 0.11311648688711516 0.1277306488027366 0.07977633865450398
0 0.19984146864310148 0.328917590649943 0.17167983352337512 0.3390417434435576 0.18369276510832383 0.39091396237172177 0.20687651881413913 0.3851936385404789 0.19984146864310148 0.328917590649943
0 0.24750779931584949 0.2092781425313569 0.36000030102622577 0.15029008095781074 0.34460153363740026 0.11728136488027366 0.22979052793614596 0.1777087229190422 0.24750779931584949 0.2092781425313569
0 0.5054038962371722 0.08664888369441277 0.49385324401368297 0.09025255872291904 0.4965536807297605 0.12161082098061575 0.5101765860889396 0.12226699657924743 0.5054038962371722 0.08664888369441277
0 0.48236604789053594 0.09444501482326112 0.4642941197263398 0.09276075712656785 0.4672745062713797 0.13244788141391106 0.4801452782212086 0.13437872177879134 0.48236604789053594 0.09444501482326112
0 0.9072587628278221 0.21575870125427593 0.8940940604332953 0.21535130558722917 0.8958299977194983 0.2545737787913341 0.9067759532497149 0.2534233124287343 0.9072587628278221 0.21575870125427593
0 0.8826975131128848 0.22610145952109462 0.869594874572406 0.22628456100342076 0.870743717217788 0.24288038768529077 0.88759309350057 0.24110944697833525 0.8826975131128848 0.22610145952109462
0 0.8286730729760546 0.2228243489167617 0.8133356807297606 0.2244363740022805 0.8143603956670468 0.23985120638540477 0.8295309532497149 0.24183884036488026 0.8286730729760546 0.2228243489167617
0 0.791419527936146 0.16345567730900798 0.7728208836944128 0.16242537058152792 0.7788116168757127 0.1797063352337514 0.7898181299885975 0.17884801368301026 0.791419527936146 0.16345567730900798
0 0.8114121619156215 0.18344412656784492 0.8038055302166477 0.1848406362599772 0.8045199247434436 0.19730298175598632 0.8139819167616875 0.19600997605473203 0.8114121619156215 0.18344412656784492