0 0.7157413876852907 0.7841538928164196 0.7272834868871152 0.8191793979475485 0.7992416659064994 0.7961873261117446 0.7851595758266819 0.7585753420752566 0.7157413876852907 0.7841538928164196
0 0.49411758836944125 0.5827461641961231 0.5092325370581527 0.6346849612314709 0.5551970992018244 0.6198467890535918 0.5417677377423034 0.5697800239452679 0.49411758836944125 0.5827461641961231
0 0.337755165336374 0.6619760558722919 0.3422538950969213 0.6782697685290764 0.41240210832383123 0.6557789703534778 0.40983920068415053 0.6366123215507411 0.337755165336374 0.6619760558722919
0 0.3676266556442417 0.6932776191562143 0.3762742987457241 0.7097903329532498 0.4236439794754846 0.6908607149372863 0.4196775142531357 0.6757855917901938 0.3676266556442417 0.6932776191562143
0 0.4076106157354618 0.7245161550741163 0.42502337058152795 0.7212651995438997 0.42036926795895097 0.7079361687571265 0.4015841117445838 0.7146841527936146 0.4076106157354618 0.7245161550741163
0 0.32402757354618017 0.14111097035347778 0.2981445724059293 0.16984417331812998 0.3425885165336374 0.19536610376282781 0.36539669327251995 0.16860906043329532 0.32402757354618017 0.14111097035347778
0 0.36614607867730903 0.08624008323831243 0.35411511402508555 0.10022021664766248 0.3965314903078678 0.13039553363740022 0.4108529087799316 0.11806096807297606 0.36614607867730903 0.08624008323831243
0 0.173936157354618 0.0610053842645382 0.14643048232611175 0.09230874914481187 0.1677163968072976 0.10591328848346636 0.1925854914481186 0.08521146522234892 0.173936157354618 0.0610053842645382
0 0.1622938198403649 0.14131238084378564 0.13359793842645382 0.11597113683010263 0.11236515051311288 0.1523754150513113 0.1351501220068415 0.17141116305587228 0.1622938198403649 0.14131238084378564
0 0.04253012086659065 0.18023527480045612 0.016163509692132268 0.17848889737742304 0.014310490307867732 0.21384662485746864 0.04078945952109464 0.21344906955530216 0.04253012086659065 0.18023527480045612
0 0.14013591676168757 0.26346857354618014 0.13358525541619157 0.2920602337514253 0.18591989965792474 0.303128449258837 0.19661675484606614 0.26919489965792476 0.14013591676168757 0.26346857354618014
0 0.6040704549600912 0.8728372748004561 0.6117419224629418 0.9023338802736602 0.6600471562143672 0.8882129407069556 0.6524570877993159 0.8628356157354617 0.6040704549600912 0.8728372748004561
0 0.47601882668187 0.9677985233751426 0.47912802508551877 0.9822138152793615 0.527371109464082 0.9692787491448118 0.5210639737742303 0.9534863911060434 0.47601882668187 0.9677985233751426
0 0.35619669327251996 0.945439062713797 0.2907376921322691 0.946494337514253 0.2891367708095781 0.9883867137970354 0.35376838654503995 0.991773913340935 0.35619669327251996 0.945439062713797
0 0.17107756556442416 0.6771267137970354 0.17817386887115166 0.7118957548460662 0.2348112850627138 0.6976169224629418 0.22681384834663623 0.6573525632839224 0.17107756556442416 0.6771267137970354
0 0.19031192702394525 0.44625289509692134 0.19478872177879133 0.47428029076396805 0.271430598631699 0.4640226716077537 0.26796148916761686 0.4394574458380844 0.19031192702394525 0.44625289509692134
0 0.5486433010262257 0.7675906431014824 0.5863957274800456 0.750619755986317 0.5733771071835804 0.7040605438996579 0.523761621436716 0.7204926396807297 0.5486433010262257 0.7675906431014824
0 0 0.6895372656784493 0.030744115165336375 0.7000949555302167 0.037424090079817555 0.6860831676168757 0 0.6669330250855188 0 0.6895372656784493