0 1 0.4988025450399088 0.9728043033067274 0.49751795438996577 0.9631248255416192 0.5565094914481186 1 0.563047779931585 1 0.4988025450399088
0 0.7893516180159634 0.36000827366020527 0.716190669327252 0.3636870478905359 0.7150997890535918 0.40706413797035346 0.788178102622577 0.40279739110604335 0.7893516180159634 0.36000827366020527
0 0.5808929885974915 0.6540536111744584 0.5282156339794755 0.6500521904218929 0.5205395267958951 0.7147659122006841 0.5701622816419613 0.7194979988597491 0.5808929885974915 0.6540536111744584
0 0.5198989361459521 0.4417023169897377 0.48425861573546186 0.43530491904218926 0.47880690992018243 0.4774945496009122 0.509730842645382 0.4812523397947549 0.5198989361459521 0.4417023169897377
0 0.453589094640821 0.5026505701254276 0.42264945381984037 0.4955925347776511 0.41229937058152794 0.5540787331812999 0.4451699418472064 0.5587652690992019 0.453589094640821 0.5026505701254276
0 0.5212392656784492 0.22959531927023946 0.49146204561003415 0.2265757457240593 0.48484460661345496 0.26472580045610034 0.5192000273660204 0.2674033204104903 0.5212392656784492 0.22959531927023946
0 0.3485120239452679 0.654295582668187 0.31572561687571266 0.6468959304446978 0.3119534264538198 0.6882483568985176 0.34478251995439 0.6881377286202965 0.3485120239452679 0.654295582668187
0 0.21995331356898518 0.5450919224629418 0.18633059635119728 0.5360078950969213 0.1726230285062714 0.596168283922463 0.20928114025085517 0.597020062713797 0.21995331356898518 0.5450919224629418
0 0.30718677651083237 0.5520424503990878 0.2518309874572406 0.5460143854047891 0.24286166248574687 0.584494976054732 0.3013054743443558 0.5960927890535918 0.30718677651083237 0.5520424503990878
0 0.42629101596351193 0.7346150022805017 0.415121503990878 0.7403866043329533 0.4201760387685291 0.7720964344355757 0.4398577833523375 0.7702297229190421 0.42629101596351193 0.7346150022805017
0 0.47116323261117443 0.6106431995438997 0.45564310490307863 0.6110225005701254 0.4403208928164196 0.6810142189281642 0.45134297833523374 0.6857686989737741 0.47116323261117443 0.6106431995438997
0 0.2863995051311289 0.8857502884834664 0.22928846636259975 0.8757655005701254 0.2217347582668187 0.9200524583808437 0.27927364538198407 0.9314760798175599 0.2863995051311289 0.8857502884834664
0 0.3097785530216648 0.8134255062713798 0.3204185142531357 0.7783107890535919 0.2664099407069555 0.7690923033067275 0.25820295324971493 0.8044646738882555 0.3097785530216648 0.8134255062713798
0 0.11156300342075257 0.4174440524515393 0.09889722234891676 0.4168241938426454 0.08972308323831243 0.4751451254275941 0.10453039224629418 0.47426326339794755 0.11156300342075257 0.4174440524515393
0 0.09377693500570126 0.41874297377423036 0.07692292930444698 0.4139087388825542 0.06625230444697834 0.46583666248574684 0.08100694184720639 0.47306764652223493 0.09377693500570126 0.41874297377423036
0 0.12918227023945267 0.11660006955530217 0.09790144697833522 0.11139189509692132 0.08449975370581528 0.18651628050171037 0.1197901676168757 0.1929612770809578 0.12918227023945267 0.11660006955530217
0 0.09218607183580388 0.1175977172177879 0.059331478905359177 0.10120282554161916 0.042951264538198405 0.1551339270239453 0.08146593158494869 0.16953259863169898 0.09218607183580388 0.1175977172177879
0 0.121050582668187 0.07151646750285064 0.09741453705815278 0.06103206157354618 0.092036582668187 0.10801274116305588 0.11175989053591791 0.11664712884834663 0.121050582668187 0.07151646750285064
0 0.09642140592930444 0.05396557012542759 0.07989103876852909 0.05568917673888255 0.06193881984036488 0.0984348905359179 0.0859791630558723 0.11216650741163055 0.09642140592930444 0.05396557012542759
0 0.3973112850627138 0.025487647662485746 0.3401013968072976 0.023320825541619156 0.3403666134549601 0.05930441619156215 0.397184669327252 0.06392622576966933 0.3973112850627138 0.025487647662485746
0 0.10190436830102623 0.8516451402508551 0.0870535165336374 0.8525315427594071 0.0836356282782212 0.8836286054732041 0.09581616077537057 0.8852191949828963 0.10190436830102623 0.8516451402508551