0 0.8971580969213226 0.6622982976054732 0.8586190695553021 0.6579217913340936 0.8525452679589509 0.7043465678449259 0.8936907594070695 0.7073030022805018 0.8971580969213226 0.6622982976054732
0 0.9310867662485747 0.7570768802736602 0.893035732041049 0.7514656442417331 0.8898455153933865 0.8035998882554162 0.9327042554161915 0.8058088472063853 0.9310867662485747 0.7570768802736602
0 0.4742616202964652 0.8167124971493728 0.3961630695553021 0.8235452348916762 0.4025800467502851 0.8968916259977194 0.48401591904218927 0.888871314709236 0.4742616202964652 0.8167124971493728
0 0.30499225313568984 0.721854330672748 0.2910521094640821 0.7260540250855188 0.30505638768529075 0.7975430091220068 0.32024292246294184 0.7950223238312429 0.30499225313568984 0.721854330672748
0 0.35101368757126566 0.9753093329532497 0.348723685290764 0.9218664914481185 0.3143547229190422 0.9242789361459521 0.3169048882554162 0.9806775381984036 0.35101368757126566 0.9753093329532497
0 0.2358954857468643 0.9269711049030787 0.20739252109464082 0.9282711858608894 0.2085440513112885 0.9687012337514253 0.2446043865450399 0.9625662736602052 0.2358954857468643 0.9269711049030787
0 0.6609679156214368 0.08872914937286204 0.6250327582668187 0.09365955416191563 0.6319582919042189 0.15921164994298745 0.6713430296465223 0.14831727480045612 0.6609679156214368 0.08872914937286204
0 0.5970066339794755 0.17538348916761687 0.5434997274800456 0.1770846465222349 0.5461740889395668 0.22810822006841505 0.5936854070695553 0.22126943785632838 0.5970066339794755 0.17538348916761687
0 0.37068237628278217 0.23928962941847204 0.37399429418472063 0.27714502736602054 0.40661135575826685 0.2698212702394527 0.4048429247434435 0.23451291448118586 0.37068237628278217 0.23928962941847204
0 0.42952147320410494 0.005507791334093501 0.38751318700114024 0.009183039908779932 0.38608749600912196 0.02694990535917902 0.4296266659064994 0.021948685290763967 0.42952147320410494 0.005507791334093501
0 0.38396424287343217 0.009493532497149373 0.3200661368301026 0.015083891676168758 0.3237123568985177 0.04313534777651083 0.3821040421892817 0.030576510832383125 0.38396424287343217 0.009493532497149373
0 0.7897344446978336 0.9267939338654504 0.7944907160775371 0.87214017331813 0.7572397240592931 0.8688430148232611 0.7521491482326113 0.9265061128848346 0.7897344446978336 0.9267939338654504
0 0.7253762816419612 0.9407687958950969 0.7320638278221209 0.887734125427594 0.6947388323831244 0.890403621436716 0.6938849486887115 0.9351796784492588 0.7253762816419612 0.9407687958950969
0 0.7419716214367161 0.7420333557582668 0.7076263340935006 0.7378859623717218 0.7042750524515393 0.7745362622576967 0.7388769942987458 0.7771711550741164 0.7419716214367161 0.7420333557582668
0 0.6607173591790194 0.8695378244013683 0.6614973762827822 0.8307299783352338 0.6323496145952109 0.8314904549600912 0.6270168665906499 0.8659300376282782 0.6607173591790194 0.8695378244013683
0 0.4897366944127708 0.6937709258836944 0.48061127366020523 0.7052976202964653 0.49417260433295324 0.7172235553021664 0.5022062668187001 0.7084744572405929 0.4897366944127708 0.6937709258836944
0 0.5570327080957811 0.842849542759407 0.5268589042189281 0.8454894082098061 0.525591030786773 0.8855335404789054 0.5612054424173318 0.8821181071835804 0.5570327080957811 0.842849542759407
0 0.20080555416191562 0.8734193625997719 0.17875879361459523 0.8735585815279361 0.17638207753705815 0.9077411140250856 0.19608432725199545 0.9086994709236033 0.20080555416191562 0.8734193625997719
0 0.17027977879133407 0.7425804150513112 0.1539203660205245 0.7463957502850627 0.15692179247434435 0.780702205245154 0.17564443557582668 0.7772761311288483 0.17027977879133407 0.7425804150513112
0 0.13146699201824402 0.7555123819840365 0.11623881299885976 0.7586327286202965 0.12075752337514253 0.7898263489167617 0.13907913568985178 0.788521424173318 0.13146699201824402 0.7555123819840365
0 0.4012665803876853 0.17999214595210947 0.3933547080957811 0.103202 0.3348109315849487 0.11547456556442416 0.34349023831242875 0.18742942417331815 0.4012665803876853 0.17999214595210947
0 0.27784838540478907 0.35708043671607753 0.2711648882554162 0.3147502998859749 0.21696867616875715 0.3290281425313569 0.22028059407069556 0.3668835416191562 0.27784838540478907 0.35708043671607753