0 0.17123233523375142 0.9010729737742303 0.14762819042189282 0.8522582291904219 0.11582959179019385 0.857728078677309 0.13212869555302167 0.9097617936145952 0.17123233523375142 0.9010729737742303
0 0.2242141938426454 0.8657865336374002 0.20576630444697835 0.8434091277080957 0.17865132383124288 0.8616149897377423 0.19588014025085518 0.8845637525655645 0.2242141938426454 0.8657865336374002
0 0.2734207514253136 0.8344673215507412 0.24994254618015962 0.7832793534777651 0.22086239110604333 0.8049480501710377 0.2458191402508552 0.8506136431014824 0.2734207514253136 0.8344673215507412
0 0.6773785997719498 1 0.6378165222348917 0.9380146054732041 0.6089848802736603 0.9549413717217787 0.6353885530216647 1 0.6773785997719498 1
0 0.8160436510832384 0.8046204184720639 0.7868544846066134 0.7602694937286203 0.7237304766248575 0.7962151014823262 0.7519789600912201 0.8414680296465222 0.8160436510832384 0.8046204184720639
0 0.9477211516533637 0.7312331870011403 0.9308010364880274 0.702394070695553 0.8970689714937286 0.7220368403648803 0.9180900923603194 0.7520687833523374 0.9477211516533637 0.7312331870011403
0 0.6686926316989737 0.2580737012542759 0.6573328209806156 0.24796219270239453 0.578790992018244 0.28309822006841506 0.5861026784492589 0.2967699327251995 0.6686926316989737 0.2580737012542759
0 0.6415372269099202 0.231671 0.6297072177879134 0.219156590649943 0.5692037149372863 0.25047988369441276 0.5736885028506271 0.2613372919042189 0.6415372269099202 0.231671
0 0.6080172531356899 0.21326178335233753 0.5986211379703534 0.19968579817559864 0.5669802690992019 0.21349095096921322 0.5747567901938426 0.22393569327251997 0.6080172531356899 0.21326178335233753
0 0.4677730387685291 0.3593518677309008 0.5192294002280502 0.34182868301026226 0.51292234663626 0.3260347651083238 0.46455496465222346 0.34134157696693274 0.4677730387685291 0.3593518677309008
0 0.19078720638540478 0.09683484150513112 0.18450651197263396 0.05784801710376283 0.1137925188141391 0.06841474002280502 0.11898457696693272 0.10551387685290764 0.19078720638540478 0.09683484150513112
0 0.23217509806157355 0.2827744903078677 0.23017405245153932 0.264231850627138 0.17381630558722921 0.2731742576966933 0.17772687115165337 0.294988503990878 0.23217509806157355 0.2827744903078677
0 0.40519097719498287 0.15802723033067273 0.391792606613455 0.10736908779931585 0.35103781527936145 0.1135586921322691 0.3565135176738882 0.16790568643101483 0.40519097719498287 0.15802723033067273
0 0.47792774116305586 0.12020871151653363 0.47860682782212083 0.0845610228050171 0.4363840535917902 0.0847264811858609 0.43655021208665906 0.12126337514253137 0.47792774116305586 0.12020871151653363
0 0.46725210604332956 0.25584212314709237 0.46191332155074116 0.24426246750285063 0.4379145575826682 0.24835739338654506 0.43976511060433293 0.26412898403648805 0.46725210604332956 0.25584212314709237
0 0.4418872987457241 0.28603256784492587 0.4755268551881414 0.2794700718358039 0.46778525085518813 0.2683590535917902 0.4431002451539338 0.2742032748004561 0.4418872987457241 0.28603256784492587