0 0.46554174116305586 0.24229185176738885 0.43107584378563285 0.23037796807297606 0.39228788825541616 0.31009940592930446 0.4239496225769669 0.32097448232611175 0.46554174116305586 0.24229185176738885
0 0.4734025438996579 0.3532928768529076 0.5278818848346636 0.2556665621436716 0.48817278449258833 0.24169419954389965 0.44374540592930445 0.3404418802736602 0.4734025438996579 0.3532928768529076
0 0.5503029714937286 0.29311005587229194 0.5355671459521094 0.27925735803876856 0.4951299064994299 0.35859351311288484 0.5153590102622577 0.369762842645382 0.5503029714937286 0.29311005587229194
0 0.5897794230330672 0.24345178905359177 0.6032571425313569 0.21324075484606614 0.569726 0.19483564766248576 0.5565615473204104 0.23041418244013684 0.5897794230330672 0.24345178905359177
0 0.5996289931584949 0.31650489167616874 0.5703783443557583 0.3072425883694413 0.5268495233751426 0.37749981299885976 0.5616214823261118 0.3974563614595211 0.5996289931584949 0.31650489167616874
0 0.401643110604333 0.7692980239452679 0.34242280045610035 0.877972606613455 0.3923268688711517 0.9049666909920183 0.4534045860889396 0.7916313671607754 0.401643110604333 0.7692980239452679
0 0.4130410604332953 0.9149707491448119 0.36652442987457245 0.8946944059293044 0.34718045724059293 0.934705605473204 0.4002946818700114 0.9571114070695553 0.4130410604332953 0.9149707491448119
0 0.6483182098061573 1 0.653011362599772 0.988787237172178 0.6051534047890536 0.9714149863169896 0.5890629806157355 1 0.6483182098061573 1
0 0.4368289828962372 0.6653094982896238 0.3969309965792474 0.6435963295324971 0.34430256100342077 0.7151603580387685 0.39545602736602053 0.7398400969213228 0.4368289828962372 0.6653094982896238
0 0.32520553819840364 0.673134551881414 0.37961434663626 0.6789588209806157 0.3861789657924743 0.630844259977195 0.33652503306727477 0.6273501596351198 0.32520553819840364 0.673134551881414
0 0.5182873546180159 0.47277602622576964 0.4882868369441277 0.46644724743443555 0.4627959817559863 0.5102982554161916 0.5006075530216648 0.5235766077537058 0.5182873546180159 0.47277602622576964
0 0.3784893044469783 0.4053969087799316 0.3549814903078677 0.4000045267958951 0.3222219486887115 0.4690408882554162 0.3487448905359179 0.4772683911060433 0.3784893044469783 0.4053969087799316
0 0.2710405838084379 0.5151129019384264 0.2421898221208666 0.48684548004561 0.22122085290763965 0.523798692132269 0.2489587149372862 0.543386598631699 0.2710405838084379 0.5151129019384264
0 0.1429857023945268 0.6094794161915622 0.12292197491448119 0.6405344207525656 0.16556975940706956 0.6710113261117446 0.18794208779931584 0.6368072029646522 0.1429857023945268 0.6094794161915622
0 0.0830383740022805 0.5504470501710376 0.056542450399087806 0.5793812645381984 0.10346809007981757 0.6145431630558722 0.12126863511972634 0.5803967251995439 0.0830383740022805 0.5504470501710376
0 0.023651265678449256 0.49204017445838083 0.0039008038768529076 0.5284626807297605 0.035682651083238315 0.5461815484606614 0.05295811630558723 0.5224124766248575 0.023651265678449256 0.49204017445838083
0 0.09815821664766249 0.34135806271379704 0.055857410490307874 0.3201135324971494 0.0364472086659065 0.3500136579247434 0.07951298859749144 0.37308197263397946 0.09815821664766249 0.34135806271379704
0 0.011203103762827822 0.2969635302166477 0.008841443557582668 0.34202668871151654 0.02230773432155074 0.3584883945267959 0.045648515393386546 0.3219567662485747 0.011203103762827822 0.2969635302166477
0 0.07960231356898517 0.15071784378563285 0.04048614823261117 0.13677655644241735 0.01695188141391106 0.18727031698973773 0.04829948460661346 0.20288544925883695 0.07960231356898517 0.15071784378563285
0 0.07015523261117446 0.06995492588369441 0.04071561687571266 0.05295337628278221 0.028206249714937286 0.08737711288483466 0.05726406043329533 0.09990098175598633 0.07015523261117446 0.06995492588369441
0 0 0.8146227753705815 0.013293958950969213 0.7804590079817559 0 0.7695424925883695 0 0.8146227753705815
0 0.7866292554161917 0.26625411288483464 0.7713400912200683 0.29696477765108326 0.8062782326111744 0.30682399885974915 0.8205317297605473 0.27754390421892816 0.7866292554161917 0.26625411288483464
0 0.873216314709236 0.24819848460661345 0.8839779486887115 0.21308858836944128 0.8589089293044471 0.2034508700114025 0.8423717457240594 0.23528525769669326 0.873216314709236 0.24819848460661345
0 0.9637964766248575 0.48304374458380844 0.9298629258836943 0.47234688939566705 0.9103325085518814 0.5159157069555302 0.9444181425313569 0.529890637400228 0.9637964766248575 0.48304374458380844