0 0.12062461687571266 0.2439725872291904 0.08234541619156215 0.279663488027366 0.11863456784492589 0.32149749600912203 0.1558507274800456 0.2835839851767389 0.12062461687571266 0.2439725872291904
0 0.18691012428734322 0.23047752223489165 0.1642659692132269 0.2591895895096921 0.1919286431014823 0.2862661185860889 0.21845814595210947 0.254457322690992 0.18691012428734322 0.23047752223489165
0 0.29724559863169897 0.10129127594070696 0.2897891858608894 0.11707745838084378 0.3296849783352338 0.13837950285062714 0.33779299657924744 0.11675078335233752 0.29724559863169897 0.10129127594070696
0 0.42607867502850627 0.35712032725199544 0.46751023147092363 0.3145446180159635 0.4221924230330673 0.27701569783352337 0.40418759749144817 0.30129227023945265 0.39250366476624854 0.293103 0.37924142987457243 0.3032809007981756 0.42607867502850627 0.35712032725199544
0 0.26296199543899657 0.4841580433295325 0.2264328574686431 0.44779253705815275 0.20097123603192704 0.47760430900798173 0.22811839110604334 0.5017571915621437 0.26296199543899657 0.4841580433295325
0 0.09967206271379703 0.5521395838084379 0.07943284948688711 0.5671635849486887 0.10238841049030786 0.5914526499429875 0.12212139680729761 0.5789295484606614 0.09967206271379703 0.5521395838084379
0 0.06692584948688711 0.5747950923603193 0.05252777765108324 0.5887891436716077 0.07476172291904218 0.6192345427594071 0.0906362417331813 0.6052816088939567 0.06692584948688711 0.5747950923603193
0 0.27059679019384264 0.6914201128848347 0.25073467274800454 0.7154212656784492 0.2893934446978335 0.7502054401368301 0.31063050285062715 0.7310865792474344 0.27059679019384264 0.6914201128848347
0 0.140117488027366 0.6004756431014823 0.12084190877993158 0.6243749589509692 0.14362488369441279 0.6511045062713797 0.16133811858608893 0.6271808061573546 0.140117488027366 0.6004756431014823
0 0.5791106830102623 0.9004922633979475 0.54770096009122 0.8590037012542758 0.5271718415051311 0.8629265792474344 0.551861141391106 0.9167539623717218 0.5791106830102623 0.9004922633979475
0 0.9478861949828963 0.7305609304446978 0.9194007890535918 0.7500535051311288 0.9435328597491448 0.7858918540478905 0.9746213192702394 0.7626258757126568 0.9478861949828963 0.7305609304446978
0 0.9030377765108323 0.4864527229190422 0.88403344013683 0.45724499771949834 0.8568190570125427 0.4771163671607754 0.8809018301026225 0.5075372234891676 0.9030377765108323 0.4864527229190422
0 0.8248983888255416 0.5454490216647663 0.8123201938426454 0.5151097822120867 0.7835115290763968 0.5238069828962372 0.7953109236031927 0.5621197856328393 0.8248983888255416 0.5454490216647663
0 0.5600868004561004 0.11282459749144812 0.5419083911060434 0.13954500114025087 0.5822501083238313 0.15654646180159634 0.5940047217787914 0.13035901254275942 0.5600868004561004 0.11282459749144812
0 1 0.4965136009122007 0.9861937616875712 0.4729943124287343 0.9661821870011402 0.47893453021664767 0.9832400159635121 0.5108971163055872 1 0.5021860900798175 1 0.4965136009122007
0 0.5464110581527936 0.16166162143671609 0.538783708095781 0.19013745952109465 0.5584046351197264 0.20235340820980616 0.5743728472063854 0.17270830672748003 0.5464110581527936 0.16166162143671609
0 0.5001916704675028 0.09082860889395666 0.4916350102622577 0.10379424629418471 0.5220808757126568 0.11590861003420752 0.5282995769669327 0.09582043443557582 0.5001916704675028 0.09082860889395666
0 0.7756238198403649 0.6656757251995439 0.7638703432155075 0.6297648779931585 0.7494734264538198 0.6335076761687571 0.7619150091220069 0.6699016864310149 0.7756238198403649 0.6656757251995439
0 0.717516771949829 0.6469819064994299 0.7302996339794754 0.6784908779931585 0.7443208358038769 0.6760185621436716 0.7331736624857468 0.6430153557582668 0.717516771949829 0.6469819064994299
0 0.4428932805017104 0.780415685290764 0.4221047685290764 0.799154 0.4481871060433295 0.8240975461801597 0.46754535005701253 0.8065157924743444 0.4428932805017104 0.780415685290764
0 0.47422844127708097 0.6404400342075257 0.4658438244013683 0.650962110604333 0.49436537856328394 0.6760800558722918 0.5042264469783352 0.6662020045610034 0.47422844127708097 0.6404400342075257
0 0.4762980330672748 0.6819789099201824 0.4742644754846066 0.6748011106043329 0.45203064082098066 0.6546051539338654 0.44041614367160775 0.6638880171037628 0.4667046887115165 0.6900010262257696 0.4762980330672748 0.6819789099201824
0 0.2450641961231471 0.7037600228050171 0.2591880057012543 0.6813720125427595 0.23179959635119723 0.6626894424173317 0.21658375256556442 0.6843640570125428 0.2450641961231471 0.7037600228050171