0 0.36061090877993157 0.12582975940706956 0.36600523147092356 0.17715330444697835 0.4142415416191562 0.17029397263397947 0.4003926750285063 0.11806954618015963 0.36061090877993157 0.12582975940706956
0 0.7835280079817559 0.14215607183580387 0.7542192827822122 0.2353599361459521 0.7915416556442418 0.24396205929304446 0.8185434709236031 0.1486754218928164 0.7835280079817559 0.14215607183580387
0 0.686335142531357 0 0.6860840900798175 0.04151855644241733 0.7290990102622578 0.030438136830102623 0.7229716442417331 0 0.686335142531357 0
0 0.5625937981755986 0.033897558722919045 0.5745688745724059 0.07113418358038769 0.616152992018244 0.05781606385404789 0.6020858643101482 0.020525949828962373 0.5625937981755986 0.033897558722919045
0 0.6678556465222348 0.7031012930444698 0.7143513249714938 0.6910564378563284 0.6975589304446979 0.6164766020524516 0.6515577194982896 0.633240937286203 0.6678556465222348 0.7031012930444698
0 0.34420530672748 1 0.340329157354618 0.9212289338654505 0.2911644230330673 0.9192399646522235 0.29916059977194986 1 0.34420530672748 1
0 0.36140627594070696 0.6559821003420753 0.3927026362599772 0.6526927194982897 0.3950483979475485 0.6011526795895097 0.35442649030786777 0.6066146841505131 0.36140627594070696 0.6559821003420753
0 0.4685950843785633 0.6590320273660205 0.5052678209806157 0.655773015963512 0.5000567651083239 0.6175536624857468 0.4646269224629418 0.6212774891676169 0.4685950843785633 0.6590320273660205
0 0.044198298745724056 0.6314675701254275 0.011872880273660206 0.6391667981755986 0.0284617685290764 0.6748737058152794 0.0524566465222349 0.6645983306727481 0.044198298745724056 0.6314675701254275
0 0.6126020125427595 0.23704092930444698 0.6113792645381985 0.2509684754846066 0.6655826123147093 0.24407900456100343 0.6649653922462943 0.226845992018244 0.6126020125427595 0.23704092930444698
0 0.6107782485746864 0.2622760558722919 0.6142314218928164 0.27810493842645384 0.6730347844925884 0.26953951539338655 0.6712365678449259 0.25243063055872295 0.6107782485746864 0.2622760558722919
0 0.774926511972634 0.06882376396807298 0.7674608563283922 0.10573289167616876 0.8006821607753706 0.10939758152793613 0.8077165621436716 0.07406561003420753 0.774926511972634 0.06882376396807298
0 1 0.7089858358038769 0.9902518757126567 0.7116406761687571 0.988912465222349 0.7528596100342075 1 0.7540315781071836 1 0.7089858358038769
0 0.9056491448118585 0.5201836864310149 0.9076283979475485 0.5645762348916762 0.9668952052451539 0.5661004538198404 0.9630537696693273 0.5181911037628278 0.9056491448118585 0.5201836864310149
0 0.698970236031927 0.5674212873432155 0.7028763340935006 0.6045853283922462 0.7409191835803877 0.5916409817559863 0.7367324173318129 0.5574868301026226 0.698970236031927 0.5674212873432155
0 0.4678181710376283 0.5380347765108323 0.4925866476624858 0.5407999749144812 0.5069533911060433 0.5070822827822121 0.4776795404789054 0.5012132075256557 0.4678181710376283 0.5380347765108323