0 0.2917934469783352 0.4647305678449259 0.33964555530216645 0.4050776898517674 0.25035182098061576 0.34840305701254276 0.2070130273660205 0.40349105929304446 0.2917934469783352 0.4647305678449259
0 0.09657247092360319 0.1896755518814139 0.13816132269099202 0.2292124834663626 0.16833160433295324 0.1921317172177879 0.12796505701254277 0.14799347320410491 0.09657247092360319 0.1896755518814139
0 0.21274661915621437 0.11880617901938427 0.24251516077537058 0.1400166054732041 0.2590328392246294 0.11721820638540478 0.23239445610034207 0.09570892702394526 0.21274661915621437 0.11880617901938427
0 0.8088649099201823 0.3526281288483466 0.8519011311288484 0.38730665678449255 0.8858579726339795 0.34007279589509687 0.8422716271379704 0.3031719064994299 0.8088649099201823 0.3526281288483466
0 0.9601661299885975 0.4676262269099202 0.9779284948688711 0.4384162770809578 0.9213710262257696 0.3905259737742304 0.8967503728620296 0.420822259977195 0.9601661299885975 0.4676262269099202
0 0.035267452679589514 0.8207332474344355 0.022098335233751425 0.9164636738882554 0.132729251995439 0.9379681459521095 0.1560077502850627 0.8535781619156214 0.035267452679589514 0.8207332474344355
0 0.04396840250855188 0.5707999258836944 0.06653696351197264 0.5261913112884835 0.0341732189281642 0.4999399566704675 0.011975758266818699 0.5488547457240593 0.04396840250855188 0.5707999258836944
0 0.23035429418472064 0.6901983409350056 0.25920417445838084 0.7069961550741163 0.2771946590649943 0.6766208209806158 0.24790447776510832 0.6594349897377423 0.23035429418472064 0.6901983409350056
0 0.3338598380843785 0.936235716077537 0.31672913340935005 0.9737340992018243 0.3813631482326112 0.9862976795895098 0.38277930900798174 0.979012165336374 0.3338598380843785 0.936235716077537
0 0.874248417331813 0.5477051938426454 0.9243407730900798 0.5804269555302166 0.96337769327252 0.5257124811858609 0.9189504036488026 0.48381081527936143 0.874248417331813 0.5477051938426454
0 0.5043825758266819 0.29435164538198405 0.5244735370581528 0.26559273660205246 0.47471019384264534 0.22628143329532496 0.45091380957810717 0.25855253135689854 0.5043825758266819 0.29435164538198405
0 0.15803861459521093 0.7829015142531357 0.13539583580387685 0.81509282668187 0.18221251995438995 0.8450624344355759 0.2006713181299886 0.815381401368301 0.15803861459521093 0.7829015142531357