0 1 0.6470157685290764 0.9528945518814139 0.6423877810718358 0.9530369566704675 0.7244302645381984 1 0.7219690353477765 1 0.6470157685290764
0 0.3404315176738883 0.8585049885974914 0.2756078631698974 0.8550631915621436 0.2769080296465222 0.9025618038768529 0.33966638654503994 0.9099749441277082 0.3404315176738883 0.8585049885974914
0 0.16024908551881412 0.8536768278221208 0.16543982440136829 0.7930564629418473 0.09591585290763967 0.7925381060433295 0.09709067958950969 0.8489601949828962 0.16024908551881412 0.8536768278221208
0 0.46734465108323836 0.8527455997719499 0.4374772451539339 0.8495528004561004 0.443417511972634 0.9402099030786772 0.47060242759407067 0.9375976374002281 0.46734465108323836 0.8527455997719499
0 0.3398429486887115 0.43936293386545044 0.3214780741163056 0.438245984036488 0.3286572383124287 0.5639174846066135 0.34393524059293046 0.5607385393386545 0.3398429486887115 0.43936293386545044
0 0.36668032155074115 0.4415238358038769 0.3493179931584949 0.4367869566704675 0.35315922120866594 0.5780920752565564 0.36834408095781074 0.573135881413911 0.36743073774230334 0.44237792018244015 0.36668032155074115 0.4415238358038769
0 0.4379686510832383 0.49308386659064996 0.4040231151653364 0.4945655940706955 0.41542038654503993 0.576018236031927 0.439645220068415 0.5735595359179019 0.4379686510832383 0.49308386659064996
0 0.3963719258836944 0.5752328278221209 0.3964470433295325 0.4973408985176739 0.38088937058152794 0.495183417331813 0.3797543204104903 0.5755107206385405 0.3963719258836944 0.5752328278221209
0 0.38411309350057016 0.4319905974914481 0.38301348004561003 0.47901884720638543 0.3955769578107184 0.48073868301026224 0.40216360661345496 0.4363941288483466 0.38411309350057016 0.4319905974914481
0 0.6984760843785633 0.559400220068415 0.70048451995439 0.48824446636259977 0.6822768939566706 0.48830684036488026 0.682606787913341 0.5626117194982896 0.6984760843785633 0.559400220068415
0 0.6533323192702395 0.5593878449258837 0.6676730444697834 0.5610145393386545 0.6678705370581527 0.5080879190421893 0.6530611721778792 0.5088640444697834 0.6533323192702395 0.5593878449258837
0 0.5950456864310147 0.5669017548460662 0.6112123454960091 0.5604076944127708 0.6100685108323831 0.5045769817559863 0.5959453055872292 0.507100842645382 0.5950456864310147 0.5669017548460662
0 0.6197636510832384 0.508230834663626 0.622467212086659 0.5598178517673889 0.6396156031927025 0.5583230136830103 0.6360395188141391 0.5014322041049031 0.6197636510832384 0.508230834663626
0 0.1911472166476625 0.593420259977195 0.14031365336374002 0.5969761812998859 0.14447859407069555 0.6651328620296465 0.19560918928164198 0.6660206100342074 0.1911472166476625 0.593420259977195