0 0.9234046875712657 0.640335937286203 0.9326078129988598 0.6043406248574686 0.8993593751425313 0.5942546875712658 0.890453125427594 0.631625 0.9234046875712657 0.640335937286203
0 0.7524046875712658 0.7995609372862029 0.7687328129988598 0.7668687502850627 0.7372640627137971 0.7508546875712656 0.7188578129988598 0.7822921870011402 0.7524046875712658 0.7995609372862029
0 0.6571078129988598 0.7182296875712657 0.640185937286203 0.7479687502850628 0.6951078129988597 0.7674624994298745 0.711139062713797 0.737210937286203 0.6571078129988598 0.7182296875712657
0 0.7972328129988597 0.9833781254275941 0.7506234378563283 0.964121874572406 0.7366703124287343 0.9845656248574687 0.7889203124287343 1 0.7972328129988597 0.9833781254275941
0 0.3293546875712657 0.9623437502850627 0.31807343785632836 0.9857515621436715 0.3632 1 0.37388593728620295 0.9798187502850628 0.3293546875712657 0.9623437502850627
0 0.10046250057012543 0.7488578129988597 0.06988593728620296 0.7342453124287343 0.056228125427594075 0.7698359372862029 0.08888593728620296 0.7787328129988598 0.10046250057012543 0.7488578129988597
0 0.1868546875712657 0.7328468745724059 0.20288593728620297 0.6998406248574687 0.17854062485746863 0.69035 0.16369843785632837 0.7211953124287344 0.1868546875712657 0.7328468745724059
0 0.16369843785632837 0.5175828129988598 0.1755734378563284 0.483925 0.11797812542759406 0.4690953124287343 0.11144687457240594 0.5017203124287343 0.16369843785632837 0.5175828129988598
0 0.12807187457240593 0.33256249942987454 0.16844687457240595 0.37062812542759405 0.20051093728620298 0.34571406271379707 0.15716718700114024 0.29944687457240593 0.12807187457240593 0.33256249942987454
0 0.02921249942987457 0.15199062485746867 0.05741718700114025 0.12564687457240592 0.002196874572405929 0.08056562485746864 0.0012468745724059293 0.12149375028506272 0.02921249942987457 0.15199062485746867
0 0.4647312497149373 0.329003125427594 0.48669999999999997 0.2958874994298746 0.45998124971493726 0.2816531254275941 0.441575 0.3130906248574687 0.4647312497149373 0.329003125427594
0 0.5511218745724059 0.3636968745724059 0.5751703124287344 0.33029218700114027 0.5276687502850627 0.3083453124287343 0.5080749999999999 0.3409703124287343 0.5511218745724059 0.3636968745724059
0 0.701639062713797 0.39127031242873433 0.7069828129988597 0.35935937514253136 0.6689828129988598 0.35520624971493725 0.6624515621436716 0.3884234378563284 0.701639062713797 0.39127031242873433
0 0.7728890627137971 0.4553156248574686 0.7788265621436716 0.4145234378563284 0.7521078129988598 0.4068125005701254 0.7420140627137971 0.4465546875712657 0.7728890627137971 0.4553156248574686
0 0.8450296875712657 0.5264781254275941 0.8524531254275941 0.48511093728620297 0.8120765621436716 0.4833312497149373 0.803764062713797 0.5153640627137971 0.8450296875712657 0.5264781254275941
0 0.36616875028506274 0.6090843751425314 0.3489484378563284 0.5976406248574686 0.32757343785632836 0.631625 0.3477624994298746 0.6417093751425313 0.36616875028506274 0.6090843751425314
0 0.6838265621436717 0.5343453124287343 0.690060937286203 0.5220296875712657 0.6600765621436716 0.5017203124287343 0.6511703124287344 0.5189234378563283 0.6838265621436717 0.5343453124287343