0 0.19963475712656784 0.47257219612314705 0.26189306727480044 0.47583501596351196 0.26010718472063854 0.44184183808437855 0.19538390763968072 0.4402335302166477 0.19963475712656784 0.47257219612314705
0 0.14578535005701254 0.3882727822120866 0.22086837856328392 0.3850698095781072 0.22360602622576967 0.3441773568985177 0.1493320581527936 0.34325764766248573 0.14578535005701254 0.3882727822120866
0 0 0.5964553717217788 0.1013583637400228 0.6006418221208666 0.09501830216647662 0.4266481197263398 0.0031059338654503992 0.4276422850627138 0 0.4869070330672748 0 0.5964553717217788
0 0.6680264697833522 0.4977141311288483 0.7482904720638541 0.497757070695553 0.7507172919042189 0.4627955416191562 0.666738740022805 0.4655307548460661 0.6680264697833522 0.4977141311288483
0 0.7480921550741163 0.4448163261117446 0.7497537388825541 0.4811812474344356 0.8220919657924743 0.4849723329532497 0.8187774298745725 0.4461425245153934 0.7480921550741163 0.4448163261117446
0 0.5320036784492589 0.3930502462941847 0.6098664196123147 0.39356190763968074 0.5764504036488027 0.282379425313569 0.5312939407069556 0.2817981356898518 0.5320036784492589 0.3930502462941847
0 0.6806132143671607 0.0987151174458381 0.7396868825541618 0.09467469555302166 0.736899298745724 0.04576020638540479 0.6816318449258837 0.045243586088939566 0.6806132143671607 0.0987151174458381
0 1 0.11381082782212086 0.9136371755986318 0.1109273865450399 0.9203410889395667 0.14751119156214365 1 0.14799564310148233 1 0.11381082782212086
0 0.8146733192702393 0.376939141391106 0.8116720513112885 0.34347683238312426 0.7582752314709236 0.3412714241733181 0.75922530672748 0.3798677924743443 0.8146733192702393 0.376939141391106
0 0.23462162827822122 0.04322736488027366 0.2325226442417332 0.0038635655644241734 0.1758501527936146 0.007436828962371722 0.1774356054732041 0.045254445838084384 0.23462162827822122 0.04322736488027366
0 0.3782813865450399 0.2630737913340935 0.38071212542759403 0.23941232839224627 0.32843894754846065 0.23845650285062714 0.3284125895096921 0.2616494070695553 0.3782813865450399 0.2630737913340935