0 0.7933290193842646 0.9731384503990878 0.8015093500570126 0.9404674652223489 0.765027803876853 0.931685181299886 0.7551412702394528 0.96375213340935 0.7933290193842646 0.9731384503990878
0 0.19612646750285065 0.8893573409350057 0.20388308551881412 0.8764414150513113 0.13798641391106042 0.8636029669327252 0.13446402850627137 0.8744558745724059 0.19612646750285065 0.8893573409350057
0 0.9069847354618016 0.6939369384264538 0.9100313717217788 0.6765890171037628 0.8441311984036488 0.6751592314709236 0.8422456180159635 0.6832687913340935 0.9069847354618016 0.6939369384264538
0 0.8584306088939567 0.46722520182440136 0.7997258072976056 0.45071978791334094 0.7850164515393386 0.5018403033067275 0.8447083648802737 0.5197043614595211 0.8584306088939567 0.46722520182440136
0 0.4756789030786773 0.46605871835803875 0.3843782485746864 0.45039739566704673 0.37519912542759404 0.4855789828962372 0.4697103842645382 0.49994694412770807 0.4756789030786773 0.46605871835803875
0 0.9656521071835804 0.3519921277080958 0.9851229007981755 0.32393636830102623 0.9269184891676169 0.2967005621436716 0.9092211710376283 0.3287311288483466 0.9656521071835804 0.3519921277080958
0 0.7018966727480046 0.29220498403648804 0.716076968072976 0.26150467388825543 0.6785781870011403 0.24775839566704674 0.6645541003420753 0.2755646989737742 0.7018966727480046 0.29220498403648804
0 0.8010044595210947 0.20163124401368301 0.8340259737742304 0.14686012428734319 0.7358865860889395 0.0946809543899658 0.7006777160775371 0.1575692063854048 0.8010044595210947 0.20163124401368301
0 0.12767170581527937 0 0.12641495553021664 0.0029545940706955528 0.17341904446978335 0.02121054047890536 0.18171115393386544 0 0.12767170581527937 0
0 0.271119086659065 0.2906204526795895 0.26281098175598633 0.30322280957810716 0.31824062713797036 0.3252146727480046 0.3238639885974915 0.3086877605473204 0.271119086659065 0.2906204526795895
0 0.023138423033067276 0.4386723694412771 0.0351331527936146 0.40469133295324977 0.010922771949828963 0.3996560649942988 0.004983883694412771 0.43715272748004563 0.023138423033067276 0.4386723694412771
0 0.20291368643101482 0.47074813568985174 0.20166337286202965 0.48812112086659065 0.27855155644241736 0.49609570011402504 0.27895597605473205 0.4859512588369441 0.20291368643101482 0.47074813568985174
0 0.10779027023945267 0.2287285165336374 0.11604014709236031 0.20130172405929303 0.08326251653363739 0.19190694526795896 0.078838165336374 0.22363672063854048 0.10779027023945267 0.2287285165336374
0 0.10472691562143673 0.2499575416191562 0.07025321778791334 0.2360892371721779 0.05474601368301026 0.27326956556442417 0.09397399429874573 0.28368914367160775 0.10472691562143673 0.2499575416191562
0 0.3715034538198404 0.17870237970353478 0.2757899338654504 0.14726430672748006 0.2609035952109464 0.19001344583808438 0.3563969224629418 0.21714846978335234 0.3715034538198404 0.17870237970353478
0 0.9230824469783353 0.4120028472063854 0.9232745735461803 0.3975154766248575 0.8903101060433295 0.39119810832383123 0.8898411356898518 0.4055356396807298 0.9230824469783353 0.4120028472063854
0 0.401098984036488 0.07344721208665907 0.40596063169897373 0.059841798175598634 0.31747340935005697 0.030212688711516535 0.3114493728620296 0.04547383694412771 0.401098984036488 0.07344721208665907