0 0.7943896294184721 0.5386626830102622 0.7806515290763968 0.59350213340935 0.8661216442417331 0.6248267947548461 0.8783957651083237 0.5662831539338655 0.7943896294184721 0.5386626830102622
0 0.5142864811858608 0.03422899885974914 0.49282227708095777 0.061565419612314716 0.5303520239452679 0.09584962599771951 0.5472394127708096 0.06632630216647663 0.5142864811858608 0.03422899885974914
0 0.4479788962371722 0.13812652337514253 0.49990389965792476 0.18499763283922463 0.5155565587229191 0.15596230102622577 0.4723637445838085 0.11487582782212086 0.4479788962371722 0.13812652337514253
0 0.39435385632839226 0.5126074937286204 0.4198262348916762 0.5416631231470924 0.4386639030786773 0.5170801391106044 0.4187328095781072 0.4928304401368301 0.39435385632839226 0.5126074937286204
0 0.375153810718358 0.5413324697833524 0.34962913112884836 0.5605622736602053 0.3756395575826682 0.5902625621436716 0.39874496921322694 0.5714171185860889 0.375153810718358 0.5413324697833524
0 0.031218462941847207 0.135647149372862 0.0467374709236032 0.15310207867730902 0.07581704903078677 0.1204717377423033 0.036498330672748006 0.07529798517673889 0.031218462941847207 0.135647149372862
0 0.23559278107183582 0.8898137514253136 0.2349786180159635 0.9308962428734321 0.29427541391106044 0.9480075381984037 0.299497441277081 0.9019624515393386 0.23559278107183582 0.8898137514253136
0 0.3724741824401368 0.7831487970353478 0.37988951995438996 0.8142038848346637 0.40568612884834665 0.8122855324971494 0.4023775302166476 0.7819598962371721 0.3724741824401368 0.7831487970353478
0 0.46940284264538196 0.9287523135689851 0.47160604675028506 0.9444446750285063 0.5444407696693273 0.9430670855188141 0.5461570171037629 0.9268565427594071 0.46940284264538196 0.9287523135689851
0 0.7066800969213227 1 0.7067599361459521 0.9918670182440137 0.6827324697833523 0.983782748004561 0.6795182793614596 1 0.7066800969213227 1
0 0.6317740570125427 1 0.6291597742303306 0.9591510992018244 0.5898745370581528 0.9619456123147092 0.5894697662485746 1 0.6317740570125427 1
0 1 0.4161954515393387 0.9819176202964652 0.4185434834663626 0.9860202234891676 0.4874633101482326 1 0.4883294766248575 1 0.4161954515393387
0 1 0.33078905245153933 0.9830203283922463 0.3310017810718358 0.9850378312428735 0.40331686088939567 1 0.4039183728620297 1 0.33078905245153933
0 0.9037851904218928 0.13984827480045608 0.871813511972634 0.1442049007981756 0.8830748187001141 0.19944346180159633 0.9113407525655645 0.1965506795895097 0.9037851904218928 0.13984827480045608