0 0.04322176168757126 0.11750826225769669 0.11259819042189283 0.1511513945267959 0.12376905587229191 0.10885374914481186 0.04740623033067275 0.08332593158494869 0.04322176168757126 0.11750826225769669
0 0.2602505256556442 0.18004858152793612 0.20847484948688713 0.15395043329532498 0.19038456784492588 0.1942020615735462 0.24502140935005703 0.21347301140250857 0.2602505256556442 0.18004858152793612
0 0.21747336488027366 0.12933232611174458 0.2517133033067275 0.14250959749144812 0.2723338358038768 0.11572924059293045 0.2354278221208666 0.09504611060433296 0.21747336488027366 0.12933232611174458
0 0.04015368529076397 0.5562200741163056 0.07673756328392246 0.5648978985176739 0.08655682782212086 0.509273701254276 0.057266290763968074 0.5017889179019384 0.04015368529076397 0.5562200741163056
0 0.2314561094640821 0.9159040684150513 0.26752438426453823 0.9239219498289624 0.28036086545039907 0.8818288175598632 0.24857592816419613 0.8689529828962372 0.2314561094640821 0.9159040684150513
0 0.2955878449258837 0.9387336795895097 0.3301880330672748 0.9489641379703534 0.341161157354618 0.9180081835803876 0.30932201824401373 0.9087149486887115 0.2955878449258837 0.9387336795895097
0 0.3101966431014823 0.780804046750285 0.3403881334093501 0.7928875963511973 0.36801666476624856 0.7445333044469783 0.3338458449258837 0.7244851174458381 0.3101966431014823 0.780804046750285
0 0.4633650205245154 0.7015044903078677 0.5124069144811858 0.7206866750285063 0.5292091060433295 0.6871562907639681 0.47969932611174454 0.6658229258836944 0.4633650205245154 0.7015044903078677
0 0.4615265541619156 0.05939581984036488 0.43183230786773086 0.03840333865450399 0.4033905484606613 0.08994477993158495 0.4346878962371722 0.10665067730900799 0.4615265541619156 0.05939581984036488
0 0.39443082098061577 0.24079131356898517 0.42012963968072975 0.2505270307867731 0.45137928506271374 0.20531087001140252 0.4217136339794755 0.18312390763968076 0.39443082098061577 0.24079131356898517
0 0.46293363511972635 0.13554269897377424 0.4936407297605473 0.14828619156214368 0.5193548791334093 0.0946120661345496 0.48715584378563287 0.08078807411630559 0.46293363511972635 0.13554269897377424
0 0.5918329064994299 0.1322268529076397 0.6131290114025086 0.14860049258836944 0.6339650729760546 0.12005197377423033 0.6092265416191562 0.10116192588369441 0.5918329064994299 0.1322268529076397
0 0.6645614298745725 0.22131679361459522 0.6973437263397948 0.2414935952109464 0.724130291904219 0.20829182554161915 0.6930441984036488 0.19221164994298745 0.6645614298745725 0.22131679361459522
0 0.9183675997719498 0.04761416875712657 0.8920434047890535 0.07217821664766248 0.9132775952109463 0.09392813340935005 0.954153245153934 0.05826724857468643 0.9183675997719498 0.04761416875712657
0 0.8797886773090079 0.8728764618015964 0.9086585416191563 0.8859925792474345 0.9383677366020524 0.8435783192702394 0.8987474686431015 0.8255513899657925 0.8797886773090079 0.8728764618015964
0 0.7283437320410491 0.753182472063854 0.7558176784492588 0.767923393386545 0.7756882383124287 0.7380583329532497 0.7457932200684151 0.7230217160775371 0.7283437320410491 0.753182472063854
0 0.6166386043329533 0.9231185313568986 0.643451054732041 0.938374865450399 0.6628240524515393 0.9054592417331813 0.635399464082098 0.8871367023945267 0.6166386043329533 0.9231185313568986
0 0.563365054732041 0.8848722873432155 0.5946599236031926 0.8976879486887115 0.6095367753705816 0.8690043648802738 0.5731595313568986 0.8537716145952109 0.563365054732041 0.8848722873432155
0 0.13359096807297605 0.12621137058152793 0.12306089737742304 0.15841814139110602 0.13712776738882554 0.16523011288483466 0.15088139224629418 0.12653974116305586 0.13359096807297605 0.12621137058152793
0 0.9935004344355759 0.5697846123147092 0.9994968928164196 0.524460369441277 0.9705847833523376 0.5179193637400228 0.9588896123147093 0.5547687514253136 0.9935004344355759 0.5697846123147092
0 0.8225507879133409 0.16115365564424175 0.8382492953249715 0.17444715963511973 0.8779649064994299 0.13864384036488028 0.8651420923603192 0.12091775598631699 0.8225507879133409 0.16115365564424175
0 0.8171302303306727 0.13715637058152794 0.8245873112884835 0.14943953021664766 0.8678698255416192 0.11138223033067274 0.8564881938426453 0.09891945153933865 0.8171302303306727 0.13715637058152794