0 0.5101649566704675 0.851979236031927 0.5048278848346637 0.8865317251995439 0.5547655883694413 0.8984840877993159 0.5661849965792475 0.8653776031927024 0.5101649566704675 0.851979236031927
0 0.17895220410490306 1 0.18540585062713796 0.9915954104903079 0.1532663124287343 0.972307550741163 0.13477484834663625 1 0.17895220410490306 1
0 0.07126287913340935 0.9702494378563284 0.09900373090079818 0.9899318232611174 0.18997499657924743 0.8725984002280501 0.15995160661345495 0.8514693340935006 0.07126287913340935 0.9702494378563284
0 0.8261024789053593 0.0483539464082098 0.7910162953249714 0.05812543671607754 0.7991248004561003 0.09415842645381983 0.8395244378563284 0.08354536602052451 0.8261024789053593 0.0483539464082098
0 0.6766606419612314 0 0.6893718814139111 0.023061621436716077 0.7176912497149373 0.008041890535917902 0.7142064697833523 0 0.6766606419612314 0
0 0.7022143295324971 0.0776069749144812 0.7344376613454959 0.07250330102622576 0.7333964264538199 0.03896103762827822 0.6970062839224629 0.04472467046750286 0.7022143295324971 0.0776069749144812
0 0.1208359464082098 0.49832811744583805 0.10109305131128848 0.5291428415051311 0.11732112656784494 0.5368047936145952 0.1354571984036488 0.5056434127708096 0.1208359464082098 0.49832811744583805
0 0.09566138654503992 0.4872676123147092 0.0761329110604333 0.5156406077537058 0.09001676852907639 0.5236738460661345 0.10950357696693273 0.49530745153933864 0.09566138654503992 0.4872676123147092
0 0.06684420296465222 0.6579567673888256 0.08616697035347777 0.6055418312428735 0.0717910992018244 0.5981876704675029 0.04644966134549601 0.6467419167616876 0.06684420296465222 0.6579567673888256
0 0.11740137514253135 0.10883731128848347 0.08357021208665907 0.10757506955530216 0.0817202850627138 0.14518689965792475 0.1183559007981756 0.141792157354618 0.11740137514253135 0.10883731128848347
0 0.7956751881413912 0.17475756100342077 0.8123123261117446 0.2305085142531357 0.827064094640821 0.22094875712656786 0.8085645210946408 0.17271609122006842 0.7956751881413912 0.17475756100342077
0 0.9619662337514254 0.22847399885974914 0.9524484925883694 0.23178649600912202 0.9469246020524514 0.30308467274800455 0.9738237217787914 0.30333923261117446 0.9619662337514254 0.22847399885974914
0 0.7485694754846067 0.9655990262257697 0.764387921322691 0.9630936305587229 0.7570875644241732 0.9170009931584949 0.7433129726339796 0.9203849760547321 0.7485694754846067 0.9655990262257697