0 0.3343043876852908 0.06436116077537059 0.3336757514253135 0.07922502964652223 0.42322154389965794 0.07587702394526796 0.42421004675028506 0.058069444697833525 0.3343043876852908 0.06436116077537059
0 0.2529210456100342 0.09381255302166476 0.25111376168757127 0.10853170239452681 0.4284342713797035 0.10161822919042189 0.43065493158494866 0.08840442873432154 0.2529210456100342 0.09381255302166476
0 0.3535067343215507 0.11746749714937287 0.3532727343215507 0.11450124515393387 0.17593946750285064 0.11663377651083238 0.17369859407069554 0.13488421892816418 0.35684308893956673 0.12928405131128848 0.3535067343215507 0.11746749714937287
0 0.5358508654503991 0.10132086545039909 0.5355876237172178 0.10102879475484607 0.46093203420752565 0.10979119270239454 0.46228826111744586 0.12310571949828963 0.5401905461801597 0.11713322690992019 0.5358508654503991 0.10132086545039909
0 0.47041630330672746 0.13486045952109463 0.47111084492588373 0.14869195096921323 0.5487350889395667 0.1498559543899658 0.5465257514253136 0.13130939908779932 0.47041630330672746 0.13486045952109463
0 0.48911268072976055 0.16285545724059294 0.48885667046750286 0.17955655872291904 0.5512919965792474 0.17287980501710376 0.5479269954389966 0.16374537742303305 0.48911268072976055 0.16285545724059294
0 0.5093603329532497 0.19283240706955532 0.5170435803876853 0.20333768871151656 0.5607762645381984 0.19794907183580387 0.5557503899657925 0.19016133523375142 0.5093603329532497 0.19283240706955532
0 0.53025865336374 0.21751009007981756 0.5324321094640821 0.2339128574686431 0.5679972497149373 0.23170727936145952 0.5685926704675028 0.2146779087799316 0.53025865336374 0.21751009007981756
0 0.5396312508551881 0.25810491106043326 0.5409153078677309 0.2720072109464082 0.6280298928164195 0.26895889965792474 0.6276882805017103 0.25957387457240594 0.5396312508551881 0.25810491106043326
0 0.544773361459521 0.28443407981755986 0.5454679030786773 0.2982655712656785 0.6380436932725199 0.2994723420752566 0.6426579395667046 0.283816417331813 0.544773361459521 0.28443407981755986
0 0.5388016864310149 0.3135813865450399 0.5409641254275941 0.3252018529076397 0.5720425758266818 0.32543327480045614 0.5745647525655644 0.3121998244013683 0.5388016864310149 0.3135813865450399
0 0.4185417309007982 0.2504076225769669 0.41916391334093495 0.2648284389965792 0.5263880741163056 0.2636494891676169 0.519298449258837 0.25074554618015965 0.4185417309007982 0.2504076225769669
0 0.41719953249714936 0.2759421938426454 0.419736149372862 0.28940007981755983 0.518203441277081 0.291331810718358 0.5172554766248575 0.2746922542759407 0.41719953249714936 0.2759421938426454
0 0.4473838734321551 0.30295647548460664 0.44807860433295327 0.3167864150513113 0.5214218426453819 0.3138402462941847 0.521959157354618 0.30215613797035346 0.4473838734321551 0.30295647548460664
0 0.3949073751425314 0.18953609350057013 0.3889763717217788 0.203748913340935 0.4300735267958951 0.20520890421892818 0.43155815621436716 0.19068154960091221 0.3949073751425314 0.18953609350057013
0 0.32138010718358034 0.20859713911060435 0.319283763968073 0.2256704834663626 0.3823917890535918 0.22325906727480047 0.3819966168757127 0.2070022314709236 0.32138010718358034 0.20859713911060435
0 0.3224079635119726 0.23920209007981758 0.3244980433295325 0.25141187913340934 0.3663290513112885 0.2517671322690992 0.36670910718358035 0.2364917765108324 0.3224079635119726 0.23920209007981758
0 0.3487610353477765 0.29741954047890534 0.3415037525655644 0.3126643568985177 0.3803991539338654 0.3174401117445838 0.3861053534777651 0.3002117924743444 0.3487610353477765 0.29741954047890534
0 0.35096598859749145 0.32816902166476625 0.34555040022805017 0.3430433352337514 0.38495349030786774 0.3436971128848347 0.3913364446978335 0.32823946636259976 0.35096598859749145 0.32816902166476625
0 0.3694344618015964 0.35314813911060433 0.36578858608893955 0.36823817217787913 0.4026269566704675 0.37515104332953253 0.4067787799315849 0.35594039224629415 0.3694344618015964 0.35314813911060433
0 0.36354752223489173 0.3864901664766249 0.3641573283922463 0.3961269384264538 0.39104008095781073 0.3964382554161916 0.39302162599771945 0.387595078677309 0.36354752223489173 0.3864901664766249