0 0.2683839190421893 0.9873006670467503 0.2828821345496009 0.9715926054732041 0.23088411744583806 0.9483988278221208 0.21205497263397946 0.9843485917901938 0.2683839190421893 0.9873006670467503
0 0.4389689657924743 0.7047568072976055 0.4648005313568985 0.6770050695553022 0.43926700912200684 0.6536899201824402 0.4124653683010262 0.6772319942987457 0.4389689657924743 0.7047568072976055
0 0.6339661277080958 0.421545913340935 0.6369510433295325 0.38725044469783354 0.5991659680729761 0.38782684150513114 0.5992017787913341 0.4268509464082098 0.6339661277080958 0.421545913340935
0 0.7708229806157355 0.13588101710376282 0.7913708494868872 0.1862582622576967 0.8520054789053592 0.18646785860889395 0.8498083432155075 0.131959417331813 0.7708229806157355 0.13588101710376282
0 0.9085378757126569 0.12884287457240592 0.8667529099201824 0.1319994070695553 0.8638890912200684 0.1639245290763968 0.9051741790193842 0.1589612337514253 0.9085378757126569 0.12884287457240592
0 0.2967617514253136 0.9449981870011402 0.3540002394526796 0.9646300969213227 0.3658513261117446 0.931392283922463 0.3047879726339795 0.9166434503990878 0.2967617514253136 0.9449981870011402
0 0.6154468962371722 0.4912597331812999 0.6549268369441278 0.4980806134549601 0.6683743340935007 0.4627140581527936 0.6244574367160776 0.45549792246294185 0.6154468962371722 0.4912597331812999
0 0.3069167149372862 0.42222571379703533 0.34080413112884833 0.4109337708095781 0.31820574914481187 0.3713202098061574 0.2860615222348917 0.3890575324971494 0.3069167149372862 0.42222571379703533
0 0.6445973397947549 0.16193558380843784 0.6295488551881413 0.13144841391106044 0.5933533751425313 0.15271604675028505 0.6144584789053592 0.1811455017103763 0.6445973397947549 0.16193558380843784
0 0.781585882554162 0.12337716761687571 0.9043764800456101 0.09476744811858609 0.8787700752565565 0.02749292702394527 0.7632172873432155 0.054106834663626 0.781585882554162 0.12337716761687571
0 0.6262397251995439 0.013070807297605474 0.5910345530216647 0.0040972633979475485 0.5456981584948689 0.029639230330672745 0.5609964732041048 0.055389234891676166 0.6262397251995439 0.013070807297605474