0 0.7515216316989738 0.20859982896237173 0.7609150091220068 0.16955202394526797 0.6866911664766249 0.15550082782212085 0.6795036351197262 0.1916718859749145 0.7515216316989738 0.20859982896237173
0 0.5329523614595211 0.42564989965792477 0.5401800193842645 0.37431969669327253 0.4927497514253136 0.36519379589509693 0.4840772143671607 0.4185874994298746 0.5329523614595211 0.42564989965792477
0 0.3938623922462942 0.37539380387685295 0.3940703694412771 0.3560576795895097 0.3217040912200684 0.34228344127708094 0.3192245974914481 0.3590039600912201 0.3938623922462942 0.37539380387685295
0 0.39885335119726345 0.335313535917902 0.4009530558722919 0.3198673899657925 0.35162952109464085 0.30685178221208664 0.34505872976054736 0.3242952953249715 0.39885335119726345 0.335313535917902
0 0.37615427251995437 0.29890995096921325 0.3956217787913341 0.30331830102622576 0.3986167913340935 0.2895214298745724 0.38093763511972634 0.2884167879133409 0.37615427251995437 0.29890995096921325
0 0.40678640250855186 0.845324818700114 0.38088737058152794 0.8215468358038769 0.3398850456100342 0.8522948836944129 0.3690768164196123 0.8776595689851767 0.40678640250855186 0.845324818700114
0 0.45806405701254277 0.8899564139110604 0.44234618244013685 0.8794591299885975 0.403923417331813 0.9145787810718359 0.4175684549600912 0.9269885028506272 0.45806405701254277 0.8899564139110604
0 0.24542691904218927 0.9491611687571266 0.21822027708095781 0.9316444344355759 0.19875100114025088 0.9477416670467503 0.2298665724059293 0.9754596020524515 0.24542691904218927 0.9491611687571266
0 0.17791456328392247 0.8706036009122007 0.1576193021664766 0.8922742485746864 0.18313038882554164 0.9258195484606614 0.2085240558722919 0.8971700467502851 0.17791456328392247 0.8706036009122007
0 0.07913411858608894 0.8403787103762828 0.05280406955530216 0.8432110935005701 0.05895230102622577 0.8780794435575827 0.08490954846066136 0.8731328015963512 0.07913411858608894 0.8403787103762828
0 0.22700619384264537 0.7660578301026226 0.2122536111744584 0.7336808358038769 0.16165793842645382 0.7510445381984037 0.1716442189281642 0.7786247571265679 0.22700619384264537 0.7660578301026226
0 0.607102157354618 0.12128906043329533 0.6115429327251996 0.09517589737742303 0.5618768494868871 0.08704714139110604 0.5578572953249715 0.11725879931584948 0.607102157354618 0.12128906043329533
0 0.46564087685290767 0.047326775370581525 0.46997639680729764 0.030883484606613457 0.42051651995438993 0.023924188141391106 0.41918727936145955 0.03861094526795895 0.46564087685290767 0.047326775370581525
0 0.2949262109464082 0.02971284606613455 0.23118914481185862 0.040951410490307864 0.23788353021664765 0.08233642417331814 0.30298321436716075 0.07540638654503991 0.2949262109464082 0.02971284606613455
0 0.20967368301026224 0.37711333637400224 0.21270451653363742 0.33617445952109465 0.15474911516533638 0.3289044230330673 0.15194298631698974 0.3642791231470923 0.20967368301026224 0.37711333637400224
0 0.27706935005701255 0.5883696602052452 0.27751885404789056 0.5635647616875712 0.20019816419612316 0.5627238962371721 0.19917041961231471 0.5910879646522235 0.27706935005701255 0.5883696602052452
0 0.4967132132269099 0.2782550661345496 0.5479614401368301 0.28851807297605475 0.5552088825541619 0.24071933523375144 0.5156696259977195 0.2284758095781072 0.4967132132269099 0.2782550661345496
0 0 0.3839956978335234 0.01819422690992018 0.37167769099201825 0.009856436716077537 0.35858442873432156 0 0.3633816738882554 0 0.3839956978335234