0 0.5683605313568985 0.6960524891676169 0.5123744344355758 0.6777439350057013 0.49803484492588374 0.7259588791334093 0.5504931505131129 0.7388926396807297 0.5683605313568985 0.6960524891676169
0 0.5659752474344356 0.8409757628278222 0.5416015610034208 0.9085774503990878 0.5830616898517674 0.9247211197263397 0.602634118586089 0.8507391961231471 0.5659752474344356 0.8409757628278222
0 0.707861456100342 0.6620642725199544 0.6959435689851767 0.6961882257696692 0.7544570045610034 0.7215721003420752 0.7603936294184721 0.680966244013683 0.707861456100342 0.6620642725199544
0 0.9053803945267959 0.725239897377423 0.884397291904219 0.7949262770809579 0.9136540091220069 0.8076182155074116 0.933485181299886 0.7306788380843786 0.9053803945267959 0.725239897377423
0 0.6743365712656785 0.17873912542759407 0.6564335199543899 0.18134493842645383 0.6409896168757127 0.2693964754846066 0.6587912166476625 0.27691409464082095 0.6743365712656785 0.17873912542759407
0 0.6583254777651083 0.2822375096921323 0.6512917844925884 0.3149991505131129 0.7058024481185861 0.3316885769669327 0.7148160501710377 0.29671608323831244 0.6583254777651083 0.2822375096921323
0 0.5751956476624858 0.2999973500570125 0.5695636955530217 0.35076373660205246 0.6233586727480046 0.36202638540478904 0.630144110604333 0.3185131311288483 0.5751956476624858 0.2999973500570125
0 0.07692526111744584 0.25074216875712657 0.04682045381984036 0.24125413112884833 0.03610624515393387 0.282039590649943 0.07040240364880274 0.2915947445838084 0.07692526111744584 0.25074216875712657
0 0.10929099657924743 0.30989907525655647 0.095924417331813 0.3605816510832383 0.12705741163055873 0.37224727366020527 0.1371059897377423 0.3254449692132269 0.10929099657924743 0.30989907525655647
0 0.4936654161915621 0.6108415644241733 0.44469899543899655 0.5937431710376283 0.43139424401368304 0.6301298608893956 0.48778145610034207 0.6457898586088939 0.4936654161915621 0.6108415644241733
0 0.20526587457240592 0.1922364070695553 0.17044580045610033 0.17577963968072977 0.15554421550741163 0.21679319954389964 0.19107341049030788 0.22586178221208666 0.20526587457240592 0.1922364070695553
0 0.27747729190421894 0.06087235575826682 0.2231738289623717 0.042711012542759406 0.2124597582668187 0.083494913340935 0.2689725849486887 0.10453163169897377 0.27747729190421894 0.06087235575826682
0 0.16299085176738884 0.02224722462941847 0.1278980250855188 0.008746683010262258 0.11222020980615735 0.0586326031927024 0.15218686545039908 0.07822171949828963 0.16299085176738884 0.02224722462941847
0 0.6982024298745724 0.8269137981755986 0.6919744618015963 0.8436534446978334 0.713113204104903 0.8538486659064994 0.7177976419612314 0.841144535917902 0.6982024298745724 0.8269137981755986
0 0.712440606613455 0.8615364868871151 0.6881403933865451 0.8534503135689852 0.6833007092360319 0.8679289156214368 0.707933669327252 0.8790242907639682 0.712440606613455 0.8615364868871151