0 0.755817023945268 0.1748913158494869 0.7826760216647662 0.25232969669327254 0.876789881413911 0.22637591562143672 0.8537565393386546 0.1553246339794755 0.755817023945268 0.1748913158494869
0 0.9460456727480046 0.028048996579247434 0.9019184766248574 0.03048821322690992 0.9156351881413911 0.08644684150513113 0.9575442884834664 0.08092168529076396 0.9460456727480046 0.028048996579247434
0 0.36875696807297603 0.061350428734321553 0.37785268301026226 0.11469331698973774 0.4162663135689852 0.10779584036488027 0.4016804082098061 0.05146464766248574 0.36875696807297603 0.061350428734321553
0 0.4996823762827822 0.2178983283922463 0.5153936123147093 0.2698042269099202 0.5771149475484607 0.24927821664766248 0.556384283922463 0.19674626453819838 0.4996823762827822 0.2178983283922463
0 0.502904496009122 0.4740758563283922 0.5170511060433295 0.5104567160775371 0.5793683888255416 0.501249282782212 0.5725630741163056 0.466600322690992 0.502904496009122 0.4740758563283922
0 0.9083424013683009 0.5772956716077536 0.8376913751425314 0.5866609167616875 0.8433802166476625 0.6142808757126568 0.9158084914481186 0.6050087708095782 0.9083424013683009 0.5772956716077536
0 0.9191952132269099 0.6651809817559864 0.9149608802736603 0.7005969737742304 0.9599308962371721 0.7047358814139111 0.9577360718358039 0.6672008232611175 0.9191952132269099 0.6651809817559864
0 0.35031932041049035 0.7648558563283923 0.3460538312428734 0.8008663443557582 0.4618083717217788 0.8271276465222349 0.4645257719498289 0.792294001140251 0.35031932041049035 0.7648558563283923
0 0.6359701060433295 0.9301055701254276 0.6361082576966932 0.9728792337514254 0.7299163249714937 0.9754203751425313 0.7283422063854048 0.931714031927024 0.6359701060433295 0.9301055701254276
0 0.5705626670467503 0.7033372565564424 0.5628637753705815 0.7367911117445838 0.6069908631698975 0.7456392348916762 0.6153758312428734 0.710439204104903 0.5705626670467503 0.7033372565564424
0 0.24526118129988597 0.47780007525655643 0.26366703762827826 0.5690493557582669 0.3378135324971494 0.5610564287343216 0.3139359532497149 0.46640674686431016 0.24526118129988597 0.47780007525655643
0 0.21157289167616877 0.07687344925883693 0.2203581881413911 0.1361394583808438 0.25481183352337516 0.13106066248574685 0.24745948574686433 0.07281479475484606 0.21157289167616877 0.07687344925883693
0 0.36943223147092363 0.01446057126567845 0.33220138084378564 0.010134255416191562 0.3308369441277081 0.04748434549600912 0.36875387457240594 0.05006448802736602 0.36943223147092363 0.01446057126567845
0 0 0.9316131413911061 0.030681460661345496 0.930458944127708 0.03104445267958951 0.895170204104903 0 0.8951542633979476 0 0.9316131413911061
0 0.634512969213227 0.6175900809578106 0.633274228050171 0.6525716282782212 0.6697521995438996 0.648543968072976 0.6620129942987457 0.6146972303306728 0.634512969213227 0.6175900809578106
0 0.019096164196123148 0.6750306864310147 0.011614632839224629 0.7043371083238313 0.03712351881413911 0.7111048540478906 0.043937421892816415 0.677520126567845 0.019096164196123148 0.6750306864310147
0 0.42687515393386544 0.4386106841505131 0.4389558643101482 0.4576565416191562 0.49022619498289627 0.4437129007981756 0.48370600114025086 0.4263134401368301 0.42687515393386544 0.4386106841505131
0 0.824131787913341 0.3008345484606614 0.8392811630558723 0.35211643557582667 0.8554455701254277 0.3499954458380844 0.8437793637400228 0.294648094640821 0.824131787913341 0.3008345484606614