0 0.18727318700114026 0.08537908095781072 0.17667093044469784 0.04497773090079817 0.14523929190421894 0.04995601368301027 0.1555580148232611 0.09741675484606614 0.18727318700114026 0.08537908095781072
0 0.218123157354618 0.06786875028506272 0.18029002394526797 0.07666735689851768 0.19707412656784493 0.1118815393386545 0.2308083534777651 0.10373213568985178 0.218123157354618 0.06786875028506272
0 0.18606698403648803 0.32543102166476623 0.16381510034207525 0.29108285062713796 0.14576682212086658 0.3009543204104903 0.16118383808437856 0.3363866111744584 0.18606698403648803 0.32543102166476623
0 0.2061019897377423 0.3811706043329533 0.18758415393386546 0.3350100558722919 0.16248419954389964 0.34459676966932723 0.1835198882554162 0.3889553158494869 0.2061019897377423 0.3811706043329533
0 0.7339334618015962 0.6356213420752566 0.7178472793614595 0.569435417331813 0.6535481584948689 0.5880355142531356 0.6836691801596351 0.6632179179019384 0.7339334618015962 0.6356213420752566
0 0.7605908722919041 0.8039296100342076 0.7453716795895097 0.743217638540479 0.7057375974914482 0.7494950604332954 0.7170077229190422 0.8206518312428733 0.7605908722919041 0.8039296100342076
0 0.28195099657924744 0.4121411915621437 0.2921537229190422 0.40451372633979477 0.2816458221208666 0.3710106716077537 0.2659255416191562 0.37920987343215506 0.28195099657924744 0.4121411915621437
0 0.26064561231470923 0.41791865564424174 0.2712198700114025 0.4126369509692132 0.25778708323831245 0.3847085188141391 0.2437402314709236 0.39324540820980614 0.26064561231470923 0.41791865564424174
0 0.3229554686431015 0.4928136396807298 0.33540798517673887 0.48422869327251994 0.3244411961231471 0.45290234777651084 0.3100538221208666 0.45938914139110604 0.3229554686431015 0.4928136396807298
0 0.2836232907639681 0.47199144355758266 0.2966541037628278 0.5011874264538199 0.31083679817559867 0.49593535233751423 0.29851290649942985 0.46362164766248576 0.2836232907639681 0.47199144355758266
0 0.27180581185860886 0.51113451995439 0.28533832497149375 0.5017773660205245 0.27394171949828966 0.47532830672748005 0.2585507936145952 0.48107232155074114 0.27180581185860886 0.51113451995439
0 0.24969932269099204 0.5194450535917902 0.26190933181299886 0.5169100262257696 0.2506638939566705 0.48382436145952107 0.23261137742303306 0.4878859007981756 0.24969932269099204 0.5194450535917902
0 0.21889837742303306 0.5297338050171038 0.23471682326111745 0.527228409350057 0.22454959407069555 0.49336923831242874 0.20413322234891676 0.5014136659064994 0.21889837742303306 0.5297338050171038
0 0.1966990057012543 0.537457897377423 0.21341168187001142 0.5330074161915621 0.19587820068415052 0.5057268882554162 0.18413106271379703 0.5111943591790193 0.1966990057012543 0.537457897377423