0 0.1577603557582668 0.10867759977194982 0.12033244127708095 0.11087876054732042 0.12008663169897378 0.14590416647662485 0.15694256328392248 0.14586539338654506 0.1577603557582668 0.10867759977194982
0 0.061082501710376276 0.9197584663625998 0.09565530444697834 0.9089331607753706 0.07501691562143671 0.8480570866590651 0.04164498517673888 0.8590340478905358 0.061082501710376276 0.9197584663625998
0 1 0.9126105017103763 0.9718860444697833 0.9203907115165336 0.975814370581528 0.942640314709236 1 0.9408640125427594 1 0.9126105017103763
0 0.8914686647662486 0.7089258346636259 0.857569542759407 0.7154809589509692 0.8618267822120866 0.7550382371721779 0.8953806533637401 0.7452353534777652 0.8914686647662486 0.7089258346636259
0 0.8983163215507411 0.3114693591790194 0.8633199954389965 0.3139733158494869 0.8643516191562144 0.34674814139110605 0.9008932964652224 0.3443551185860889 0.8983163215507411 0.3114693591790194
0 0.1255392953249715 0.22150630444697833 0.16144765222348917 0.20692933523375143 0.1464434583808438 0.16270795553021664 0.110625921322691 0.17847333979475485 0.1255392953249715 0.22150630444697833
0 0.12994135119726338 0.4620471596351197 0.07372431698973775 0.467153542759407 0.07639268643101482 0.5281439007981756 0.12993829190421893 0.5302433568985176 0.12994135119726338 0.4620471596351197
0 0.934997724059293 0.9123576385404789 0.9328895963511973 0.8659561858608894 0.9114588631698973 0.86888665336374 0.918864236031927 0.9125439555302167 0.934997724059293 0.9123576385404789
0 0.9935747765108325 0.9069583340935006 0.9862230946408209 0.8665845895096921 0.9742075917901938 0.8683590114025085 0.9759613945267959 0.9097207685290764 0.9935747765108325 0.9069583340935006
0 0.8686519042189282 0.5669592394526796 0.8296645826681871 0.5759353169897378 0.8332705826681871 0.6101886750285062 0.8742612474344356 0.6024637137970353 0.8686519042189282 0.5669592394526796
0 0.8144897913340935 0.24279838084378563 0.8210485746864311 0.2084933614595211 0.7688569042189282 0.20443303648802735 0.7662460444697834 0.23974883352337514 0.8144897913340935 0.24279838084378563
0 0.10438211060433294 0.7607022394526796 0.10769791676168756 0.8266963044469783 0.1564176031927024 0.8141339806157355 0.14870402736602054 0.7516709395667047 0.10438211060433294 0.7607022394526796