0 0.48647446864310145 0.2908692383124287 0.5172072075256556 0.26856351995438993 0.4922070102622577 0.2378683785632839 0.4635565769669327 0.26383245610034206 0.48647446864310145 0.2908692383124287
0 0.10052263283922463 0.5678713876852908 0.12519830102622578 0.5946297662485748 0.15895766476624856 0.5724458289623717 0.13629141847206386 0.5413145838084379 0.10052263283922463 0.5678713876852908
0 0.6904188643101482 0.8232051812998861 0.7088660900798176 0.8599704789053592 0.7335468802736602 0.8506937787913341 0.7223015302166477 0.815750858608894 0.6904188643101482 0.8232051812998861
0 0.8324695917901939 0.6990835324971494 0.8441754378563284 0.7122630342075257 0.9001539908779932 0.6823502850627138 0.8879191060433296 0.6639328050171038 0.8324695917901939 0.6990835324971494
0 0.06523681870011402 0.9432693272519954 0.07584300000000001 0.954819543899658 0.13660620182440136 0.9247517126567845 0.13128119270239452 0.9082107685290765 0.06523681870011402 0.9432693272519954
0 0.18489123489167616 0.7589570627137969 0.2012014196123147 0.7822296111744583 0.23307813911060432 0.7633511938426454 0.21259947434435575 0.7384307628278222 0.18489123489167616 0.7589570627137969
0 0 0.5129159281641962 0.025067163055872293 0.5431410649942988 0.03694688483466362 0.5346452565564425 0.053409779931584946 0.5512809566704675 0.059330432155074116 0.5431262394526796 0.06368943329532496 0.5383859806157355 0.030257600912200686 0.4924107776510832 0 0.5111991870011402 0 0.5129159281641962
0 0.10502435575826681 0.3837550729760547 0.11713241961231471 0.39566856670467504 0.1738423922462942 0.3476006898517674 0.1581407434435576 0.3376690695553022 0.10502435575826681 0.3837550729760547
0 0.12516275940706956 0.4046194196123147 0.1384695142531357 0.4127345712656784 0.1885152816419612 0.36812680501710376 0.17759859977194983 0.3580321425313569 0.12516275940706956 0.4046194196123147
0 0.4470215438996579 0.876787473204105 0.4600847377423033 0.8909558757126568 0.4950169817559863 0.86858617331813 0.47787630786773094 0.8514566727480045 0.4470215438996579 0.876787473204105
0 0.25000449030786775 0.8436513329532497 0.25704771493728623 0.8539608301026226 0.3211205929304447 0.8371984389965792 0.317625149372862 0.8227201197263397 0.25000449030786775 0.8436513329532497