0 0.7047575324971493 0.5446426750285063 0.7177280741163057 0.5803331687571266 0.7541251254275941 0.5647621641961231 0.7370639828962372 0.5300649315849487 0.7047575324971493 0.5446426750285063
0 0.5448687194982896 0.09728981870011402 0.5123453797035348 0.11363398517673888 0.524364606613455 0.15220029076396807 0.5605375450399088 0.13899302964652224 0.5448687194982896 0.09728981870011402
0 0.1368286864310148 0.5939549395667046 0.0964028700114025 0.6015536613454959 0.09851725883694414 0.6278353648802737 0.1352061881413911 0.6266572132269099 0.1368286864310148 0.5939549395667046
0 0.21698758608893956 0.7647154241733182 0.20109206727480045 0.7723350433295325 0.21441626795895097 0.8343901539338655 0.23549267730900797 0.8277057730900799 0.21698758608893956 0.7647154241733182
0 0.18574321550741166 0 0.19186735347776512 0.03360602166476625 0.20923530102622576 0.03304659635119726 0.20223462485746865 0 0.18574321550741166 0
0 0.3379302417331813 0.12571977423033068 0.311063535917902 0.13498334549600913 0.3204242200684151 0.17082881299885974 0.35002396123147095 0.15801245838084377 0.3379302417331813 0.12571977423033068
0 0.580009393386545 0.0645140205245154 0.5833645188141391 0.07001075370581528 0.6367737822120867 0.050546498289623716 0.6267514127708096 0.01521799543899658 0.5894393774230331 0.0315739669327252 0.5943315781071836 0.045335250855188136 0.573802527936146 0.056574980615735466 0.580009393386545 0.0645140205245154
0 0.7206118369441277 0.15236648688711515 0.705822417331813 0.16072170125427596 0.7363968392246294 0.22848412770809579 0.7502716875712657 0.216128259977195 0.7206118369441277 0.15236648688711515
0 0.6950048437856328 0.16597376966932725 0.683536221208666 0.17652820410490308 0.7126214754846065 0.2369308494868871 0.7253341322690992 0.22921952793614597 0.6950048437856328 0.16597376966932725
0 0.15241147662485746 0.34521713683010263 0.1351912291904219 0.3538689429874572 0.1470657354618016 0.393613897377423 0.16825627822120867 0.3818587537058153 0.15241147662485746 0.34521713683010263
0 0.23856923831242874 0.16496574800456099 0.2267177377423033 0.16889444697833522 0.22516990307867732 0.23510559179019383 0.24005083238312427 0.23573632155074117 0.23856923831242874 0.16496574800456099