0 0.1268157810718358 0.8425279122006841 0.09345154846066135 0.838941685290764 0.091524251995439 0.878218811858609 0.1251558597491448 0.880014929304447 0.1268157810718358 0.8425279122006841
0 0.03342101254275941 0.7685547810718358 0.009144465222348916 0.7705907605473203 0.010139101482326112 0.7990733990877993 0.03451925541619156 0.8000043603192702 0.03342101254275941 0.7685547810718358
0 0.07400199429874572 0.21401633979475485 0.06267638312428735 0.21262950285062715 0.059814445838084374 0.27600236259977196 0.07397310262257696 0.2811519954389966 0.07400199429874572 0.21401633979475485
0 0.39372226567844926 0.8712304960091221 0.3854019156214367 0.8709269361459521 0.3872825781071836 0.9365121927023945 0.404893094640821 0.9361927126567845 0.39372226567844926 0.8712304960091221
0 0.5525772109464082 0.7801310421892816 0.5464311197263398 0.8421348711516533 0.600564417331813 0.8455915028506271 0.6055651755986317 0.7848158928164196 0.5525772109464082 0.7801310421892816
0 0.4903429327251996 0.374740409350057 0.4942725496009122 0.4702567662485747 0.5286770011402508 0.4696494481185861 0.5266295952109464 0.3770379224629419 0.4903429327251996 0.374740409350057
0 0.7492679680729761 0.9907089749144812 0.7854613831242874 0.9903362405929305 0.792887803876853 0.9544301892816419 0.7543384834663626 0.9489440741163057 0.7492679680729761 0.9907089749144812
0 0.7810241425313569 0.8802834321550741 0.746205259977195 0.869022984036488 0.7341391607753707 0.9288555336374003 0.7653946602052452 0.9426153021664767 0.7810241425313569 0.8802834321550741
0 0.7816815393386545 0.6271672348916761 0.7517101949828962 0.618706503990878 0.7425009372862029 0.6585381037628278 0.7753429236031927 0.6665999714937286 0.7816815393386545 0.6271672348916761
0 0.9428814754846067 0.6542141641961231 0.874430488027366 0.6316518255416191 0.8503212394526796 0.7385427172177879 0.9103868620296465 0.7605067115165336 0.9428814754846067 0.6542141641961231
0 0.9076781641961232 0.08806192018244013 0.9459092576966932 0.09504599201824401 0.9561166898517673 0.0468619669327252 0.9166298939566705 0.03843803078677309 0.9076781641961232 0.08806192018244013
0 0.6368927058152793 0.28822944583808435 0.6541889589509692 0.29059600684150516 0.661860118586089 0.2353727730900798 0.6479040410490309 0.2296219543899658 0.6368927058152793 0.28822944583808435
0 0.5051800000000001 0.0007619726339794754 0.4672390638540479 0.0020868996579247435 0.4692113911060433 0.020197849486887114 0.504856802736602 0.025488314709236033 0.5051800000000001 0.0007619726339794754
0 0.4615782120866591 0.28187521208665905 0.47161343899657926 0.28033655074116304 0.4720276841505131 0.20279048004561004 0.4547353181299886 0.20487805929304445 0.4615782120866591 0.28187521208665905
0 0.7229152576966932 0.0321322314709236 0.6909242405929304 0.03384349486887115 0.6914503181299886 0.06323522805017104 0.7199473534777651 0.06610025313568985 0.7229152576966932 0.0321322314709236
0 0.6376062919042189 0.019664377423033067 0.6348632018244014 0.06015977879133409 0.6700268141391106 0.06427884606613456 0.6770624264538198 0.027792329532497148 0.6376062919042189 0.019664377423033067
0 0.7586694834663625 0.2061482462941847 0.750253992018244 0.30506469897377425 0.790876181299886 0.31255782098061574 0.8034736476624857 0.21260416077537056 0.7586694834663625 0.2061482462941847
0 0.6812775735461801 0.8623786305587229 0.6671139794754846 0.8646540068415051 0.6671083340935006 0.8985185826681871 0.6813661904218927 0.895942858608894 0.6812775735461801 0.8623786305587229
0 0.9263282793614596 0.2311872919042189 0.9101980809578106 0.2281858985176739 0.8998446077537058 0.32152596579247433 0.9141276978335233 0.3237022554161916 0.9263282793614596 0.2311872919042189