0 0.2931866636259977 0.4661346864310148 0.27836600114025084 0.4311719315849487 0.24283375484606615 0.44862647092360325 0.26168742873432155 0.48238324173318126 0.2931866636259977 0.4661346864310148
0 0.47626899315849486 0.9045065279361459 0.5078923740022805 0.8864826214367161 0.49387121436716075 0.8485982075256557 0.45843906499429876 0.8636805131128849 0.47626899315849486 0.9045065279361459
0 0.8577563785632839 0.38716690535917897 0.8977291060433296 0.37746287229190423 0.8942421368301027 0.3513278460661346 0.8576651482326112 0.35442453249714934 0.8577563785632839 0.38716690535917897
0 0.7687704196123147 0.22083563283922464 0.7842453740022804 0.2123945496009122 0.7676917206385404 0.15112181870011404 0.7469940296465222 0.15890009236031927 0.7687704196123147 0.22083563283922464
0 0.844052755986317 1 0.8321195359179019 0.9496283842645381 0.814804669327252 0.9510960114025087 0.8278726488027366 1 0.844052755986317 1
0 0.68143596009122 0.8652852120866591 0.7077810296465222 0.8546282405929304 0.6965571664766248 0.8193217993158495 0.6676687468643101 0.8336697206385404 0.68143596009122 0.8652852120866591
0 0.4428918323831243 0.9390765290763968 0.43925362827822123 0.9337629224629418 0.3869362405929304 0.9559957286202966 0.3987938255416192 0.9907512839224629 0.43519871949828964 0.9724649669327252 0.4295930148232611 0.9589785803876854 0.4495056875712657 0.9466798472063854 0.4428918323831243 0.9390765290763968
0 0.29788423603192704 0.8587030250855188 0.3122161094640821 0.8495852428734322 0.27813717673888255 0.7835158244013682 0.264928 0.7965809122006842 0.29788423603192704 0.8587030250855188
0 0.32274398517673886 0.8437742246294185 0.3336445142531357 0.8326340330672748 0.3014378905359179 0.7738363717217788 0.2891462348916762 0.7822024538198403 0.32274398517673886 0.8437742246294185
0 0.8552128745724059 0.6363793614595211 0.8719567217787914 0.62683817331813 0.8580183990877993 0.5877691516533639 0.8374721128848346 0.60061721322691 0.8552128745724059 0.6363793614595211
0 0.7786068175598632 0.8208928700114025 0.790236464082098 0.8163492964652223 0.7883169543899659 0.7501478836944128 0.7734234082098062 0.7502968255416191 0.7786068175598632 0.8208928700114025