0 0.12119140136830102 0.36255994298745725 0.15205696237172178 0.3614820935005701 0.15611992702394528 0.29064089281641964 0.12703415849486888 0.2845272474344356 0.12119140136830102 0.36255994298745725
0 0.05256007411630559 0.3542641505131129 0.08704963625997719 0.35484051995439 0.10589585974914482 0.298931550741163 0.07142847092360319 0.29894539110604335 0.05256007411630559 0.3542641505131129
0 0.15283725427594072 0.6050422941847206 0.1648381197263398 0.5743235062713797 0.0967511448118586 0.5475896727480046 0.08576141961231472 0.5827289885974914 0.15283725427594072 0.6050422941847206
0 0.004540076396807298 0.6387383169897377 0.04224365678449259 0.6374216784492589 0.0534794401368301 0.5847490319270239 0.012462273660205244 0.5763769726339795 0.004540076396807298 0.6387383169897377
0 0.33150461459521097 0.4288870843785633 0.300474842645382 0.42521777194982896 0.2913731071835804 0.4879173637400228 0.3213817753705815 0.490731165336374 0.33150461459521097 0.4288870843785633
0 0.3688100672748005 0.22083183922462943 0.33608145381984034 0.2195982998859749 0.33273801368301026 0.28001741391106044 0.3700624606613455 0.2736640638540479 0.3688100672748005 0.22083183922462943
0 0.347349606613455 0.33802875370581525 0.3762468928164196 0.33167106727480045 0.36771560433295325 0.29156937628278223 0.338637992018244 0.2958524036488027 0.347349606613455 0.33802875370581525
0 0.3615687787913341 0.13256047092360318 0.34916515963511974 0.13477751311288483 0.3446367958950969 0.18691887799315848 0.36052743671607757 0.18785080729760548 0.3615687787913341 0.13256047092360318
0 1 0.6613117240592931 0.9063825758266818 0.6039776670467503 0.8930818084378563 0.6326624572405929 0.9877061368301027 0.6875826339794754 1 0.6666208483466363 1 0.6613117240592931
0 0.39859017787913337 0.8863885917901938 0.3664964526795895 0.886322669327252 0.3635580992018244 0.9553422611174458 0.4017254595210946 0.9540094275940706 0.39859017787913337 0.8863885917901938
0 0.21647187343215507 1 0.22206287685290765 0.9896919236031928 0.18128173204104905 0.9771544013683011 0.1743541676168757 1 0.21647187343215507 1
0 0.23933409007981754 0.8016449258836944 0.26409056898517674 0.727704645381984 0.23213343329532496 0.7166413181299885 0.20400554846066135 0.7939669475484608 0.23933409007981754 0.8016449258836944
0 0.04551429418472064 0.8672303420752566 0.03584553819840365 0.8966794663625998 0.07730563968072976 0.9020654982896237 0.08029401368301027 0.8761157103762828 0.04551429418472064 0.8672303420752566
0 0.015251603192702393 0.9366115724059294 0.016206433295324972 0.9728190547320411 0.03642684720638541 0.9819157901938426 0.04428081071835804 0.9510447594070696 0.015251603192702393 0.9366115724059294
0 0.14229144697833523 0.8816757297605473 0.10825172862029647 0.8769233033067275 0.10331091904218927 0.9056132120866591 0.13826796123147092 0.9124129965792475 0.14229144697833523 0.8816757297605473
0 0.16222612656784494 0.9249438768529077 0.17060293728620296 0.8925693090079817 0.15723444697833525 0.8841244686431015 0.14741744469783352 0.9192228335233751 0.16222612656784494 0.9249438768529077
0 0.18138279019384265 0.8268405575826683 0.23552699201824404 0.8457421539338654 0.23776781071835804 0.8269493785632839 0.18724697149372863 0.8076241938426454 0.18138279019384265 0.8268405575826683
0 0.4285115404789054 0.5009517411630559 0.47988853477765103 0.5086634070695553 0.49199942645381983 0.4767525553021665 0.4382424618015964 0.4732827822120867 0.4285115404789054 0.5009517411630559
0 0.4467658836944127 0.44506187799315855 0.4428253568985177 0.46836984834663625 0.47321444925883693 0.47473503648802734 0.4773887069555302 0.4540908437856328 0.4467658836944127 0.44506187799315855
0 0.8197466282782212 0.48966595781071837 0.8062597844925884 0.4948898244013683 0.8213441345496009 0.5864519783352338 0.8378333580387686 0.5805275917901939 0.8197466282782212 0.48966595781071837
0 0.8498304161915622 0.43217477765108325 0.8332730239452679 0.4345353101482326 0.8429776157354618 0.5491570741163055 0.8586182303306727 0.547719724059293 0.8498304161915622 0.43217477765108325
0 0.8116410649942988 0.3937028802736602 0.7938952793614595 0.3961033500570125 0.801409338654504 0.4561448757126568 0.8173165564424173 0.454104102622577 0.8116410649942988 0.3937028802736602
0 0.8439552451539338 0.38306865336374 0.8268236248574686 0.3860433511972634 0.830675945267959 0.4266054903078677 0.8466132542759407 0.425157779931585 0.8439552451539338 0.38306865336374
0 0.8640202314709235 0.4471261687571266 0.8811917331813 0.44533830216647663 0.8739922736602053 0.4093488848346636 0.8568204424173318 0.4096499201824402 0.8640202314709235 0.4471261687571266
0 0.7399160581527936 0.09261325655644241 0.7079481676168757 0.09610604789053592 0.7060219201824401 0.12350402508551882 0.7409935803876853 0.1234694481185861 0.7399160581527936 0.09261325655644241
0 0.41591202394526794 0.6166510011402508 0.39766489167616875 0.6386762337514253 0.4297662086659065 0.6559727001140251 0.4431610672748005 0.6311463534777652 0.41591202394526794 0.6166510011402508
0 0.09712945039908781 0.473312472063854 0.1275243363740023 0.47581416761687567 0.13659344013683009 0.45619039338654505 0.09867414025085519 0.4494940535917902 0.09712945039908781 0.473312472063854
0 0.45017513226909917 0.42355323033067277 0.44619160091220067 0.44567448004561 0.4830562143671608 0.4503298221208666 0.4842340102622577 0.42889909920182445 0.45017513226909917 0.42355323033067277
0 0.49834028050171036 0.33928971037628275 0.4888090399087799 0.3556635701254276 0.543703314709236 0.37513621322690993 0.5493725450399087 0.3541427582668187 0.49834028050171036 0.33928971037628275
0 0.9972764572405929 0.4490079897377423 0.9410431128848347 0.40641174344355757 0.9062254583808438 0.44743466476624855 0.9714998643101483 0.5036752565564424 0.9972764572405929 0.4490079897377423