0 0.3739307297605473 0.6217471972633979 0.42627448004561 0.6201082759407069 0.4136213990877993 0.5481785427594071 0.36563692930444697 0.54862978677309 0.3739307297605473 0.6217471972633979
0 0.5292544116305588 0.6384784652223489 0.5658274549600912 0.6415215017103764 0.5553706716077537 0.536921677309008 0.5168766316989738 0.5423042257696693 0.5292544116305588 0.6384784652223489
0 0.5927396123147092 0.5574629600912201 0.6254715267958951 0.5623629236031926 0.6282460444697833 0.5255785781071836 0.5923311790193843 0.5211306590649943 0.5927396123147092 0.5574629600912201
0 0.5895800570125427 0.49046496465222345 0.6259893466362599 0.4904854834663626 0.6227425883694413 0.46244826567844927 0.5895261185860889 0.46437543101482326 0.5895800570125427 0.49046496465222345
0 0.4767660535917902 0.26415403534777654 0.5173034378563284 0.2707505712656785 0.5163433797035348 0.21365505701254275 0.4796672873432155 0.2061022269099202 0.4767660535917902 0.26415403534777654
0 0.42574426681870015 0.7102728985176738 0.4790630547320411 0.7090723808437857 0.47965095210946407 0.6707815564424173 0.4260503911060433 0.672841850627138 0.42574426681870015 0.7102728985176738
0 0.4724807126567845 0.9210015895096921 0.5167566545039909 0.9182303899657924 0.5138198187001141 0.879444197263398 0.4697923204104903 0.8858478221208667 0.4724807126567845 0.9210015895096921
0 0.31402806385404786 0.8276801071835804 0.3634382234891676 0.8157373204104903 0.3572196624857468 0.7704940604332954 0.3040577753705815 0.7822093683010262 0.31402806385404786 0.8276801071835804
0 0.23354122805017102 0.7803948905359179 0.2908678095781072 0.7737602018244014 0.2822258072976055 0.7329730307867731 0.22686133067274802 0.7347854230330674 0.23354122805017102 0.7803948905359179
0 0.186421251995439 0.8664085108323831 0.24104492018244014 0.8554966499429875 0.2268964424173318 0.789952188141391 0.17516617103762827 0.8042686145952109 0.186421251995439 0.8664085108323831
0 0.17642698061573545 0.9231620855188142 0.17428835005701254 0.9591379988597492 0.20725963511972634 0.963771810718358 0.21116568415051312 0.9274462850627139 0.17642698061573545 0.9231620855188142
0 0.26994693272519954 0.6236218175598631 0.30479961231470926 0.6192248950969214 0.29344014937286206 0.5636657662485747 0.2628394401368301 0.5725559885974915 0.26994693272519954 0.6236218175598631
0 0.35354054846066135 0.712716614595211 0.38645512884834665 0.7116463990877993 0.38158266932725204 0.6695902462941847 0.3510552793614595 0.6736925142531357 0.35354054846066135 0.712716614595211
0 0.16848969099201824 0.5338136282782212 0.22472500684150515 0.5198321299885975 0.20574716761687573 0.4715964994298746 0.15443183010262257 0.4829717377423033 0.16848969099201824 0.5338136282782212
0 0.13356945381984037 0.49502935005701254 0.09282522805017104 0.5078902611174458 0.10901383466362599 0.5461421071835804 0.14271833979475484 0.5364873454960091 0.13356945381984037 0.49502935005701254
0 0.04547167844925883 0.36093223603192703 0.08158164196123147 0.3492171984036488 0.059144181299885974 0.29150157354618017 0.02913921322690992 0.3046741961231471 0.04547167844925883 0.36093223603192703