0 0.6475705792474344 0.5229601584948689 0.6635513021664766 0.4902608574686431 0.5691416328392246 0.4601416476624857 0.5522728711516534 0.4903422234891676 0.6475705792474344 0.5229601584948689
0 0.7839622394526796 0.5229728403648802 0.7336920969213226 0.5036524401368301 0.6998318871151653 0.574796842645382 0.7519423614595211 0.5937449977194983 0.7839622394526796 0.5229728403648802
0 0.7912791242873431 0.5023577571265678 0.9000699475484607 0.5420115974914481 0.9182085473204106 0.48686577537058157 0.817206574686431 0.4495362953249715 0.7912791242873431 0.5023577571265678
0 0.6964780490307867 0.39748678221208666 0.7089936351197264 0.3637638084378564 0.6336783819840365 0.3364865553021665 0.6159229133409351 0.3714599566704675 0.6964780490307867 0.39748678221208666
0 0.6682943819840365 0.47111965564424174 0.6800022029646523 0.4390905530216648 0.6012165917901938 0.41328099657924744 0.5880393215507411 0.4475209361459521 0.6682943819840365 0.47111965564424174
0 0.8226310228050171 0.23727300342075258 0.8521380570125427 0.16260620182440136 0.7988066898517674 0.1389853637400228 0.767718646522235 0.21678440022805018 0.8226310228050171 0.23727300342075258
0 1 0.14748548004561002 0.9363014036488028 0.12270635005701254 0.9182538574686431 0.1551865108323831 1 0.1861649749144812 1 0.14748548004561002
0 1 0.057874134549600914 0.9265545553021665 0.04861940136830103 0.9187189908779931 0.06858675712656784 0.9933290057012543 0.10404372177879133 1 0.0928262873432155 1 0.057874134549600914
0 0.5329286202964653 0.1168382086659065 0.5376101664766249 0.10307018358038768 0.4459846579247434 0.09656000570125428 0.4466074914481186 0.11341151767388825 0.5329286202964653 0.1168382086659065
0 0.4760800102622577 0.1510951402508552 0.4782487137970354 0.1334324709236032 0.42448669099201825 0.1328071174458381 0.42459209920182445 0.14656469783352338 0.4760800102622577 0.1510951402508552
0 0.9323760957810718 0.658929590649943 0.954432542759407 0.6108388209806157 0.9017215895096922 0.5943451562143672 0.8827676385404789 0.6390922257696693 0.9323760957810718 0.658929590649943
0 0.4750655758266819 0.9583684925883694 0.48451204332953246 0.9350254184720639 0.4141950832383124 0.9108885245153934 0.4084278677309008 0.931062614595211 0.4750655758266819 0.9583684925883694
0 0.283436189281642 0.8284604925883694 0.29077510604332957 0.8174100125427594 0.25597744697833524 0.8036337468643101 0.2503396362599772 0.8154330581527935 0.283436189281642 0.8284604925883694
0 0.02406284036488027 0.8946252645381985 0.016802354618015963 0.8758048369441277 0.0025250581527936143 0.880027598631699 0.002124328392246294 0.8979073466362599 0.02406284036488027 0.8946252645381985
0 0.054446748004561 0.8810251972633979 0.04901712998859749 0.8570504127708095 0.03297031128848347 0.8610559042189282 0.04054188711516534 0.887086740022805 0.054446748004561 0.8810251972633979
0 0.08608321550741163 0.8669807149372862 0.07977192246294185 0.8452889372862029 0.06485875940706956 0.8473823968072975 0.06767909920182441 0.8706967651083238 0.08608321550741163 0.8669807149372862
0 0.12862604446978335 0.8566666259977196 0.12362710376282782 0.8291586180159635 0.0874835473204105 0.8385110376282783 0.09498442417331812 0.8626944868871153 0.12862604446978335 0.8566666259977196
0 0.14236129076396808 0.7448020228050171 0.12808399543899657 0.7490247844925884 0.1292453637400228 0.7736703363740023 0.14859867274800456 0.7670829338654503 0.14236129076396808 0.7448020228050171
0 0.12214988939566704 0.7632372234891677 0.11790819498289623 0.7441908209806157 0.09864944469783353 0.7475720992018243 0.10633388711516534 0.7702605245153933 0.12214988939566704 0.7632372234891677
0 0.13379946978335233 0.7365801265678449 0.12947458950969212 0.713339197263398 0.11150033409350057 0.7159903215507412 0.11892028278221209 0.7359480353477765 0.13379946978335233 0.7365801265678449
0 0.09922264310148234 0.7209796761687571 0.09637822805017104 0.7003102109464082 0.07832581870011403 0.7011618369441277 0.0845744629418472 0.7233638449258837 0.09922264310148234 0.7209796761687571
0 0.11759390193842645 0.7029151687571266 0.11319530102622577 0.6802618221208666 0.09528957126567845 0.6799444846066135 0.10006816875712657 0.7043493842645383 0.11759390193842645 0.7029151687571266
0 0.08402897263397947 0.6790734834663626 0.07625307297605474 0.6595915621436717 0.06211350513112884 0.6651158084378563 0.06555423717217787 0.6833774982896237 0.08402897263397947 0.6790734834663626
0 0.09969253135689853 0.6684453580387686 0.09573853477765108 0.6470430193842646 0.08137941391106045 0.6470729942987458 0.0858474629418472 0.6691350843785633 0.09969253135689853 0.6684453580387686
0 0.0681252212086659 0.6478352702394526 0.05857805701254276 0.62813744013683 0.04303234321550741 0.6305105838084378 0.0507550330672748 0.6528746909920182 0.0681252212086659 0.6478352702394526
0 0.08501446408209806 0.6271991083238313 0.07871728848346636 0.6102900125427594 0.06177932725199544 0.6166812451539339 0.06698569327251996 0.6327558734321551 0.08501446408209806 0.6271991083238313
0 0.060074249714937286 0.6062078825541619 0.05266923489167617 0.5885645530216648 0.039570397947548464 0.5929335849486886 0.04506290992018244 0.6115369327251996 0.060074249714937286 0.6062078825541619
0 0.08502072633979475 0.5979159749144811 0.07142220410490308 0.5771224903078677 0.060980928164196126 0.5842075165336374 0.07038337172177879 0.6050839965792475 0.08502072633979475 0.5979159749144811