0 0.16433408551881415 0.06290402508551882 0.15244467388825544 0.11223317103762827 0.20042836259977195 0.12788333523375142 0.21448571037628278 0.07915855074116306 0.16433408551881415 0.06290402508551882
0 0.17497385062713797 0.1495579566704675 0.16968076510832383 0.17952955074116306 0.22494316989737742 0.20086787229190423 0.23497154846066137 0.16074193956670468 0.17497385062713797 0.1495579566704675
0 0.23788838084378564 0.2770660296465222 0.234735322690992 0.30497866020524517 0.26977438540478904 0.31264373204104906 0.27414262485746865 0.2800118939566705 0.23788838084378564 0.2770660296465222
0 0.3204682702394527 0.4380630581527936 0.31670499771949834 0.47562195667046747 0.3723617069555302 0.4855427457240593 0.37509086088939564 0.4493056636259977 0.3204682702394527 0.4380630581527936
0 0.8769757354618015 0.04481376282782212 0.8164939646522235 0.05403461801596351 0.8281902029646523 0.1078934732041049 0.8910802485746865 0.09633671151653364 0.8769757354618015 0.04481376282782212
0 0.7140968403648803 0.2383421755986317 0.7206419007981756 0.277031354618016 0.773980779931585 0.2680877537058153 0.7702478517673889 0.23524947434435578 0.7140968403648803 0.2383421755986317
0 0.743659417331813 0.5327022702394527 0.7588686681870012 0.5834913648802736 0.8263822839224629 0.5584471619156214 0.8178236590649943 0.5057820125427595 0.743659417331813 0.5327022702394527
0 0.5904327776510832 0.4833014230330673 0.595188778791334 0.4976758323831243 0.6637779190421893 0.48626310034207526 0.663683984036488 0.47086917901938424 0.5904327776510832 0.4833014230330673
0 0.8093762371721779 0.6927772029646522 0.7809129977194983 0.7094357947548461 0.79587382668187 0.7387135724059293 0.8288982371721779 0.7250857673888256 0.8093762371721779 0.6927772029646522
0 0.7285861847206386 0.6243095610034208 0.6940126225769669 0.639923779931585 0.7001008859749145 0.6505453534777651 0.7347483580387686 0.6355202690992018 0.7285861847206386 0.6243095610034208
0 0.6456338529076397 0.5674765324971494 0.6541548745724058 0.5783976100342075 0.6824629498289624 0.5653473238312429 0.6749877993158495 0.5556233352337514 0.6456338529076397 0.5674765324971494
0 0.518490314709236 0.03378084606613455 0.528673669327252 0.12647448118586088 0.6348983101482326 0.1146281527936146 0.6171681265678449 0.018947605473204104 0.518490314709236 0.03378084606613455
0 0.24292802622576967 0.6737681847206385 0.23880314481185863 0.7083820114025086 0.29579211630558727 0.7145499669327251 0.29890124059293044 0.678971488027366 0.24292802622576967 0.6737681847206385
0 0.33467629760547324 0.6463465484606613 0.27423418472063854 0.6364151242873433 0.271877275940707 0.6708118722919042 0.3347594903078677 0.6762562269099203 0.33467629760547324 0.6463465484606613
0 0.08817196921322691 0.6849915484606613 0.08574270125427594 0.7187989726339795 0.13778955416191563 0.7285647867730901 0.14652840592930447 0.6949885792474345 0.08817196921322691 0.6849915484606613
0 0.257993913340935 0.8257021071835804 0.2601445815279361 0.8529619475484607 0.3115297502850627 0.8622107970353478 0.3175701003420753 0.8310171505131129 0.257993913340935 0.8257021071835804
0 0.04800532953249715 0.9113221003420752 0.049742347776510834 0.9254689851767389 0.11127210034207526 0.936463282782212 0.11477931584948689 0.9187302428734321 0.04800532953249715 0.9113221003420752
0 0.0414186716077537 0.8576780832383124 0.045928879133409345 0.8768714925883695 0.08958028164196123 0.8864701459521094 0.0932376031927024 0.8675364264538198 0.0414186716077537 0.8576780832383124
0 0.11012729874572406 1 0.11048698175598631 0.9934052770809577 0.05698043557582669 0.9844184720638541 0.05889360661345496 1 0.11012729874572406 1
0 0 0.5198267058152793 0.0011029600912200684 0.5293329612314709 0.010410376282782212 0.5437483090079818 0.025184303306727482 0.48867953363740024 0 0.4783173511972634 0 0.5198267058152793
0 0.31629791106043326 0.11664896237172179 0.31825200912200685 0.1325638198403649 0.3502825359179019 0.13521441163055872 0.3511611870011403 0.11801034549600913 0.31629791106043326 0.11664896237172179
0 0.3481955302166477 0.14743641847206385 0.31005332041049033 0.14374319270239452 0.31009491676168754 0.15869803192702395 0.3493434150513113 0.16165721322690993 0.3481955302166477 0.14743641847206385