0 0.5364451140250855 0.4324896009122007 0.6172939589509692 0.3805403683010262 0.562005362599772 0.2965312976054732 0.48378730330672753 0.3460988950969213 0.5364451140250855 0.4324896009122007
0 1 0.2647612770809578 0.9775489737742302 0.2363772246294185 0.9507516830102622 0.25821259749144815 0.9796665803876853 0.2835227423033067 1 0.26483948004561003 1 0.2647612770809578
0 0.4880507251995439 0.5659265724059294 0.5220944618015964 0.5428408084378563 0.47416571607753705 0.4798940752565564 0.4393702873432155 0.5050883797035348 0.4880507251995439 0.5659265724059294
0 0.595142464082098 0.6675248631698973 0.6190389623717217 0.6950414025085518 0.6463241550741163 0.6723385119726341 0.6148417662485747 0.6462414218928164 0.595142464082098 0.6675248631698973
0 0.36949800000000005 0.8809320114025085 0.3650356339794755 0.844810197263398 0.3019732690992018 0.8502057639680729 0.3071762029646522 0.8871271482326111 0.36949800000000005 0.8809320114025085
0 0.49422050285062713 0.7625066499429874 0.5185209783352338 0.7852593283922462 0.5521946978335234 0.763914362599772 0.5290653899657924 0.7342238871151654 0.49422050285062713 0.7625066499429874
0 0.07885966020524515 0.7518417844925883 0.06714972862029647 0.6984130433295325 0.02839108095781072 0.7065480638540479 0.04177056784492588 0.7606894982896237 0.07885966020524515 0.7518417844925883
0 0.20643778905359178 0.8541556978335234 0.21331056556442415 0.893216322690992 0.2702938802736602 0.8892905313568985 0.261543921322691 0.8519219064994298 0.20643778905359178 0.8541556978335234
0 0.4596353432155074 0.35976512200684146 0.4604082748004561 0.37327095895096923 0.4772868916761687 0.37382514367160774 0.47360876738882557 0.35686000228050174 0.4596353432155074 0.35976512200684146
0 0.413146165336374 0.401428677309008 0.4187729988597491 0.4177856898517674 0.45390633637400224 0.4009968825541619 0.44709914937286205 0.38305354732041047 0.413146165336374 0.401428677309008
0 0.4310737981755986 0.4313169863169897 0.4340451790193843 0.44589553363740025 0.46724111858608897 0.43536569327251995 0.4622204948688711 0.4190049509692132 0.4310737981755986 0.4313169863169897
0 0.3939403272519954 0.42039054618015964 0.3983556431014823 0.4310317012542759 0.4155521299885975 0.4243788597491448 0.4062259874572406 0.4125596932725199 0.3939403272519954 0.42039054618015964
0 0.4623080889395667 0.4585737730900798 0.4661064891676169 0.47211727594070696 0.482845976054732 0.46475868301026224 0.47577335575826685 0.45234026795895094 0.4623080889395667 0.4585737730900798
0 0.32878924059293047 0.5526922326111745 0.33477638084378564 0.5388038483466363 0.30133799315849485 0.5304838665906499 0.296380873432155 0.5438100570125428 0.32878924059293047 0.5526922326111745
0 0.7908231824401368 0.8207001698973775 0.7933272018244014 0.8060714241733181 0.7350732143671608 0.7888378312428734 0.7292981687571266 0.8031562748004561 0.7908231824401368 0.8207001698973775
0 0.4159120592930445 0.708263503990878 0.4126067981755986 0.6923999578107184 0.3976442474344356 0.6971027730900798 0.40044960661345497 0.7096141311288483 0.4159120592930445 0.708263503990878
0 0.41225690992018243 0.6826229350057013 0.4080008563283923 0.6683767377423032 0.3965587685290764 0.6707959726339794 0.39567542417331814 0.6849545267958951 0.41225690992018243 0.6826229350057013
0 0.4138287354618016 0.6580933945267959 0.41397231242873433 0.6459947993158495 0.3990467787913341 0.6476752018244014 0.4001677343215508 0.6595362029646522 0.4138287354618016 0.6580933945267959
0 0.7742518483466363 0.7844309771949829 0.7701722668187001 0.7750736157354617 0.7413957639680729 0.7762347685290764 0.7432658289623717 0.7888476362599772 0.7742518483466363 0.7844309771949829
0 0.3320684846066135 0.9342255062713798 0.3387797251995439 0.9769018700114025 0.37304545952109464 0.9841852770809578 0.368343566704675 0.9291998859749145 0.3320684846066135 0.9342255062713798