0 0.8457732873432154 0.8271613990877994 0.8554620034207526 0.7102742542759407 0.8232593876852907 0.7095469486887116 0.8095207388825542 0.8195654960091221 0.8457732873432154 0.8271613990877994
0 0.8877990969213228 0.5852483500570125 0.848790778791334 0.5808242816419612 0.836323574686431 0.6579772029646522 0.8729296111744583 0.6613772896237172 0.8877990969213228 0.5852483500570125
0 0.6229776670467503 0.47623393158494864 0.5858839828962371 0.4651209475484607 0.5734933751425314 0.5178339908779931 0.6098452337514253 0.5251253500570126 0.6229776670467503 0.47623393158494864
0 0.45312716875712655 0.7717817297605473 0.41996206043329537 0.7657570980615735 0.40242319840364876 0.8384983660205245 0.4383244834663626 0.8428405347776511 0.45312716875712655 0.7717817297605473
0 0.4246272656784493 1 0.4240905085518814 0.9865648004561003 0.3891399167616876 0.9821545872291904 0.38653878677309006 1 0.4246272656784493 1
0 0.30223692018244014 0.7680294104903078 0.2870945416191562 0.7643219714937287 0.2759730456100342 0.818138236031927 0.2869473660205245 0.8230315017103763 0.30223692018244014 0.7680294104903078
0 0.25954975598631697 0.8216705974914481 0.2758376545039909 0.7651091288483467 0.25793939794754844 0.7645719646522235 0.24635006955530217 0.8202096761687572 0.25954975598631697 0.8216705974914481
0 0.15969536830102624 0.7559478643101483 0.1346520661345496 0.8405352223489168 0.1769950992018244 0.8500891698973774 0.19388075256556442 0.759517220068415 0.15969536830102624 0.7559478643101483
0 0 0.3452504834663626 0.04047517331812999 0.35367651995439 0.04810074458380844 0.31798263854047887 0 0.3105434389965792 0 0.3452504834663626
0 0.08228264652223488 0.0575481984036488 0.049832645381984036 0.05326072748004561 0.0477584732041049 0.08320335347776511 0.08035131927023946 0.09016080159635119 0.08228264652223488 0.0575481984036488
0 0 0.127089417331813 0.011007594070695553 0.12808567046750285 0.01571150741163056 0.09319129190421893 0 0.0918478369441277 0 0.127089417331813
0 0.2611404561003421 0.29950955188141387 0.2426914218928164 0.29960766818700113 0.23244090079817561 0.3658794549600912 0.2461518392246294 0.36730462599771946 0.2611404561003421 0.29950955188141387
0 0.28630835461801596 0.3358909897377423 0.2636701094640821 0.3356852770809578 0.2613768289623717 0.3710062884834664 0.28231209007981756 0.3737150171037628 0.28630835461801596 0.3358909897377423
0 0.5608167058152793 0.20882804789053594 0.4951188700114025 0.19733289623717218 0.49267138996579246 0.2219369954389966 0.5582217058152793 0.23374162941847207 0.5608167058152793 0.20882804789053594
0 0.5556040957810718 0.18535479475484606 0.5067426066134549 0.17625666248574684 0.4999002759407069 0.197593748004561 0.5517888608893957 0.20558583808437855 0.5556040957810718 0.18535479475484606
0 0.5755349988597491 0.1553554709236032 0.5156357297605473 0.14166611060433296 0.5099663169897377 0.1712649395667047 0.569022889395667 0.18143732953249717 0.5755349988597491 0.1553554709236032