0 0.03410102166476625 0.5523922177879134 0.02230694070695553 0.5848673625997719 0.05816086431014823 0.5998611790193843 0.07145435575826682 0.5714787229190422 0.03410102166476625 0.5523922177879134
0 0.24338327251995437 0.6663294925883694 0.1943072212086659 0.6361388266818699 0.1688901550741163 0.6676613591790194 0.22740175712656785 0.6991054561003421 0.24338327251995437 0.6663294925883694
0 0.32994607069555304 0.7817928209806158 0.36478239908779936 0.7943378141391106 0.3873359863169898 0.7441826465222349 0.35438983352337516 0.7259086750285062 0.32994607069555304 0.7817928209806158
0 0.4642670456100342 0.8952451927023946 0.5024073477765109 0.9115892896237172 0.5236108722919042 0.8637173831242874 0.48446831242873434 0.844682755986317 0.4642670456100342 0.8952451927023946
0 0.5276908985176739 0.9841171539338655 0.5410565769669328 0.9547247742303306 0.5146899304446978 0.9359663979475484 0.4947986031927024 0.9693288677309008 0.5276908985176739 0.9841171539338655
0 0.5779708529076397 0.9715783375142532 0.5933431938426454 0.9560033432155074 0.5678481402508552 0.937570621436716 0.5561584675028506 0.9558074287343216 0.5779708529076397 0.9715783375142532
0 0.6063608768529076 0.9485886613454959 0.6140362770809578 0.9324770114025085 0.583470220068415 0.918446590649943 0.5740742018244014 0.9294178825541619 0.6063608768529076 0.9485886613454959
0 0.7599367810718358 1 0.7080862086659065 0.9664046237172177 0.6835771083238312 0.9977102759407069 0.6860738346636259 1 0.7599367810718358 1
0 0.6873197947548461 0.7526728916761687 0.6977222873432156 0.7230748711516534 0.6405324355758266 0.6982641345496009 0.6325202063854048 0.7319826784492588 0.6873197947548461 0.7526728916761687
0 0.8669923580387685 0.7878324880273659 0.8875881584948688 0.7571632200684151 0.8308535758266818 0.7258418175598631 0.814549314709236 0.7589773945267958 0.8669923580387685 0.7878324880273659
0 0.7668904139110605 0.508494275940707 0.7937486351197264 0.5329680524515393 0.8347739167616876 0.4995656522234892 0.8090160171037628 0.47635765108323835 0.7668904139110605 0.508494275940707
0 0.9680833443557583 0.21038541961231472 0.9500965712656785 0.17820859407069556 0.8780407856328393 0.22126837856328394 0.9007199931584948 0.2544343158494869 0.9680833443557583 0.21038541961231472
0 0.4470611961231471 0.3071483363740023 0.39667165222348916 0.3297884891676169 0.42224768985176736 0.3811101014823261 0.4678699201824401 0.3585516567844926 0.4470611961231471 0.3071483363740023
0 0.5192617730900798 0.21943675712656785 0.4876942542759407 0.23677382668187 0.5146689635119727 0.2851169977194983 0.555457503990878 0.26358951083238313 0.535693818700114 0.2312884321550741 0.5310098061573546 0.238690661345496 0.5192617730900798 0.21943675712656785
0 0.6638288882554162 0.9609321824401368 0.6855265678449259 0.9315287993158494 0.6543980775370581 0.9085404492588369 0.6273815302166477 0.9331454948688712 0.6638288882554162 0.9609321824401368
0 0.5933593329532497 0.34294859863169896 0.6125622052451539 0.3151532269099202 0.5811231744583808 0.2923499156214367 0.5595988905359179 0.3150177377423033 0.5933593329532497 0.34294859863169896
0 0.6586624275940707 0.20064163511972635 0.6521753990877993 0.19126941619156215 0.6018418289623717 0.22164325085518816 0.610283007981756 0.2328609669327252 0.6586624275940707 0.20064163511972635
0 0.6232980296465223 0.2552530820980616 0.6712241927023945 0.22530453933865452 0.6565674982896238 0.2135770102622577 0.6130906214367161 0.2437583614595211 0.6232980296465223 0.2552530820980616
0 0.9261049007981755 0.12123059977194983 0.9560665210946407 0.10132368643101482 0.9329558871151653 0.06581569897377423 0.900096945267959 0.0845974526795895 0.9261049007981755 0.12123059977194983
0 0.6631317582668187 0.29847296123147093 0.6840653842645382 0.3225324503990878 0.717018393386545 0.2939161151653364 0.7020392850627137 0.27405409236031925 0.6631317582668187 0.29847296123147093
0 0.5108621128848346 0.33955749714937283 0.5352400820980616 0.3739652725199544 0.555737732041049 0.36172310718358036 0.5320072337514253 0.33082373204104903 0.5108621128848346 0.33955749714937283
0 0.4200062291904219 0.15778943443557583 0.44260873660205247 0.19207462257696692 0.47244621322690994 0.1739430615735462 0.45270028164196124 0.13713223603192704 0.4200062291904219 0.15778943443557583
0 0.4351983876852908 0.18739473888255417 0.4166608380843786 0.1545826339794755 0.3639744994298746 0.16748729418472064 0.3861574549600912 0.20774996465222348 0.4351983876852908 0.18739473888255417
0 0.5111551368301026 0.14810845381984036 0.49155701482326114 0.11343971835803876 0.46949914823261113 0.1267146259977195 0.4806296328392246 0.15905576738882554 0.5111551368301026 0.14810845381984036