0 0.8188449965792475 0 0.8450409179019384 0.04847670923603193 0.8703703945267959 0.03871584492588369 0.844333465222349 0 0.8188449965792475 0
0 0.18980096351197262 1 0.2200017605473204 0.99138238654504 0.20660039110604334 0.9413626727480046 0.13955367046750286 0.9634681801596351 0.15042485632839223 1 0.18980096351197262 1
0 0.10923644127708096 1 0.10244071949828963 0.9842932166476625 0.08692895553021665 0.9888205564424174 0.08960963968072976 1 0.10923644127708096 1
0 0.601377754846066 0.8368036191562143 0.626802015963512 0.8306503249714937 0.5981579509692132 0.7572835404789053 0.573935574686431 0.7641089144811859 0.601377754846066 0.8368036191562143
0 0.7458108449258837 0.7083198141391106 0.7926143637400228 0.6907540490307867 0.7835070057012542 0.6559301265678449 0.7304777970353478 0.6792425153933865 0.7458108449258837 0.7083198141391106
0 0.8501427103762828 0.9400272873432154 0.8932852246294185 0.9316412314709236 0.8709173272519954 0.9002417058152794 0.8384341003420752 0.9171409087799316 0.8501427103762828 0.9400272873432154
0 0.958294794754846 0.7027040364880274 0.9887741596351197 0.6883113660205246 0.9698696385404789 0.6578112702394527 0.9322409555302167 0.6745009236031928 0.958294794754846 0.7027040364880274
0 0.8418508015963512 0.4833916499429875 0.8803932155074117 0.4855775724059293 0.8801728597491448 0.4484213283922463 0.8389080672748005 0.4464621516533637 0.8418508015963512 0.4833916499429875
0 0.8764129350057013 0.4464302998859749 0.8769822782212087 0.42756887571265684 0.8449838551881413 0.4216914789053592 0.8459379817559863 0.43904704332953254 0.8764129350057013 0.4464302998859749
0 0.33613501140250857 0.6706077080957811 0.38523714139110604 0.6586437685290764 0.3696709099201824 0.599370236031927 0.3217114846066134 0.6244190433295325 0.33613501140250857 0.6706077080957811
0 0.4304521755986317 0.004160379703534778 0.3895666567844926 0.03660467274800456 0.4122352086659065 0.06607068301026225 0.4551688608893957 0.03171611516533637 0.4304521755986317 0.004160379703534778
0 0.4503974982896237 0.9907529931584949 0.506398338654504 0.9738189019384265 0.4952040478905359 0.9324431220068415 0.43838557696693276 0.9507474618015963 0.4503974982896237 0.9907529931584949