0 0.6617706499429874 0.009867688711516533 0.6168620638540478 0.020153017103762827 0.6219989806157354 0.07647819384264538 0.6695116602052452 0.05664596351197264 0.6617706499429874 0.009867688711516533
0 0.5393783728620296 0 0.49079649600912195 0.003350605473204105 0.5006676408209807 0.05899930672748005 0.5555452782212087 0.05150916875712657 0.5542263238312429 0 0.5393783728620296 0
0 0.34604702736602055 0.3776228985176739 0.33335578221208667 0.33033718928164196 0.2972127126567845 0.3383910741163056 0.30406219270239454 0.3854833945267959 0.34604702736602055 0.3776228985176739
0 0.29729095781071835 0.5073388779931585 0.28846347434435576 0.40950772633979476 0.2504773568985177 0.4131415416191562 0.26353698175598633 0.5108972588369441 0.29729095781071835 0.5073388779931585
0 0.0242746259977195 0.6368124526795895 0.0024843933865450396 0.6466942497149373 0.00350505929304447 0.7051681539338654 0.04588211516533638 0.6851302086659065 0.0242746259977195 0.6368124526795895
0 0.022506395667046753 1 0.015253134549600911 0.9534884424173319 0.007841763968072976 0.9536178084378563 0.008651368301026226 1 0.022506395667046753 1
0 0.6365271425313569 0.6029642041049031 0.5856156989737742 0.6091989931584949 0.5924786602052452 0.6625248403648802 0.6426172770809577 0.6566004606613456 0.6365271425313569 0.6029642041049031
0 0.9089439931584948 0.2692199817559863 0.9240762827822121 0.3544688700114025 0.9892661151653364 0.33254656214367156 0.9746207160775371 0.25916598289623716 0.9089439931584948 0.2692199817559863
0 0.9205959019384264 0.4269781550741163 0.9483366590649943 0.41877557468643106 0.9430532269099202 0.38798809464082096 0.9138192109464082 0.39354602052451537 0.9205959019384264 0.4269781550741163
0 0.4800859589509692 0.20544487229190422 0.46643993386545035 0.13739141391106044 0.44512994868871153 0.1401387434435576 0.4629906396807298 0.211681677309008 0.4800859589509692 0.20544487229190422
0 0.5353260809578108 0.2092313762827822 0.5192921698973775 0.20832356898517673 0.5282173352337515 0.24379820638540478 0.5437675963511973 0.24322985632839222 0.5353260809578108 0.2092313762827822
0 0.5341741516533638 0.20331151767388828 0.5358782907639681 0.2068463762827822 0.5245489623717218 0.16963218244013684 0.5115113124287343 0.17045359635119728 0.5174091299885974 0.2024180330672748 0.5341741516533638 0.20331151767388828
0 0.5203165484606613 0.1311048677309008 0.5061242565564424 0.1337295188141391 0.510763779931585 0.16155903762827822 0.5290269600912201 0.16331869327251994 0.5203165484606613 0.1311048677309008