0 0.05643609692132269 0.6603762976054731 0.026636786773090077 0.6782675484606614 0.03937595096921322 0.7344614287343215 0.07976517445838084 0.7136060034207525 0.05643609692132269 0.6603762976054731
0 0.18171876966932723 0.47694483466362597 0.15389580387685292 0.4956600570125428 0.17018432269099204 0.5203175883694413 0.1982878700114025 0.5018502576966933 0.18171876966932723 0.47694483466362597
0 0.07165058380843785 0.30599188369441277 0.02432685062713797 0.33333657696693275 0.05201457696693273 0.3823923021664766 0.09841405473204105 0.35341267616875716 0.07165058380843785 0.30599188369441277
0 0.07663083580387685 0.07638400114025086 0.10285925085518813 0.13661092132269098 0.1511765929304447 0.10544391220068415 0.13044254503990876 0.06374655644241733 0.07663083580387685 0.07638400114025086
0 0.4092766202964652 0.078864007981756 0.3620334275940707 0.11284653819840365 0.3866883500570125 0.15946746636259979 0.43811241505131127 0.1307224777651083 0.4092766202964652 0.078864007981756
0 0.5495418688711516 0.5856980421892817 0.5167799703534778 0.5914598551881414 0.5229279566704675 0.6386554435575826 0.5582804435575827 0.6314811847206385 0.5495418688711516 0.5856980421892817
0 0.5450291128848347 0.5375797354618016 0.5133199030786774 0.5425336556442417 0.5167799703534778 0.5914598551881414 0.5541790558722919 0.5823756214367161 0.5450291128848347 0.5375797354618016
0 0.9129250456100342 0.8459251824401368 0.8839463808437856 0.7777647730900797 0.8604716510832383 0.790491857468643 0.8900420592930444 0.8558169509692133 0.9129250456100342 0.8459251824401368
0 1 0.7653289954389966 0.9719360752565565 0.7044074538198404 0.9562800319270239 0.7092652713797035 1 0.8077068665906499 1 0.7653289954389966
0 0.6533855336374002 0.38223778677309006 0.6247420376282783 0.33760029418472065 0.6006102485746865 0.36285797377423035 0.6281038437856329 0.40469148574686425 0.6533855336374002 0.38223778677309006
0 0.4902534834663626 0.30869968529076397 0.4643877160775371 0.3312685096921323 0.48122785632839227 0.3618674481185861 0.5137355302166476 0.34163833751425315 0.4902534834663626 0.30869968529076397
0 0.3074111619156214 0.5384032588369442 0.28422105245153934 0.5404915074116305 0.29169579817559865 0.6007361858608894 0.30975363169897374 0.6002504139110605 0.3074111619156214 0.5384032588369442
0 0.5321688392246294 0.6955309122006841 0.49496956328392244 0.7033665815279361 0.49321304332953253 0.7448387012542759 0.5395001197263398 0.7394705838084379 0.5321688392246294 0.6955309122006841