0 0.26397159179019386 0 0.2631831163055872 0.026047140250855187 0.29686838882554156 0.022039630558722916 0.29659749714937284 0 0.26397159179019386 0
0 0.3310381151653364 0.012512714937286203 0.2922002120866591 0.011897302166476626 0.29996667274800454 0.05012591448118586 0.33467036830102626 0.050379631698973776 0.3310381151653364 0.012512714937286203
0 0.23762419384264538 0.2546691961231471 0.22434286202964654 0.215958094640821 0.20444257012542758 0.22117006499429875 0.21082978677309008 0.25927957924743444 0.23762419384264538 0.2546691961231471
0 0.24357944925883696 0.31359998061573546 0.23677891904218928 0.26433072862029644 0.21010530558722917 0.2675604469783352 0.21978484036488027 0.3156903489167617 0.24357944925883696 0.31359998061573546
0 0.6941748654503991 0.6881864355758266 0.6945783363740023 0.6200749156214367 0.6276894036488028 0.6225671448118586 0.6387274321550741 0.7028032451539338 0.6941748654503991 0.6881864355758266
0 0.6793229828962372 0.8579442394526796 0.6792434196123146 0.7953538164196123 0.6392679931584948 0.7918564207525656 0.6329889669327251 0.8636260216647663 0.6793229828962372 0.8579442394526796
0 0.30968295324971495 0.3620001459521095 0.32142786659065 0.357067511972634 0.3193372166476625 0.32201754846066133 0.3021003295324971 0.3261701197263398 0.30968295324971495 0.3620001459521095
0 0.28761273432155077 0.3624517548460661 0.2991506522234892 0.35988508437856326 0.2928733762827822 0.3295365610034207 0.27717851539338656 0.3344216271379703 0.28761273432155077 0.3624517548460661
0 0.3299529863169897 0.450196157354618 0.34411249600912197 0.444878755986317 0.3410499965792474 0.4118298301026226 0.32552069099201825 0.4146433181299886 0.3299529863169897 0.450196157354618
0 0.29682648688711516 0.4204771539338655 0.3024070809578107 0.45195832953249715 0.3174390809578107 0.45029336944127707 0.3132986545039909 0.41595810034207525 0.29682648688711516 0.4204771539338655
0 0.27589046978335235 0.45559860661345497 0.2912847103762828 0.449793212086659 0.2866252394526796 0.4213727137970354 0.27030188711516534 0.42322270467502854 0.27589046978335235 0.45559860661345497
0 0.2524301379703535 0.4583142383124288 0.2648907366020525 0.45880838084378567 0.2619834834663626 0.42398498403648804 0.24348462827822123 0.4235585792474344 0.2524301379703535 0.4583142383124288
0 0.22005503876852908 0.4608459464082098 0.23600971949828964 0.4622418004561003 0.23433577537058153 0.4269287160775371 0.21257973318129988 0.4297950228050171 0.22005503876852908 0.4608459464082098
0 0.1966464561003421 0.46297008665906497 0.21393936259977195 0.4626949657924743 0.2035264583808438 0.43198305245153934 0.1908055598631699 0.4344462269099202 0.1966464561003421 0.46297008665906497