0 0.4452061835803877 0.19643290877993158 0.3846226989737742 0.2316831630558723 0.4283184925883694 0.3279954811858609 0.49405055872291903 0.2889111425313569 0.4452061835803877 0.19643290877993158
0 0.20319643329532497 0.08259583580387686 0.24128718928164197 0.12871239566704676 0.2822059794754846 0.1039963740022805 0.24884186887115164 0.05730978449258837 0.20319643329532497 0.08259583580387686
0 0.13688695324971495 0.17873233295324972 0.15447955872291905 0.2081049851767389 0.17935490193842646 0.19492098061573546 0.1624938745724059 0.1624902234891676 0.13688695324971495 0.17873233295324972
0 0.25745241961231474 0.8115474868871151 0.28792814595210947 0.8598452645381984 0.3394282086659065 0.8327925724059294 0.3110766545039909 0.7853488574686431 0.25745241961231474 0.8115474868871151
0 0.36637583238312427 0.8818698129988597 0.33294785404789057 0.902034433295325 0.37250081527936146 0.9647065302166477 0.40389853819840366 0.9511822668187002 0.36637583238312427 0.8818698129988597
0 0.8980116305587229 0.20856402850627137 0.984820078677309 0.1972568905359179 0.9789217354618016 0.08470978221208667 0.8822901630558723 0.0844276385404789 0.8980116305587229 0.20856402850627137
0 0.6162991425313569 0.02352444241733181 0.5647710992018244 0.03869825655644241 0.5862628152793614 0.07440052109464082 0.6335782371721779 0.05825991562143672 0.6162991425313569 0.02352444241733181
0 0.6929682941847207 0.2725469167616876 0.7059104697833524 0.3039438529076397 0.7384939851767389 0.2903558791334094 0.725874771949829 0.25944896123147093 0.6929682941847207 0.2725469167616876
0 0.9906644196123147 0.45058570125427594 0.9980761220068415 0.4501972702394527 0.9946301265678449 0.38444375598631697 0.9551125416191562 0.3961889806157355 0.9906644196123147 0.45058570125427594
0 0.425661740022805 0.9126201083238312 0.46097253819840367 0.9624466191562144 0.520587425313569 0.9314043865450399 0.4951556168757127 0.8772455370581528 0.425661740022805 0.9126201083238312
0 0.26773375826681867 0.41778851995439 0.23246490535917902 0.43686205131128847 0.26446791448118584 0.4916121767388826 0.29574306499429875 0.47571920524515393 0.26773375826681867 0.41778851995439
0 1 0.8153293785632839 0.999583598631699 0.8136383329532497 0.9406920513112885 0.8244477913340935 0.9508263135689852 0.8589615803876853 1 0.8543893135689852 1 0.8153293785632839
0 0.8539706328392246 0.24747697263397947 0.8859317787913341 0.23332861459521095 0.862769457240593 0.18279658380843786 0.8277401630558723 0.2007388403648803 0.8539706328392246 0.24747697263397947