0 1 0.5677925940706956 0.9876182736602052 0.5667850376282781 0.9808643911060433 0.6168528779931585 1 0.6150246784492588 1 0.5677925940706956
0 0 0.4086989874572406 0.04835399771949829 0.4195427206385405 0.0546817913340935 0.379230685290764 0 0.37045151995438996 0 0.4086989874572406
0 0.21580042531356897 0.6297326727480046 0.24853144811858607 0.636513701254276 0.2572767753705815 0.5963494595210946 0.22351224401368303 0.5907471790193843 0.21580042531356897 0.6297326727480046
0 0.23532283352337516 0.5425295245153934 0.2664549908779932 0.550732849486887 0.2776044994298746 0.5234089737742303 0.23528607525655645 0.5145372200684151 0.23532283352337516 0.5425295245153934
0 0.24352110946408212 0.6947212257696693 0.24915155872291905 0.6579911003420752 0.21532546180159634 0.6519619840364881 0.20298140478905358 0.6878400456100342 0.24352110946408212 0.6947212257696693
0 0.7263910684150514 0.7772089817559863 0.7192851322690992 0.7991742006841505 0.7877253420752565 0.8168619247434437 0.7957112633979476 0.7926255712656785 0.7263910684150514 0.7772089817559863
0 0.8886369863169898 0 0.8464745131128849 0.0403284503990878 0.8566891413911061 0.05327029874572406 0.9115134469783353 0.00180657582668187 0.9096843420752566 0 0.8886369863169898 0
0 0.7698631778791335 0.05409181984036488 0.8045249657924743 0.09594230444697834 0.8413121812998859 0.07185686545039909 0.8012310353477765 0.03410834207525656 0.7698631778791335 0.05409181984036488
0 1 0.47520873660205243 0.9707047833523375 0.4677706522234892 0.9690773876852907 0.4903212907639681 1 0.48921548118586083 1 0.47520873660205243
0 1 0.5022507491448118 0.9698698392246293 0.5002261448118586 0.9671604070695552 0.5193439657924743 1 0.5187159783352338 1 0.5022507491448118
0 1 0.529313448118586 0.9697929019384265 0.5316757309007981 0.9684307537058152 0.5497142930444698 1 0.5439387993158495 1 0.529313448118586
0 0.6928319464082098 0.5213583375142532 0.7139267297605473 0.547744929304447 0.7552293899657925 0.517380897377423 0.7360249703534778 0.48099168529076397 0.6928319464082098 0.5213583375142532
0 0.7386080775370581 0.062078792474344356 0.7938149350057012 0.04533408665906499 0.7817711881413911 0.006567352337514253 0.7295288323831243 0.03160676510832383 0.7386080775370581 0.062078792474344356
0 0.44864152109464084 0.45624218358038765 0.47793731698973774 0.4599116442417332 0.4854041288483466 0.4277153831242873 0.45757083580387686 0.419520212086659 0.44864152109464084 0.45624218358038765
0 0.29928160433295325 0.4131408563283922 0.28536088711516533 0.5103382269099201 0.3962416476624857 0.5271009908779931 0.41451588141391105 0.4352828928164196 0.29928160433295325 0.4131408563283922
0 0.3790950969213227 0.6738719452679589 0.39889891220068413 0.6441326157354619 0.3658579418472064 0.626613661345496 0.3475701402508552 0.6543411744583808 0.3790950969213227 0.6738719452679589
0 0.9562192462941848 0.39029831927023945 0.9790876613454961 0.3780984846066135 0.9739058734321551 0.34336127822120865 0.9446432177879133 0.35059329646522236 0.9562192462941848 0.39029831927023945