0 0.42724971607753703 0.8014336214367161 0.44176980729760545 0.7628946476624858 0.39004691562143673 0.7421701265678449 0.3712336305587229 0.7793488757126568 0.42724971607753703 0.8014336214367161
0 0.29720723489167616 0.7039639190421892 0.23409061915621437 0.6849594538198404 0.2215153694412771 0.7226057388825542 0.2808053124287343 0.7392022474344355 0.29720723489167616 0.7039639190421892
0 0.37108136031927025 0.29826935461801596 0.36794899087799315 0.24972702052451537 0.31508844811858605 0.2475719007981756 0.31181754960091224 0.2966899441277081 0.37108136031927025 0.29826935461801596
0 0.8711091550741162 0.5420231995438997 0.7799181539338654 0.4801333169897377 0.7188315005701253 0.5564844561003421 0.8124984481185861 0.6198216681870012 0.8711091550741162 0.5420231995438997
0 0 0.778857087799316 0.01135283922462942 0.7818063717217788 0.02074711402508552 0.7490618836944128 0 0.7453880638540479 0 0.778857087799316
0 0.1899803888255416 0.9558694446978335 0.20320530558722918 0.9293033922462941 0.16981160433295325 0.9162072953249715 0.1477567126567845 0.9491818711516533 0.1899803888255416 0.9558694446978335
0 0.3389006545039909 0.5394055324971494 0.35335749258836946 0.5050614355758266 0.30242641733181297 0.48692862713797036 0.28899399543899656 0.5242936088939567 0.3389006545039909 0.5394055324971494
0 0.15238003762827823 0.3278903648802736 0.1538036488027366 0.31130101140250854 0.1211212337514253 0.30511057810718356 0.11734774344355758 0.31753891220068414 0.15238003762827823 0.3278903648802736
0 0.16095749486887118 0.3382582588369441 0.11873227480045609 0.3315704401368301 0.11885079931584949 0.34600418472063854 0.15385191904218928 0.3527469555302167 0.16095749486887118 0.3382582588369441
0 0.282459094640821 0.12147761687571267 0.27717373204104906 0.04857354618015963 0.2390740661345496 0.05000766362599772 0.25464764310148236 0.12247832953249714 0.282459094640821 0.12147761687571267
0 0.1860637993158495 0.11521945838084378 0.19270765222348918 0.09224942417331812 0.17012142075256556 0.08681804104903078 0.16964193842645384 0.11261849144811859 0.1860637993158495 0.11521945838084378
0 0.19568038654503989 0.1569817377423033 0.20497827822120868 0.1362323511972634 0.18390780615735464 0.12502636374002282 0.17916588597491448 0.15496566704675027 0.19568038654503989 0.1569817377423033
0 0.1810792257696693 0.06698491448118586 0.18521988597491448 0.048422877993158496 0.16582882326111745 0.04561107867730901 0.16172516419612315 0.06391953249714936 0.1810792257696693 0.06698491448118586
0 0.15237924857468643 0.04322143101482326 0.16210923261117444 0.027344945267958953 0.12226831927023946 0.01889751425313569 0.12009541961231471 0.034504432155074115 0.15237924857468643 0.04322143101482326