0 0.777349645381984 0.7853634116305588 0.7803309315849487 0.7464539019384265 0.7046904161915621 0.7527245701254276 0.7060314059293044 0.7905874059293044 0.777349645381984 0.7853634116305588
0 0.6484935404789054 0.8323553865450399 0.65002455986317 0.7735379293044471 0.5847785062713796 0.7780922576966932 0.5798269064994299 0.8379207001140251 0.6484935404789054 0.8323553865450399
0 0.4918229486887115 0.8863551755986316 0.4464319064994299 0.8999292656784493 0.4559118221208666 0.9495607730900799 0.5068405096921322 0.9396576647662487 0.4918229486887115 0.8863551755986316
0 0.7133194424173318 0.553171558722919 0.7126959646522235 0.48264330558722923 0.6662471949828963 0.48531818700114027 0.6644964538198403 0.5581051824401368 0.7133194424173318 0.553171558722919
0 0.7480121413911061 0.3852557274800456 0.6910257411630559 0.3908257890535918 0.6888984914481187 0.4276645712656784 0.7501595347776511 0.42142295096921323 0.7480121413911061 0.3852557274800456
0 0.738583322690992 0.28887259407069554 0.7345266898517674 0.26093402736602056 0.6995802189281641 0.26262680387685294 0.6958165507411631 0.2932794207525656 0.738583322690992 0.28887259407069554
0 0.7330644526795895 0.24602123033067275 0.7311147411630559 0.2204240718358039 0.6571005803876853 0.22809084948688713 0.6572290558722919 0.2514430718358039 0.7330644526795895 0.24602123033067275
0 0.19127961003420751 0.37062617901938427 0.20051789965792474 0.3222209247434436 0.12751541847206385 0.32163542075256557 0.12223181071835804 0.36466694982896236 0.19127961003420751 0.37062617901938427
0 0.1970560330672748 0.28698954503990876 0.2005801801596351 0.2534156510832383 0.14543585404789056 0.2586121060433295 0.14462327023945268 0.2896286442417332 0.1970560330672748 0.28698954503990876
0 0.3816401858608894 0.2324830992018244 0.3782729007981756 0.21599514367160774 0.34280791448118586 0.2170260456100342 0.34387744811858606 0.23271395096921324 0.3816401858608894 0.2324830992018244
0 0.3837937651083238 0.20762274914481185 0.38212111402508553 0.1895387970353478 0.34584798289623714 0.1922666716077537 0.3463280034207526 0.20788376738882555 0.3837937651083238 0.20762274914481185
0 0.3821896670467503 0.18409564196123146 0.38163045838084375 0.16913629874572408 0.3421081003420752 0.16906923603192703 0.3443562839224629 0.18490185860889397 0.3821896670467503 0.18409564196123146
0 0.09292395553021665 0.2643317115165337 0.09541417103762828 0.24648655302166478 0.038862120866590646 0.24851911630558723 0.03720926681870012 0.26686537286202966 0.09292395553021665 0.2643317115165337
0 0.21696377765108324 0.6760846944127709 0.2161854230330673 0.65803813340935 0.17904397263397948 0.6678378996579247 0.18061847662485744 0.6794003432155075 0.21696377765108324 0.6760846944127709
0 0.21904594754846066 0.656690763968073 0.21349127480045613 0.6409527605473204 0.1775077730900798 0.6413217879133409 0.17746791790193842 0.6562752656784493 0.21904594754846066 0.656690763968073
0 0.21623050285062714 0.6357084355758267 0.21373504332953247 0.6194408711516534 0.174668905359179 0.6254150638540479 0.17683428392246292 0.6370500570125428 0.21623050285062714 0.6357084355758267
0 0.20998473888255417 0.6134060296465222 0.20999516077537056 0.5962434344355758 0.17173542645381984 0.6005220136830103 0.17125251767388824 0.6142246727480045 0.20998473888255417 0.6134060296465222
0 0.11975805131128849 0.10431390421892817 0.12226113797035347 0.05710613568985177 0.08737522234891676 0.05342089395667047 0.08193489965792475 0.09284392702394527 0.11975805131128849 0.10431390421892817
0 0.23583217331813 0.21996400684150513 0.23771174230330672 0.17539838426453822 0.19347845952109466 0.1795432850627138 0.19460255872291907 0.21917254389965793 0.23583217331813 0.21996400684150513
0 0.6745051208665906 0.13025454846066134 0.6735426579247434 0.09906571379703534 0.6512755860889395 0.09992091448118585 0.6503182816419611 0.13211610262257695 0.6745051208665906 0.13025454846066134