0 0 0.5719942291904219 0.03793193728620296 0.5645835267958951 0.027224389965792472 0.505769905359179 0 0.5075325074116305 0 0.5719942291904219
0 0.21016936830102623 0.40784159635119727 0.28331101710376283 0.4108323010262258 0.281463267958951 0.3674808563283922 0.20824925997719498 0.3650794766248575 0.21016936830102623 0.40784159635119727
0 0.43367917331813 0.7206890695553021 0.4832117833523375 0.7150916670467503 0.4744074344355758 0.6505217673888256 0.4218079384264538 0.6554419258836944 0.43367917331813 0.7206890695553021
0 0.4899434481185861 0.4814250228050171 0.5207970889395668 0.4771281071835804 0.5146099019384265 0.4350400478905359 0.47908666020524515 0.44205848004561005 0.4899434481185861 0.4814250228050171
0 0.5558473021664766 0.5577994025085519 0.5886310763968073 0.5525399099201824 0.5772618437856328 0.49424325313568984 0.5464500957810718 0.5018401835803876 0.5558473021664766 0.5577994025085519
0 0.4767435256556442 0.2677738323831243 0.5110469851767389 0.2644971356898518 0.5037647423033067 0.22646838084378565 0.474044755986317 0.23000717901938428 0.4767435256556442 0.2677738323831243
0 0.6584772953249716 0.6854001562143672 0.6913033204104903 0.6849378209806157 0.6868100045610034 0.6436575267958952 0.6541577331812999 0.6516282531356898 0.6584772953249716 0.6854001562143672
0 0.7923678152793614 0.5919315427594071 0.8290054789053592 0.5904401208665906 0.814250054732041 0.5305281254275941 0.7807909965792474 0.540197566704675 0.7923678152793614 0.5919315427594071
0 0.7003413135689852 0.5926104561003421 0.7585738141391106 0.5799944241733181 0.748934275940707 0.5416762303306727 0.6936921231470923 0.5486694686431015 0.7003413135689852 0.5926104561003421
0 0.5648492155074116 0.7691389395667046 0.5845605416191562 0.7706618734321551 0.5890608928164196 0.7388686579247434 0.577792353477765 0.7332928711516533 0.5648492155074116 0.7691389395667046
0 0.5518917217787913 0.6848912234891675 0.5628291516533637 0.6799451060433296 0.5462877491448118 0.6102314561003421 0.5307633660205245 0.6101230775370582 0.5518917217787913 0.6848912234891675
0 0.7282230330672749 0.9275581573546181 0.7855537867730901 0.9151320843785633 0.7772283158494869 0.8709837023945268 0.7203002326111745 0.8819636944127708 0.7282230330672749 0.9275581573546181
0 0.7470738608893956 0.800198362599772 0.7382507901938428 0.7649746111744584 0.6844113283922463 0.7751342713797036 0.6956625051311288 0.8100579475484607 0.7470738608893956 0.800198362599772
0 0.8949602075256556 0.46736528734321553 0.9097806522234891 0.46798859179019386 0.8995900695553021 0.40983665222348914 0.8869370353477766 0.4106774652223489 0.8949602075256556 0.46736528734321553
0 0.9184592086659066 0.46575931128848347 0.9330854002280501 0.4582719236031927 0.9215101334093501 0.4065381379703535 0.9047430638540479 0.41166577993158493 0.9184592086659066 0.46575931128848347
0 0.8747933603192702 0.18637246408209807 0.9099659190421893 0.17931254618015963 0.8952551641961232 0.10443349372862029 0.8640700011402509 0.1101868015963512 0.8747933603192702 0.18637246408209807
0 0.9127028722919043 0.16227850285062714 0.9509603819840365 0.14720985062713796 0.9336414344355758 0.09357283808437857 0.901077976054732 0.11053862371721779 0.9127028722919043 0.16227850285062714
0 0.8814905484606614 0.1099297913340935 0.9010601607753707 0.10095249942987457 0.8948631003420753 0.05407283352337514 0.8714136328392246 0.06496814823261117 0.8814905484606614 0.1099297913340935
0 0.9071891516533637 0.10499991676168756 0.9309861835803876 0.09085082896237172 0.9122906841505132 0.048424935005701254 0.8957327525655645 0.046990086659065 0.9071891516533637 0.10499991676168756
0 0.5951891356898518 0.06219826681870011 0.6519178757126568 0.0565855496009122 0.6515550513112884 0.02060281071835804 0.5943916921322692 0.02376775370581528 0.5951891356898518 0.06219826681870011
0 0.9108452816419613 0.8781065438996579 0.9229962006841506 0.8763036168757127 0.9190361140250856 0.8452709407069555 0.9041720535917902 0.8446438563283922 0.9108452816419613 0.8781065438996579