0 0.1323872394526796 0.42106705929304444 0.1318768221208666 0.3828443568985177 0.09634484834663626 0.3806268369441277 0.09758903078677308 0.41786370467502854 0.1323872394526796 0.42106705929304444
0 0.2600682348916762 0.22951636944127707 0.2540325781071836 0.19496312656784492 0.21907929418472064 0.19745864994298745 0.22371032953249717 0.23517540364880274 0.2600682348916762 0.22951636944127707
0 0.4268959486887115 0.3567901163055872 0.42321603876852903 0.32194762257696696 0.36822519042189283 0.3364763660205245 0.3806990501710376 0.3660516351197263 0.4268959486887115 0.3567901163055872
0 0.5364595416191562 0.8159271984036489 0.5299171744583808 0.7772471334093501 0.4959240992018244 0.7778317058152794 0.5069826727480046 0.825227913340935 0.5364595416191562 0.8159271984036489
0 0.8038788506271379 0.9009394002280502 0.802767566704675 0.9405576396807298 0.8380720148232611 0.9457941425313569 0.8420172576966932 0.9043324139110603 0.8038788506271379 0.9009394002280502
0 0.8898705438996579 0.6959614629418472 0.9216630376282783 0.6920578346636259 0.9140973762827822 0.6499157366020524 0.8814893945267959 0.6569089635119726 0.8905493454960092 0.6937843842645381 0.8898705438996579 0.6959614629418472
0 0.6905625758266819 0.6205309327251995 0.6973115781071836 0.6657659236031926 0.7334970889395667 0.662818424173318 0.7246369042189282 0.6157489224629418 0.6905625758266819 0.6205309327251995
0 0.7611493591790195 0.07107991904218929 0.7501882303306727 0.03533682098061573 0.7208133979475485 0.04432747776510832 0.7318114264538199 0.07976851425313569 0.7611493591790195 0.07107991904218929
0 0.8515522474344356 0.08211357126567846 0.834466110604333 0.054899246294184724 0.8039658403648803 0.07419921550741163 0.8242244743443558 0.1025195290763968 0.8515522474344356 0.08211357126567846
0 0.8341722508551882 0.3396859407069555 0.8247780615735463 0.2923829019384265 0.8073326636259978 0.2963211288483466 0.8197635518814139 0.3435472645381984 0.8341722508551882 0.3396859407069555
0 0.8522160581527936 0.33089014139110606 0.8384752782212086 0.28711184150513114 0.8293432839224629 0.29062594526795893 0.840518701254276 0.3374095974914481 0.8522160581527936 0.33089014139110606
0 0.8724604458380845 0.3254133979475484 0.86209734663626 0.28480962485746864 0.8514177514253135 0.2903099509692132 0.8628231938426453 0.3292870695553022 0.8724604458380845 0.3254133979475484
0 0.9093840581527936 0.29515518928164197 0.8976165267958951 0.2577164777651083 0.8851703192702394 0.2634321425313569 0.8961996259977195 0.3018588095781072 0.9093840581527936 0.29515518928164197
0 0.91557117331813 0.29200424515393386 0.9276464971493729 0.28812717217787914 0.9149071413911061 0.2573896590649943 0.9027606282782212 0.2606741151653364 0.91557117331813 0.29200424515393386
0 0.47433896465222347 0.577687614595211 0.43878610262257695 0.5850440022805017 0.4449515210946408 0.6192822086659066 0.4821412348916762 0.61202551995439 0.47433896465222347 0.577687614595211
0 0.36877734663626 0.06840938312428735 0.33132533751425314 0.07001686659064994 0.33904709692132273 0.12171271607753706 0.3753727343215507 0.11725248802736603 0.36877734663626 0.06840938312428735
0 0.3636336716077537 0.600851858608894 0.31823740136830103 0.6010435142531357 0.32949494298745724 0.6424316282782212 0.36965888369441274 0.6401920558722919 0.3636336716077537 0.600851858608894