0 0.5611040216647663 0 0.5700985108323832 0.06277272633979476 0.6449928015963512 0.05487620410490308 0.6348059030786773 0 0.5611040216647663 0
0 0.2524648551881414 0.765261787913341 0.20094992816419613 0.7710364595210947 0.20064229646522233 0.8086455176738881 0.2537813033067275 0.8031600205245154 0.2524648551881414 0.765261787913341
0 0.3052193945267959 0.7005012257696693 0.269719409350057 0.6952885461801597 0.2757518392246294 0.7667918460661346 0.3117538711516534 0.7652438939566704 0.3052193945267959 0.7005012257696693
0 0.7997746419612315 0.7951400421892816 0.7665608095781071 0.7985686590649942 0.779219236031927 0.867875110604333 0.8069742896237172 0.8664164595210946 0.7997746419612315 0.7951400421892816
0 0.9381106944127708 0.7815747343215508 0.9517117251995438 0.8982386054732041 0.9773956670467503 0.8871895621436716 0.9603623055872292 0.7808818221208665 0.9381106944127708 0.7815747343215508
0 0.796226725199544 0.24774259749144814 0.7641785735461802 0.2509446282782212 0.7649117662485747 0.2901659600912201 0.7981260136830103 0.28552753705815276 0.796226725199544 0.24774259749144814
0 0.28727568757126565 0.1661974446978335 0.23321799429874573 0.16822597035347778 0.24659000114025087 0.23285087571265678 0.2972106374002281 0.22664358152793615 0.28727568757126565 0.1661974446978335
0 0.18966585404789052 0.8125937103762828 0.15400583010262256 0.8158929555302167 0.15827411060433297 0.8613942029646522 0.19864463283922462 0.8556655815279361 0.18966585404789052 0.8125937103762828
0 0.1960982417331813 0.5624342827822121 0.18012974800456102 0.5643253340935006 0.18703786887115165 0.6359608483466362 0.20456108209806156 0.6370975199543899 0.1960982417331813 0.5624342827822121
0 0.0929613614595211 0.6388043603192701 0.07804709007981757 0.6398872212086659 0.08582132155074117 0.6847053888255417 0.10133998403648802 0.6850203876852907 0.0929613614595211 0.6388043603192701
0 0.8187427958950969 0.8211279064994299 0.8247572576966932 0.8738600695553022 0.8642408551881413 0.8746644595210946 0.8562652337514254 0.8180746921322691 0.8187427958950969 0.8211279064994299
0 0.45873658152793617 0.3448351151653364 0.4569277217787914 0.37910202964652223 0.5494011402508552 0.38171942075256554 0.5466902930444698 0.34287932269099203 0.45873658152793617 0.3448351151653364
0 0.656374944127708 0.30641810832383126 0.610348251995439 0.30930979475484605 0.6245072736602052 0.3846819885974915 0.665874394526796 0.38330248574686426 0.656374944127708 0.30641810832383126
0 0.6312507776510833 0.12113758836944129 0.5891761345496008 0.1256821174458381 0.5922432485746865 0.17202171151653364 0.633797921322691 0.16848714139110604 0.6312507776510833 0.12113758836944129
0 0.6600575655644242 0 0.6609941562143672 0.01694325313568985 0.7017173603192702 0.010539621436716077 0.6999704891676168 0 0.6600575655644242 0