0 0.927948212086659 0.6062101185860889 0.8943640011402508 0.6051901174458381 0.893021503990878 0.6580037708095781 0.9312392793614596 0.6571736978335233 0.927948212086659 0.6062101185860889
0 0.742327503990878 0.973641331812999 0.7373506955530217 0.9317450216647662 0.7002641527936146 0.9332700809578107 0.7037386761687571 0.9753063044469783 0.742327503990878 0.973641331812999
0 0.6472532166476624 0.7080428164196123 0.6104269737742304 0.7066105610034207 0.6109219247434436 0.7418283375142531 0.6443027229190422 0.7417671197263398 0.6472532166476624 0.7080428164196123
0 0.6095944914481186 0.876202102622577 0.6103215450399088 0.85087848004561 0.5426016864310148 0.8550876351197263 0.543976638540479 0.8802469578107184 0.6095944914481186 0.876202102622577
0 0.06841078449258836 0.7092699190421893 0.07545136830102622 0.6560278187001141 0.035316074116305586 0.6515251641961232 0.024794306727480044 0.7036643489167618 0.06841078449258836 0.7092699190421893
0 0.14696217217787916 0.6016754446978335 0.1400768950969213 0.6429056830102623 0.20763392018244012 0.643946062713797 0.21148653363740022 0.6067230068415052 0.14696217217787916 0.6016754446978335
0 0.467261330672748 0.7829169714937286 0.46360973204104905 0.7463109794754846 0.42255245381984036 0.7557529064994298 0.43084014595210945 0.7904619920182441 0.467261330672748 0.7829169714937286
0 0.43504980045610037 0.5515949270239453 0.3939104652223489 0.5517380661345496 0.3970393272519954 0.5704930718358039 0.43513148688711517 0.5642862782212087 0.43504980045610037 0.5515949270239453
0 0.5042026248574686 0.5786766088939567 0.5001727548460662 0.5429880136830103 0.44205796579247436 0.5464110022805018 0.4448168015963512 0.5830204481185861 0.5042026248574686 0.5786766088939567
0 0.5519235735461802 0.6565869224629418 0.5464345279361459 0.6205275541619156 0.5071374059293045 0.6200695917901938 0.510641558722919 0.6549546214367161 0.5519235735461802 0.6565869224629418
0 0.7893990216647663 1 0.7914049007981756 0.9883418358038769 0.7097661641961232 0.9779432314709235 0.7088178187001141 0.9990016499429875 0.7321121870011403 1 0.7893990216647663 1
0 0.8035211767388826 0.6625079429874572 0.8015977844925883 0.6470235735461801 0.7622708950969214 0.6537183591790194 0.7689250262257697 0.6662240182440137 0.8035211767388826 0.6625079429874572
0 0.800215961231471 0.638974070695553 0.7969030022805017 0.625747496009122 0.7629292941847206 0.6257552725199544 0.762943763968073 0.646027425313569 0.800215961231471 0.638974070695553
0 0.7958915917901939 0.7190581710376283 0.7923327297605474 0.7052360228050171 0.7515419965792475 0.7082250638540479 0.7554160376282782 0.7252572086659065 0.7958915917901939 0.7190581710376283
0 0.7895974310148233 0.6751879714937287 0.7553649783352339 0.6781532018244014 0.7568213101482326 0.6955698415051312 0.7898205883694412 0.6930927423033068 0.7895974310148233 0.6751879714937287