0 0.754393701254276 0.7648427411630558 0.7638958312428734 0.7308607936145952 0.7057068312428735 0.7312826453819841 0.7033493409350057 0.7663275644241733 0.754393701254276 0.7648427411630558
0 0.8495773432155075 0.9616505952109464 0.8506951641961231 0.9405481847206386 0.8060863169897377 0.9365808004561003 0.7981788335233752 0.9598567251995439 0.8495773432155075 0.9616505952109464
0 0.7589306898517674 0.7185768255416192 0.7636716545039909 0.683996630558723 0.7155438346636259 0.6824644697833524 0.7143425758266818 0.7157076841505131 0.7589306898517674 0.7185768255416192
0 0.749720905359179 0.650233401368301 0.752016251995439 0.5946176830102622 0.7039075393386545 0.5942697434435577 0.6995186043329532 0.648928102622577 0.749720905359179 0.650233401368301
0 0.8493453614595211 0.5911388380843786 0.8535268164196123 0.5584358814139111 0.8243738152793614 0.5553848323831243 0.8160072462941848 0.5863808825541619 0.8493453614595211 0.5911388380843786
0 0.8323544321550741 0.7404252964652224 0.8345759566704676 0.6975909384264538 0.8018728962371722 0.69519413340935 0.7901514264538199 0.7381146123147092 0.8323544321550741 0.7404252964652224
0 0.2829209669327252 0.8691807172177879 0.2906421197263398 0.8352298563283922 0.25911604218928164 0.832220228050171 0.2483851984036488 0.8638513876852908 0.2829209669327252 0.8691807172177879
0 0.13160103648802737 0.8585262405929304 0.13309301710376284 0.824927897377423 0.09743361003420753 0.8231780992018244 0.09329357924743442 0.8582541322690993 0.13160103648802737 0.8585262405929304
0 0.18963965108323833 0.8664098403648802 0.19374103420752567 0.829209158494869 0.16701601938426455 0.8290833671607755 0.1598972998859749 0.8636159908779931 0.18963965108323833 0.8664098403648802
0 0.7662890969213226 0.35765437286202967 0.7698339338654504 0.32259029076396806 0.6914812326111744 0.32455178221208664 0.6914672930444699 0.35777427251995436 0.7662890969213226 0.35765437286202967
0 0.7688330034207526 0.3162786738882554 0.7762331915621438 0.28095039110604336 0.7376660171037628 0.28280970125427596 0.7317155085518815 0.3161373785632839 0.7688330034207526 0.3162786738882554
0 0.6636155313568985 0.3101077810718358 0.6683666966932725 0.25910146864310146 0.6321105051311289 0.25736208665906496 0.6264602063854049 0.3078887058152794 0.6636155313568985 0.3101077810718358
0 0.7169263329532498 0.25135124287343213 0.7223037194982896 0.18518950513112883 0.6533460307867731 0.1810532907639681 0.6443496031927024 0.24409646408209806 0.7169263329532498 0.25135124287343213
0 0.8661786385404788 0.17757269441277082 0.8724514104903079 0.14578650285062714 0.8200954914481186 0.14017438540478905 0.8148007354618015 0.17704896921322694 0.8661786385404788 0.17757269441277082
0 0.893616921322691 0.33763539566704676 0.8992154629418472 0.28414360433295327 0.8493273352337515 0.2838267229190422 0.8400943819840365 0.33322975940706956 0.893616921322691 0.33763539566704676
0 0.9784820627137971 0.3855709714937286 0.9865176602052451 0.352624149372862 0.9550019464082098 0.35020818129988596 0.9526014709236033 0.38288005131128844 0.9784820627137971 0.3855709714937286
0 0.9431029179019385 0.38304584948688714 0.9473361299885975 0.3533080661345496 0.9217466750285063 0.3501963774230331 0.9181692166476625 0.3834810695553022 0.9431029179019385 0.38304584948688714
0 0.9076366282782212 0.4263807970353478 0.8713493500570125 0.4228604367160776 0.8666793124287343 0.46150407525655646 0.9023729042189281 0.46503323603192703 0.9076366282782212 0.4263807970353478
0 0.9629754834663626 0.4668008449258837 0.965898054732041 0.4301083124287343 0.9368190992018244 0.43120972862029644 0.9302749042189281 0.46454620524515394 0.9629754834663626 0.4668008449258837
0 0.7119112987457241 0.1681667229190422 0.7151041425313569 0.11293696351197263 0.6836298232611174 0.11289250855188142 0.6762399395667046 0.16582172976054732 0.7119112987457241 0.1681667229190422
0 0.916528717217788 0.15332308323831245 0.9159218574686431 0.16958771379703533 0.9935352508551881 0.17630294640820982 0.994115141391106 0.15849323831242873 0.916528717217788 0.15332308323831245
0 0.6481638996579248 0 0.6414560889395667 0.044216519954389966 0.7127055724059292 0.04356513340935006 0.7319880695553022 0 0.6481638996579248 0
0 0.3158981071835804 0.1898470330672748 0.323834362599772 0.1512088928164196 0.2363593489167617 0.14086990421892817 0.22758548004561002 0.18255281527936146 0.3158981071835804 0.1898470330672748
0 0.2709191288483466 0.06252200684150513 0.27657332497149373 0.029229194982896237 0.23970431242873433 0.02631282782212087 0.23139983580387685 0.06086614937286203 0.2709191288483466 0.06252200684150513
0 0.4287110843785633 0.3248846795895097 0.43174344469783354 0.2774714116305587 0.3937492326111745 0.2781346031927024 0.3933885222348917 0.325601251995439 0.4287110843785633 0.3248846795895097
0 0 0.07786765450399089 0.022688374002280503 0.07930991334093501 0.02742104789053592 0.044254790193842646 0 0.041410791334093505 0 0.07786765450399089
0 0.3241354458380844 0.15144742303306727 0.32994377423033067 0.09296370923603192 0.2720860421892817 0.11236392018244014 0.2708433888255416 0.14323562257696695 0.3241354458380844 0.15144742303306727
0 0.2878642964652223 0.6760884732041048 0.2919440820980616 0.6376504789053592 0.25571015051311285 0.6370968255416192 0.25105044811858607 0.6763325621436715 0.2878642964652223 0.6760884732041048
0 0.18945518700114025 0.5836731231470923 0.13177546750285063 0.5793400501710376 0.13406524629418473 0.6083685724059292 0.18926368871151653 0.6068128027366021 0.18945518700114025 0.5836731231470923
0 0.018817638540478906 0.46993539794754846 0.017972773090079816 0.45555420410490305 0.0018715108323831243 0.45168305701254274 0.0006178415051311288 0.46831528278221213 0.018817638540478906 0.46993539794754846
0 0 0.43291915621436716 0.0000277594070695553 0.43450949486887114 0.021162041049030786 0.43414059407069555 0.023267530216647663 0.41867961801596354 0 0.41908575484606614 0 0.43291915621436716
0 0.42761749600912197 0.4663596875712657 0.4303104846066135 0.4335248757126568 0.3982099110604333 0.4317129566704675 0.39171903648802736 0.4680145792474344 0.42761749600912197 0.4663596875712657
0 0.40747088825541616 0.6900156704675028 0.4156649236031927 0.6491351892816419 0.35511008437856323 0.6501921778791334 0.3533581505131129 0.6858188038768529 0.40747088825541616 0.6900156704675028
0 0.4205380695553022 0.7582120661345496 0.4199065655644242 0.7220332018244013 0.36994598175598636 0.7175653922462941 0.36577488939566705 0.7508620079817561 0.4205380695553022 0.7582120661345496