0 0.33664357924743443 0.4874079771949829 0.3520511858608894 0.5203811995438996 0.44790364196123145 0.4894314070695553 0.43156452223489167 0.4589410307867731 0.33664357924743443 0.4874079771949829
0 0.26627975142531357 0.499573393386545 0.215680078677309 0.5180135165336374 0.24645993500570126 0.5893337194982896 0.29889316305587227 0.5712979030786773 0.26627975142531357 0.499573393386545
0 0.0992577810718358 0.5350230148232611 0.20872409007981757 0.4972738757126568 0.18372245039908777 0.44400796351197264 0.08208437172177879 0.47956902964652226 0.0992577810718358 0.5350230148232611
0 0.2934158449258837 0.36013711630558726 0.30534097833523377 0.3940733808437856 0.3863380763968073 0.3694563990877993 0.3691956807297605 0.33417844925883694 0.2934158449258837 0.36013711630558726
0 0.3210882291904219 0.43595835917901943 0.3322352816419612 0.46818691220068415 0.41288997377423037 0.4459924310148232 0.4003122793614595 0.4115277309007982 0.3210882291904219 0.43595835917901943
0 0.1538039087799316 0.1565119315849487 0.18200333409350059 0.23168232953249715 0.23726492246294184 0.21215520068415053 0.20753939452679587 0.1338254526795895 0.1538039087799316 0.1565119315849487
0 0 0.1777552462941847 0.0009550866590649943 0.1791379315849487 0.08782767046750285 0.14793949144811858 0.07034972862029647 0.11514930444697834 0 0.14111151767388824 0 0.1777552462941847
0 0 0.07159051083238312 0.013656519954389965 0.0954942497149373 0.08887398061573547 0.06134480957810718 0.0813880889395667 0.04124374458380844 0 0.05005929304446979 0 0.07159051083238312
0 0.46932294298745725 0.10247425085518815 0.47376349030786774 0.11632188255416191 0.5601312759407069 0.11440222576966934 0.5610481140250855 0.09756414823261118 0.46932294298745725 0.10247425085518815
0 0.5281454583808438 0.133867913340935 0.5300055758266818 0.15156574116305588 0.5815647126567846 0.1479345769669327 0.5819102075256557 0.13418093158494868 0.5281454583808438 0.133867913340935
0 0.04370226567844926 0.6028909988597492 0.06491605359179019 0.6513593808437856 0.114863165336374 0.6323908255416192 0.09669304446978336 0.587319778791334 0.04370226567844926 0.6028909988597492
0 0.5078933568985177 0.9352294640820981 0.5169309931584949 0.9587338460661345 0.5840351060433295 0.9325951163055872 0.5786208540478905 0.9123234469783352 0.5078933568985177 0.9352294640820981
0 0.7036534595210946 0.8210131470923604 0.710798401368301 0.8321900262257697 0.7441172725199544 0.8197421904218928 0.7386862474344357 0.807846282782212 0.7036534595210946 0.8210131470923604
0 0.9765653534777651 0.8841805621436716 0.9689775119726339 0.9028714104903078 0.9908554013683011 0.9065358722919042 0.9907667776510832 0.8886518529076397 0.9765653534777651 0.8841805621436716
0 0.9446827947548461 0.8648667696693273 0.9388355849486887 0.888743141391106 0.9526325404789054 0.8950464344355759 0.9606572633979474 0.8691517058152793 0.9446827947548461 0.8648667696693273
0 0.914137952109464 0.852570338654504 0.907449046750285 0.8741486659064994 0.9257855051311289 0.8781853466362599 0.9290123078677309 0.8549237502850627 0.914137952109464 0.852570338654504
0 0.8705709635119726 0.8356770992018244 0.8650927023945267 0.8630936727480045 0.8986239988597492 0.8697077434435576 0.9065457924743444 0.8456588859749145 0.8705709635119726 0.8356770992018244
0 0.8675132782212086 0.755477685290764 0.8533118551881415 0.7510063945267959 0.846686566704675 0.7731750547320411 0.8659219623717217 0.7800992155074117 0.8675132782212086 0.755477685290764
0 0.8777718928164197 0.7508220513112885 0.8731984389965792 0.7697915245153933 0.8888894583808438 0.7770897833523376 0.8969686978335233 0.7545389258836944 0.8777718928164197 0.7508220513112885
0 0.8667456955530217 0.7197732645381985 0.8620158643101483 0.7429351744583809 0.8769038164196123 0.742562857468643 0.8846709452679589 0.7227376795895097 0.8667456955530217 0.7197732645381985
0 0.9000644025085519 0.707323874572406 0.8968596898517673 0.7279405484606614 0.9114640296465223 0.7305800011402509 0.9180991995438996 0.7084904275940707 0.9000644025085519 0.707323874572406
0 0.8835997844925884 0.6869850410490307 0.8788064971493729 0.7095581698973774 0.8963045313568986 0.7112980342075256 0.9015083249714937 0.6869802485746864 0.8835997844925884 0.6869850410490307
0 0.9208971311288484 0.6669626590649943 0.9127824093500571 0.686305905359179 0.9311792166476626 0.6909316921322691 0.934938134549601 0.6727328335233752 0.9208971311288484 0.6669626590649943
0 0.9016336396807297 0.65407596009122 0.8973067229190422 0.675406031927024 0.911137645381984 0.6763372827822121 0.9159900501710376 0.6543565313568985 0.9016336396807297 0.65407596009122
0 0.9391184059293045 0.6358217993158495 0.929228921322691 0.6553500091220068 0.9465085131128849 0.6606918129988598 0.9546203340935006 0.6384658916761687 0.9391184059293045 0.6358217993158495
0 0.9192937217787913 0.6176256123147091 0.912702401368301 0.6344222314709236 0.9306314469783352 0.6402927958950969 0.9361175610034207 0.62431148004561 0.9192937217787913 0.6176256123147091
0 0.9457169692132269 0.5963580615735462 0.9380051641961231 0.6138694697833523 0.9529212132269099 0.6194596921322691 0.9587375621436717 0.6009550353477765 0.9457169692132269 0.5963580615735462
0 0.9271665484606613 0.5845904583808438 0.9132072006841505 0.6051434481185861 0.9277172269099202 0.6125658358038768 0.9374825826681871 0.591856630558723 0.9271665484606613 0.5845904583808438