0 0.4170009612314709 0.7368867434435576 0.38252680843785636 0.7552885724059293 0.4077478620296465 0.8028070957810718 0.4405024025085519 0.7947421755986317 0.4170009612314709 0.7368867434435576
0 0.3635128038768529 0.8918660045610034 0.3386610091220068 0.9236743158494869 0.3882217434435576 0.9491694914481186 0.40459562143671607 0.9185504047890536 0.3635128038768529 0.8918660045610034
0 0.30913653933865454 0.6303386727480045 0.2708109931584949 0.6230591961231471 0.2752862291904219 0.7158969338654503 0.31259233295324973 0.7183879156214368 0.30913653933865454 0.6303386727480045
0 0.2313485313568985 0.8183337445838084 0.2647452177879133 0.8307865450399088 0.27913260889395664 0.7926716887115166 0.24093139110604334 0.7818318825541619 0.2313485313568985 0.8183337445838084
0 0.07831582668187001 0.4755310285062714 0.041354450399087805 0.48018142873432157 0.04695462827822121 0.5237471607753705 0.0822377354618016 0.5151764264538199 0.07831582668187001 0.4755310285062714
0 0.36571561687571263 0.6418202485746864 0.40135587913340937 0.6240516887115165 0.37796275256556444 0.5852116202964652 0.3419771402508552 0.6077210148232611 0.36571561687571263 0.6418202485746864
0 0.48781484150513116 0.7316361630558722 0.5122295940706956 0.7633825644241733 0.5418975005701254 0.7335247708095781 0.5177123443557583 0.7083216180159635 0.48781484150513116 0.7316361630558722
0 0.5199138460661346 0.594329007981756 0.4943968198403649 0.5601661037628278 0.47218483466362604 0.5843431436716078 0.49713631356898513 0.6134347844925884 0.5199138460661346 0.594329007981756
0 0.6562363055872291 0.6507756670467504 0.6854540273660206 0.6809090193842645 0.7158446100342075 0.6460265108323832 0.6863410250855188 0.6215272394526796 0.6562363055872291 0.6507756670467504
0 0.6183113728620298 0.5300348027366021 0.6411132930444697 0.5569719885974914 0.6680661391106043 0.5329605028506271 0.6461119657924743 0.5018941379703534 0.6183113728620298 0.5300348027366021
0 0.6681437286202965 0.3268048129988598 0.6373247434435576 0.3084993454960091 0.6071951584948689 0.34190725085518814 0.632143716077537 0.3718883945267959 0.6681437286202965 0.3268048129988598
0 0.669058929304447 0.2496022234891676 0.6354626202964652 0.22585276168757126 0.600574330672748 0.27661922805017103 0.6322375929304447 0.30119235461801597 0.669058929304447 0.2496022234891676
0 0.6497210193842645 0.07247412656784492 0.6088668061573546 0.05262999657924743 0.585013732041049 0.08982019156214367 0.6183821037628278 0.1200969236031927 0.6497210193842645 0.07247412656784492
0 0.42090926909920184 0.2510365496009122 0.454070425313569 0.287247165336374 0.47823789053591786 0.26254429988597494 0.44608507297605476 0.22696300684150514 0.42090926909920184 0.2510365496009122
0 0.4140607297605473 0.29416912656784494 0.3869421664766248 0.322926157354618 0.40741353819840365 0.3485937331812999 0.43370208209806155 0.3144591470923603 0.4140607297605473 0.29416912656784494
0 0.679116677309008 0.8113923363740023 0.7060676316989738 0.8384744082098061 0.7365759441277082 0.8169650923603192 0.7037420969213227 0.7861113500570126 0.679116677309008 0.8113923363740023
0 0.6138159475484607 0.8287192405929305 0.60266934663626 0.8419930034207526 0.6305983010262258 0.8750503477765109 0.6433967765108324 0.860050370581528 0.6138159475484607 0.8287192405929305
0 0.5897722930444699 0.8373854082098062 0.5780323044469783 0.8506384492588369 0.6097579714937287 0.8939298449258838 0.6241362873432155 0.8763115324971493 0.5897722930444699 0.8373854082098062
0 0.9393125324971494 0.36301083580387683 0.887952527936146 0.3380453774230331 0.8695803135689851 0.37126818472063855 0.9222117468643102 0.39479119954389963 0.9393125324971494 0.36301083580387683
0 0.8328533842645383 0.7430910627137971 0.8161652656784493 0.7621139942987457 0.8419501641961232 0.7885612348916762 0.8610897662485748 0.7687327423033068 0.8328533842645383 0.7430910627137971
0 0.6549682497149373 0.34713863283922464 0.6803685381984037 0.367631322690992 0.7009469714937286 0.33923845496009125 0.6791535860889396 0.3203569988597491 0.6549682497149373 0.34713863283922464
0 0.7733726533637401 0.7297258232611175 0.7988690114025085 0.7644805553021664 0.8220806613454961 0.7388531425313569 0.7973855245153934 0.705017558722919 0.7733726533637401 0.7297258232611175
0 0.2973105541619156 0.22117357354618017 0.25114942417331815 0.2682787696693273 0.28768129304446977 0.30995410034207527 0.34482888141391105 0.25966788939566704 0.2973105541619156 0.22117357354618017