0 0.13757827822120866 0.19138333979475483 0.13402024059293044 0.3086173625997719 0.16621678791334094 0.3076583181299886 0.17417868301026226 0.19707152109464082 0.13757827822120866 0.19138333979475483
0 0.10827081527936147 0.43516431584948684 0.1474572109464082 0.43754078335233754 0.15586945610034206 0.3598411151653364 0.1191356408209806 0.35836149942987455 0.10827081527936147 0.43516431584948684
0 0.37843468871151653 0.5301696522234891 0.4160591470923603 0.5393260729760547 0.4256739863169897 0.48603679589509696 0.38899034663626 0.4806579384264538 0.37843468871151653 0.5301696522234891
0 0.5325846374002281 0.2261376031927024 0.5660195986316989 0.23041825085518813 0.5797274401368301 0.15685875940706956 0.5436481049030787 0.15440146978335234 0.5325846374002281 0.2261376031927024
0 0.5494031345496009 0 0.5503406259977195 0.010129223489167616 0.5854741322690993 0.01270422006841505 0.5866510957810719 0 0.5494031345496009 0
0 0.6834644766248574 0.2219877936145952 0.6987801356898519 0.22489766248574689 0.7070698643101483 0.17057309578107183 0.6958544903078678 0.16626088825541618 0.6834644766248574 0.2219877936145952
0 0.7232857765108325 0.1661860478905359 0.7099803990877994 0.2235224424173318 0.7278822394526796 0.22312214823261117 0.7365438323831243 0.16695414823261118 0.7232857765108325 0.1661860478905359
0 0.8264429806157354 0.22659273432155072 0.8470249999999999 0.14081063511972633 0.8042399817559862 0.1334858449258837 0.7921176396807298 0.22481739566704673 0.8264429806157354 0.22659273432155072
0 1 0.6272270855188142 0.9665530433295325 0.6220732770809578 0.9608059954389966 0.6581173329532497 1 0.6620927366020525 1 0.6272270855188142
0 0.9403010239452679 0.9199837993158495 0.9729309429874573 0.9225670935005702 0.9734351961231471 0.8925569486887115 0.9405228928164195 0.8873148129988597 0.9403010239452679 0.9199837993158495
0 0.7490250535917903 0.687714740022805 0.7674436704675028 0.6866512109464082 0.7742117457240593 0.6199337753705815 0.7604450102622576 0.6192281334093501 0.7490250535917903 0.687714740022805
0 0.721987590649943 0.6527003477765108 0.7446055769669327 0.651720984036488 0.7450471550741162 0.6163283580387685 0.7239988209806157 0.6147190079817559 0.721987590649943 0.6527003477765108
0 0.4545054047890536 0.7939558107183581 0.5207148129988598 0.8019968506271379 0.5218712588369441 0.777298378563284 0.4557929714937286 0.7689405610034207 0.4545054047890536 0.7939558107183581
0 0.4609393648802737 0.8171240889395668 0.5102100513112885 0.8236525393386545 0.5159263078677309 0.8019865952109465 0.46369055986316987 0.7967210969213228 0.4609393648802737 0.8171240889395668
0 0.44260581984036484 0.8481254025085518 0.5031394458380843 0.8586611163055872 0.5072520057012543 0.8288061368301026 0.44774398517673886 0.8217384709236032 0.44260581984036484 0.8481254025085518