0 0.40028769327251995 0.42957450741163056 0.36944441619156215 0.43124569099201826 0.3826023158494869 0.5698099589509692 0.41327037400228045 0.5666580513112885 0.40028769327251995 0.42957450741163056
0 0.2722185165336374 0.18273431470923604 0.2698016841505131 0.13053842645381986 0.2250216636259977 0.14160797035347777 0.22557550057012543 0.1914940307867731 0.2722185165336374 0.18273431470923604
0 0.2685289361459521 0.009026010262257696 0.24360038084378563 0.009896534777651084 0.246193913340935 0.06719717787913342 0.2726582668187001 0.06181874572405929 0.2685289361459521 0.009026010262257696
0 0.193148322690992 0.011658359179019383 0.19838634777651082 0.07659010946408211 0.23653781984036487 0.07377255074116305 0.22460570923603193 0.010559842645381984 0.193148322690992 0.011658359179019383
0 0.12586193842645382 0.29716335461801596 0.12049727023945268 0.2456629566704675 0.08666476738882553 0.24684441391106043 0.0921952086659065 0.3030919190421893 0.12586193842645382 0.29716335461801596
0 0.10868780045610035 0.7243385724059292 0.07385501596351197 0.7309019669327252 0.07821784036488028 0.7877843580387686 0.11619454389965791 0.7873493500570125 0.10868780045610035 0.7243385724059292
0 0.2196714732041049 1 0.21391310148232612 0.9060285051311289 0.17931821208665905 0.9090173580387685 0.18302650285062713 1 0.2196714732041049 1
0 0.7510886989737743 0.5878359509692133 0.7434238814139111 0.4704678882554162 0.7275013204104903 0.47399447662485744 0.7373547582668187 0.585939102622577 0.7510886989737743 0.5878359509692133
0 0.5892156624857469 0.4110947594070696 0.5768358323831243 0.4139035210946408 0.5832274811858609 0.47784440592930444 0.5937367001140251 0.4774774161915622 0.5892156624857469 0.4110947594070696
0 0.8975127594070695 0.39022888597491445 0.8857721767388825 0.41143279247434433 0.8989221562143672 0.48167290307867733 0.913166598631699 0.4811754754846066 0.8975127594070695 0.39022888597491445
0 0.7764116545039909 0.12175733181299887 0.7434005313568985 0.12944689965792475 0.7441615279361459 0.1852652827822121 0.7895955940706956 0.17595679817559862 0.7764116545039909 0.12175733181299887
0 0.9767189201824401 0.2419039623717218 0.9760275701254276 0.205093165336374 0.9374671220068416 0.20703383808437859 0.9394089737742304 0.2455833021664766 0.9767189201824401 0.2419039623717218
0 0.5052487229190422 0.15083380729760548 0.5064090763968073 0.18406199087799316 0.5429906009122007 0.1726861961231471 0.5421118392246294 0.15132729076396806 0.5052487229190422 0.15083380729760548
0 0.4124949828962372 0.11545400114025085 0.38343192360319267 0.1170645803876853 0.3870487708095781 0.15258499315849486 0.4181796419612315 0.145852251995439 0.4124949828962372 0.11545400114025085
0 0.05300705701254276 0.08285509007981756 0.032992941847206386 0.08830689395667046 0.03714101368301026 0.1220264196123147 0.06014435233751426 0.1170643409350057 0.05300705701254276 0.08285509007981756
0 0.31695706271379703 0.74914769327252 0.3216737149372862 0.8161176305587229 0.39112986659064997 0.8258714629418472 0.3827175724059293 0.74328661345496 0.31695706271379703 0.74914769327252