0 0.8397460444697833 0.1355492109464082 0.8893548255416193 0.15743536716077539 0.8966736545039908 0.11805231242873433 0.8441028061573546 0.1035790889395667 0.8397460444697833 0.1355492109464082
0 0.8329313249714937 0.19396073888255416 0.855938921322691 0.21161642987457238 0.8737158574686432 0.1826443204104903 0.8501797970353477 0.16622689965792475 0.8329313249714937 0.19396073888255416
0 0.7743799087799316 0.2402085678449259 0.8263560706955531 0.2618860364880274 0.841529274800456 0.23373774116305587 0.7950205210946407 0.2103899007981756 0.7743799087799316 0.2402085678449259
0 1 0.6154692508551881 0.9584677514253136 0.5930412656784492 0.9425575062713797 0.6224460786773091 1 0.6563471311288483 1 0.6154692508551881
0 0.7701220216647663 0.7775964663625997 0.8154646168757126 0.8052200262257696 0.8500539555302166 0.7399083990877994 0.8038427354618016 0.7132564275940707 0.7701220216647663 0.7775964663625997
0 0.7173055165336375 0.9234751527936146 0.7467175689851767 0.9393784903078677 0.7665063637400228 0.9090383295324972 0.7357590889395667 0.8890781140250855 0.7173055165336375 0.9234751527936146
0 0.25360656328392245 0.6660329703534777 0.2641083637400228 0.6770329749144812 0.29989867616875715 0.5931428540478906 0.28598011630558723 0.5863127582668187 0.25360656328392245 0.6660329703534777
0 0.22385438882554162 0.6394294971493729 0.2367740364880274 0.6508155530216647 0.2640543705815279 0.5819728221208667 0.25304705929304444 0.5778696841505131 0.22385438882554162 0.6394294971493729
0 0.2033105701254276 0.6090418757126568 0.2172062041049031 0.6179584709236031 0.2267128392246294 0.584345755986317 0.21600306271379704 0.576938488027366 0.2033105701254276 0.6090418757126568
0 0.3425961334093501 0.5247377856328392 0.35831284150513115 0.4727012189281642 0.34020121322690994 0.47011365564424173 0.3265917229190422 0.5189857742303307 0.3425961334093501 0.5247377856328392
0 0.04710680045610034 0.20012958380843784 0.08628906727480046 0.20504583124287346 0.09245694070695554 0.13298404903078676 0.05519920296465222 0.12908989395667048 0.04710680045610034 0.20012958380843784
0 0.254958685290764 0.23856661231470921 0.2735598643101482 0.23991931014823262 0.2838662212086659 0.1850779897377423 0.26192878677309006 0.18193111174458382 0.254958685290764 0.23856661231470921
0 0.10383188483466363 0.4055611448118586 0.15492676396807295 0.4171834104903078 0.16310038312428735 0.36819085062713797 0.1085953968072976 0.364615165336374 0.10383188483466363 0.4055611448118586
0 0.08406748688711517 0.49311847092360317 0.11966975940706956 0.49119571151653363 0.1192797251995439 0.4498065815279361 0.08275928962371722 0.45091564424173314 0.08406748688711517 0.49311847092360317
0 0.24308905017103763 0.4708616339794755 0.2548479714937286 0.4757930421892816 0.26217050285062715 0.4480335838084379 0.24634393728620296 0.4467345792474344 0.24308905017103763 0.4708616339794755
0 0.2787503112884835 0.4832381470923603 0.2841348072976055 0.44939005587229186 0.27235505131128845 0.45101509920182437 0.2673758848346636 0.4758890273660205 0.2787503112884835 0.4832381470923603