0 0.5939935245153933 0.8391440900798175 0.5812611174458381 0.8904780182440136 0.6361878608893956 0.9033670877993158 0.6451319110604332 0.8512934116305588 0.5939935245153933 0.8391440900798175
0 0.6873908802736602 0.7138798551881413 0.654140197263398 0.7189556944127707 0.6616457651083238 0.7564671550741163 0.6997648950969213 0.7499054275940706 0.6873908802736602 0.7138798551881413
0 0.21866586088939566 0.877160134549601 0.20820258950969214 0.8949723762827821 0.25087321436716076 0.919829472063854 0.26036128848346635 0.9051772805017103 0.21866586088939566 0.877160134549601
0 0.30193126111744584 0.7424549156214367 0.28146139794754843 0.778786677309008 0.35483366020524515 0.8205479635119726 0.3745824424173318 0.7918998095781071 0.30193126111744584 0.7424549156214367
0 0.2996773204104903 0.707366401368301 0.2576358141391106 0.6881093557582668 0.232286913340935 0.7331162827822121 0.27006167502850625 0.7524488084378563 0.2996773204104903 0.707366401368301
0 0.4751090091220068 0.6645088472063855 0.4479958654503991 0.6435656100342075 0.41152525313568983 0.6837804857468642 0.44105490079817555 0.7104896408209807 0.4751090091220068 0.6645088472063855
0 0.3491186590649943 0.48046723033067273 0.32500014367160773 0.49112785632839223 0.3275510022805017 0.5333943340935006 0.3638157742303307 0.5169865929304447 0.3491186590649943 0.48046723033067273
0 0.44240970809578106 0.13295230672748004 0.47934359293044465 0.12197900114025086 0.4547093694412771 0.06938290649942988 0.4204303591790194 0.08785646636259978 0.44240970809578106 0.13295230672748004
0 0.6282946077537058 0.24653992588369442 0.600138134549601 0.27334186431014823 0.6377780057012543 0.31616274800456096 0.6713630433295326 0.2866601425313569 0.6282946077537058 0.24653992588369442
0 0.45684694526795894 0.4991164811858609 0.45109348346636263 0.531895953249715 0.48884386659064993 0.5399200456100343 0.49135462257696694 0.5081174104903079 0.45684694526795894 0.4991164811858609
0 0.16008055872291904 0 0.09306960547320411 0.015586952109464083 0.1055355473204105 0.07288396807297606 0.2160988061573546 0.049630404789053596 0.20205082896237173 0 0.16008055872291904 0
0 0.8663745017103762 0.8685027742303306 0.8092031345496009 0.8004908939566705 0.7530987685290764 0.855961748004561 0.8217814561003421 0.9198007810718358 0.8663745017103762 0.8685027742303306