0 0.20584440364880274 0.7507089361459521 0.17627289623717218 0.7426848061573545 0.15869222805017102 0.7704950809578107 0.2012036818700114 0.7850180661345495 0.20584440364880274 0.7507089361459521
0 0 0.6711637229190422 0.06422643899657925 0.6751569293044469 0.06155607753705815 0.6423685347776511 0.023305529076396807 0.6356239304446978 0.017107280501710377 0.6148618814139111 0 0.6145478038768529 0 0.6711637229190422
0 0.2435609395667047 0.664625543899658 0.20667681071835803 0.6581218768529076 0.19544591904218928 0.6898632508551882 0.23843970011402507 0.7016598209806157 0.2435609395667047 0.664625543899658
0 0.7374294675028507 0.8753519464082099 0.734113054732041 0.8382372006841504 0.6965080148232612 0.835822023945268 0.6970161858608894 0.8808728152793615 0.7374294675028507 0.8753519464082099
0 0.839519425313569 0.2484382668187001 0.817243001140251 0.21500425541619156 0.7816646237172178 0.24104677993158494 0.80104321322691 0.2669443409350057 0.839519425313569 0.2484382668187001
0 0.6743400353477765 0.28253885632839226 0.6819940239452679 0.31901587457240593 0.7497148358038769 0.29442532269099203 0.7409360877993157 0.25634583352337514 0.6743400353477765 0.28253885632839226
0 0.6773034025085519 0.6891193740022805 0.6860821505131128 0.7271988631698975 0.7287459464082098 0.7248862827822121 0.7213318095781072 0.6870489977194982 0.6773034025085519 0.6891193740022805
0 0.671667976054732 0.5293573979475484 0.6729724595210947 0.561901779931585 0.7108176202964652 0.5629551505131128 0.7143320433295325 0.5270432793614594 0.671667976054732 0.5293573979475484
0 0.659134298745724 0.24894745381984038 0.6695066693272519 0.2620174732041049 0.734256054732041 0.2383071220068415 0.7264512633979475 0.21866593956670466 0.659134298745724 0.24894745381984038
0 0.5101548095781072 0.5107136282782212 0.5021086282782212 0.49243244127708097 0.4513374355758267 0.5087721664766248 0.4537532132269099 0.5190334914481186 0.5101548095781072 0.5107136282782212
0 0.5372512964652223 0.26117628848346636 0.5457779954389966 0.2767323283922463 0.5956632839224629 0.25742651881413914 0.5896305701254275 0.24371596693272518 0.5372512964652223 0.26117628848346636
0 0.47715709122006844 0.27446638312428734 0.47997952337514255 0.2904207502850627 0.5358993352337514 0.2848242257696693 0.5289789087799316 0.2681488574686431 0.47715709122006844 0.27446638312428734
0 0.4096577343215507 0.12205952793614595 0.38283045153933865 0.13840560205245153 0.39449257354618017 0.16013266590649944 0.42405242645381985 0.14427000342075258 0.4096577343215507 0.12205952793614595
0 0.6472924549600912 0.19627847890535918 0.6576650957810718 0.20934695895096922 0.6884281870011403 0.1866693899657925 0.6819128757126568 0.17568679247434435 0.6472924549600912 0.19627847890535918
0 0.6701999281641962 0.2101530433295325 0.6794480809578106 0.2216175142531357 0.7094871835803878 0.20302789395667048 0.7009630193842645 0.18747547434435574 0.6701999281641962 0.2101530433295325
0 0.23678208551881416 0.32762549486887116 0.23116614139110606 0.34349450741163057 0.2707831094640821 0.3504800478905359 0.2727803090079818 0.33116307753705815 0.23678208551881416 0.32762549486887116