0 0.3180250889395667 0.9296080285062714 0.29527435233751426 0.9761414732041048 0.36179870353477767 0.9854908608893956 0.37206336716077537 0.955172810718358 0.3180250889395667 0.9296080285062714
0 0.5548125701254276 0.8167295758266818 0.5714421949828963 0.7453887514253135 0.5300461482326112 0.7323837833523374 0.5140044948688711 0.8038072428734321 0.5548125701254276 0.8167295758266818
0 0.32961703420752564 0.535296401368301 0.3479832941847206 0.4857626191562144 0.2878922941847206 0.4605463523375143 0.26966563511972635 0.506942465222349 0.32961703420752564 0.535296401368301
0 0.5505544389965793 0.5351971037628278 0.5665278164196124 0.5027007913340935 0.5274752348916761 0.4858312371721779 0.5153392234891676 0.514521441277081 0.5505544389965793 0.5351971037628278
0 0.5102446887115165 0.45465637856328395 0.5255574275940706 0.42686074458380846 0.4721897548460661 0.40079062485746864 0.45862440935005705 0.4310960627137971 0.5102446887115165 0.45465637856328395
0 0.7540753272519954 0.5949501242873432 0.7651856419612315 0.5671587297605474 0.7303374686431015 0.5502820581527936 0.7182940342075256 0.5825685849486887 0.7540753272519954 0.5949501242873432
0 0.3934373112884834 0.31185078449258835 0.40958747206385404 0.28237408779931583 0.3708767251995439 0.2673497525655644 0.36193414367160776 0.29893759635119727 0.3934373112884834 0.31185078449258835
0 0.5338461904218929 0.2183728289623717 0.5518459942987457 0.188556496009122 0.4977944355758267 0.15879748574686434 0.48687130786773086 0.19380074230330674 0.5338461904218929 0.2183728289623717
0 0.5031201128848346 0.3003111904218928 0.5241727844925883 0.2487613511972634 0.48965514709236035 0.22953279361459522 0.4623973158494869 0.2825158015963512 0.5031201128848346 0.3003111904218928
0 0.2947905336374002 0.36447771835803877 0.2923212485746864 0.35215002508551885 0.2604465849486887 0.34826834207525653 0.2568159589509692 0.36770218472063854 0.2947905336374002 0.36447771835803877
0 0.40159142075256554 0.44178292018244014 0.405504740022805 0.42675946750285065 0.342447755986317 0.3927384789053592 0.3348393580387685 0.4020230763968073 0.40159142075256554 0.44178292018244014
0 0.18806929874572406 0.18834683694412768 0.2134092291904219 0.13620036259977195 0.1729199566704675 0.1167321322690992 0.14607900114025088 0.16889328392246292 0.18806929874572406 0.18834683694412768
0 0.25114820296465223 0.23075563169897378 0.2819698654503991 0.25066234663625997 0.30571802280501714 0.20128693272519954 0.27397806955530213 0.18364792360319268 0.25114820296465223 0.23075563169897378
0 0.6864256168757127 0.149365897377423 0.6905126259977195 0.1373616237172178 0.6369796830102622 0.11246744697833523 0.6337459361459521 0.1269442212086659 0.6864256168757127 0.149365897377423
0 0.6900795188141391 0.13191080045610035 0.6993720775370582 0.1170421858608894 0.652396976054732 0.09247164766248574 0.6413791790193843 0.10466158494868871 0.6900795188141391 0.13191080045610035
0 0.9707588859749144 0.2492264629418472 0.9843874686431014 0.22059297377423032 0.9158672805017104 0.18700335233751425 0.8999445963511972 0.21915019384264536 0.9707588859749144 0.2492264629418472
0 1 0.18321247548460662 0.957486251995439 0.15571453021664766 0.9330292793614595 0.1887683922462942 0.9799974196123147 0.2133884458380844 1 0.1915746180159635 1 0.18321247548460662
0 1 0.2203452337514253 0.9892522953249715 0.2158867251995439 0.9755159087799317 0.23246602622576967 1 0.2452837001140251 1 0.2203452337514253
0 1 0.47704847320410493 0.967624708095781 0.4680227058152794 0.9475207616875714 0.5213657822120866 0.9844353945267958 0.5320826020524515 1 0.48465622805017106 1 0.47704847320410493
0 0.24340645952109466 0 0.24111170809578109 0.005292757126567844 0.27170702394526797 0.02039938084378563 0.27494840820980615 0.005879500570125428 0.26059288483466364 0 0.24340645952109466 0