0 0.9056620045610034 0.5681260718358039 0.9175132896237173 0.6012458859749145 0.9876567194982896 0.588389945267959 0.9769672326111745 0.5507267229190422 0.9056620045610034 0.5681260718358039
0 0.8619202132269099 0.4531242497149373 0.795550969213227 0.46724851995439 0.8048011368301027 0.4989367194982896 0.8738432713797035 0.49103223717217787 0.8619202132269099 0.4531242497149373
0 0.40097383694412775 0.9191389350057012 0.40585054960091216 0.9538385473204104 0.4446582269099202 0.9483844834663626 0.4342872907639681 0.9129990957810719 0.40097383694412775 0.9191389350057012
0 0.26673733181299886 0.8300493443557583 0.21390251539338653 0.838074377423033 0.22216063968072974 0.8627038232611175 0.2727262029646522 0.8555972976054732 0.26673733181299886 0.8300493443557583
0 0.22465020866590651 1 0.21979024971493727 0.9674263078677309 0.17916800684150513 0.9749010125427594 0.1880538175598632 1 0.22465020866590651 1
0 0.40056823603192704 0.5365549144811859 0.4115821003420752 0.5679936647662486 0.4290573124287343 0.5643369372862029 0.41676355872291904 0.5323238472063854 0.40056823603192704 0.5365549144811859
0 0.3739362554161916 0.5432957206385405 0.38007953135689854 0.5742198187001141 0.40302150741163056 0.5667984378563283 0.392826755986317 0.5347885678449259 0.3739362554161916 0.5432957206385405
0 0.060542831242873435 0.9567888677309008 0.06362319042189282 0.9761469931584948 0.10343999543899658 0.9693519361459522 0.10017795096921324 0.9482631904218928 0.060542831242873435 0.9567888677309008
0 0.07342951767388826 1 0.08716835917901938 0.9986264082098061 0.08422966704675028 0.9819827958950968 0.06484088711516534 0.9873711299885976 0.07232463397947549 1 0.07342951767388826 1
0 0.5739107263397948 0.9380169908779932 0.5612700490307868 0.9206004868871152 0.5468826624857468 0.9334181904218928 0.5647324503990878 0.9495030171037628 0.5739107263397948 0.9380169908779932
0 0.5497775860889396 0.915620212086659 0.5608024116305587 0.9044742554161915 0.5434177491448119 0.8895658323831243 0.5351248745724059 0.8966861470923603 0.5497775860889396 0.915620212086659
0 0.5090658392246294 0.7965918779931586 0.5101046807297606 0.7826522656784493 0.4761362770809578 0.7883981721778791 0.47805929304446976 0.8063474082098062 0.5090658392246294 0.7965918779931586
0 0.35696616419612315 0.5462802964652224 0.32891832611174454 0.5472242371721779 0.34201887229190425 0.5849667388825542 0.36906402166476626 0.5811657913340935 0.35696616419612315 0.5462802964652224