0 0.1997347502850627 0.7834701345496009 0.21201295438996579 0.8266834025085519 0.2407052166476625 0.8105823055872292 0.23423973660205244 0.7806313751425313 0.1997347502850627 0.7834701345496009
0 0.35921397035347774 1 0.3600228802736602 0.9762195256556443 0.3396136761687571 0.9689431698973774 0.33488019498289623 0.9303920570125428 0.3022764903078677 0.9260093432155074 0.30299667844925887 0.9999933534777652 0.3031256659064994 1 0.35921397035347774 1
0 0.28492753819840366 0.7506477810718357 0.29445782098061574 0.7942000262257697 0.3267434743443558 0.7846457400228051 0.32217908665906503 0.7474717844925883 0.28492753819840366 0.7506477810718357
0 0.12996018814139113 0.28332047548460665 0.17492264310148234 0.2861857251995439 0.1744788722919042 0.24850582212086658 0.13758855872291903 0.24325151767388825 0.12996018814139113 0.28332047548460665
0 0.7484916488027367 0.21156654732041047 0.7733395210946408 0.23227395210946405 0.8012083831242873 0.19810729418472062 0.7689860501710376 0.17411159863169898 0.7484916488027367 0.21156654732041047
0 0.7559298677309009 0.27214598061573547 0.7183620091220068 0.2613863375142531 0.6902609247434436 0.32772736944127706 0.7262873728620296 0.3372799281641961 0.7559298677309009 0.27214598061573547
0 0.3247909578107184 0.26918212998859753 0.28739355416191564 0.2597979030786773 0.28285129304446976 0.30228219840364884 0.32041915051311287 0.313041842645382 0.3247909578107184 0.26918212998859753
0 0.48421105473204107 0.284546354618016 0.44816446864310144 0.2861764789053592 0.4472357343215507 0.3240249042189282 0.4796672428734322 0.3270308403648802 0.48421105473204107 0.284546354618016
0 0.7928000456100341 0.2885829669327252 0.773594251995439 0.2797609315849487 0.7465276738882555 0.343180677309008 0.7590369327251996 0.35422286431014827 0.7928000456100341 0.2885829669327252
0 0.4785722234891676 0.5451872713797036 0.48869305359179016 0.5481367742303307 0.5076675450399089 0.49829031698973775 0.4898325165336374 0.4892983990877993 0.4785722234891676 0.5451872713797036
0 0.7606237058152794 0.4239051356898518 0.7472476727480046 0.41716313454960086 0.7253575267958952 0.46596966818700114 0.7404459942987457 0.47529882326111744 0.7606237058152794 0.4239051356898518
0 0.7330500376282781 0.48319495781071836 0.7167597092360319 0.4754112930444698 0.7082442371721779 0.5309615689851768 0.7240290250855187 0.5346151208665907 0.7330500376282781 0.48319495781071836
0 0.8512676921322692 0.5944609600912201 0.8338797251995439 0.6231501140250856 0.8549666647662485 0.6359333603192703 0.8726943694412771 0.609998330672748 0.8512676921322692 0.5944609600912201
0 0.8333893318129988 0.3353096716077537 0.8227627708095782 0.32822850513112883 0.7985062645381984 0.3577625838084379 0.8110139726339796 0.36880496123147094 0.8333893318129988 0.3353096716077537
0 0.8226138129988597 0.3156686636259977 0.8075288289623717 0.3063422303306727 0.7873925598631699 0.335367259977195 0.7983573078677308 0.3452027423033067 0.8226138129988597 0.3156686636259977
0 0.6567137776510833 0.735744535917902 0.6373187548460661 0.7367280262257697 0.6422213295324972 0.7766562964652224 0.6583625108323831 0.7718785689851767 0.6567137776510833 0.735744535917902