0 0.8060987993158495 0 0.8020578175598632 0.01291460661345496 0.8179754025085518 0.017431484606613454 0.8214804880273661 0 0.8060987993158495 0
0 0.8360062896237171 0 0.8325397901938426 0.01666819726339795 0.8464098175598632 0.015941299885974914 0.8483503226909921 0 0.8360062896237171 0
0 0.7110788859749144 0.15383952109464083 0.7810999680729761 0.1638432976054732 0.7897817388825542 0.08015079361459522 0.7138373728620296 0.07045431470923604 0.7110788859749144 0.15383952109464083
0 0.7340701710376283 0 0.73333165336374 0.010273461801596351 0.7512265450399088 0.01320030102622577 0.7525533454960092 0 0.7340701710376283 0
0 0.9820362633979476 0.15569249714937286 0.9797501151653364 0.10051621436716078 0.9600341676168758 0.09857822462941847 0.954413267958951 0.15000537856328394 0.9820362633979476 0.15569249714937286
0 0.9828391584948688 0.19370256784492587 0.9469554891676168 0.18904293842645384 0.9418678962371722 0.2279562827822121 0.9775779007981756 0.23470599087799315 0.9828391584948688 0.19370256784492587
0 0.8831577457240594 0.25243748460661347 0.8907708962371722 0.21636460661345494 0.8346233797035347 0.21038870125427592 0.8296274515393386 0.2510809350057013 0.8831577457240594 0.25243748460661347
0 0.7150135153933865 0.4782672782212087 0.7294163899657925 0.48107984378563284 0.7348095461801596 0.4293673432155074 0.722504889395667 0.42852579133409346 0.7150135153933865 0.4782672782212087
0 0.6946228494868871 0.48587612086659066 0.700964385404789 0.41419443101482323 0.6861860957810718 0.4155634937286203 0.6814042873432155 0.48300148802736603 0.6946228494868871 0.48587612086659066
0 0.6360562428734322 0.7624468540478905 0.6935139281641961 0.7707323557582668 0.6966597023945268 0.7212186123147093 0.643330094640821 0.7085548118586089 0.6360562428734322 0.7624468540478905
0 0.11579008209806156 0.5257244971493729 0.1791994435575827 0.5455893819840365 0.19499627366020525 0.4968990364880274 0.12153372177879133 0.4766691710376283 0.11579008209806156 0.5257244971493729
0 0.25816082896237175 0.9641899144811859 0.2960066316989738 0.972314102622577 0.31260633181299885 0.9054458893956671 0.2765662109464082 0.8960395051311288 0.25816082896237175 0.9641899144811859
0 0.1362119190421893 0.7000508608893957 0.15669328848346636 0.7055176898517674 0.16818025769669329 0.6650814047890535 0.1437007708095781 0.661606236031927 0.1362119190421893 0.7000508608893957
0 0.08697616419612315 0.9279743956670466 0.10967234549600913 0.9303523295324971 0.11241445381984036 0.8927510376282782 0.0852669874572406 0.8953613409350057 0.08697616419612315 0.9279743956670466
0 0.8161704082098061 0.912352409350057 0.8501509703534778 0.9147335165336373 0.8632153660205246 0.8739141505131129 0.8138398221208666 0.8678821881413912 0.8161704082098061 0.912352409350057
0 0 0.4561648757126568 0.012107028506271381 0.4627833409350057 0.02146635233751425 0.4260243842645382 0 0.41929785404789055 0 0.4561648757126568