0 0.5082539521094641 0.7465388095781071 0.5580198688711516 0.7391378985176739 0.5553270011402508 0.6869269429874573 0.5059477753705816 0.6910549828962371 0.5082539521094641 0.7465388095781071
0 0.25720609236031927 0.9290745621436717 0.2767736499429875 0.7909604640820981 0.2216379418472064 0.7842029350057013 0.2018454196123147 0.9223209623717218 0.25720609236031927 0.9290745621436717
0 0.012627489167616876 0.32524795781071836 0.04519485062713797 0.31933336602052453 0.04413788939566705 0.2587800889395667 0.013058190421892817 0.2658548323831243 0.012627489167616876 0.32524795781071836
0 0.6118108050171038 0.04340252793614595 0.6099395416191562 0.004240158494868871 0.5299394264538199 0.015138013683010262 0.5329047194982897 0.04893515963511972 0.6118108050171038 0.04340252793614595
0 0.03700233067274801 0.020179218928164197 0.021103546180159635 0.0281766590649943 0.027412774230330672 0.11862719954389965 0.041661256556442414 0.1168938905359179 0.03700233067274801 0.020179218928164197
0 0.6547438050171038 0.4951611117445838 0.6580510570125427 0.5485490228050172 0.6918057651083238 0.542615267958951 0.6867574218928164 0.4916331094640821 0.6547438050171038 0.4951611117445838
0 0.515444795895097 0.6139853124287342 0.5696062246294185 0.6201660057012542 0.5683804880273661 0.5839646966932724 0.5202297537058153 0.5818359680729761 0.515444795895097 0.6139853124287342
0 0.6832860011402508 0.29275559064994294 0.7164470501710376 0.2868321984036488 0.7123239623717218 0.2548367844925884 0.6801326636259978 0.2595555678449259 0.6832860011402508 0.29275559064994294
0 0.24589030672748005 0.2807936259977195 0.2874159635119726 0.2776934321550741 0.28256450513112885 0.23799080501710376 0.24422948232611175 0.24133222805017102 0.24589030672748005 0.2807936259977195
0 0.4301734937286203 0.05072833979475485 0.4804517331812999 0.03856776054732041 0.47932959179019385 0.008301484606613455 0.42994164538198404 0.010945076396807297 0.4301734937286203 0.05072833979475485
0 0.793532929304447 0.9937054629418473 0.8487573306727481 0.9927415176738883 0.8415991824401369 0.8208887069555302 0.7834878483466362 0.8266553318129989 0.793532929304447 0.9937054629418473
0 0.9172067229190423 0.898551314709236 0.9504195815279362 0.8955962200684151 0.9492796944127708 0.8302921060433295 0.9075154275940707 0.8345841459521095 0.9172067229190423 0.898551314709236
0 0.13846672976054733 0.7624949167616876 0.21972670125427596 0.7557319543899658 0.22602475142531356 0.70811478677309 0.14557780957810718 0.7133789555302166 0.13846672976054733 0.7624949167616876