0 0.13095516647662486 0.3883036237172178 0.15572715621436717 0.3660708631698974 0.13667305701254276 0.3393336157354618 0.10616543101482326 0.35889929874572407 0.13095516647662486 0.3883036237172178
0 0.0463976054732041 0.4678233945267959 0.07691558722919042 0.4400476624857469 0.0528169794754846 0.4134662485746864 0.024104027366020523 0.4418918825541619 0.0463976054732041 0.4678233945267959
0 0.0815045142531357 0.6054836020524516 0.11388705359179019 0.5800176419612315 0.09056341391106043 0.5501087183580388 0.05360138768529077 0.5720339053591791 0.0815045142531357 0.6054836020524516
0 0.12151676168757126 0.5773778859749145 0.1393735849486887 0.5613230364880274 0.12710549714937286 0.5332606545039908 0.10090131698973774 0.5399558084378563 0.12151676168757126 0.5773778859749145
0 0.17645328734321553 0.5172927765108324 0.2839682770809578 0.4316305621436716 0.26570419726339795 0.4019967924743444 0.1604249441277081 0.4835847491448118 0.17645328734321553 0.5172927765108324
0 0.24377689053591792 0.5226589863169897 0.19649903990877993 0.5468627651083238 0.21291689053591792 0.5832181881413911 0.2619995267958951 0.5511059794754847 0.24377689053591792 0.5226589863169897
0 0.3149354526795895 0.6038625541619156 0.3575090376282782 0.5810065849486887 0.34397145153933867 0.5506167765108324 0.2983043112884835 0.5784571847206386 0.3149354526795895 0.6038625541619156
0 0.20590296009122008 0.8332136978335234 0.19521674002280504 0.8674184161915621 0.2302214754846066 0.8745542405929304 0.2442333124287343 0.8419656944127708 0.20590296009122008 0.8332136978335234
0 0.44481075598631703 0.001622478905359179 0.3902609110604333 0.004728132269099202 0.41001527137970356 0.02599854732041049 0.44481075598631703 0.001622478905359179
0 0.4791198802736602 0.7969627331813 0.47923716419612317 0.78330813340935 0.42496536374002275 0.7858693774230331 0.42571337172177875 0.7988277286202965 0.4791198802736602 0.7969627331813
0 0.3868253511972634 0.6719826305587229 0.38781348460661347 0.6321817115165337 0.35093263625997717 0.6309118118586089 0.34649561345496005 0.6739835245153935 0.3868253511972634 0.6719826305587229