0 0.1233519007981756 0.4174460570125427 0.10238357582668187 0.5026381630558723 0.18130467502850628 0.5257215028506271 0.1976613945267959 0.44347878791334094 0.1233519007981756 0.4174460570125427
0 0.2344139464082098 0.5361834503990878 0.18624991220068415 0.5204206590649944 0.16400247206385404 0.6249195153933865 0.21003524743443555 0.637086637400228 0.2344139464082098 0.5361834503990878
0 0.35512496351197265 0.6161062930444697 0.32444121664766246 0.6039977890535918 0.3075849258836944 0.6783772656784492 0.341093078677309 0.6860844549600912 0.35512496351197265 0.6161062930444697
0 0.11165075598631699 0.6970085678449259 0.05466714595210946 0.680006267958951 0.04047095553021665 0.7487621664766247 0.09820684264538199 0.7670693637400228 0.11165075598631699 0.6970085678449259
0 0.05201933637400228 0.8439220421892817 0.01118102394526796 0.8357842508551881 0.0024067183580387683 0.9044027708095782 0.03630616989737742 0.9130643306727481 0.05201933637400228 0.8439220421892817
0 0.29813312656784496 0.8509285872291904 0.24997995438996579 0.8393659965792474 0.23706141049030788 0.9050037388825541 0.28930060091220067 0.9180415370581528 0.29813312656784496 0.8509285872291904
0 0.40409606271379706 0.7626920661345497 0.3539186624857468 0.7484450706955531 0.34340485746864313 0.8147221482326111 0.39609009578107185 0.8239237525655645 0.40409606271379706 0.7626920661345497
0 0.5007769030786773 0.8386365245153934 0.5105959999999999 0.798645134549601 0.47563895210946405 0.7913339019384265 0.4685124743443558 0.8260092326111744 0.5007769030786773 0.8386365245153934
0 0.46031352337514253 0.8833149167616876 0.4264480205245154 0.8767582542759407 0.41423253591790193 0.9338008209806157 0.45489759293044474 0.9389163363740023 0.46031352337514253 0.8833149167616876
0 0.6336738278221209 0.6654451516533638 0.6286710684150513 0.7181067137970354 0.6566535416191562 0.7238381493728621 0.6677028335233751 0.6708272018244014 0.6336738278221209 0.6654451516533638
0 0.3370657924743443 0.21544056556442417 0.30000475940706955 0.20603488141391105 0.2943084424173318 0.2672913762827822 0.32771861345496006 0.27768292816419615 0.3370657924743443 0.21544056556442417
0 0.4179784481185861 0.04513622919042189 0.414784322690992 0.08066243101482325 0.43796909007981755 0.08212366020524516 0.44444336259977196 0.04885562941847207 0.4179784481185861 0.04513622919042189
0 0.6633074515393387 0.019296708095781073 0.6538200729760548 0.07828160775370581 0.6948236522234891 0.08524345496009123 0.7020032793614596 0.029891484606613457 0.6633074515393387 0.019296708095781073
0 0.7577017126567845 0.5809466636259978 0.7526703523375142 0.6210129179019385 0.7653626864310148 0.6245938871151653 0.7730031505131129 0.5872942360319271 0.7577017126567845 0.5809466636259978
0 0.743008858608894 0.5830788141391106 0.730474023945268 0.5741221356898517 0.7222084116305587 0.6143318540478906 0.736709606613455 0.6193677890535918 0.743008858608894 0.5830788141391106
0 0.7665538152793615 1 0.7750618950969214 0.969520874572406 0.7580789589509692 0.9623389749144812 0.7485903968072976 0.9999784777651084 0.7486773340935006 1 0.7665538152793615 1
0 0.6731876716077537 0.20931633865450397 0.679746125427594 0.17546055530216648 0.6438562280501711 0.16711884036488026 0.6385709110604333 0.20385010718358038 0.6731876716077537 0.20931633865450397