0 0.44649801140250855 0.7968317719498289 0.4551745849486887 0.7350947468643101 0.4211551117445838 0.7339111322690992 0.4139119179019384 0.798247945267959 0.44649801140250855 0.7968317719498289
0 0.3578260969213227 0.8431290877993158 0.3611792291904219 0.7680526157354618 0.3206809874572406 0.7617613728620296 0.31329137514253136 0.8356725484606613 0.3578260969213227 0.8431290877993158
0 0.5533511584948689 1 0.5655149418472064 0.9058961972633979 0.3916307651083238 0.897047582668187 0.38461045610034206 0.9886968437856328 0.46503659407069553 1 0.5533511584948689 1
0 0.5123673010262257 0.3324136955530217 0.5194055461801597 0.25245886316989735 0.4847885678449259 0.24699418015963515 0.4801941596351197 0.33089155872291903 0.5123673010262257 0.3324136955530217
0 0.4666489726339795 0.24804233637400228 0.503020330672748 0.24955648802736602 0.5131016830102623 0.17782394412770808 0.4741307525655645 0.17774162599771948 0.4666489726339795 0.24804233637400228
0 0.39624652679589506 0.45879681984036486 0.4035424264538198 0.38127496351197265 0.2898706294184721 0.40487363055872294 0.2853559064994299 0.4498075974914481 0.39624652679589506 0.45879681984036486
0 0.11598360661345497 0.2850997913340935 0.11710716875712655 0.22589877080957813 0.06813586088939566 0.22441256898517672 0.06280432953249715 0.2794246864310148 0.11598360661345497 0.2850997913340935
0 0.1550084811858609 0 0.14845877993158496 0.05402692588369441 0.18548765792474345 0.050537012542759406 0.19021893500570125 0 0.1550084811858609 0
0 0.40483301140250855 0.17579864766248574 0.37123645952109463 0.17587206271379704 0.36438560319270236 0.22887347662485746 0.402917905359179 0.23129091220068415 0.40483301140250855 0.17579864766248574
0 0 0.7808465131128849 0.01887155074116306 0.7817032531356899 0.021836273660205244 0.7245581687571265 0 0.7238155758266819 0 0.7808465131128849
0 0.25336689053591793 0.6006059578107183 0.23000731927023946 0.596122236031927 0.22449922348916762 0.6481131927023945 0.24760157468643101 0.6501608460661346 0.25336689053591793 0.6006059578107183