0 0.7750151824401368 0.8228504104903078 0.6700031356898518 0.8512735895096922 0.6957586202964652 0.9407132690992018 0.8048376579247435 0.9174399783352338 0.7750151824401368 0.8228504104903078
0 0.1309668574686431 0.16079532155074117 0.14660738996579248 0.21743003648802736 0.2605347194982896 0.18856707183580387 0.24781226339794754 0.1349509315849487 0.1309668574686431 0.16079532155074117
0 0.2191048985176739 0 0.18950541049030786 0.005196386545039909 0.20427000798175599 0.060892233751425315 0.25885328164196125 0.04674893956670468 0.24613449030786774 0 0.2191048985176739 0
0 0.443652181299886 0.07429863283922464 0.5062141904218928 0.062338669327251996 0.4950035632839225 0.0241731425313569 0.43238823489167616 0.039098251995438996 0.443652181299886 0.07429863283922464
0 0.2850917844925884 0.07449546522234891 0.2983871767388826 0.12930928848346637 0.34966965222348917 0.11715243899657925 0.3306574047890536 0.0666566898517674 0.2850917844925884 0.07449546522234891
0 0.131975 0.2391232827822121 0.1494275701254276 0.294009669327252 0.21036233751425315 0.2731215085518814 0.19244496579247436 0.22794255074116307 0.131975 0.2391232827822121
0 1 0.21495706271379705 0.9953207137970354 0.17707035461801598 0.8921931881413911 0.19959271151653366 0.9185006077537058 0.2744226111744584 1 0.252010763968073 1 0.21495706271379705
0 1 0.30729990193842643 0.9261480182440137 0.3295191562143671 0.9391948791334094 0.36463970353477765 1 0.34312990079817557 1 0.30729990193842643
0 0.6890640353477765 0.37165507525655644 0.7026596636259977 0.4092683922462942 0.7736571448118585 0.3903358358038768 0.7665160193842645 0.35717646750285065 0.6890640353477765 0.37165507525655644
0 0.6618815803876853 0.2958347525655644 0.6746641151653364 0.3120775005701254 0.739162401368301 0.29125154161915623 0.7367460649942987 0.2765883865450399 0.6618815803876853 0.2958347525655644
0 0.2997408962371722 0.32392349144811855 0.30721001824401367 0.3382919714937286 0.3388603352337514 0.32816467958950973 0.33435948232611173 0.3138495735461802 0.2997408962371722 0.32392349144811855
0 0.15048389167616877 0.33555630672748 0.15261885176738882 0.34923940136830106 0.22475345838084376 0.33329276966932725 0.22467058494868872 0.3210300809578107 0.15048389167616877 0.33555630672748
0 0.30877360661345493 0.3507774127708096 0.3120783124287343 0.36566704218928164 0.34789301824401364 0.3550201607753706 0.3418425974914481 0.344427015963512 0.30877360661345493 0.3507774127708096
0 0.3119023158494869 0.3757498814139111 0.31463249714937286 0.38944336488027365 0.3503954732041049 0.381760094640821 0.34853183808437854 0.3694538198403649 0.3119023158494869 0.3757498814139111
0 0.31746465792474343 0.39720491220068416 0.3243608198403649 0.41037727366020527 0.33871216419612316 0.4046956237172178 0.33563031356898515 0.3941386681870011 0.31746465792474343 0.39720491220068416
0 0.9861702075256557 0.020880618015963512 0.9751082850627139 0.00821688141391106 0.9388950513112886 0.007584777651083238 0.9479068187001141 0.03563851425313569 0.9861702075256557 0.020880618015963512
0 0.9836455963511973 0.8289268141391105 0.9943636202964653 0.8272714298745725 0.9953677879133409 0.76974269327252 0.9664510592930445 0.7763577844925883 0.9836455963511973 0.8289268141391105
0 0.9918545781071836 0.8859615803876852 0.9932453762827822 0.8403038985176738 0.9699580798175599 0.8476095290763969 0.9878086955530216 0.8966129042189281 0.9918545781071836 0.8859615803876852
0 0.6021120695553022 1 0.5910193272519954 0.9875315096921322 0.5534634754846066 0.9957757628278221 0.5539859806157355 0.9997729908779932 0.5669913283922463 1 0.6021120695553022 1
0 0.3760457411630559 0.9535229600912201 0.3861016716077537 0.9898883751425314 0.40724876852907643 0.9861209315849486 0.3986788221208666 0.9497658278221208 0.3760457411630559 0.9535229600912201