0 0 0.42864358494868876 0.008558799315849486 0.45105702166476624 0.06362090307867731 0.4381311482326112 0.037369190421892816 0.3938409714937286 0 0.40554913340935006 0 0.42864358494868876
0 0 0.5334957594070696 0.009464843785632839 0.5782341721778792 0.06319817787913341 0.5607142907639681 0.04814344127708096 0.5074131448118586 0 0.5154409247434436 0 0.5334957594070696
0 0.40023997719498294 0.6694863135689851 0.3551807286202964 0.6886349475484607 0.36818637742303306 0.7233053911060434 0.4138671345496009 0.7099685860889396 0.40023997719498294 0.6694863135689851
0 0.535479102622577 0.6997149167616876 0.4398285849486887 0.7220719578107184 0.4487136818700114 0.7591826670467502 0.5437004982896237 0.7326451710376283 0.535479102622577 0.6997149167616876
0 0.7016891790193842 0.9520550342075257 0.7145074207525656 0.9722579247434436 0.772270212086659 0.9631091972633979 0.746529527936146 0.9239332953249715 0.7016891790193842 0.9520550342075257
0 0.5829612576966933 0.35047168301026227 0.5962208745724059 0.40001994412770814 0.6480726180159635 0.38580224971493726 0.6352279475484607 0.3369760935005701 0.5829612576966933 0.35047168301026227
0 0.21455191334093499 0.12715419270239453 0.29686515735461805 0.10030481755986317 0.26608352565564425 0.03880040364880274 0.19545532725199544 0.06351587685290763 0.21455191334093499 0.12715419270239453
0 0.36915316305587226 0.09365998517673889 0.35716964196123147 0.06733077765108324 0.32741709464082097 0.07684758152793615 0.3369895210946408 0.10502357924743443 0.36915316305587226 0.09365998517673889
0 0.21108296237172178 0.5607143899657925 0.1455909543899658 0.5836988232611174 0.15127732383124287 0.6044190672748004 0.21963827936145952 0.5767753420752566 0.21108296237172178 0.5607143899657925
0 0.20714467616875715 0.5054848814139111 0.2084771927023945 0.5214890935005702 0.24236445039908777 0.5077136727480045 0.23963745267958952 0.49239384378563283 0.20714467616875715 0.5054848814139111
0 0.20144274686431016 0.5074494857468643 0.20470603420752567 0.5052699726339794 0.1694307434435576 0.521668259977195 0.17205865336374004 0.534464709236032 0.20289119726339794 0.524175700114025 0.20144274686431016 0.5074494857468643
0 0.13186741277080957 0.5312214503990879 0.13644170695553023 0.5449103432155074 0.16335469327251995 0.5364428506271379 0.1625554811858609 0.5181125096921323 0.13186741277080957 0.5312214503990879