0 0.08575741163055872 0.8141086944127709 0.08534237058152794 0.8515989828962371 0.12026530900798177 0.8542874424173319 0.12279757012542758 0.8175185849486887 0.08575741163055872 0.8141086944127709
0 0.8881186180159636 0.9671291870011403 0.8797313603192702 0.9318854675028506 0.8175639156214367 0.9482270809578107 0.826186229190422 0.9822834344355759 0.8881186180159636 0.9671291870011403
0 0.9747531972633979 0.05622171721778792 0.9745617411630559 0.0015161402508551882 0.941060841505131 0.0032718472063854045 0.9522837673888256 0.05858841961231471 0.9747531972633979 0.05622171721778792
0 0.7357243751425313 0.12405886202964653 0.7398988483466363 0.15833267046750285 0.7796567366020525 0.1568451778791334 0.7722183329532496 0.12268922690992018 0.7357243751425313 0.12405886202964653
0 0.33971375256556446 0.08950272405929303 0.3397703888255416 0.12458846864310148 0.37253733979475484 0.12584561459521093 0.37269916419612314 0.08922602166476624 0.33971375256556446 0.08950272405929303
0 0.1960636431014823 0.8541217993158494 0.1840270228050171 0.8172840752565564 0.13886672405929304 0.829166992018244 0.15209519954389966 0.8659970171037628 0.1960636431014823 0.8541217993158494
0 0.4363256248574687 0.8665097480045609 0.43749806727480045 0.9229460433295325 0.49852599087799315 0.9245386465222348 0.5043554857468644 0.8712699270239453 0.4363256248574687 0.8665097480045609
0 0.9416970638540479 0.09482652337514254 0.8952615872291904 0.09369271379703535 0.8966899828962371 0.11527566134549601 0.9407575108323831 0.11093370695553022 0.9416970638540479 0.09482652337514254
0 0.94039703990878 0.03601552565564425 0.8996088164196123 0.04053296921322691 0.9005407571265678 0.0526429794754846 0.9419240980615736 0.05377869897377423 0.94039703990878 0.03601552565564425
0 0.5925119863169898 0.13691695324971492 0.5987465803876852 0.17643544355758264 0.6331680421892816 0.17522762143671608 0.6283212622576967 0.1337979418472064 0.5925119863169898 0.13691695324971492
0 0.2653626100342075 0.16833481185860888 0.2315986738882554 0.159399007981756 0.22390753249714937 0.2111803078677309 0.2589551778791334 0.21624831356898516 0.2653626100342075 0.16833481185860888
0 0.7324702736602052 0.9128398529076397 0.7985348779931585 0.9141356374002281 0.789401669327252 0.8646583261117445 0.7265527137970353 0.8679959110604333 0.7324702736602052 0.9128398529076397