0 0.43366867502850626 0.9496172725199544 0.4362725347776511 0.996334488027366 0.4681818962371722 0.9991261949828962 0.47078174800456096 0.9489901299885976 0.43366867502850626 0.9496172725199544
0 0.6649099030786774 0.5064411060433295 0.6168595644241732 0.5111775153933865 0.6296420661345496 0.6577242394526795 0.6688445131128848 0.6599635416191562 0.6649099030786774 0.5064411060433295
0 0.5520234583808438 0.4900086237172178 0.5185171254275941 0.49184534207525654 0.5165051459521095 0.5488870478905359 0.5596823751425314 0.5502804937286203 0.5520234583808438 0.4900086237172178
0 0.33364703306727483 0.5018960980615735 0.29338334435575825 0.5061217160775371 0.30322998175598637 0.5773148814139111 0.339971503990878 0.5712895005701254 0.33364703306727483 0.5018960980615735
0 0.19454877993158495 0.5332358939566705 0.20019200570125428 0.6320725872291905 0.23544723717217786 0.6229386510832383 0.23342405017103765 0.5312728768529076 0.19454877993158495 0.5332358939566705
0 0.07417893956670467 0.5274730421892817 0.0902173409350057 0.6844384948688712 0.13839794184720638 0.6707732109464082 0.12850019840364882 0.5191131402508552 0.07417893956670467 0.5274730421892817
0 0.2529629486887115 0.30112972748004563 0.22220551767388824 0.3055910182440137 0.2212697708095781 0.36392048574686436 0.25927580159635116 0.3583037445838085 0.2529629486887115 0.30112972748004563
0 0.38123377765108324 0.1621554275940707 0.3780957183580388 0.12313971265678449 0.34369065222348916 0.1284723432155074 0.3444626134549601 0.1672826214367161 0.38123377765108324 0.1621554275940707
0 0.41464432269099205 0.6514307525655644 0.4527521584948689 0.644632449258837 0.44819684720638536 0.5181760980615735 0.4108195427594071 0.5181841060433295 0.41464432269099205 0.6514307525655644
0 0.18357781641961232 0.8696254002280501 0.18075233523375145 0.9087153933865451 0.2570425427594071 0.8966153534777651 0.25352114595210945 0.8596505940706957 0.18357781641961232 0.8696254002280501
0 0.28779530672748005 0.9443052326111745 0.23635594070695554 0.9469570877993159 0.23580016305587229 0.973729274800456 0.2963346271379704 0.9679990205245155 0.28779530672748005 0.9443052326111745