0 0.31019368985176743 0.6959331801596351 0.344391417331813 0.7114694880273661 0.36567854618015966 0.6623630900798175 0.329177622576967 0.6459892565564423 0.31019368985176743 0.6959331801596351
0 0 0.6595809076396807 0.011599673888255417 0.6675363591790194 0.0308992086659065 0.6373257126567845 0 0.6157870490307868 0 0.6595809076396807
0 0.00501332953249715 0.5226620741163056 0.054197791334093505 0.5520109019384265 0.08359226795895096 0.4768906944127708 0.037796099201824404 0.45237564538198405 0.00501332953249715 0.5226620741163056
0 0.08015798517673887 0.39593039224629417 0.10877577194982896 0.32251961345496005 0.05766341049030787 0.2974473819840365 0.027087939566704675 0.37244346066134554 0.08015798517673887 0.39593039224629417
0 0.05170941163055872 0 0.04859830216647663 0.01141414937286203 0.09516746522234891 0.03153436031927024 0.11093109007981755 0 0.05170941163055872 0
0 0.1442948905359179 0.2516252554161916 0.1982640353477765 0.2722231550741163 0.2255447765108324 0.19449270353477766 0.17521098289623718 0.16770809920182442 0.1442948905359179 0.2516252554161916
0 0.612780701254276 0.8919201482326112 0.5662263033067275 0.8679224264538198 0.5525229783352338 0.9017063603192702 0.602576755986317 0.9254748608893956 0.612780701254276 0.8919201482326112
0 0.6687029144811858 0.9497370250855187 0.6522650524515394 0.9868172428734321 0.6933323511972633 0.9994918768529077 0.700508511972634 0.9709921163055871 0.6687029144811858 0.9497370250855187
0 0.864805952109464 1 0.8850684127708096 0.9593435028506271 0.8458982873432155 0.9456742291904219 0.8273788437856329 0.9968641562143672 0.8344839897377423 1 0.864805952109464 1
0 0.7447835165336375 0.7777317263397948 0.7271746453819841 0.7684182018244015 0.6963138757126568 0.8177124116305587 0.7130719692132269 0.8230574526795895 0.7447835165336375 0.7777317263397948
0 0.8813893660205245 0.8753755165336374 0.9015309019384264 0.8822670695553021 0.916971849486887 0.8319507616875712 0.9023591847206386 0.8232490923603193 0.8813893660205245 0.8753755165336374
0 0.8291581197263397 0.7588383990877993 0.8664449635119726 0.7729067537058152 0.8791838551881415 0.7426035758266818 0.8421560513112886 0.7255773443557583 0.8291581197263397 0.7588383990877993
0 0.579563992018244 0.4325990342075257 0.6404168301026226 0.4631758289623717 0.6709605404789054 0.38280165564424173 0.6143443375142531 0.3475970456100342 0.579563992018244 0.4325990342075257
0 0.6378608551881414 0.29544135233751423 0.6892902919042189 0.3220410330672748 0.7175055564424174 0.258140275940707 0.6639693044469783 0.23340873204104903 0.6378608551881414 0.29544135233751423
0 0.881955362599772 0.2616931755986317 0.9019056750285063 0.2196105165336374 0.8513219099201825 0.1951892919042189 0.8318075974914482 0.23313863055872291 0.881955362599772 0.2616931755986317
0 0.7330320433295325 0.15678456100342075 0.7712391470923603 0.17303921094640823 0.7951631619156215 0.10450985290763969 0.7584157001140251 0.09049661915621436 0.7330320433295325 0.15678456100342075
0 0.8810365450399087 0.12040124515393387 0.9357775929304447 0.14734741961231473 0.9508784743443558 0.11729249714937287 0.888731299885975 0.08926939794754846 0.8810365450399087 0.12040124515393387
0 0.3842917856328392 0 0.371621401368301 0.031933854047890536 0.4231948608893956 0.054367957810718355 0.4457923842645382 0.00808587913340935 0.42432096807297603 0 0.3842917856328392 0
0 0.33240563740022805 0.20244062029646523 0.4056997685290764 0.2361145370581528 0.4224191984036488 0.20205058722919042 0.345937984036488 0.16834020410490308 0.33240563740022805 0.20244062029646523
0 0.3636780136830103 0.15199563055872292 0.42278646180159635 0.17582028392246293 0.43490448688711514 0.1400786670467503 0.3805917080957811 0.11705499657924742 0.3636780136830103 0.15199563055872292
0 0.3202712702394527 0.11340165564424173 0.35556833751425315 0.1335311630558723 0.37039409464082096 0.11180404104903079 0.33526174800456104 0.09378456100342075 0.3202712702394527 0.11340165564424173
0 0.3032051801596351 0.08832570695553023 0.25468069099201823 0.0650148802736602 0.23261826339794753 0.11583242531356898 0.2811488038768529 0.13705274458380842 0.3032051801596351 0.08832570695553023
0 0.29041023261117443 0 0.33944675826681875 0.025565489167616876 0.35308170011402507 0 0.29041023261117443 0
0 0.4609134481185861 0.3941579669327252 0.47772820866590654 0.4030895165336374 0.4971802291904219 0.35438725997719495 0.48185277651083236 0.34680607297605476 0.4609134481185861 0.3941579669327252
0 0.8183830912200685 0.5994954538198404 0.8523059817559864 0.6152998141391106 0.8608780193842644 0.5985870957810718 0.8291376590649943 0.5880868027366021 0.8183830912200685 0.5994954538198404