0 0.9121681927023945 1 0.9188177799315849 0.9657908392246294 0.8472987867730901 0.9836522246294185 0.8519866214367161 1 0.9121681927023945 1
0 0.3741010661345496 0.7263628358038768 0.37789098517673886 0.8002179122006842 0.41687374686431017 0.795709275940707 0.4089963272519954 0.722656189281642 0.3741010661345496 0.7263628358038768
0 0.5757585803876852 0.7438083021664766 0.5692745131128848 0.7087074310148233 0.4742678221208666 0.7135972656784493 0.47694134207525657 0.7511870889395666 0.5757585803876852 0.7438083021664766
0 0.3994996157354618 0.5832516271379704 0.4019831425313569 0.6109277445838085 0.44517576054732044 0.6096552805017104 0.4427562143671607 0.5769823785632839 0.3994996157354618 0.5832516271379704
0 0.680506724059293 0.48499155986316994 0.6808679771949829 0.44578388483466364 0.6466993021664766 0.44264082212086664 0.645325110604333 0.48238380501710376 0.680506724059293 0.48499155986316994
0 0.2093995929304447 0.30096429418472065 0.2016629543899658 0.37499510262257696 0.2858470912200684 0.3744385952109464 0.28335069441277083 0.309487677309008 0.2093995929304447 0.30096429418472065
0 0.046429125427594066 0.26807631927023945 0.0530147354618016 0.3213253078677309 0.09133530900798176 0.32333508209806155 0.09217574230330673 0.2614522303306728 0.046429125427594066 0.26807631927023945
0 0.25741043101482325 0.14109895438996578 0.2573809942987457 0.2190441607753706 0.306443582668187 0.22335844811858607 0.31483479475484605 0.14440426795895098 0.25741043101482325 0.14109895438996578
0 0.42781944355758267 0.005025410490307867 0.426046181299886 0.042145621436716074 0.4784849110604333 0.04931754732041049 0.4822317491448118 0.011371233751425312 0.42781944355758267 0.005025410490307867
0 0.7350493523375142 0.2230645724059293 0.7398003375142531 0.26084969783352335 0.8062405393386545 0.25200998745724057 0.8008592656784492 0.2143474754846066 0.7350493523375142 0.2230645724059293
0 0.7915486773090079 0.3524870695553022 0.7926859315849487 0.36841865108323835 0.8237822086659065 0.3764767115165336 0.8266154640820981 0.35567736830102625 0.7915486773090079 0.3524870695553022
0 0.803601221208666 0.3838346214367161 0.8063622542759408 0.41941834891676166 0.8259186191562145 0.41838559179019386 0.821889503990878 0.3815462086659065 0.803601221208666 0.3838346214367161
0 0 0.5905049167616875 0.03381763740022805 0.5943520364880275 0.03254824857468643 0.5588656545039908 0 0.5551187126567845 0 0.5905049167616875
0 0.2404712291904219 0.6514416738882554 0.20333331014823264 0.6526829179019384 0.2054197103762828 0.7057402086659065 0.24087217217787915 0.7022787594070695 0.2404712291904219 0.6514416738882554
0 0.777390511972634 0.7147173169897377 0.7284827753705816 0.7142740114025086 0.7352573500570125 0.7525479863169898 0.7723495575826681 0.7499942189281641 0.777390511972634 0.7147173169897377
0 0.6967203956670467 0.7189780136830103 0.7035610171037628 0.7553563261117445 0.7252057844925884 0.7529149236031927 0.7203851311288483 0.7170359007981756 0.6967203956670467 0.7189780136830103
0 0.4876917058152794 0.8203512850627138 0.48858540136830103 0.8344241174458381 0.5430616134549601 0.8311141049030787 0.53964530672748 0.8160160992018244 0.4876917058152794 0.8203512850627138
0 0.8733849988597492 0.4106934663625998 0.879748307867731 0.48686016419612316 0.934503259977195 0.49145959407069556 0.9363263580387686 0.41828968301026226 0.8733849988597492 0.4106934663625998