0 0.10532596009122007 0.8520493580387686 0.14160446864310147 0.811714 0.11584907183580388 0.7862159920182441 0.07702128050171038 0.8352701550741163 0.10532596009122007 0.8520493580387686
0 0.27795163740022805 0.9070869236031927 0.2489288323831243 0.9325606043329532 0.2933050125427594 0.9698200262257697 0.3181164937286203 0.9380177229190422 0.27795163740022805 0.9070869236031927
0 0.5685675438996579 0.4098015735461802 0.5063914572405929 0.3650231117445838 0.4856500250855188 0.39628904104903073 0.5461675473204105 0.44121883694412767 0.5685675438996579 0.4098015735461802
0 0.47320646066134553 0.22026750969213227 0.422581614595211 0.19318972519954392 0.40475362713797036 0.22679504104903078 0.4481348563283923 0.2535371014823261 0.47320646066134553 0.22026750969213227
0 0.5279469019384264 0.3228036339794755 0.5558710820980616 0.28948560205245155 0.49202544241733176 0.24337060661345497 0.4673143454960091 0.27398965792474345 0.5279469019384264 0.3228036339794755
0 0.6253775028506271 0.1960316157354618 0.6013432725199545 0.17128020752565565 0.5761974868871151 0.20007317445838085 0.603600047890536 0.22035112770809578 0.6253775028506271 0.1960316157354618
0 0.5923363785632839 0.11089040364880273 0.6066171140250854 0.07697317331812999 0.5762307217787913 0.06358638540478904 0.5589745370581528 0.08889904446978335 0.5923363785632839 0.11089040364880273
0 0.7189901083238311 0.26263142417331814 0.7426217206385405 0.23072589509692132 0.7127513933865451 0.2114225062713797 0.6938484561003421 0.24374331014823258 0.7189901083238311 0.26263142417331814
0 0.8097664481185861 0.0893822748004561 0.7777287582668188 0.12889662143671607 0.8023765963511972 0.1602594789053592 0.840995700114025 0.11357269897377423 0.8097664481185861 0.0893822748004561
0 0.8476149509692131 0.4258692371721779 0.8221906088939567 0.40338185062713794 0.79533082668187 0.42874676282782215 0.8234419042189282 0.4571329475484607 0.8476149509692131 0.4258692371721779
0 0.7859033432155074 0.6684152383124287 0.7681932029646522 0.6394505416191563 0.745330518814139 0.6532447936145952 0.7684995621436715 0.6835826795895097 0.7859033432155074 0.6684152383124287
0 0.0640475621436716 0.582016338654504 0.04234411060433295 0.6123025051311288 0.0693844298745724 0.6367208939566704 0.09229866248574686 0.599390007981756 0.0640475621436716 0.582016338654504
0 0.1654468757126568 0.22612302736602055 0.18615364196123146 0.1868093899657925 0.14189441847206385 0.16863277765108325 0.11772306385404789 0.19989506727480047 0.1654468757126568 0.22612302736602055
0 0.27322818129988596 0.35535386202964653 0.2543979623717218 0.39363807069555307 0.30543666248574686 0.4159854868871152 0.32113517559863175 0.37265757696693275 0.27322818129988596 0.35535386202964653
0 0.23668160433295327 0.3306998015963512 0.2130499897377423 0.362605330672748 0.24707826909920183 0.3879330957810719 0.2718176431014823 0.35105676054732043 0.23668160433295327 0.3306998015963512
0 0.8438806316989738 0.18950840820980613 0.8683403603192702 0.14813747206385405 0.842502165336374 0.13038045381984037 0.8119785096921323 0.1730089190421893 0.8438806316989738 0.18950840820980613
0 0.26339644583808436 0.1750797206385405 0.23830240820980614 0.20328119726339797 0.27888388825541616 0.23871858152793615 0.3045372873432155 0.20847998061573544 0.26339644583808436 0.1750797206385405
0 0.44875244469783354 0.0846090433295325 0.4176193135689852 0.0729449771949829 0.39330617103762827 0.1262475290763968 0.4243875541619156 0.138503086659065 0.44875244469783354 0.0846090433295325
0 0.40046988597491445 0.05117841505131129 0.36805027708095783 0.040593831242873434 0.3513845724059293 0.06774463740022806 0.3864168437856328 0.08928769099201825 0.40046988597491445 0.05117841505131129
0 0.06814813340935005 0.26289688141391104 0.09572766590649943 0.206303992018244 0.0601260228050171 0.19126889167616876 0.03240155530216648 0.24933914481185862 0.06814813340935005 0.26289688141391104
0 0.805359337514253 0.28269315165336373 0.8231340193842646 0.24967918928164196 0.8086712554161916 0.24483775256556445 0.7889559327251996 0.277085913340935 0.805359337514253 0.28269315165336373
0 0.8524243637400228 0.207540409350057 0.8397862645381985 0.2022625929304447 0.8316859395667047 0.2173483842645382 0.8474295689851767 0.2237919270239453 0.8524243637400228 0.207540409350057
0 0.8357250330672747 0.28952193158494866 0.8232716727480046 0.275320007981756 0.8093692782212087 0.2887061470923603 0.8260545952109464 0.30476993386545037 0.8357250330672747 0.28952193158494866
0 0.8476857366020525 0.2685156909920182 0.8267005473204105 0.25654741847206386 0.8251780159635119 0.27131466476624855 0.8376825518814139 0.2807544914481186 0.8476857366020525 0.2685156909920182