0 0.31818767958950966 0.41809306727480045 0.4314405632839225 0.3973026545039909 0.42098845267958945 0.34008833295324975 0.3099414241733181 0.3536704047890536 0.31818767958950966 0.41809306727480045
0 0.6790874766248575 0.4564254754846066 0.7148091448118585 0.4530348278221209 0.7127697411630559 0.4046285997719498 0.6738104732041049 0.4019371596351197 0.6790874766248575 0.4564254754846066
0 0.7217326921322691 0.3527860444697834 0.7376988289623717 0.34457846180159635 0.7218230604332952 0.3016502748004561 0.7043145564424173 0.30458527594070695 0.7217326921322691 0.3527860444697834
0 0.8122934948688711 0.6971110524515394 0.8592676488027365 0.7190303945267958 0.871148841505131 0.6932691391106043 0.82033838654504 0.67057965336374 0.8122934948688711 0.6971110524515394
0 1 0.31171241505131125 0.9050716704675028 0.34598657582668185 0.9354582326111744 0.3957780923603193 1 0.36334189167616876 1 0.31171241505131125
0 0.8304997309007981 0.2028299110604333 0.8568331927023946 0.2515271345496009 0.8801029201824402 0.2403263888255416 0.8500761049030787 0.19446425313568985 0.8304997309007981 0.2028299110604333
0 0.5718959817559863 0.851843882554162 0.5897146362599772 0.8480496476624858 0.5710610273660205 0.769486055872292 0.5516119144811858 0.7733791995438997 0.5718959817559863 0.851843882554162
0 0.517045417331813 0.133832330672748 0.567399598631699 0.11847952451539338 0.5549780399087799 0.08195912428734321 0.5048193660205246 0.101822503990878 0.517045417331813 0.133832330672748
0 0.43632114367160774 0.04076959064994299 0.47007864880273664 0.04850374458380844 0.4715236795895097 0.008900275940706956 0.4372819578107184 0.008584280501710376 0.43632114367160774 0.04076959064994299
0 0.6407316339794755 0.10116237172177879 0.6264586157354618 0.07607971607753707 0.5973263101482327 0.09403824173318129 0.608280464082098 0.11691876510832383 0.6407316339794755 0.10116237172177879
0 0.9331069099201824 0.04942392930444698 0.9309537080957812 0.09133328050171038 0.9445112679589509 0.09299793956670467 0.9489147787913341 0.05226220410490308 0.9331069099201824 0.04942392930444698
0 0.9535181482326112 0.7993969304446978 0.9599156054732042 0.7618970661345495 0.9072138175598632 0.7476493831242873 0.9009580376282783 0.7866621664766249 0.9535181482326112 0.7993969304446978
0 0.7785254503990878 0.48478656442417334 0.8072855096921322 0.4649877069555302 0.7922669806157354 0.4368224697833523 0.7582763831242874 0.4547826807297605 0.7785254503990878 0.48478656442417334