0 0.049875 0.739864062713797 0.09005312542759407 0.7606203124287344 0.10944843785632838 0.7260281254275941 0.07481250057012542 0.7066546875712657 0.049875 0.739864062713797
0 0.3047937502850627 0.8796171870011402 0.3228046875712657 0.8450265621436717 0.2687734378563284 0.8187343751425313 0.25353281299885977 0.8630140627137971 0.3047937502850627 0.8796171870011402
0 0.07481250057012542 0.6430046875712657 0.09975 0.609796874572406 0.05957343785632839 0.5821218745724059 0.037406249714937286 0.6153312497149372 0.07481250057012542 0.6430046875712657
0 0.46965937514253137 0.40916093728620295 0.44333593728620296 0.44098437514253136 0.4655031254275941 0.46865937514253136 0.500139062713797 0.42991562485746865 0.46965937514253137 0.40916093728620295
0 0.7883062497149372 0.38563750057012547 0.7605984378563284 0.35796249942987457 0.7162640627137971 0.40085781299885975 0.7467437502850627 0.4243812497149373 0.7883062497149372 0.38563750057012547
0 0.8326406248574686 0.8865374994298746 0.8603484378563284 0.9128265621436716 0.8783593751425314 0.8851531254275941 0.8492656248574687 0.8616296875712657 0.8326406248574686 0.8865374994298746
0 0.3144906248574686 0.16009531242873434 0.3020218745724059 0.17808281299885975 0.33111718700114023 0.20022187457240592 0.3532828129988597 0.17808281299885975 0.3144906248574686 0.16009531242873434
0 0.7592125005701253 0.8090499999999999 0.7758375005701255 0.7786078129988598 0.752285937286203 0.7578531254275941 0.7356609372862029 0.7882937502850628 0.7592125005701253 0.8090499999999999
0 0.9573296875712657 0.413310937286203 0.9573296875712657 0.39809062485746866 0.9074531254275942 0.3842546875712657 0.8963703124287343 0.40224218700114023 0.9573296875712657 0.413310937286203
0 0.5126078129988597 0.3026156248574687 0.5320031254275941 0.31645156214367165 0.550014062713797 0.280475 0.5389296875712657 0.27355781299885973 0.5126078129988597 0.3026156248574687
0 0.491825 0.298464062713797 0.5029093751425313 0.30815 0.5375453124287343 0.2694062497149373 0.5250765621436716 0.2569531254275941 0.491825 0.298464062713797
0 0.5209203124287343 0.22512812542759406 0.47935624971493723 0.280475 0.491825 0.2929296875712657 0.5306187502850627 0.234814062713797 0.5209203124287343 0.22512812542759406