0 0.9276390114025085 0.17069474800456103 0.8706486738882554 0.19650191220068416 0.8891584880273661 0.2276607890535918 0.9370722793614595 0.202217913340935 0.9276390114025085 0.17069474800456103
0 1 0.4010819064994299 0.9804513181299886 0.3610326009122007 0.948713062713797 0.3830306636259977 0.9690083272519954 0.42948528848346634 1 0.41571243671607755 1 0.4010819064994299
0 0.4317959486887115 0.5305757240592931 0.4028412725199544 0.4609863283922463 0.36748626909920185 0.47354774002280503 0.3958928620296465 0.5447098198403649 0.4317959486887115 0.5305757240592931
0 0.273405417331813 0.39005070125427593 0.2579525792474344 0.341488590649943 0.22103250399087798 0.3506571482326112 0.23505870353477765 0.40632892930444703 0.273405417331813 0.39005070125427593
0 0.2886105062713797 0.4136083990877993 0.25292281641961234 0.43017805131128845 0.2822223409350057 0.5032834298745724 0.3213061562143672 0.484249078677309 0.2886105062713797 0.4136083990877993
0 0.20359477423033068 0.5328694982896237 0.19054844241733182 0.5013752291904219 0.15652743443557585 0.5188084287343215 0.17472921208665906 0.5481166465222349 0.20359477423033068 0.5328694982896237
0 0.08684326795895098 0.4577684196123147 0.05810785404789054 0.46838833409350056 0.06374586431014824 0.5011106784492588 0.1001104298745724 0.49545946180159633 0.08684326795895098 0.4577684196123147
0 0.20445904332953252 0.6260962246294185 0.16852527137970352 0.6366185541619156 0.1800289794754846 0.6702715165336374 0.2167037833523375 0.6550605108323831 0.20445904332953252 0.6260962246294185
0 0.04255691448118586 0.7373814458380844 0.09719970581527936 0.7112040490307868 0.07273131014823261 0.6797009942987456 0.02664009007981756 0.7012276419612314 0.04255691448118586 0.7373814458380844
0 0.3801586031927024 0.8034638187001141 0.35941629532497155 0.7693205199543899 0.3283068597491448 0.7892461254275941 0.3439755689851768 0.8193554469783353 0.3801586031927024 0.8034638187001141
0 0.6131735655644242 0.8049366476624857 0.5893419441277081 0.7751164241733182 0.570426456100342 0.7939628574686431 0.5942463078677309 0.8181541265678449 0.6131735655644242 0.8049366476624857
0 0.6950695803876853 0.12845375370581527 0.7368350342075257 0.11525132953249716 0.7196836214367162 0.08310688141391107 0.685046542759407 0.09683876054732041 0.6950695803876853 0.12845375370581527
0 0.30129062713797033 0.056476368301026224 0.2651093808437856 0.07236669783352338 0.27203879589509694 0.11970855416191563 0.3151940695553022 0.10912769669327252 0.30129062713797033 0.056476368301026224
0 0.41971150855188144 0.2956413055872292 0.4655502086659065 0.29089107525655644 0.4562139851767389 0.23596211288483465 0.41451153819840364 0.24497120524515392 0.41971150855188144 0.2956413055872292
0 0.41068331927023943 0.24256300342075257 0.45244926681870007 0.2274796875712657 0.43610603078677307 0.18833485290763968 0.39943122690992017 0.20354586088939566 0.41068331927023943 0.24256300342075257
0 0.10724751995438997 0.7236051128848346 0.05850096123147092 0.7429093261117445 0.06947969441277081 0.7722758278221208 0.11553908095781072 0.7585511938426455 0.10724751995438997 0.7236051128848346
0 0.2644260809578107 0.2398182896237172 0.2999725849486887 0.2222422850627138 0.27540539110604334 0.17429316989737742 0.2419708221208666 0.19181925313568984 0.2644260809578107 0.2398182896237172
0 0.16753339566704673 0.33917954846066134 0.1631611482326112 0.30605652793614596 0.10556002736602052 0.3167524116305587 0.10934583580387686 0.34978254846066137 0.16753339566704673 0.33917954846066134
0 0.12896585518814138 0.2904304481185861 0.11653779475484607 0.2512270490307868 0.08616168529076397 0.2608293363740023 0.08858884720638541 0.29484658722919044 0.12896585518814138 0.2904304481185861
0 0.3070889087799316 0 0.3128303477765108 0.03668478677309008 0.37441427936145955 0.023615543899657924 0.37161066134549603 0 0.3070889087799316 0
0 0.21380264766248575 0.7264449087799315 0.17774282668187003 0.7377730649942987 0.1789415929304447 0.752977473204105 0.21527498403648804 0.7437175746864311 0.21380264766248575 0.7264449087799315
0 0.14794566704675027 0.770288645381984 0.1455022542759407 0.7534538346636259 0.12890492930444697 0.7576639623717218 0.13096853933865452 0.7712034754846067 0.14794566704675027 0.770288645381984
0 0.23168935461801596 0.7691389532497149 0.2201392748004561 0.749063078677309 0.20378746750285062 0.7593141128848347 0.21455479361459523 0.7748333112884834 0.23168935461801596 0.7691389532497149
0 0.20557421664766248 0.7746116476624858 0.19943991448118586 0.7601948494868871 0.18474298517673887 0.7580996351197263 0.1912789714937286 0.7813568620296465 0.20557421664766248 0.7746116476624858