0 0.8584626180159635 0.8278474321550742 0.9016346328392246 0.8143833751425313 0.8828427354618016 0.7773481733181299 0.845368834663626 0.7904128175598631 0.8584626180159635 0.8278474321550742
0 0.6145900832383124 0.8705544766248574 0.6263207958950969 0.9077471584948689 0.6796860661345496 0.9002976408209805 0.6723660672748004 0.8540441550741162 0.6145900832383124 0.8705544766248574
0 0.8751032759407069 0.677631496009122 0.8938954424173318 0.7146651596351198 0.935538850627138 0.6939076704675028 0.9194751790193842 0.6573535290763969 0.8751032759407069 0.677631496009122
0 0.5660511641961231 0.45172056670467503 0.5456537206385405 0.4158095815279362 0.5120330741163056 0.43095621550741164 0.5394150319270239 0.47512582896237177 0.5660511641961231 0.45172056670467503
0 0.26802519156214366 0.31486792474344355 0.23593261003420754 0.33731106955530216 0.2701358996579248 0.3826834663625998 0.30423733409350057 0.3648101448118586 0.26802519156214366 0.31486792474344355
0 0.07343948460661347 0.8439809498289623 0.10529140136830102 0.8229026875712657 0.09324416875712657 0.7954863808437856 0.0605076157354618 0.8136003683010262 0.07343948460661347 0.8439809498289623
0 0.7508707251995439 0.21735199885974915 0.7417149007981756 0.1974725929304447 0.7003885564424174 0.20845063055872293 0.7183730285062714 0.23410237058152794 0.7508707251995439 0.21735199885974915
0 0.17997335233751427 0.7264764549600913 0.19105955074116304 0.7593430581527936 0.21785759749144812 0.7429918278221209 0.20677112770809578 0.710126763968073 0.17997335233751427 0.7264764549600913
0 0.06731455530216648 0.3202243899657925 0.06467157582668187 0.33521347206385405 0.1266269087799316 0.3348983648802737 0.11883596579247435 0.3152596259977195 0.06731455530216648 0.3202243899657925
0 0.5003559258836944 0.3136827913340935 0.521859165336374 0.3034250136830103 0.5009830148232611 0.2702379087799316 0.48886587913340934 0.27512522690992014 0.5003559258836944 0.3136827913340935
0 0.530449228050171 0.310559425313569 0.5430471516533637 0.3029454207525656 0.5175090535917902 0.25629105473204106 0.5030672702394526 0.2663898118586089 0.530449228050171 0.310559425313569
0 0.5584502417331813 0.2873948278221209 0.5271285142531357 0.2256712725199544 0.5158954720638541 0.23352594298745724 0.5440081858608894 0.29749512428734326 0.5584502417331813 0.2873948278221209