0 0.9507064355758267 0.5584743192702394 0.9973710912200684 0.555055527936146 0.9996054789053591 0.5231023044469784 0.9494316750285062 0.5213778437856329 0.9507064355758267 0.5584743192702394
0 0.5035620501710376 0.33500280045610037 0.5091363329532497 0.38296315963511973 0.6554376510832383 0.36762501140250853 0.6569924344355759 0.32838945381984036 0.5035620501710376 0.33500280045610037
0 0.4891022109464082 0.44815883808437856 0.49152341619156215 0.4816280125427594 0.5485915473204105 0.4826441721778791 0.5492312348916761 0.43944919954389966 0.4891022109464082 0.44815883808437856
0 0.5047990695553022 0.6662945393386546 0.5097267423033067 0.7064783489167616 0.5807372166476624 0.6953907183580388 0.5740715256556442 0.6587599498289624 0.5047990695553022 0.6662945393386546
0 0.5385616909920182 0.8048246522234892 0.6372848437856329 0.7974573477765108 0.6275370102622577 0.7623668939566705 0.5359205062713797 0.7659895621436715 0.5385616909920182 0.8048246522234892
0 0.5349004595210947 0.9252767354618017 0.6915620969213226 0.9065013511972634 0.6770580273660205 0.8585665803876853 0.5255937947548461 0.8711096499429875 0.5349004595210947 0.9252767354618017
0 0.3054714082098061 0.7504701915621437 0.3104688095781072 0.7811450775370581 0.36880572519954385 0.7810626921322691 0.3625265416191562 0.7431604754846066 0.3054714082098061 0.7504701915621437
0 0.16427963968072976 0.6246443340935006 0.12532463283922463 0.6284628335233752 0.1312569030786773 0.6627695929304447 0.17004779703534778 0.6613204161915622 0.16427963968072976 0.6246443340935006
0 0.6528973511972633 0.5826998460661346 0.6454350102622577 0.5447164606613455 0.5190774196123148 0.5514780456100342 0.5197377502850627 0.588849518814139 0.6528973511972633 0.5826998460661346
0 0.875091433295325 0.8099231379703535 0.9142247844925884 0.8120659749144812 0.9007951391106044 0.7359985610034208 0.8638974663625997 0.7401645450399088 0.875091433295325 0.8099231379703535
0 0.9479410456100342 0.7044181778791333 0.951490237172178 0.7558034287343216 0.978268046750285 0.7558918814139111 0.9714821938426453 0.6954666442417332 0.9479410456100342 0.7044181778791333