0 0.2609469486887115 1 0.2640223774230331 0.9626263375142531 0.23069870923603192 0.9562788244013682 0.22896857810718357 1 0.2609469486887115 1
0 0.3037091721778791 0.9369923033067274 0.26907231470923604 0.9348245952109464 0.258658078677309 0.9724183238312429 0.29744430444697834 0.9745136043329532 0.3037091721778791 0.9369923033067274
0 0.19474238312428735 0.719962543899658 0.18571233979475485 0.7575336750285063 0.20520058722919043 0.7641211231470924 0.22114991676168758 0.7264307787913341 0.19474238312428735 0.719962543899658
0 0.20761063968072976 0.6643138608893957 0.19459731014823262 0.7116513101482326 0.22098065564424174 0.716733818700114 0.23120146864310148 0.6680589646522235 0.20761063968072976 0.6643138608893957
0 0.652536338654504 0.3073679099201825 0.6359282098061573 0.3866385860889396 0.7024803557582668 0.3937906795895097 0.7068290877993159 0.3258169315849487 0.652536338654504 0.3073679099201825
0 0.6580302816419613 0.14653659521094642 0.6592876180159635 0.2185693717217788 0.6994096328392246 0.21786903876852906 0.7038550889395667 0.1554366339794755 0.6580302816419613 0.14653659521094642
0 0.2904566442417332 0.6596016567844926 0.3073618745724059 0.664946496009122 0.31189239224629417 0.6301277491448118 0.30052017331813 0.6243878472063853 0.2904566442417332 0.6596016567844926
0 0.2661711345496009 0.6496317913340935 0.28148699771949826 0.6555997753705816 0.28986598859749146 0.6257630604332953 0.2785352189281642 0.6223977981755986 0.2661711345496009 0.6496317913340935
0 0.31999153249714934 0.5729776955530217 0.33528675028506266 0.5768675997719499 0.34064716647662485 0.5441128095781071 0.3268930718358039 0.5378206431014824 0.31999153249714934 0.5729776955530217
0 0.3078909828962372 0.5708135496009121 0.31441643101482325 0.5368507423033068 0.2995371904218928 0.5341412576966933 0.29177417331813 0.565156465222349 0.3078909828962372 0.5708135496009121
0 0.2655057058152793 0.5605673397947548 0.2816602474344356 0.5635514834663626 0.2882908825541619 0.5355252440136831 0.27333910490307867 0.5286601436716077 0.2655057058152793 0.5605673397947548
0 0.23877720296465224 0.5583616054732041 0.257260740022805 0.5592266545039909 0.2625900695553022 0.5246908859749145 0.250125354618016 0.5243146168757127 0.23877720296465224 0.5583616054732041
0 0.2083826237172178 0.5499845370581528 0.22988572405929306 0.5543614868871152 0.23401890763968072 0.5192511915621436 0.21800572177879135 0.5195307035347776 0.2083826237172178 0.5499845370581528
0 0.18698594184720638 0.5438257730900798 0.1995040307867731 0.5471703124287343 0.21203392474344357 0.5172595792474344 0.19480233295324972 0.5157788369441276 0.18698594184720638 0.5438257730900798