0 0.0381922212086659 0.3613011174458381 0.016307695553021667 0.3804828118586089 0.04406270581527936 0.41040740478905363 0.06566949486887115 0.3927191254275941 0.0381922212086659 0.3613011174458381
0 0.2258700125427594 0.7046807468643101 0.19308398403648802 0.6666127103762827 0.15798006955530217 0.6981398380843786 0.18862198859749144 0.7428164150513114 0.2258700125427594 0.7046807468643101
0 0.25473201596351197 0.6133662896237172 0.23092389053591791 0.6284579361459521 0.2579287856328392 0.6708835108323831 0.28276729190421895 0.6453620501710376 0.25473201596351197 0.6133662896237172
0 0.38967868072976053 0.585485046750285 0.41583807525655647 0.5697171790193843 0.3992651870011403 0.5370256499429875 0.37097640478905364 0.5460340262257697 0.38967868072976053 0.585485046750285
0 0.033217142531356894 0.47376200228050175 0.008140862029646522 0.4865199247434436 0.020176759407069558 0.5172904971493729 0.04526800912200684 0.4959174310148232 0.033217142531356894 0.47376200228050175
0 0.8475393979475485 0.4055197445838084 0.832890164196123 0.37691982326111745 0.8078882668187001 0.3899722041049031 0.8219940581527936 0.4218587183580388 0.8475393979475485 0.4055197445838084
0 0.7868037491448119 0.39991722576966937 0.7685558654503991 0.370254748004561 0.7454102987457241 0.3850230763968073 0.762526511972634 0.41858836259977195 0.7868037491448119 0.39991722576966937
0 0.7893283762827822 0.7271862930444698 0.8117309407069555 0.7228393078677309 0.798425156214367 0.6817161208665907 0.7772699714937286 0.6878018836944129 0.7756611311288484 0.6905315689851768 0.7893283762827822 0.7271862930444698
0 0.5965770125427594 0.850364818700114 0.5878761368301026 0.8221512873432154 0.5527745929304447 0.832882850627138 0.5617863888255417 0.8569267411630559 0.5965770125427594 0.850364818700114
0 0.5084253819840364 0.8415593397947548 0.4933070889395667 0.8165404697833524 0.47229695553021667 0.8267799509692132 0.4882158517673888 0.8577119817559863 0.5084253819840364 0.8415593397947548
0 0.8245267080957811 0.06945878221208666 0.8118576465222349 0.08059520980615736 0.8420543511972635 0.12944611858608895 0.8519013044469783 0.1210833078677309 0.8245267080957811 0.06945878221208666
0 0.8858765210946409 0.0756355290763968 0.8704696328392246 0.04230760775370582 0.8571242976054732 0.05109120410490308 0.876578117445838 0.0813056818700114 0.8858765210946409 0.0756355290763968
0 0.33583865336374 0.8963049418472064 0.3091065370581528 0.9126853568985177 0.3265553238312429 0.9364330581527937 0.35385854503990877 0.9194385872291904 0.33583865336374 0.8963049418472064
0 0.5277260353477765 0.9353507046750285 0.506450606613455 0.904011614595211 0.48181837514253134 0.9164569737742303 0.4986234891676169 0.951813897377423 0.5277260353477765 0.9353507046750285