0 0.7966308939566705 0.48695508779931584 0.7926242770809578 0.543347 0.8822353797035347 0.5593540387685291 0.8841570330672748 0.49956842873432156 0.7966308939566705 0.48695508779931584
0 0.43318915165336375 0.03882428620296465 0.4167979578107184 0.06947262485746865 0.4597109327251996 0.09671900456100342 0.4712150923603193 0.06471174230330673 0.43318915165336375 0.03882428620296465
0 0.385930543899658 0.15265756442417333 0.44520577309007986 0.18979991448118586 0.4555787001140251 0.15848763854047893 0.4059074903078677 0.1255257149372862 0.385930543899658 0.15265756442417333
0 0.39814812770809577 0.5307612177879134 0.4282789794754846 0.5549521949828963 0.44256167046750283 0.5274715553021665 0.41872245952109466 0.5070512611174459 0.39814812770809577 0.5307612177879134
0 0.3842278118586089 0.562383850627138 0.36243013112884837 0.5857538244013683 0.39320280159635124 0.6104862360319271 0.4126847137970353 0.5879148836944128 0.3842278118586089 0.562383850627138
0 0.30730016875712657 0.9298054367160775 0.3138292360319271 0.97037044013683 0.37519652451539337 0.9769249965792475 0.3723435735461802 0.9306726431014823 0.30730016875712657 0.9298054367160775
0 0.42357985860889397 0.800991755986317 0.43627520068415054 0.8302873876852909 0.4613467822120867 0.823918645381984 0.45282245724059295 0.7946282554161915 0.42357985860889397 0.800991755986317
0 0.544319740022805 0.9275517434435576 0.5492144230330672 0.9426231208665906 0.6207034070695553 0.9286188415051312 0.6195786499429875 0.9123565507411631 0.544319740022805 0.9275517434435576
0 0.7639643454960091 0.9447018415051311 0.7632686636259978 0.9776252576966933 0.7934346841505131 0.9749860729760547 0.789030598631699 0.9484909669327253 0.7639643454960091 0.9447018415051311
0 0.6687251550741162 0.939321070695553 0.6763179874572405 0.985232456100342 0.719496802736602 0.9814547993158494 0.7069282987457242 0.9297472029646522 0.6687251550741162 0.939321070695553
0 0.9764595108323831 0.403257244013683 0.9932795427594071 0.4013543534777651 0.9868466316989738 0.3278258449258837 0.960451433295325 0.33609687457240595 0.9764595108323831 0.403257244013683
0 0.9463359315849487 0.24969364310148232 0.960880165336374 0.32055975940706954 0.9859148825541618 0.31717590079817565 0.9706677628278221 0.2450882725199544 0.9463359315849487 0.24969364310148232
0 0.8351110957810718 0.07520322576966931 0.8043816579247435 0.08504548916761688 0.8250639555302167 0.13748934663625997 0.8523981402508553 0.12973218472063855 0.8351110957810718 0.07520322576966931