0 0 0.5991783329532496 0.04194522576966933 0.5886777913340936 0.028174286202964652 0.5305051607753706 0 0.5338170524515393 0 0.5991783329532496
0 0.27482724971493727 0.37909979817559863 0.20158789965792473 0.38053343443557586 0.20574337286202965 0.42313645952109463 0.2789413055872292 0.4222951277080958 0.27482724971493727 0.37909979817559863
0 0.48232020980615736 0.6516548939566705 0.43005029874572404 0.6593211539338655 0.44532003648802737 0.7238575860889395 0.49449181870011405 0.715675518814139 0.48232020980615736 0.6516548939566705
0 0.5111901379703535 0.4343644503990878 0.47608289623717215 0.44323240706955525 0.4889850912200684 0.48197679817559863 0.5195715644241733 0.476071015963512 0.5111901379703535 0.4343644503990878
0 0.5768546750285063 0.4902075701254276 0.5464827445838085 0.4994066522234891 0.5587957525655645 0.5547973683010262 0.5912593363740023 0.5478293135689851 0.5768546750285063 0.4902075701254276
0 0.4894440444697834 0.22664621550741162 0.4599499942987457 0.23173558722919044 0.46462161915621436 0.26930924059293043 0.4987065781071836 0.26424172976054733 0.4894440444697834 0.22664621550741162
0 0.6940724424173319 0.6336837685290765 0.6618820752565565 0.6433524595210947 0.6679632018244014 0.6768520114025085 0.7007200433295325 0.6746723283922463 0.6940724424173319 0.6336837685290765
0 0.8154171049030787 0.5140397103762827 0.782509961231471 0.5254470114025085 0.7967784606613455 0.5765042041049031 0.833287858608894 0.5730973591790194 0.8154171049030787 0.5140397103762827
0 0.7507742862029646 0.5285909007981756 0.6959738380843785 0.5384657069555302 0.7049136088939567 0.5819984823261117 0.7624060330672748 0.566352086659065 0.7507742862029646 0.5285909007981756
0 0.6014402576966933 0.7338802098061573 0.5898953477765108 0.7289018141391106 0.5788459851767389 0.7653761482326111 0.5986100022805017 0.7658653831242874 0.6014402576966933 0.7338802098061573
0 0.5519933819840365 0.6076578745724059 0.5364846020524515 0.6083621277080958 0.5614970649942987 0.6819220342075256 0.572160646522235 0.6764102736602052 0.5519933819840365 0.6076578745724059
0 0.7962641710376283 0.8559662725199544 0.7399887537058153 0.8699106031927024 0.7502869270239453 0.9150279338654504 0.806888779931585 0.8996184298745724 0.7962641710376283 0.8559662725199544
0 0.6985580136830102 0.7651058665906499 0.7116215359179019 0.7993928403648803 0.7624464230330673 0.7868561037628279 0.751791976054732 0.7521423888255416 0.6985580136830102 0.7651058665906499
0 0.8943236602052452 0.38904728962371726 0.8817319714937286 0.3905491584948689 0.8927109589509692 0.4467393911060433 0.9075437137970354 0.44658619954389966 0.8943236602052452 0.38904728962371726
0 0.9160410524515394 0.3846060877993158 0.8995653215507411 0.3906042234891676 0.9160937058152794 0.4439057742303307 0.9303079931584948 0.4356631721778791 0.9160410524515394 0.3846060877993158
0 0.8740111299885974 0.08428954732041048 0.8431698095781072 0.09166707525655644 0.8578657217787914 0.16718711060433294 0.8926205895096921 0.158296078677309 0.8740111299885974 0.08428954732041048
0 0.9117763899657925 0.0714347936145952 0.8801454800456101 0.0900815678449259 0.8944622998859749 0.14114213911060433 0.9318787468643102 0.12409189509692133 0.9117763899657925 0.0714347936145952
0 0.8709839293044469 0.03401842303306728 0.8481368152793614 0.04612605701254276 0.8605530307867731 0.09049869555302166 0.8796259897377423 0.08050951311288483 0.8709839293044469 0.03401842303306728
0 0.8880920410490308 0.0274661755986317 0.8714817080957811 0.02689986887115165 0.8859584059293044 0.08423061687571265 0.9089823192702394 0.06885548004561004 0.8880920410490308 0.0274661755986317
0 0.6262576396807297 0.013328028506271381 0.5693382622576967 0.01948033409350057 0.5721459099201824 0.05781644469783352 0.628503157354618 0.04924246636259977 0.6262576396807297 0.013328028506271381
0 0.9365319236031927 0.8228671037628278 0.9216554161915621 0.8230188027366021 0.9300708004561004 0.8560863808437855 0.942110708095781 0.8536499954389966 0.9365319236031927 0.8228671037628278