0 0.18546791790193842 0.796711094640821 0.18343244697833525 0.748051708095781 0.14859653477765108 0.7436121265678449 0.1481965849486887 0.8027077947548461 0.18546791790193842 0.796711094640821
0 0.5657847559863171 0.3227170832383124 0.5595346180159635 0.2705682212086659 0.5261033181299886 0.25868111858608894 0.534288307867731 0.3197038141391106 0.5657847559863171 0.3227170832383124
0 0.5710859361459522 0.3885424036488027 0.568353181299886 0.33395678335233747 0.5374412690992018 0.33954243329532496 0.5403282200684151 0.39383000570125426 0.5710859361459522 0.3885424036488027
0 0.6106088392246295 0.6135118985176738 0.6081662314709236 0.5755487457240593 0.5583816077537058 0.5707762554161916 0.559645558722919 0.61677682668187 0.6106088392246295 0.6135118985176738
0 0.5971877149372862 0.7283589327251996 0.5918110205245154 0.6922285165336375 0.5480754161915622 0.6938826841505131 0.5486285974914481 0.7333634184720639 0.5971877149372862 0.7283589327251996
0 0.6016998848346636 0.7829134937286203 0.60103669327252 0.7449192816419613 0.5544379771949829 0.7525618301026226 0.5531599304446978 0.7891053261117447 0.6016998848346636 0.7829134937286203
0 0.6096242816419613 0.8290962907639681 0.6053519794754846 0.7881943101482326 0.5532958460661346 0.7891029532497149 0.5593375313568986 0.8370985724059293 0.6096242816419613 0.8290962907639681
0 0.6949265062713798 0.37984851425313565 0.6909976054732041 0.3246883694412771 0.661770181299886 0.3266846989737742 0.6593309395667047 0.3798759965792474 0.6949265062713798 0.37984851425313565
0 0.7246420421892816 0.24690184492588368 0.70325951995439 0.2454935575826682 0.7101033181299886 0.2976320570125428 0.7260734903078677 0.29497793500570124 0.7246420421892816 0.24690184492588368
0 0.7592250068415051 0.29083623033067274 0.7592590992018244 0.25876825199543896 0.7397113249714936 0.25584333751425314 0.7450016009122007 0.2916783409350057 0.7592250068415051 0.29083623033067274
0 0.8027893968072976 0.30551566248574685 0.8019293204104903 0.2562419190421893 0.7842588323831242 0.25951955986316994 0.7856319030786774 0.30819050969213224 0.8027893968072976 0.30551566248574685
0 0.9939576031927024 0.22082266818700116 0.9910247605473205 0.17930503078677307 0.9471998437856328 0.18363147776510833 0.9515135940706956 0.22690809578107185 0.9939576031927024 0.22082266818700116
0 0.2836759258836944 0.5770558620296465 0.3584051676168757 0.5757514583808439 0.35560432383124285 0.4493123318129989 0.28103051767388826 0.4595216294184721 0.2836759258836944 0.5770558620296465