0 0.8744155701254276 0.05977993158494869 0.8857152793614594 0.025750890535917902 0.8721063226909921 0.024799259977194985 0.8591671014823261 0.05335685518814139 0.8744155701254276 0.05977993158494869
0 0.8889644184720639 0.06079728506271379 0.9028196476624858 0.06176613797035348 0.9110972702394526 0.028418572405929304 0.9005088415051311 0.026785356898517673 0.8889644184720639 0.06079728506271379
0 0.8387884971493729 0.11859579589509692 0.7645919122006841 0.09971630330672748 0.7516918871151653 0.1821437936145952 0.8199718882554162 0.20060642759407069 0.8387884971493729 0.11859579589509692
0 0.8086798996579248 0.04744564652223489 0.8147074218928164 0.020785538198403647 0.795772409350057 0.019461472063854048 0.791275086659065 0.04235978449258837 0.8086798996579248 0.04744564652223489
0 1 0.25057531698973773 0.9815200832383124 0.24583093728620295 0.9717280695553021 0.2838342052451539 1 0.29285880957810717 1 0.25057531698973773
0 0.8674238871151653 0.25332775142531355 0.8575060615735463 0.2931078209806158 0.9104720273660205 0.3009779612314709 0.9224246077537057 0.26610177423033066 0.8674238871151653 0.25332775142531355
0 0.7416672668187001 0.4585099144811859 0.7295568859749144 0.4561750741163056 0.7160593899657925 0.50463282668187 0.730012141391106 0.5091796966932725 0.7416672668187001 0.4585099144811859
0 0.6950885153933866 0.4388832474344356 0.6821237251995439 0.5052358129988598 0.6948934287343215 0.5096999566704675 0.709923496009122 0.4393254104903079 0.6950885153933866 0.4388832474344356
0 0.6682340638540479 0.7435364709236032 0.6168452964652223 0.7244678209806158 0.6030578745724059 0.7770717001140252 0.6590775302166476 0.7922977730900798 0.6682340638540479 0.7435364709236032
0 0.19764763740022803 0.4597515473204105 0.12719806499429873 0.4307196385404789 0.11551889737742303 0.4787093409350057 0.1760346944127708 0.5061538129988598 0.19764763740022803 0.4597515473204105
0 0.26459171151653366 0.8795862143671608 0.22996657810718357 0.8658577571265679 0.20339294070695552 0.9312571322690991 0.2399665575826682 0.9439330068415052 0.26459171151653366 0.8795862143671608
0 0.15053523033067276 0.6234122588369441 0.1266617251995439 0.6169796944127708 0.1145434732041049 0.6542250969213227 0.1342059384264538 0.6621472291904219 0.15053523033067276 0.6234122588369441
0 0.06743914595210947 0.8425887343215508 0.04017591676168757 0.8418711368301025 0.037897823261117444 0.8744493956670467 0.0601350330672748 0.8795755735461802 0.06743914595210947 0.8425887343215508
0 0.8149393420752566 0.9153918688711516 0.7666669475484607 0.9033875028506272 0.7635606043329533 0.9478102770809578 0.7969976966932726 0.9543148244013684 0.8149393420752566 0.9153918688711516
0 0.034048629418472066 0.36825720638540477 0.01000245496009122 0.35735013683010264 0.007413835803876854 0.3943691151653364 0.020279278221208667 0.4036015518814139 0.034048629418472066 0.36825720638540477