0 0.20885260775370582 0.2623458209806157 0.23299268301026227 0.18401724857468643 0.13442996351197264 0.16788052565564424 0.11389030672748005 0.23969237742303307 0.20885260775370582 0.2623458209806157
0 0.08194063625997719 0.04480097947548461 0.03775519384264538 0.04390326567844926 0.02810881299885975 0.09714504218928165 0.0701852086659065 0.10120422690992019 0.08194063625997719 0.04480097947548461
0 0.6086258996579247 0.11066515507411631 0.6158544321550741 0.057037326111744585 0.5826060410490308 0.048306579247434436 0.5699949509692133 0.10511249714937286 0.6086258996579247 0.11066515507411631
0 0.4765820478905359 0.27048168529076394 0.4904722246294185 0.21805909236031926 0.43306666134549604 0.1988987810718358 0.41418196465222346 0.25212222234891674 0.4765820478905359 0.27048168529076394
0 0.4833242155074116 0.5110454218928164 0.4961925336374002 0.47419301482326115 0.4263154971493729 0.4691530832383124 0.42072355872291906 0.5040184389965793 0.4833242155074116 0.5110454218928164
0 0.16553875940706955 0.5983933842645381 0.09460392930444698 0.5914995290763968 0.08810956100342075 0.6194563101482327 0.16081730672748004 0.6261950558722919 0.16553875940706955 0.5983933842645381
0 0.09229263625997719 0.7149567012542759 0.08682488255416192 0.6797100604332953 0.04837799315849487 0.6830737274800456 0.047494460661345494 0.7206625188141391 0.09229263625997719 0.7149567012542759
0 0.6643524720638541 0.7953104207525656 0.6588328335233751 0.7594707331812999 0.5456535313568985 0.7908779110604333 0.5495849532497149 0.8255955005701254 0.6643524720638541 0.7953104207525656
0 0.3804779030786773 0.9773412782212086 0.3791231904218928 0.9345888494868871 0.286863496009122 0.939420070695553 0.2868156647662486 0.9831547263397947 0.3804779030786773 0.9773412782212086
0 0.445438409350057 0.738840778791334 0.43657668529076393 0.7056759897377423 0.3920386750285063 0.7143375689851768 0.40164699885974914 0.7492235245153934 0.445438409350057 0.738840778791334
0 0.7385987822120866 0.5607593911060433 0.7538088722919042 0.46892334207525654 0.6847783135689851 0.459933669327252 0.6642185062713797 0.5553590091220069 0.7385987822120866 0.5607593911060433
0 0.7667729122006841 0.12660175370581528 0.7734845028506272 0.06706524515393386 0.7374781242873433 0.06426148802736602 0.732163006841505 0.12272846636259976 0.7667729122006841 0.12660175370581528
0 0.6506003329532497 0.004576581527936146 0.6135431482326112 0.010199599771949827 0.6154636510832383 0.045758152793614594 0.6532674367160775 0.04185630102622577 0.6506003329532497 0.004576581527936146
0 1 0.8779416761687571 0.9824611140250855 0.878563165336374 0.9840554435575827 0.9138177388825541 1 0.9138607001140251 1 0.8779416761687571
0 0.3721316328392246 0.6571298893956671 0.3696728072976055 0.622212882554162 0.3420885758266819 0.6202815324971493 0.33553531927023944 0.6543777445838084 0.3721316328392246 0.6571298893956671
0 0.995219118586089 0.687168228050171 0.9867193648802737 0.6581407605473204 0.9619801197263398 0.6614956316989737 0.9699619623717218 0.6948220980615735 0.995219118586089 0.687168228050171
0 0.5595291835803876 0.4555519270239453 0.5709378437856328 0.43609606043329535 0.513712449258837 0.4257896750285063 0.5078034595210946 0.44340608893956673 0.5595291835803876 0.4555519270239453
0 0.15576445610034206 0.3640472633979476 0.16911488939566705 0.3122679110604333 0.1492633797035348 0.30677091676168755 0.13953587343215507 0.36249169555302163 0.15576445610034206 0.3640472633979476