0 0.11443476966932724 0.5042892964652224 0.11316791676168757 0.5920147810718358 0.19525889509692132 0.5967531117445838 0.1926958072976055 0.512938810718358 0.11443476966932724 0.5042892964652224
0 0.24936040592930445 0.5949999338654504 0.19888495438996578 0.590475692132269 0.20071484378563284 0.697300834663626 0.2483048095781072 0.6988009920182441 0.24936040592930445 0.5949999338654504
0 0.38495633409350055 0.6457202884834664 0.3523351892816419 0.6408244663625998 0.35264266590649945 0.717089441277081 0.3870257468643101 0.717061401368301 0.38495633409350055 0.6457202884834664
0 0.1659214070695553 0.7793188232611175 0.10657359863169898 0.7755708129988598 0.1082079669327252 0.8457579509692132 0.1685823101482326 0.8506081881413912 0.1659214070695553 0.7793188232611175
0 0.14108659407069557 1 0.14086667730900798 0.9358810649942988 0.09924444469783353 0.9371384663625998 0.10553336031927024 1 0.14108659407069557 1
0 0.09207401368301026 1 0.09575239566704676 0.9994298563283923 0.09298745952109465 0.974639 0.06276190649942988 0.9766873751425315 0.06453189281641962 1 0.09207401368301026 1
0 0.3822487172177879 0.8873444766248575 0.33272869099201824 0.8869103409350058 0.33490652793614595 0.9537718323831242 0.3887396966932725 0.954724212086659 0.3822487172177879 0.8873444766248575
0 0.4656469315849487 0.7775329771949829 0.4135506978335234 0.774938590649943 0.4182154595210947 0.8418820820980616 0.4716202896237172 0.8389962508551881 0.4656469315849487 0.7775329771949829
0 0.5769336351197264 0.8297825267958951 0.5775049623717218 0.7886072976054732 0.5417991927023945 0.7893470763968073 0.5426556180159635 0.8247367901938427 0.5769336351197264 0.8297825267958951
0 0.5475577799315849 0.8824180957810719 0.5130853192702395 0.8836475598631698 0.5140147023945267 0.9419760148232611 0.5547882576966933 0.9378127730900798 0.5475577799315849 0.8824180957810719
0 0.6674648369441277 0.6311347343215508 0.6744365724059292 0.6835719600912201 0.702991149372862 0.6828618129988597 0.7018323797035347 0.6287239828962372 0.6674648369441277 0.6311347343215508
0 0.2772298403648803 0.2593860273660205 0.23900286202964655 0.2585583283922463 0.24723225313568986 0.3195262166476625 0.2821237137970353 0.32213577993158493 0.2772298403648803 0.2593860273660205
0 0.3177585701254276 0.07524519270239452 0.32263796579247433 0.11057938198403648 0.34555721550741164 0.10678772177879134 0.34438187343215504 0.07291595553021665 0.3177585701254276 0.07524519270239452
0 0.5513328038768529 0 0.555011677309008 0.05448823489167617 0.5965304127708095 0.052047851767388825 0.5914183568985176 0 0.5513328038768529 0
0 0.7693058711516534 0.5209017343215507 0.7734164116305587 0.5610729030786773 0.786588984036488 0.5617069372862029 0.7856430285062713 0.523644543899658 0.7693058711516534 0.5209017343215507
0 0.7554692246294185 0.5262844104903078 0.741240842645382 0.5203770159635119 0.7422322953249715 0.5614155188141391 0.7574946647662485 0.5630603238312428 0.7554692246294185 0.5262844104903078
0 0.8736312919042188 0.8956116214367161 0.8554680513112886 0.8924341231470924 0.8546897274800457 0.9312433899657925 0.8720028711516534 0.931516740022805 0.8736312919042188 0.8956116214367161
0 0.6033592862029646 0.17780779247434436 0.6021337537058152 0.14334440022805017 0.5652872337514253 0.14328995210946407 0.5684001174458381 0.18026873774230331 0.6033592862029646 0.17780779247434436
0 0.24628702394526794 0.02153872748004561 0.21318525997719498 0.024792368301026223 0.21811179703534778 0.03777175712656784 0.24815153135689852 0.036037648802736605 0.24628702394526794 0.02153872748004561