0 0.8057561664766248 0.30687118814139114 0.8566915324971495 0.32090198061573544 0.8659289338654503 0.2753758928164196 0.8153838928164197 0.2625894435575827 0.8057561664766248 0.30687118814139114
0 0.810104677309008 0.3738063124287343 0.8409227137970354 0.3859667913340935 0.8580253466362601 0.3246550068415051 0.8252205165336374 0.3140467810718358 0.810104677309008 0.3738063124287343
0 1 0.27450821778791334 0.9785664458380844 0.26886693500570125 0.965301385404789 0.3330411755986317 1 0.34150490877993156 1 0.27450821778791334
0 0.9447396830102622 0.26172248688711514 0.951686236031927 0.20514735575826681 0.916305669327252 0.19601592246294186 0.9061936738882554 0.25399858722919044 0.9447396830102622 0.26172248688711514
0 0.6590867309007982 0.23921110148232613 0.677374409350057 0.148734157354618 0.605881952109464 0.13158106271379702 0.5881700501710376 0.21734303192702395 0.6590867309007982 0.23921110148232613
0 0.5457998312428735 0.5770496624857469 0.5580085222348916 0.5019779543899658 0.5174066510832382 0.49639446180159635 0.5042348403648803 0.5695532873432155 0.5457998312428735 0.5770496624857469
0 0.1749157730900798 0.12293253249714937 0.2097691220068415 0.1266137765108324 0.228233842645382 0.015219683010262258 0.19285308551881414 0.006089800456100342 0.1749157730900798 0.12293253249714937
0 0.04131271835803877 0.33384754389965793 0.07248210832383124 0.33827444697833525 0.09166185176738882 0.23055740136830102 0.05580559179019384 0.2255565974914481 0.04131271835803877 0.33384754389965793
0 0.15043148916761687 0.5757630410490308 0.2076940684150513 0.58698303990878 0.21714282782212085 0.5295171482326112 0.15861860661345498 0.5139563523375142 0.15043148916761687 0.5757630410490308
0 0.5429987776510832 0.8094105952109464 0.6214126134549601 0.8238242748004561 0.6260837137970353 0.7744473660205246 0.553793157354618 0.760486425313569 0.5429987776510832 0.8094105952109464
0 0.533144984036488 0.6508701710376282 0.4727063283922463 0.6362723044469784 0.4631316237172178 0.6703910068415051 0.5312330456100343 0.6859297434435576 0.533144984036488 0.6508701710376282
0 0.5511588848346636 0.6016376031927023 0.5390291425313569 0.6468085575826682 0.6163560296465221 0.6700619110604333 0.626488913340935 0.6216531550741162 0.5511588848346636 0.6016376031927023
0 0.638170197263398 0.5411328084378563 0.6432145005701254 0.4903062006841505 0.5723821778791334 0.47263595096921324 0.5635020421892816 0.5205987423033067 0.638170197263398 0.5411328084378563
0 0.5910459566704676 0.418097724059293 0.6068236704675029 0.357819677309008 0.5327568358038769 0.34214511516533636 0.5222154127708095 0.407253558722919 0.5910459566704676 0.418097724059293
0 0.3869799566704675 0 0.3804041847206385 0.03809131470923603 0.4896966111744584 0.059287453819840366 0.49340625997719495 0.013381746864310148 0.4333344378563284 0 0.3869799566704675 0
0 0.09363863625997719 0.6435674492588369 0.15274173660205242 0.6544136522234892 0.15458951995438996 0.6169533660205244 0.101661086659065 0.607461953249715 0.09363863625997719 0.6435674492588369
0 0.15450223033067276 0.5182365963511972 0.12201972519954389 0.519632126567845 0.10860975484606614 0.5849865667046751 0.14559256328392248 0.5952104697833523 0.15450223033067276 0.5182365963511972
0 0.2969435929304447 0.737324189281642 0.35604669327252 0.7481703922462942 0.3627000809578107 0.7124965792474345 0.30157462827822124 0.6996074355758266 0.2969435929304447 0.737324189281642
0 0.5122485815279362 0.1631553762827822 0.5553644663625998 0.17263680273660206 0.5652143865450399 0.11551927366020524 0.5179547616875713 0.111810251995439 0.5122485815279362 0.1631553762827822