0 0.33575904332953255 0.877130921322691 0.3007559429874573 0.880617763968073 0.2962607765108324 0.9517877673888256 0.33539125997719493 0.9505273625997719 0.33575904332953255 0.877130921322691
0 0.4579269156214367 0.8625099064994299 0.46027837058152793 0.7946951425313569 0.42729362713797037 0.7960044709236032 0.41826050969213224 0.8649080262257697 0.4579269156214367 0.8625099064994299
0 0.1172678802736602 0.3025164515393387 0.08241921094640821 0.2988537092360319 0.07832283808437855 0.33782809007981757 0.11516608551881415 0.3363257149372862 0.1172678802736602 0.3025164515393387
0 0.23618587913340935 0.19382006727480044 0.2411811220068415 0.1406132394526796 0.21528545496009122 0.1426676590649943 0.20994797035347776 0.19345043443557583 0.23618587913340935 0.19382006727480044
0 0.11682186088939567 0.0738091345496009 0.08122671037628279 0.07723375142531357 0.07940005815279362 0.11166895324971494 0.11424712428734321 0.11503301824401367 0.11682186088939567 0.0738091345496009
0 0.48858564424173323 0.3946783500570125 0.45541626339794755 0.39775933295324967 0.45473673432155076 0.4156000992018244 0.4887730273660206 0.4114161904218928 0.48858564424173323 0.3946783500570125
0 0.4884879270239453 0.36720670467502853 0.4569962143671608 0.36568628278221205 0.45864698175598634 0.3897421790193843 0.4921723557582668 0.38759414253135693 0.4884879270239453 0.36720670467502853
0 0.057113362599771955 0.4657493614595211 0.07707057810718358 0.45769759977194985 0.06811423945267958 0.4406366966932725 0.0481889464082098 0.45406499885974916 0.057113362599771955 0.4657493614595211
0 0.08468319726339794 0.44775134891676166 0.0928309236031927 0.461145141391106 0.11150223375142532 0.44788355188141393 0.10659964994298746 0.4381144503990878 0.08468319726339794 0.44775134891676166
0 0.21002494298745725 0.4370444754846066 0.22329917103762828 0.441424755986317 0.22594164310148235 0.4070752998859749 0.2080603557582668 0.4045988802736602 0.21002494298745725 0.4370444754846066
0 0.4896974424173318 0.35001866248574687 0.4955669270239452 0.3225756054732041 0.45577623033067277 0.3261562725199544 0.4529214595210947 0.35331759749144814 0.4896974424173318 0.35001866248574687