0 0.15632153021664769 0.7256606704675028 0.18853948232611176 0.7017006453819841 0.16406637514253136 0.6512372896237172 0.13322092702394528 0.6753658380843786 0.15632153021664769 0.7256606704675028
0 0.022708083238312426 0.29469461915621437 0.02560807069555302 0.3369253204104903 0.0624533511972634 0.3093444218928164 0.03906000342075257 0.2841399954389966 0.022708083238312426 0.29469461915621437
0 0.20721398175598632 0.5155561881413911 0.2574308620296465 0.48124376510832384 0.24485659635119728 0.4587625256556443 0.19427714937286203 0.4846555062713797 0.20721398175598632 0.5155561881413911
0 0.11099344925883695 0.2092230581527936 0.14371656100342076 0.18113602052451538 0.11825362485746864 0.1500936716077537 0.0781320535917902 0.17029213683010264 0.11099344925883695 0.2092230581527936
0 0.08908491904218929 0.06974153021664767 0.045501648802736605 0.109055921322691 0.049269173318129994 0.1555806054732041 0.1123093637400228 0.09632156442417332 0.08908491904218929 0.06974153021664767
0 0.19794227708095782 0.09148088483466363 0.2263555678449259 0.053094970353477766 0.1940471140250855 0.03237971379703535 0.17076611744583808 0.0630192953249715 0.19794227708095782 0.09148088483466363
0 0.446411748004561 0.06615731128848347 0.4782704241733181 0.03377667274800456 0.42620475940706953 0.0036553831242873433 0.4078900672748004 0.027926168757126568 0.446411748004561 0.06615731128848347
0 0.5290521539338655 0.10840763397947548 0.5544031185860889 0.08360287343215508 0.5232984561003421 0.0644301961231471 0.5032734526795895 0.09128367388825541 0.5290521539338655 0.10840763397947548
0 0.7192092041049031 0.1038385165336374 0.6940823340935005 0.07004631470923603 0.6718389475484606 0.10360756328392247 0.6979788574686432 0.12914922576966933 0.7192092041049031 0.1038385165336374
0 0.6947505781071835 0.3143975473204105 0.7227925324971494 0.34715447890535917 0.7630145461801596 0.29207229874572405 0.7298387434435576 0.26706150855188143 0.6947505781071835 0.3143975473204105
0 0.6622601379703534 0.2043268836944128 0.6282082223489168 0.25458284948688714 0.656564771949829 0.2734181014823261 0.6928582816419612 0.22762483124287344 0.6622601379703534 0.2043268836944128
0 0.656199527936146 0.68514251995439 0.6095950045610035 0.7240875233751426 0.6324800923603192 0.7534185803876853 0.677205590649943 0.7184303249714937 0.656199527936146 0.68514251995439
0 0.5825921277080958 0.10381547434435576 0.6117025017103762 0.07109896009122008 0.5874653990877993 0.052766363740022804 0.5648608038768529 0.07790990992018244 0.5825921277080958 0.10381547434435576
0 0.4889060262257697 0.20048891220068416 0.5416920935005701 0.1453547023945268 0.5233485917901939 0.13412769555302165 0.48422272177879133 0.18884700912200686 0.4889060262257697 0.20048891220068416
0 0.5041742713797036 0.18322093044469784 0.4904433728620296 0.19768662941847207 0.515603542759407 0.23128456670467504 0.5295499703534777 0.21505070467502851 0.5041742713797036 0.18322093044469784