0 0.756264062713797 0.0994937502850627 0.7853578129988597 0.1256265621436716 0.8097015621436715 0.09771250057012543 0.7844671870011403 0.07421875028506271 0.756264062713797 0.0994937502850627
0 0.5817 0.28538906271379705 0.6030765621436716 0.3133031254275941 0.6517624994298746 0.28301406271379703 0.6250453124287344 0.25590781299885973 0.5817 0.28538906271379705
0 0.48313750057012544 0.21293124971493727 0.5062937502850627 0.23847031242873432 0.5276687502850627 0.22184062485746864 0.5003562497149373 0.19534531242873432 0.48313750057012544 0.21293124971493727
0 0.375075 0.19273750057012543 0.4302937502850627 0.25628750057012545 0.4540437502850627 0.237875 0.39971406271379706 0.17753281299885976 0.375075 0.19273750057012543
0 0.3471687502850627 0.2503484378563284 0.375075 0.2752921870011403 0.4184171870011402 0.24915937514253136 0.38991718700114025 0.21850156214367158 0.3471687502850627 0.2503484378563284
0 0.33054218700114024 0.2325296875712657 0.2794796875712657 0.26578906271379704 0.30204218700114027 0.29667343785632844 0.3519171870011402 0.2628203124287343 0.33054218700114024 0.2325296875712657
0 0.07404062485746864 0.12740781299885975 0.09660312542759407 0.15354062485746864 0.12807187457240593 0.13032968757126567 0.09838593728620297 0.10068124971493728 0.07404062485746864 0.12740781299885975
0 0.15479218700114025 0.5912546875712656 0.13341718700114025 0.558589062713797 0.07225937514253135 0.5995703124287344 0.09244687457240593 0.6299718745724059 0.15479218700114025 0.5912546875712656
0 0.18982343785632838 0.5710625005701254 0.16250937514253136 0.5401781254275941 0.14113437514253135 0.557996874572406 0.1628062497149373 0.587221874572406 0.18982343785632838 0.5710625005701254
0 0.26879218700114027 0.66015 0.29313593728620296 0.6922203124287344 0.34241718700114027 0.6506453124287344 0.31599687457240594 0.6210656248574686 0.26879218700114027 0.66015
0 0.24563593728620298 0.7563624994298747 0.26938593728620297 0.7914046875712657 0.29372968757126566 0.776035937286203 0.27769843785632836 0.7432968745724059 0.24563593728620298 0.7563624994298747
0 0.6571078129988598 0.9078125005701254 0.6523562497149373 0.8888062497149373 0.5917937502850626 0.911375 0.597435937286203 0.9274437502850627 0.6571078129988598 0.9078125005701254
0 0.98575 0.5355656248574686 0.9130156248574687 0.4528734378563284 0.8803593751425313 0.48137968757126565 0.9272656248574687 0.5407718745724059 0.8987656248574686 0.5621531254275941 0.9219218745724059 0.5894734378563284 0.98575 0.5355656248574686
0 0.5276687502850627 0.43921250057012545 0.49976250057012545 0.46296875028506274 0.5205437502850627 0.4962281254275941 0.5514187502850627 0.47128437514253135 0.5276687502850627 0.43921250057012545
0 0.6096078129988597 0.4107046875712657 0.5811078129988597 0.369725 0.5520124994298745 0.38991718700114025 0.5814046875712656 0.42869062485746867 0.6096078129988597 0.4107046875712657
0 0.4202 0.5900671870011402 0.4202 0.5283 0.37032343785632843 0.5300828129988597 0.37121406271379703 0.587221874572406 0.4202 0.5900671870011402