0 0.07996984834663626 0.1103534424173318 0.053050532497149375 0.13654929874572408 0.10910203648802737 0.20197555416191562 0.13758107525655644 0.18279702394526798 0.07996984834663626 0.1103534424173318
0 0 0.184223921322691 0.027007965792474345 0.1728023238312429 0 0.14552668757126566 0 0.184223921322691
0 0.18678963740022805 0.6362352485746864 0.1370476009122007 0.6537010775370581 0.1500315267958951 0.7106768893956671 0.20503385632839224 0.6948384754846065 0.18678963740022805 0.6362352485746864
0 0.43308958608893955 0.1396588574686431 0.3711372314709236 0.17428386887115166 0.3913774686431015 0.2094661961231471 0.45384195667046745 0.1724123055872292 0.43308958608893955 0.1396588574686431
0 0.3609986316989738 0.32417695781071837 0.39268762713797034 0.36610588255416193 0.43926677309007983 0.34653269783352336 0.40330279475484604 0.2966335336374002 0.3609986316989738 0.32417695781071837
0 0.6693248494868871 0.29124172862029646 0.6370938836944129 0.2976361128848347 0.6526571288483467 0.3448499737742303 0.6872272554161916 0.33914339908779934 0.6693248494868871 0.29124172862029646
0 0.8303821698973775 0.6806568129988597 0.7665709885974914 0.7076962166476625 0.7881334139110604 0.7692856693272521 0.8596886305587229 0.743058794754846 0.8303821698973775 0.6806568129988597
0 0.5218304697833523 1 0.5222250604332953 0.9999654777651084 0.49382535005701256 0.949702535917902 0.445190598631699 0.9730301014823262 0.4605848175598632 1 0.5218304697833523 1
0 0.29137284036488026 0.8571499315849488 0.23910648232611173 0.8730485553021665 0.24715945952109464 0.9113831915621436 0.30085996579247437 0.8974451584948688 0.29137284036488026 0.8571499315849488
0 0.25452189623717214 0.783487645381984 0.23833998517673888 0.7825193067274802 0.2554557434435576 0.8427097377423033 0.26738925883694414 0.8419637001140251 0.25452189623717214 0.783487645381984
0 0.8379058962371722 0.8075464298745724 0.8064218038768529 0.8156650935005701 0.8294329179019385 0.883684 0.8628411174458381 0.8745029714937287 0.8379058962371722 0.8075464298745724
0 0.9546822862029646 0.8271322896237173 0.9180578244013683 0.8446393797035348 0.9381520763968073 0.8971205689851767 0.9795895689851768 0.8869390592930445 0.9546822862029646 0.8271322896237173
0 0.6713715359179019 0.9368513375142531 0.6966089418472065 0.9847088654503992 0.7350667274800455 0.9813442451539339 0.7034719270239452 0.9200364937286203 0.6713715359179019 0.9368513375142531
0 0.5771060011402509 0.15030375712656785 0.5442096773090079 0.16271810034207526 0.5555952907639681 0.19599302508551883 0.5910161140250856 0.18663591562143672 0.5771060011402509 0.15030375712656785
0 0.5305307696693272 0.07451057696693272 0.4903336898517674 0.09888799657924743 0.5136280649942988 0.13529316647662487 0.5562220592930445 0.10921599885974914 0.5305307696693272 0.07451057696693272
0 0.5282716989737742 0 0.537453070695553 0.029501611174458382 0.5865625347776511 0.02669513454960091 0.5732898836944128 0 0.5282716989737742 0
0 0.48992693842645385 0.10786385404789053 0.45775523375142535 0.12856062257696693 0.4667916351197263 0.14326650855188142 0.5028243329532497 0.12580805473204104 0.48992693842645385 0.10786385404789053
0 0.15872150969213228 0.029199717217787913 0.12325222576966932 0.03266048916761688 0.1671379441277081 0.07769446408209807 0.1938295678449259 0.05569065450399088 0.15872150969213228 0.029199717217787913
0 0.2989819714937286 0.6443002314709235 0.2671135188141391 0.6548381619156214 0.2764397149372862 0.6796510022805018 0.30915840136830103 0.6720187742303306 0.2989819714937286 0.6443002314709235