0 0.8678018517673889 0.10823441961231471 0.9711359920182441 0.14825241277080958 0.963877961231471 0.06529274116305588 0.8883185712656785 0.036178324971493724 0.8678018517673889 0.10823441961231471
0 0.7104928426453819 0.3607698392246294 0.7120666066134549 0.3719455165336374 0.7933015267958952 0.3535250182440137 0.7876665484606613 0.3402107867730901 0.7104928426453819 0.3607698392246294
0 0.7600304857468643 0.4296739258836944 0.8371492998859749 0.4663938700114025 0.843805220068415 0.45048448004561004 0.7665308688711516 0.4154109167616876 0.7600304857468643 0.4296739258836944
0 0.5673597297605473 0.7412738950969213 0.5958669395667047 0.767362038768529 0.6492272827822121 0.6960039019384265 0.6163686750285063 0.6712908643101482 0.5673597297605473 0.7412738950969213
0 1 0.7537958563283923 0.9534632588369442 0.7330978939566706 0.941134818700114 0.7693086180159635 0.9964886271379704 0.7888789988597492 1 0.7812683329532497 1 0.7537958563283923
0 0.40990369327251996 1 0.414387755986317 0.9684441698973775 0.3534272189281642 0.9529137582668187 0.3458823158494869 0.9893004264538199 0.3987857274800456 1 0.40990369327251996 1
0 0.5075421117445839 1 0.5408667765108324 0.9970844697833523 0.5623337924743443 0.9733591516533637 0.5285967046750285 0.9590246727480045 0.5016003477765109 1 0.5075421117445839 1
0 0.38530078107183585 0.5678533363740023 0.3572542782212087 0.5947187297605473 0.40847522348916765 0.6283449885974914 0.43348431470923604 0.6042486088939566 0.38530078107183585 0.5678533363740023
0 0.23477923261117445 0.5232634127708096 0.22237009350057013 0.5517392360319271 0.25943944355758264 0.5735053192702394 0.2761419076396807 0.5430085541619156 0.23477923261117445 0.5232634127708096
0 0.10895130216647662 0.5497527137970354 0.12534884948688713 0.5804717194982896 0.15728177194982898 0.5639836510832383 0.13887717445838085 0.5273373295324971 0.10895130216647662 0.5497527137970354
0 0.3088630889395667 0.6751690011402508 0.31356772862029647 0.7289432793614595 0.36153007867730896 0.725341566704675 0.35590034663625997 0.678006794754846 0.3088630889395667 0.6751690011402508
0 0.2118693637400228 0.8813414846066134 0.24130094754846068 0.9043702337514253 0.2685718996579247 0.8686402622576966 0.23448280273660205 0.8400635188141392 0.2118693637400228 0.8813414846066134
0 0.521793582668187 0.5815138745724059 0.5819979361459521 0.5202758768529077 0.5571431664766249 0.4950602223489168 0.48909446294184716 0.5551995940706956 0.521793582668187 0.5815138745724059
0 0.43797840706955526 0.584084881413911 0.49764148004561004 0.6324549019384265 0.5304364207525656 0.5849267126567845 0.46949208323831243 0.5457376738882554 0.43797840706955526 0.584084881413911
0 0.3484852189281642 0.13342451539338654 0.3570883637400228 0.1023031505131129 0.3210014241733182 0.09176605017103763 0.31238026339794756 0.11927523945267958 0.3484852189281642 0.13342451539338654
0 0.4097020775370581 0.09055410376282783 0.3981947856328393 0.12252556784492588 0.4317378551881414 0.13804866590649942 0.4471789942987457 0.10335367046750285 0.4097020775370581 0.09055410376282783
0 0.5558599794754846 0.8482692508551881 0.5345540182440137 0.8227415484606614 0.4972278620296465 0.859352803876853 0.520943810718358 0.8885829897377423 0.5558599794754846 0.8482692508551881
0 0.034231982896237176 0.7039595473204104 0.04213423375142532 0.719344992018244 0.09090712542759408 0.6841147810718358 0.08184448118586088 0.6725151904218929 0.034231982896237176 0.7039595473204104