0 0.061688606613454953 0.2702865267958951 0.022016060433295324 0.26432728278221207 0.01736568757126568 0.3085726305587229 0.04302283580387685 0.31723322576966934 0.061688606613454953 0.2702865267958951
0 0.9187658084378563 0.6873304116305587 0.9028736123147092 0.7249141755986317 0.9714406157354618 0.7541901938426454 0.9786536624857469 0.7173721573546181 0.9187658084378563 0.6873304116305587
0 0.7588223523375143 0.46523259407069556 0.7902286168757127 0.47883684264538195 0.8071428072976055 0.44287504218928164 0.7770245142531357 0.4283770889395667 0.7588223523375143 0.46523259407069556
0 0.7214525473204105 0.5310887137970354 0.7603676624857468 0.5499346909920183 0.7671039464082099 0.5227649863169898 0.7388811117445838 0.5072737844925884 0.7214525473204105 0.5310887137970354
0 0.8129814184720638 0.4214209395667047 0.8336384937286203 0.3895949087799316 0.7959677001140251 0.3731106864310148 0.781618676168757 0.4073876408209806 0.8129814184720638 0.4214209395667047
0 0.2974771676168757 0.12294316875712656 0.2838651584948689 0.14452762941847205 0.3473966362599772 0.1762563534777651 0.3596053637400228 0.15666267730900799 0.2974771676168757 0.12294316875712656
0 0 0.8922393728620296 0.052612647662485745 0.8621975689851769 0.045832354618015964 0.8471690068415051 0 0.8727723420752566 0 0.8922393728620296
0 0.06524905017103763 0.8328545632839225 0.09500742075256556 0.8791783010262257 0.13027795895096922 0.8673769897377422 0.10677032383124288 0.8183841984036488 0.06524905017103763 0.8328545632839225
0 0.04251472291904219 0.3959111197263398 0.00893318015963512 0.3888025758266818 0.0075071835803876856 0.4023700307867731 0.035480175598631696 0.4173982052451539 0.04251472291904219 0.3959111197263398
0 0.04414201254275941 0.3861087696693272 0.051395981755986316 0.36821430102622577 0.012919175598631698 0.3593987742303307 0.010359340935005701 0.37523356898517674 0.04414201254275941 0.3861087696693272
0 0.05182500798175599 0.355611984036488 0.057510618015963515 0.33843877765108327 0.014513530216647662 0.33570909236031926 0.015744770809578108 0.34955583352337516 0.05182500798175599 0.355611984036488
0 0.25655683238312427 0.4213898118586089 0.2663874526795895 0.461344078677309 0.31806303648802736 0.43262582668187 0.30397835233751425 0.40191973888255417 0.25655683238312427 0.4213898118586089
0 0.10722645838084378 0.9106089692132269 0.163974574686431 0.8989519042189281 0.16253687343215506 0.8671885575826682 0.10491898517673888 0.8700801265678448 0.10722645838084378 0.9106089692132269
0 0.4966750798175599 0.5736685153933865 0.5216990136830103 0.5883537377423033 0.5392469384264538 0.5548827628278221 0.5117090763968073 0.5442350057012543 0.4966750798175599 0.5736685153933865
0 0.6072326088939567 0.498805441277081 0.5672883899657925 0.5834752132269099 0.6737430729760547 0.6328372303306727 0.7107644572405929 0.541894763968073 0.6072326088939567 0.498805441277081
0 0.6607880832383125 0.40959920638540476 0.6852405507411631 0.3871195393386545 0.6593769407069556 0.36054233751425313 0.6329667890535917 0.3846073055872292 0.6607880832383125 0.40959920638540476
0 0.0022768198403648804 0.5373376761687572 0.03241983238312429 0.537399755986317 0.030793176738882554 0.49607364766248574 0.005652644241733181 0.5023787240592931 0.0022768198403648804 0.5373376761687572