0 0 0.3103108460661345 0.002601410490307868 0.3291007822120866 0.03919366134549601 0.3246655575826682 0.03561553477765108 0.2905194754846066 0 0.294130834663626 0 0.3103108460661345
0 0.1962293238312429 0.09343710376282782 0.1920907730900798 0.07681185974914481 0.11042270695553022 0.09203801254275941 0.114377165336374 0.10603062485746864 0.1962293238312429 0.09343710376282782
0 0 0.14649699657924745 0.022031291904218927 0.14307038654503992 0.018864576966932726 0.12757541505131129 0 0.1294078722919042 0 0.14649699657924745
0 0.31745574116305586 0.1161705290763968 0.3193749441277081 0.1351046510832383 0.3860554082098061 0.12687383124287344 0.38062808551881416 0.10881937970353478 0.31745574116305586 0.1161705290763968
0 0.5474980558722919 0.022506366020524516 0.5483411140250855 0.03881854161915622 0.6388808460661345 0.03129855416191562 0.6400102816419612 0.013380809578107184 0.5474980558722919 0.022506366020524516
0 0.5860752930444697 0 0.5866202257696694 0.015925371721778794 0.6375153625997719 0.011771238312428734 0.6362840330672749 0 0.5860752930444697 0
0 0.3371946031927024 0.2324925952109464 0.3370996545039909 0.26943765222348914 0.3977361641961231 0.2598470022805017 0.3973614150513113 0.22895257354618015 0.3371946031927024 0.2324925952109464
0 0.6512446887115164 0.40385769327251997 0.610458464082098 0.4078985781071836 0.6186335153933866 0.48224848916761687 0.6561686237172177 0.4742732462941847 0.6512446887115164 0.40385769327251997
0 0.8417247468643101 0.31045858608893956 0.8417005484606613 0.34415955530216646 0.8920463591790194 0.3406390330672748 0.8925250912200684 0.3049264572405929 0.8417247468643101 0.31045858608893956
0 0.8987004002280502 0.33363280387685296 0.9405469794754846 0.32773217331813 0.9360368962371722 0.2632349817559863 0.8971103090079818 0.26833466020524516 0.8987004002280502 0.33363280387685296
0 0.24522790992018242 0.019579848346636262 0.2504646465222349 0.06467753249714937 0.29005374344355755 0.05628455416191562 0.28470538312428734 0.01384644811858609 0.24522790992018242 0.019579848346636262
0 0.6127516681870011 0.04915222348916761 0.6114471938426453 0.07305613568985178 0.6429221231470924 0.07204559407069555 0.6407160478905359 0.04900899087799316 0.6127516681870011 0.04915222348916761
0 0.7534815302166477 0 0.7275056602052452 0.0048833033067274805 0.7309530752565564 0.04567187001140251 0.7685294925883694 0.03828737058152794 0.7630057753705816 0 0.7534815302166477 0
0 0.7995835917901939 0.435567023945268 0.8011045678449259 0.4700856362599772 0.8614795712656785 0.4652670387685291 0.8542984344355758 0.430688425313569 0.7995835917901939 0.435567023945268
0 0.6547649817559863 0.7265763819840365 0.6601618722919042 0.761196748004561 0.7092120376282782 0.7476593922462942 0.7058327936145952 0.7163798574686431 0.6547649817559863 0.7265763819840365
0 0.6931856659064993 0.8674535222348917 0.697930850627138 0.9012658175598631 0.753565976054732 0.8967802303306728 0.7527775929304448 0.8599705587229189 0.6931856659064993 0.8674535222348917
0 0.5821166909920182 0.9474195336374003 0.6390736761687572 0.9363021459521095 0.6367564526795896 0.9031643147092361 0.5791659646522235 0.9137339338654503 0.5821166909920182 0.9474195336374003
0 0.49059084948688714 0.8174170604332953 0.5515381927023946 0.8080380558722918 0.5425401767388826 0.772989724059293 0.4897707343215507 0.7844094903078678 0.49059084948688714 0.8174170604332953
0 0.21794925541619153 0.7232374104903079 0.21892931927023945 0.7415088654503991 0.2959417936145952 0.7277986624857469 0.29253811288483467 0.7131707708095781 0.21794925541619153 0.7232374104903079
0 0.326707511972634 0.6442960205245154 0.33180784834663624 0.678908929304447 0.37018188255416196 0.6744415222348917 0.3708279543899658 0.6410996100342076 0.326707511972634 0.6442960205245154
0 0.19622009806157353 0.8210602006841505 0.19711917901938428 0.8381735461801597 0.32164009007981753 0.8229252622576967 0.3187888529076397 0.8076635416191562 0.19622009806157353 0.8210602006841505
0 0.29449216191562144 0.8432560319270239 0.3222891242873432 0.8407186442417331 0.3236238722919042 0.8257594104903079 0.2929069179019384 0.8290977491448119 0.29449216191562144 0.8432560319270239
0 0.9464530775370582 0.7441517491448119 0.9487962953249715 0.7606378289623718 0.982888511972634 0.7630092029646522 0.9860001698973774 0.7479257137970353 0.9464530775370582 0.7441517491448119
0 0.9449397685290764 0.7650692029646522 0.9443199110604332 0.7817624811858609 0.9820503420752565 0.7850698460661346 0.9846525336374001 0.7712123831242873 0.9449397685290764 0.7650692029646522
0 0.9440165701254275 0.7901697457240593 0.9428066020524516 0.802679936145952 0.9764736351197264 0.8074602748004561 0.9784834139110604 0.7936426704675029 0.9440165701254275 0.7901697457240593
0 0.6639625530216647 0.7687343603192702 0.6623549509692133 0.7925592257696693 0.7155251368301025 0.7953821368301026 0.7206052656784493 0.7658902998859749 0.6639625530216647 0.7687343603192702
0 0.8643163306727479 0.7101390900798176 0.9038889395667047 0.5865792212086659 0.8687077331812999 0.5771462987457241 0.8301499498289624 0.6981729555302166 0.8643163306727479 0.7101390900798176
0 0.8702272451539339 0.42438537172177876 0.8732390444697834 0.4376873694412771 0.9045898289623717 0.43490147662485745 0.9061330068415051 0.4229005336374002 0.8702272451539339 0.42438537172177876
0 0.8635144059293045 0.4560636157354618 0.867650898517674 0.4684035644241733 0.9072526248574687 0.46444707525655643 0.9024557970353478 0.44694216875712656 0.8635144059293045 0.4560636157354618
0 0.6721947309007982 0.05658629418472064 0.672962488027366 0.06756573318129988 0.7118905256556443 0.062464386545039906 0.7092032930444697 0.04957042987457241 0.6721947309007982 0.05658629418472064
0 0.6876525895096921 0.07333944355758266 0.6888344161915622 0.09024036031927023 0.7053776100342075 0.08848991448118586 0.7032826807297605 0.0755545393386545 0.6876525895096921 0.07333944355758266
0 0.6970166624857468 0.13064614709236033 0.7016084389965793 0.14524108209806158 0.7169670250855188 0.1435734709236032 0.7158912497149373 0.1281891630558723 0.6970166624857468 0.13064614709236033
0 0.7659465758266818 0.15881740136830103 0.7670125553021665 0.16980574686431013 0.7850712633979476 0.1727046590649943 0.7808269885974914 0.1545674811858609 0.7659465758266818 0.15881740136830103
0 0.7448493443557583 0.13800086088939567 0.7452190410490308 0.14754363169897378 0.7576161083238312 0.14608310946408212 0.7576705233751425 0.13834953819840365 0.7448493443557583 0.13800086088939567