0 0.6507766989737742 0.40470596465222347 0.6256614549600913 0.2956869771949829 0.5624536750285063 0.31062206157354616 0.59496834663626 0.42108134321550744 0.6507766989737742 0.40470596465222347
0 0.6170894401368302 0.7016351402508552 0.6156937833523375 0.6626079635119726 0.5620555575826682 0.673551638540479 0.5691615621436716 0.7087232006841505 0.6170894401368302 0.7016351402508552
0 0.7204499692132269 0.6998746989737743 0.7157009076396808 0.6827688985176739 0.6695848802736603 0.705129969213227 0.6794164161915621 0.7201507160775371 0.7204499692132269 0.6998746989737743
0 0.346585228050171 0.8893177753705815 0.36383927822120865 0.836413968072976 0.3366123021664766 0.831186433295325 0.31972317217787916 0.8801944538198403 0.346585228050171 0.8893177753705815
0 0.7068264481185861 1 0.7407949179019384 0.9802099646522234 0.6955112417331812 0.886753858608894 0.6491687491448119 0.922178590649943 0.6990953329532498 1 0.7068264481185861 1
0 0.7979826670467502 0.8508773922462942 0.8404549076396807 0.8162211687571266 0.8300887890535918 0.7976264857468642 0.7844109304446979 0.8289059361459521 0.7979826670467502 0.8508773922462942
0 0.2394181163055872 0.5988407103762828 0.23351331470923603 0.5799050866590649 0.15759873204104904 0.6082798278221209 0.16323473774230332 0.6256042656784493 0.2394181163055872 0.5988407103762828
0 0.9214975735461801 0.5109796932725199 0.8964999988597492 0.4631720832383124 0.865943496009122 0.4786770969213227 0.8864756431014823 0.5271506271379703 0.9214975735461801 0.5109796932725199
0 0.9854328415051311 0.4203457765108324 0.9821678722919042 0.3862586031927024 0.9500584435575826 0.38866733409350057 0.9458952782212087 0.42304835119726336 0.9854328415051311 0.4203457765108324
0 0.9139112269099201 0.5543585883694413 0.8923010661345496 0.5676443990877993 0.9113632155074116 0.5982708072976055 0.9348165290763969 0.5814541265678449 0.9139112269099201 0.5543585883694413
0 0.9512365404789054 0.8995328893956671 0.9922094127708095 0.8996542337514253 0.9933797673888256 0.8836362805017104 0.951474929304447 0.8858755940706956 0.9512365404789054 0.8995328893956671
0 0.2962727001140251 0.9308694675028506 0.2568197263397947 0.9287259030786773 0.24964875256556443 0.982329229190422 0.2876119042189281 0.9847718369441277 0.2962727001140251 0.9308694675028506
0 0.5933816556442417 0.7840620615735462 0.5719668472063855 0.7521350205245154 0.5442439315849487 0.7754094218928164 0.566940574686431 0.80194238654504 0.5933816556442417 0.7840620615735462