0 1 0.8773187502850627 0.933203125427594 0.9084984378563284 0.9593281254275942 0.9597703124287343 1 0.9401953124287343 1 0.8773187502850627
0 0.9225156248574686 0.9965468745724059 0.918953125427594 0.9987546875712657 0.9676406248574686 0.9977328129988597 0.9539843751425314 0.9834968745724059 0.9225156248574686 0.9965468745724059
0 0.4196062497149373 0.7462265621436717 0.4374187502850627 0.8180015621436716 0.474825 0.8061375005701253 0.4531531254275941 0.7359296875712658 0.4196062497149373 0.7462265621436717
0 0.6208874994298745 0.7248734378563284 0.6078250000000001 0.6916546875712656 0.5154968745724059 0.7145828129988597 0.5252937502850628 0.750971874572406 0.6208874994298745 0.7248734378563284
0 0.4172312497149373 0.6008984378563283 0.42495 0.6275921870011403 0.46710624971493725 0.6181015621436716 0.45849687457240595 0.5864906248574686 0.4172312497149373 0.6008984378563283
0 0.6743265621436717 0.450825 0.6672 0.4122687502850627 0.6330593751425314 0.4157031254275941 0.6392937502850627 0.454978125427594 0.6743265621436717 0.450825
0 0.17676093728620296 0.3600703124287343 0.18329218700114028 0.43421718700114026 0.2658234378563284 0.41760781299885974 0.25097968757126565 0.3543265621436716 0.17676093728620296 0.3600703124287343
0 0.010509375142531358 0.35888281299885977 0.027134375142531357 0.4098968745724059 0.06513437514253136 0.4045578129988598 0.05415156214367161 0.34365156214367165 0.010509375142531358 0.35888281299885977
0 0.19338593728620296 0.19398124971493727 0.20822968757126567 0.2705 0.25721406271379704 0.2653734378563284 0.25038593728620295 0.18626875028506273 0.19338593728620296 0.19398124971493727
0 0.3347 0.027892187001140253 0.34004218700114025 0.06466875028506272 0.39288593728620297 0.06170312542759407 0.38932343785632834 0.023739062713797037 0.3347 0.027892187001140253
0 0.677889062713797 0.18330312542759408 0.6897625005701253 0.21948750057012542 0.7532953124287344 0.19813281299885974 0.7408265621436716 0.16218906271379704 0.677889062713797 0.18330312542759408
0 0.7580453124287343 0.2995671870011402 0.7622015621436716 0.314989062713797 0.794264062713797 0.31696562485746865 0.7930765621436716 0.29600781299885975 0.7580453124287343 0.2995671870011402
0 0.7758578129988598 0.328039062713797 0.7853578129988597 0.3624421870011403 0.8043578129988597 0.3576968745724059 0.7933734378563284 0.32230312542759404 0.7758578129988598 0.328039062713797
0 0.011696874572405928 0.6501312497149373 0.015259375142531357 0.6851296875712657 0.060385937286202965 0.6815703124287343 0.052368750285062715 0.646978125427594 0.011696874572405928 0.6501312497149373
0 0.27413593728620295 0.6981796875712657 0.23791718700114023 0.7064843751425314 0.250089062713797 0.7581687502850627 0.2842296875712657 0.7480062497149373 0.27413593728620295 0.6981796875712657
0 0.813264062713797 0.6578437502850628 0.7651703124287342 0.6667406248574687 0.7791234378563283 0.7030187502850628 0.8150468745724059 0.6934343751425313 0.813264062713797 0.6578437502850628
0 0.7348890627137971 0.6774187502850627 0.7485453124287343 0.7118234378563283 0.7693265621436716 0.7052968745724059 0.7577484378563284 0.6709968745724059 0.7348890627137971 0.6774187502850627
0 0.5490437502850627 0.816814062713797 0.5526062497149372 0.8304578129988598 0.60545 0.816814062713797 0.5992156248574687 0.8026453124287343 0.5490437502850627 0.816814062713797
0 0.8494843751425314 0.341089062713797 0.8702640627137971 0.4146421870011402 0.9248906248574686 0.40870937514253136 0.9127187502850627 0.33653593728620296 0.8494843751425314 0.341089062713797