0 0.4096729977194983 0.09558569441277082 0.41528355416191565 0.10636452793614595 0.4926416362599772 0.08690147434435576 0.4867395895096921 0.07618941163055871 0.4096729977194983 0.09558569441277082
0 0.42357724059293045 0.12279071151653365 0.4238532656784493 0.1311121322690992 0.50385230672748 0.11972036259977195 0.5001882850627137 0.10758060433295326 0.42357724059293045 0.12279071151653365
0 0.8553505222348917 0 0.8559643956670467 0.010543106043329533 0.898015228050171 0.007315855188141391 0.8978579361459521 0 0.8553505222348917 0
0 0.6019301584948689 0.38258185632839226 0.7194804925883694 0.330862740022805 0.6975580957810719 0.2586115803876853 0.566829401368301 0.3099278779931585 0.6019301584948689 0.38258185632839226
0 0.38007519726339795 0.40190442759407075 0.3878794344355758 0.44206020296465226 0.4685944720638541 0.42045482782212085 0.458411181299886 0.38036999543899663 0.38007519726339795 0.40190442759407075
0 0.1912094526795895 0.3488101049030787 0.25542005245153937 0.33490333637400227 0.24188289509692135 0.2856296795895097 0.1869016488027366 0.30214381299885973 0.1912094526795895 0.3488101049030787
0 0.26095447434435576 0.2909952371721779 0.26831960775370584 0.32698816875712655 0.3423826339794755 0.310256378563284 0.33772949714937284 0.27734528620296467 0.26095447434435576 0.2909952371721779
0 0.8423749589509691 0.7361290490307868 0.863163085518814 0.7833727160775371 0.8856652576966932 0.7702707001140251 0.8663486453819841 0.7227969566704675 0.8423749589509691 0.7361290490307868
0 1 0.6248011391106043 0.9876777981755986 0.5991057639680729 0.9311038449258837 0.6402431448118586 0.9563847502850626 0.7103518198403649 1 0.6778076100342075 1 0.6248011391106043
0 0.7786232269099203 0.9276499030786772 0.826736945267959 0.9082785940706956 0.807383275940707 0.87750803990878 0.7691840478905358 0.8946448232611175 0.7786232269099203 0.9276499030786772
0 0.4507742690992018 0.9552754743443558 0.46030360433295325 0.9891383295324973 0.49670048004561 0.9775594526795895 0.48934294982896237 0.9473191140250855 0.4507742690992018 0.9552754743443558
0 0.054951877993158496 0.9467912029646521 0.054146201824401365 0.9817277423033067 0.1287348985176739 0.9756776453819841 0.12299508209806158 0.9381077445838085 0.054951877993158496 0.9467912029646521
0 0.792436283922463 0.2950609692132269 0.809726261117446 0.3488137628278221 0.8504750592930445 0.33319849942987456 0.8284833568985177 0.2830239600912201 0.792436283922463 0.2950609692132269
0 0.8746040524515393 0.2787719281641961 0.9086389395667047 0.26744130672748007 0.9057838551881414 0.2516375438996579 0.8673970456100343 0.26700455302166476 0.8746040524515393 0.2787719281641961
0 0.35673749258836945 0.3417487172177879 0.36701114253135686 0.37983817445838086 0.3938638665906499 0.37403230786773095 0.38125684834663626 0.33360834093500574 0.35673749258836945 0.3417487172177879