0 0.6207170490307867 0.5032991448118586 0.6138645393386545 0.5799704059293045 0.6488969657924744 0.5818264777651083 0.6576276887115164 0.508109054732041 0.6207170490307867 0.5032991448118586
0 0.6497610250855188 0.43310259293044473 0.6465515131128848 0.4704665997719498 0.7218277388825541 0.4763256259977195 0.7285040855188142 0.44052131470923606 0.6497610250855188 0.43310259293044473
0 0.7831327742303307 0.4348275245153934 0.8569317867730901 0.44474338768529076 0.8596634458380844 0.4312589030786773 0.7860285461801596 0.4189737172177879 0.7831327742303307 0.4348275245153934
0 0.7864317958950969 0.8947483090079817 0.7750902291904219 0.9248288734321551 0.8278155484606613 0.9463545541619156 0.8402144025085518 0.9139216989737742 0.7864317958950969 0.8947483090079817
0 0.21817961117445836 0.6989665005701254 0.21238678677309009 0.739204181299886 0.2931242337514253 0.7436594925883695 0.3015361824401368 0.7085701801596351 0.21817961117445836 0.6989665005701254
0 0.1423080353477765 0.9572875997719499 0.17848531927023945 0.959817361459521 0.18804212314709234 0.9254017377423033 0.147756905359179 0.9219910877993158 0.1423080353477765 0.9572875997719499
0 0.2631905290763968 0.4515473534777651 0.25282369099201824 0.5018028688711517 0.2859933637400228 0.5047175188141392 0.2955240638540479 0.4536517035347777 0.2631905290763968 0.4515473534777651
0 0.2078711607753706 0.2711239669327252 0.20114736716077536 0.3203968392246294 0.23533775256556444 0.3257605313568985 0.24402474116305586 0.27820378449258837 0.2078711607753706 0.2711239669327252
0 0.07784902280501711 0.24279914595210947 0.01718566818700114 0.2367731174458381 0.014744409350057013 0.27168474116305585 0.07520078449258837 0.28067072976054736 0.07784902280501711 0.24279914595210947
0 0 0.5070464982896237 0.03196179817559863 0.5154953010262258 0.04193740592930445 0.4325093272519954 0.005855416191562144 0.42863919840364884 0 0.4891994116305587 0 0.5070464982896237
0 0.2266092953249715 0.07982915165336374 0.22051138084378566 0.12017393500570125 0.26850745724059294 0.1241237810718358 0.27056328506271377 0.08621233751425314 0.2266092953249715 0.07982915165336374
0 0.3141846887115165 0.21234997833523375 0.35594722919042193 0.2117022337514253 0.3604574218928164 0.14720348232611175 0.3237705621436716 0.14344925313568985 0.3141846887115165 0.21234997833523375
0 0.03374245724059293 0 0.03112998631698974 0.03736006385404789 0.0745762953249715 0.042446865450399086 0.07896757468643102 0 0.03374245724059293 0
0 0.4542271824401368 0.06754110262257697 0.4961269749144812 0.0734423204104903 0.49852681527936143 0.039123 0.4618415142531357 0.035368880273660204 0.4542271824401368 0.06754110262257697
0 0.6841194675028506 0.8025163762827823 0.616678244013683 0.7954211949828962 0.6155196328392246 0.8119901094640821 0.6802446180159635 0.8153257217787914 0.6841194675028506 0.8025163762827823