0 0.8010297628278221 0.27499467844925884 0.8711916294184722 0.3173670877993159 0.9106935028506272 0.22563592816419614 0.8459837628278222 0.18833352793614597 0.8010297628278221 0.27499467844925884
0 0.8514909521094641 0.6995878688711517 0.9017770649942987 0.7195754310148232 0.9182919851767389 0.6894268164196122 0.8662243454960091 0.6634477343215507 0.8514909521094641 0.6995878688711517
0 0.7283659555302167 0.5328031676168757 0.7758710353477765 0.5589629190421893 0.8083498665906499 0.5078978449258836 0.7612760102622577 0.4766981892816419 0.7283659555302167 0.5328031676168757
0 0.4933169122006842 0.48114742873432154 0.5259615176738883 0.5025489064994298 0.5477565256556443 0.4359667867730901 0.5152796328392246 0.422106259977195 0.4933169122006842 0.48114742873432154
0 0.4854428164196123 0.15167017445838085 0.5092925838084378 0.08451018586088939 0.4837373683010262 0.07144537058152793 0.45960919726339794 0.1403631345496009 0.4854428164196123 0.15167017445838085
0 0.39006176966932726 0.052400555302166474 0.42558420410490305 0.05562215165336374 0.43162159749144813 0.01750355416191562 0.3953630992018244 0.007552713797035348 0.39006176966932726 0.052400555302166474
0 0.1737010992018244 0.5880284446978336 0.20981151653363742 0.5913431687571267 0.20671781755986318 0.47392769099201826 0.1720803911060433 0.46934338768529077 0.1737010992018244 0.5880284446978336
0 0.06575281071835805 0.268548913340935 0.10756304332953251 0.2775771904218928 0.12519497035347776 0.18688922462941845 0.08277099315849486 0.17626244355758267 0.06575281071835805 0.268548913340935
0 0.28145345610034206 0.38927830786773093 0.31577695438996584 0.38870310376282785 0.3181473808437856 0.34339263625997724 0.2819732234891676 0.3442758757126568 0.28145345610034206 0.38927830786773093
0 0.38332315279361456 0.7168123523375143 0.46875162485746863 0.753787787913341 0.4941742690992018 0.6889825302166476 0.40655733751425316 0.6459479589509692 0.38332315279361456 0.7168123523375143
0 0.7977685142531357 0.8491818278221209 0.8539128529076397 0.8700972405929305 0.8653440581527936 0.8358386955530216 0.8098996419612314 0.8165370182440137 0.7977685142531357 0.8491818278221209
0 0.9442737080957812 0.7659806328392246 0.9477826613454959 0.7286638734321551 0.9128157377423033 0.7219249361459521 0.9074561242873432 0.7595497320410491 0.9442737080957812 0.7659806328392246
0 0 0.9254701231470923 0.005420436716077537 0.9262757468643101 0.015963871151653364 0.8765472383124288 0 0.8733252668187 0 0.9254701231470923
0 0.37847169783352336 0.33791670809578106 0.4129463637400228 0.34397810946408214 0.421493574686431 0.31768048346636263 0.3899955416191562 0.3030732656784493 0.37847169783352336 0.33791670809578106
0 0.19858711972633977 0.9352289019384264 0.22880862485746864 0.9340040068415052 0.23153837286202966 0.9091880068415051 0.1972708620296465 0.9088703523375142 0.19858711972633977 0.9352289019384264
0 0.5287263625997719 0.5685138745724059 0.5448443021664766 0.584290449258837 0.5686886191562144 0.5312582337514253 0.5530250022805017 0.5212629703534778 0.5287263625997719 0.5685138745724059
0 0.7151924743443557 0.19887966590649941 0.7622039977194983 0.224360094640821 0.7723402223489167 0.20642810262257696 0.7206278848346636 0.18350946864310147 0.7151924743443557 0.19887966590649941