0 0.17456182326111747 0.8067225131128848 0.07897587685290763 0.8253025381984037 0.08422136259977195 0.878738102622577 0.18615881755986316 0.857040433295325 0.17456182326111747 0.8067225131128848
0 0.6473568289623718 0.7371781208665907 0.6364538152793614 0.709084543899658 0.5498469908779932 0.7458605849486887 0.5685547605473205 0.7736452063854048 0.6473568289623718 0.7371781208665907
0 0.6231990980615736 0.6844676305587228 0.6086388107183581 0.6437907035347777 0.5210147787913341 0.6753254766248575 0.5413383648802736 0.7192021277080958 0.6231990980615736 0.6844676305587228
0 0.5576258278221209 0.978807770809578 0.6058713774230331 0.971846054732041 0.6013271619156214 0.9515798472063854 0.5555219589509692 0.960204921322691 0.5576258278221209 0.978807770809578
0 0.6685635062713797 0.9427412839224629 0.6642625530216648 0.9206147936145952 0.6210983614595211 0.9350473249714938 0.6228583375142531 0.9534368745724059 0.6235714458380844 0.9508819908779931 0.6685635062713797 0.9427412839224629
0 0.7703928061573546 0.9531605815279361 0.7629158779931585 0.9364855678449259 0.7044054766248574 0.9466507023945268 0.7113315997719498 0.968279645381984 0.7703928061573546 0.9531605815279361
0 0.8321847080957812 0.8976422907639681 0.8201765518814139 0.8794301972633979 0.7633637548460661 0.8983287468643101 0.7718054161915621 0.9199750809578107 0.8321847080957812 0.8976422907639681
0 0.8465187069555301 0.937155070695553 0.8364856613454961 0.9197687810718358 0.7792199908779932 0.9363375005701254 0.7842052497149373 0.9510933112884835 0.8465187069555301 0.937155070695553
0 1 0.8899579703534778 0.9595105416191562 0.9085445564424174 0.956128023945268 0.909805322690992 0.9628290855188142 0.9193934868871152 1 0.9121681927023945 1 0.8899579703534778
0 1 0.49778368301026227 0.9808828232611174 0.5019366259977195 0.9850370923603192 0.5233084903078677 1 0.5211831835803877 1 0.49778368301026227
0 0.9278347297605473 0.5557616579247434 0.9247618312428734 0.543064716077537 0.8489924834663626 0.5577927856328393 0.8542773295324972 0.5740980250855188 0.9278347297605473 0.5557616579247434
0 0.9089340228050171 0.5207609600912201 0.9047124150513113 0.5052661721778791 0.8424431984036488 0.5209960763968073 0.8452306602052452 0.536892197263398 0.9089340228050171 0.5207609600912201
0 0.899289645381984 0.49604713112884835 0.8973046157354618 0.4764916031927024 0.8547556795895097 0.4847622782212087 0.858693638540479 0.5034654481185861 0.899289645381984 0.49604713112884835
0 0.7524825815279361 0.5747394127708096 0.7489398358038769 0.5627370718358039 0.7177877856328393 0.5736281379703534 0.7242589521094641 0.5866848323831243 0.7524825815279361 0.5747394127708096