0 0.5439048335233752 0.6168046966932725 0.5720588449258837 0.6112647765108323 0.5737151117445838 0.5754354013683011 0.5401936259977195 0.5807554503990877 0.5439048335233752 0.6168046966932725
0 0.531584574686431 0.7807509794754847 0.5645551744583809 0.7760646510832383 0.5547145655644241 0.7118759863169898 0.5225640638540479 0.7176953683010263 0.531584574686431 0.7807509794754847
0 0.5472763968072977 0.996665142531357 0.6028983865450399 0.9927756738882554 0.593844771949829 0.9228180581527936 0.5378789874572406 0.9303027662485748 0.5472763968072977 0.996665142531357
0 0.13830216647662485 0.7433751767388825 0.14179372405929302 0.784795015963512 0.18554069099201825 0.7811407297605474 0.1822686761687571 0.7343487411630559 0.13830216647662485 0.7433751767388825
0 0.14717771037628277 0.8022745267958951 0.15360993842645382 0.8857479247434435 0.1935991117445838 0.8793804104903079 0.18614950627137972 0.7983589543899657 0.14717771037628277 0.8022745267958951
0 0.14500548232611174 0.9327767628278221 0.18295979247434435 0.9313115724059293 0.17575341847206385 0.8877707012542759 0.14072979703534777 0.8934933899657925 0.14500548232611174 0.9327767628278221
0 0.1690822029646522 1 0.16080552793614594 0.9376239144811858 0.10877500342075257 0.9466190421892816 0.1167040661345496 1 0.1690822029646522 1
0 0.05479940820980616 0.20400803990877994 0.09931680501710376 0.1943478802736602 0.09368958722919042 0.13938778677309008 0.05108659977194983 0.1471269087799316 0.05479940820980616 0.20400803990877994
0 0.25067401710376286 0.42005830444697834 0.21178516419612314 0.4251600433295325 0.21693895553021664 0.46586844697833524 0.2549635165336374 0.4643999110604333 0.25067401710376286 0.42005830444697834
0 0.3281893340935006 0.6527194241733181 0.3596042337514253 0.6427866476624857 0.3571191584948689 0.6072484275940707 0.32294381299885977 0.6173742337514253 0.3281893340935006 0.6527194241733181
0 0.7648955895096922 0.11209251995438996 0.798800732041049 0.10376964310148233 0.7951864789053592 0.06057278449258837 0.7623450285062714 0.06614288141391106 0.7648955895096922 0.11209251995438996
0 0.834115299885975 0.05606501710376283 0.8356947970353479 0.10416575712656785 0.8686255393386545 0.09888701710376283 0.864844165336374 0.053322611174458384 0.834115299885975 0.05606501710376283
0 0.7778289794754847 0.28855925883694417 0.8310434538198403 0.28424293956670466 0.828434126567845 0.24692780957810717 0.7718426328392246 0.2529682725199544 0.7778289794754847 0.28855925883694417
0 1 0.8611267194982896 0.9716929201824402 0.8666347810718359 0.9751730410490308 0.9253177822120866 1 0.9212969692132269 1 0.8611267194982896
0 0.5670183990877993 0.2925885393386545 0.5685274059293045 0.33116944469783355 0.5855229521094641 0.3276002006841505 0.5830792964652224 0.2926542850627138 0.5670183990877993 0.2925885393386545
0 0.23280783922462941 0.7683122907639681 0.24755998517673888 0.7666855199543899 0.24515774686431013 0.7323319087799316 0.22777675598631697 0.7356305051311289 0.23280783922462941 0.7683122907639681
0 0.19080008323831243 0.7373233660205246 0.19471827251995438 0.7763325712656785 0.21044637628278223 0.7716615553021664 0.20796130216647662 0.7361233363740023 0.19080008323831243 0.7373233660205246
0 0.37712411630558723 0.8933326522234891 0.39086967046750287 0.8858227046750284 0.3826983397947548 0.8369940752565564 0.36739520068415055 0.8392530091220068 0.37712411630558723 0.8933326522234891