0 0.5777251995438997 0.3205748791334093 0.6153797069555302 0.32172164766248573 0.6227819464082097 0.20672632953249714 0.5861145530216648 0.20693820752565564 0.5777251995438997 0.3205748791334093
0 0.497299953249715 0.6160105895096922 0.5686937958950969 0.6164848871151654 0.5754543979475484 0.5700046043329533 0.49672894412770807 0.5674673671607754 0.497299953249715 0.6160105895096922
0 0.5628617023945268 0.6570928095781072 0.5591233397947549 0.7034490353477765 0.6307018950969212 0.7027471220068414 0.6341344982896236 0.6545358517673889 0.5628617023945268 0.6570928095781072
0 0.13207985062713798 0.4534338004561004 0.18376637514253133 0.4531929521094641 0.18962533523375144 0.41620093728620294 0.13317326339794755 0.4177941904218928 0.13207985062713798 0.4534338004561004
0 0.851289929304447 0.4475661174458381 0.8907664424173318 0.4447902405929305 0.8968121459521095 0.3687039361459521 0.8563218962371721 0.3665037137970354 0.851289929304447 0.4475661174458381
0 0.8105495290763969 0.26114463055872295 0.8647946887115165 0.26371679931584946 0.8719170581527935 0.18840375484606614 0.8126452531356898 0.18774378791334093 0.8105495290763969 0.26114463055872295
0 0.6223536738882554 0.2397645267958951 0.6178067958950969 0.29502103648802736 0.6335776396807298 0.29481054846066135 0.6405163363740023 0.24264120980615736 0.6223536738882554 0.2397645267958951
0 0.5553147525655644 0.12080176168757127 0.5874810216647662 0.11867467502850627 0.58833813340935 0.0905199361459521 0.5553668061573547 0.08921002052451539 0.5553147525655644 0.12080176168757127
0 0.18529452337514254 0.056781208665906496 0.17153985632839222 0.05640771835803877 0.16725266362599772 0.09485256100342074 0.18436937514253138 0.094554661345496 0.18529452337514254 0.056781208665906496
0 0.16283465678449258 0.06586390992018244 0.14664597833523374 0.06570606157354618 0.14732302394526797 0.10313212656784493 0.16188881641961234 0.10002243329532497 0.16283465678449258 0.06586390992018244
0 0.2851252291904219 0.1279667708095781 0.24654091334093503 0.13269057468643103 0.24498764766248574 0.16103562713797034 0.28642632497149373 0.15766721892816418 0.2851252291904219 0.1279667708095781
0 0.3296045689851767 0.0784322086659065 0.31240012314709237 0.07330110376282782 0.30866281527936146 0.1575758985176739 0.32756773204104905 0.1557561881413911 0.3296045689851767 0.0784322086659065
0 0.30617988483466363 0.10120755644241733 0.28940322234891674 0.10095658152793614 0.2853616716077537 0.16201197491448116 0.30551903762827826 0.15467178563283923 0.30617988483466363 0.10120755644241733
0 0.7538687366020524 0.18294788255416192 0.7413231698973773 0.32662136944127707 0.7696567936145953 0.3226833671607754 0.7819632098061574 0.18378595667046752 0.7538687366020524 0.18294788255416192
0 0.7931480718358039 0.5340606180159635 0.7875303979475485 0.5771102690992018 0.8040013010262258 0.5755061995438996 0.8066883192702394 0.5319923774230331 0.7931480718358039 0.5340606180159635
0 0.745096362599772 0.5758060661345497 0.761873267958951 0.5760554994298746 0.7632958232611174 0.5329441379703534 0.7433769258836944 0.5297892953249714 0.745096362599772 0.5758060661345497