0 0.7184187765108324 1 0.735921330672748 0.9318467822120867 0.6537534743443558 0.9294038700114025 0.6480770022805017 1 0.7184187765108324 1
0 0.5432514389965792 0.7286197183580388 0.5925413112884834 0.7397209042189281 0.6033326978335234 0.7127126168757126 0.5553153876852908 0.7012329087799316 0.5432514389965792 0.7286197183580388
0 0.6766098152793615 0.3142427776510832 0.6858952713797036 0.429117574686431 0.7457770638540479 0.4211892394526796 0.7396177765108323 0.309091677309008 0.6766098152793615 0.3142427776510832
0 0.6192047274800456 0.31496356442417334 0.6238154241733181 0.4290140741163056 0.6751517559863169 0.4267995792474344 0.672207669327252 0.31527370239452684 0.6192047274800456 0.31496356442417334
0 0.48998479247434434 0.19640800798175598 0.569468558722919 0.19355753933865452 0.5642599270239452 0.14445394982896237 0.4913446385404789 0.14424542645381982 0.48998479247434434 0.19640800798175598
0 0.7104894367160776 0.20758364538198404 0.7039978084378563 0.1281353249714937 0.6431889851767388 0.12765303192702393 0.6488679942987458 0.21170994526795894 0.7104894367160776 0.20758364538198404
0 0.6768064823261118 0.6208617229190422 0.6793910684150513 0.636977236031927 0.7152094697833523 0.6407068232611175 0.7132990022805017 0.6224778221208666 0.6768064823261118 0.6208617229190422
0 0.42127370581527934 0.449317149372862 0.4180186225769669 0.4951228004561003 0.4555556043329533 0.5027919144811859 0.45515188939566703 0.4486635404789054 0.42127370581527934 0.449317149372862
0 0.20907671265678449 0.5004431208665907 0.24704800228050172 0.5005112394526796 0.2453113432155074 0.4453941938426454 0.2031110353477765 0.4487944059293044 0.20907671265678449 0.5004431208665907
0 0.3624123204104903 0.5232631311288484 0.35973433979475483 0.5384507137970354 0.43801656442417336 0.539004251995439 0.436807645381984 0.5219254846066135 0.3624123204104903 0.5232631311288484
0 0.21754499885974915 0.5242217491448119 0.21039511744583808 0.5374165815279361 0.2879548916761688 0.5420583386545039 0.2849917833523375 0.5246702611174459 0.21754499885974915 0.5242217491448119
0 0.2526196088939567 0.4996865210946408 0.24928687229190422 0.5117488631698973 0.285619889395667 0.5125689224629418 0.288148606613455 0.49992849258836947 0.2526196088939567 0.4996865210946408
0 0.3697650820980616 0.498659897377423 0.3656086043329533 0.515393921322691 0.4067030011402509 0.5131457343215508 0.40367788369441276 0.49439969555302166 0.3697650820980616 0.498659897377423
0 0.02835336031927024 0.6739689623717218 0.024299712656784492 0.6901197958950969 0.08664142303306727 0.6870375575826682 0.08716692018244014 0.6686795974914481 0.02835336031927024 0.6739689623717218
0 0.05042440935005701 0.6411181060433295 0.04705859521094641 0.656787314709236 0.08575353477765107 0.6561706898517673 0.08216933979475485 0.6388857023945268 0.05042440935005701 0.6411181060433295
0 0.04357385860889396 0.6218419224629419 0.04430142417331813 0.6382313169897378 0.06253001140250855 0.6340106818700114 0.06115063397947548 0.6213268985176739 0.04357385860889396 0.6218419224629419
0 0.06717123033067275 0.5187880057012543 0.01537263740022805 0.5150759407069555 0.012876680729760549 0.563423913340935 0.05786599429874573 0.5647310843785632 0.06717123033067275 0.5187880057012543
0 0.8942913021664766 0.20806881299885974 0.894268929304447 0.24239739338654503 0.9465460935005701 0.23655680843785631 0.9429585233751425 0.20219460775370582 0.8942913021664766 0.20806881299885974