0 0.033235942987457245 0.27970306043329535 0.03797162713797035 0.32553037058152795 0.0945029977194983 0.3272960570125427 0.0806089315849487 0.2777205883694413 0.033235942987457245 0.27970306043329535
0 0.009317648802736602 0.3851446009122007 0.005930930444697833 0.448608566704675 0.0623678244013683 0.4455928700114025 0.061621417331813 0.39021146522234895 0.009317648802736602 0.3851446009122007
0 0.3597729315849487 0.6378914139110605 0.3112930091220068 0.6447253819840365 0.31488212884834665 0.6815805678449259 0.3624581721778791 0.6805212531356899 0.3597729315849487 0.6378914139110605
0 0.482580157354618 0.702092464082098 0.384402425313569 0.6989315313568985 0.383379810718358 0.7370773557582668 0.48199843899657924 0.7360285005701254 0.482580157354618 0.702092464082098
0 0.6372428335233752 1 0.6284072269099202 0.9732946556442418 0.5778163340935006 0.9888526328392246 0.5813084538198404 1 0.6372428335233752 1
0 0.6188351984036489 0.37703869099201825 0.6188189703534778 0.42833047662485746 0.6725837183580388 0.4280174572405929 0.672813858608894 0.37753056670467505 0.6188351984036489 0.37703869099201825
0 0.31881572405929304 0 0.32077791676168754 0.06597920410490309 0.40723553477765106 0.06134893500570125 0.3946569384264538 0 0.31881572405929304 0
0 0.47878019498289626 0.07364003192702394 0.474019503990878 0.0451064070695553 0.4428176202964652 0.0465984070695553 0.44477138768529073 0.0762918574686431 0.47878019498289626 0.07364003192702394
0 0.20521353135689852 0.4838683648802736 0.13600429988597493 0.4891190444697834 0.1361341174458381 0.5106050034207525 0.2093204526795895 0.5015963329532498 0.20521353135689852 0.4838683648802736
0 0.2157038882554162 0.42950145381984034 0.21284880501710374 0.4453052155074116 0.24914672405929306 0.4407698483466363 0.2504777092360319 0.42526623261117447 0.2157038882554162 0.42950145381984034
0 0.20968776966932726 0.42992334663626 0.21340396237172177 0.4286627012542759 0.17508645952109464 0.43537231242873436 0.17431286088939565 0.44841288711516536 0.20675780273660205 0.44645451653363744 0.20968776966932726 0.42992334663626
0 0.13633051995438997 0.4348778802736602 0.13720600342075256 0.4492842497149373 0.16539350057012542 0.44807087343215507 0.16936576168757125 0.4301582725199544 0.13633051995438997 0.4348778802736602