0 0.23603192702394526 0.5889395667046751 0.0661345496009122 0.043329532497149374
0 0.9134781858608894 0.4181970285062714 0.966754197263398 0.40783303078677313 0.9468749931584949 0.27839023603192703 0.8990111721778792 0.2854308221208666 0.9134781858608894 0.4181970285062714
0 0.9270431710376282 0.5895417810718359 0.9373542063854047 0.6585086807297605 0.9961674811858608 0.6462329270239452 0.9894291288483466 0.5855094549600912 0.9270431710376282 0.5895417810718359
0 0.8080170877993158 0.8751508540478905 0.8945818209806158 0.870428897377423 0.8776563568985176 0.7421549908779931 0.7957061539338655 0.7507504424173318 0.8080170877993158 0.8751508540478905
0 0.48671602052451535 0.5111439315849488 0.5673735461801596 0.5040873124287343 0.5669844549600912 0.4670474629418472 0.4805435096921323 0.47318432839224633 0.48671602052451535 0.5111439315849488
0 0.5345289589509692 0.29165246522234894 0.6405341505131129 0.2809524754846066 0.6355996590649943 0.2571435062713797 0.5327957844925884 0.27184219954389965 0.5345289589509692 0.29165246522234894
0 0.6365370034207525 0.2841536556442417 0.5334854161915622 0.2960209771949829 0.5360145553021665 0.3086329156214367 0.6356879384264539 0.3070413135689852 0.6365370034207525 0.2841536556442417
0 0.43213559635119725 0.03397107981755986 0.46905165678449257 0.03216707981755986 0.46799052451539336 0.0037420228050171036 0.4281208597491448 0.004378690992018244 0.43213559635119725 0.03397107981755986
0 0.09609758722919043 0.0719250228050171 0.08850874800456102 0.034090900798175595 0.04181212086659065 0.03817632611174458 0.05069207981755987 0.07447175142531356 0.09609758722919043 0.0719250228050171
0 0.18001904903078678 0.7703936693272521 0.22358518472063854 0.7794153352337514 0.23648020866590652 0.7312331117445837 0.19666364310148235 0.716180449258837 0.18001904903078678 0.7703936693272521
0 0.2892431470923603 0.7964859509692133 0.3177919931584949 0.7968397263397947 0.32048042987457237 0.7623836727480047 0.2986361790193843 0.7571645393386546 0.2892431470923603 0.7964859509692133
0 0.7367708916761687 0.2816362428734322 0.7446926909920183 0.3510819486887115 0.8233337537058153 0.34654190193842643 0.821115258836944 0.2754867457240593 0.7367708916761687 0.2816362428734322
0 0.7826747936145952 0.3563714059293045 0.7866662212086659 0.37386509920182437 0.8241157776510832 0.37304961345496007 0.821147228050171 0.35319215165336376 0.7826747936145952 0.3563714059293045
0 0.11076950513112885 0.3185613694412771 0.11254812884834663 0.41623113911060433 0.1747196009122007 0.40974724059293044 0.16923964994298746 0.31898258836944127 0.11076950513112885 0.3185613694412771
0 0.6365844458380843 0.6761646784492589 0.6466579372862029 0.7983328529076397 0.769083158494869 0.7845462668187001 0.7586867434435576 0.6622008757126568 0.6365844458380843 0.6761646784492589
0 0.3463490729760547 0.8036878095781071 0.34373229076396805 0.8229893249714937 0.379670354618016 0.8259982542759408 0.3813134218928164 0.8096224241733181 0.3463490729760547 0.8036878095781071