0 0.8219728255416192 0.079808582668187 0.8518069190421893 0.05340262257696693 0.813533716077537 0.019761201824401366 0.7854376248574687 0.043220034207525654 0.8219728255416192 0.079808582668187
0 0.7114055849486887 0.8061480661345496 0.7440689304446978 0.7913519623717218 0.7324527194982896 0.7683699669327252 0.6979685017103763 0.7822228084378563 0.7114055849486887 0.8061480661345496
0 0.758679661345496 0.8271197571265678 0.7708332041049031 0.8326161755986317 0.7808447662485746 0.7759763078677309 0.7591198221208665 0.7763282611174458 0.758679661345496 0.8271197571265678
0 0.08246994982896237 0.7210413603192701 0.15750187913340932 0.7477179247434436 0.17388187571265679 0.693785275940707 0.09822536944127708 0.669299771949829 0.08246994982896237 0.7210413603192701
0 0.02649089851767389 0.2630468437856328 0.06165964082098062 0.2533012063854048 0.05528899201824402 0.20797168529076396 0.024000561003420753 0.21146645496009123 0.02649089851767389 0.2630468437856328
0 0.059756882554161915 0.32500918814139107 0.0764616180159635 0.3202599954389966 0.07866180387685291 0.26772218129988595 0.06062848574686431 0.26755373204104904 0.059756882554161915 0.32500918814139107
0 0.2557913990877993 0.16418318472063853 0.29262277765108324 0.11938376168757125 0.2642296259977195 0.09635969441277081 0.22731384834663626 0.1405698141391106 0.2557913990877993 0.16418318472063853
0 0.599522102622577 0.32119028620296464 0.6208102394526795 0.28938205701254277 0.5919857206385405 0.2718211915621437 0.5742261744583809 0.29803072405929304 0.599522102622577 0.32119028620296464
0 0.6937650433295326 0.47603899429874574 0.715722456100342 0.4447378677309008 0.6818678358038769 0.4254824401368301 0.6672718187001141 0.4551494047890536 0.6937650433295326 0.47603899429874574
0 0.8241523112884834 0.6366162576966933 0.8422466841505132 0.6076583785632839 0.8223166385404789 0.5894470615735462 0.8016919794754845 0.6190603409350057 0.8241523112884834 0.6366162576966933
0 0.7419058757126568 0.39663350285062715 0.7578242748004561 0.3649803568985177 0.7377109817559864 0.35399770353477766 0.7189913352337514 0.3821440809578107 0.7419058757126568 0.39663350285062715
0 0.6669650296465222 0.11059832839224629 0.6874910456100343 0.08189986887115165 0.6596014675028506 0.058203864310148234 0.63715634663626 0.08747183010262258 0.6669650296465222 0.11059832839224629
0 0.11124853135689851 0.2055080843785633 0.14207509236031926 0.2287929007981756 0.16235255416191563 0.19832588255416192 0.1325076488027366 0.17820871151653364 0.11124853135689851 0.2055080843785633
0 0.800735992018244 0.17164227137970353 0.816148606613455 0.1832855621436716 0.8319666100342076 0.15945059863169897 0.8224757069555302 0.14697664424173318 0.800735992018244 0.17164227137970353
0 0.7815580729760547 0.15452757582668186 0.7979720467502851 0.16902963740022806 0.8194996408209806 0.143191496009122 0.8025803283922462 0.12936003990877995 0.7815580729760547 0.15452757582668186
0 0.710829433295325 0.20108828848346638 0.7269461949828963 0.19642172862029647 0.7011675005701254 0.16642531927023946 0.6944780250855188 0.17577070011402507 0.710829433295325 0.20108828848346638
0 0.7269710741163056 0.09856436259977194 0.740158189281642 0.09010613112884834 0.7211792987457241 0.057353738882554156 0.7078979657924743 0.06672458836944127 0.7269710741163056 0.09856436259977194
0 0.06612151539338654 0.5024155347776511 0.0889143534777651 0.51542151995439 0.10465816989737742 0.4867924127708096 0.07860199543899657 0.47214493386545037 0.06612151539338654 0.5024155347776511