0 0.29260359179019385 0.13337561687571264 0.3052896921322691 0.019982773090079817 0.25783125769669324 0.013092955530216647 0.2457216567844926 0.12355011402508552 0.29260359179019385 0.13337561687571264
0 1 0.034319690992018245 0.9739391288483467 0.03281290307867731 0.9638676328392246 0.14281737856328391 1 0.14762453249714935 1 0.034319690992018245
0 0.8924963717217789 0.5342312987457241 0.9017739828962371 0.40155528050171035 0.8587951185860889 0.39616753819840367 0.8511569190421893 0.5301501619156215 0.8924963717217789 0.5342312987457241
0 0.7952080957810719 0.44588429076396807 0.802279322690992 0.3957867685290764 0.7576994652223489 0.38820700912200684 0.7517649555302166 0.44641921550741165 0.7952080957810719 0.44588429076396807
0 0.592145330672748 0.3906159669327252 0.5575759441277081 0.3917698380843786 0.5636539087799316 0.4749292006841505 0.5943703204104903 0.469337937286203 0.592145330672748 0.3906159669327252
0 0.3627892428734321 0.30315384150513114 0.31992450399087796 0.29539484834663626 0.3127896214367161 0.3889390752565564 0.3555591801596351 0.38954744811858605 0.3627892428734321 0.30315384150513114
0 0.33142313112884836 0.5051156328392246 0.3409074903078677 0.4289980604332953 0.290728244013683 0.4225131858608894 0.28518581299885976 0.5030728050171037 0.33142313112884836 0.5051156328392246
0 0.19053373204104904 0.8107227548460662 0.1940543637400228 0.760375385404789 0.1486977149372862 0.754227740022805 0.14315333295324972 0.808003228050171 0.19053373204104904 0.8107227548460662
0 0.6782198836944128 0.9454138711516534 0.6716581242873432 0.9967374184720639 0.7019618084378563 0.9970708574686431 0.7035364139110605 0.9459937765108324 0.6782198836944128 0.9454138711516534
0 0.35589942873432157 0.8353790820980617 0.35828237970353477 0.758764929304447 0.3003871425313569 0.7562044994298746 0.2940691539338654 0.8352218859749145 0.35589942873432157 0.8353790820980617
0 0.2988892668187001 0.630214984036488 0.3015815393386545 0.5917136875712656 0.2588120889395667 0.591103755986317 0.2523207126567845 0.6329090262257696 0.2988892668187001 0.630214984036488
0 0.6286199179019384 0.6002992086659065 0.541250236031927 0.5912137263397947 0.5375294595210947 0.6784479258836944 0.6133751482326112 0.6923804047890536 0.6286199179019384 0.6002992086659065
0 0.7769807069555301 0.8511359224629418 0.7851394618015963 0.8534904709236031 0.793602385404789 0.8005142668187001 0.780587511972634 0.8004969783352337 0.7769807069555301 0.8511359224629418
0 0.8047909236031927 0.8530806020524516 0.8197915758266819 0.8511535496009123 0.8220463215507412 0.8019080615735462 0.8054952189281642 0.8013458950969213 0.8047909236031927 0.8530806020524516
0 0.8343366316989738 0.8557418392246294 0.8482894925883694 0.8602871505131128 0.8583191197263398 0.8103965005701254 0.8401634663625998 0.8028773352337514 0.8343366316989738 0.8557418392246294
0 0.9060109144811858 0.6470739042189282 0.9178045507411631 0.6484953625997719 0.9184729635119727 0.6134237423033068 0.9073233055872292 0.6075864503990878 0.9060109144811858 0.6470739042189282