0 0.13657331128848346 0.024607394526795893 0.1257323568985177 0.048545370581527934 0.24918929646522237 0.04823112086659065 0.24863010148232612 0.016356546180159633 0.13657331128848346 0.024607394526795893
0 0.7728814355758267 0.2651583158494869 0.7409187514253136 0.374819110604333 0.7950980604332953 0.38600293386545037 0.829086645381984 0.2755003318129989 0.7728814355758267 0.2651583158494869
0 0.9764070581527936 0.3300739042189281 0.8571621984036488 0.3071189007981756 0.8307794241733182 0.39515183808437854 0.9486364298745724 0.4101984526795895 0.9764070581527936 0.3300739042189281
0 0.7812304184720639 0.4501844469783352 0.7313645324971494 0.4469942075256556 0.7268524823261117 0.5554591037628278 0.7908775438996579 0.5642894515393386 0.7812304184720639 0.4501844469783352
0 0.8106962919042189 0.41818074002280503 0.8163215860889396 0.5284397366020525 0.8681520068415052 0.5239523614595211 0.863833724059293 0.41446500912200684 0.8106962919042189 0.41818074002280503
0 0.5632530638540479 0.5783159635119727 0.630254330672748 0.5819526123147092 0.6287412348916762 0.5404461151653364 0.56489582668187 0.5421366761687572 0.5632530638540479 0.5783159635119727
0 0.674954929304447 0.44566809920182443 0.6029993865450399 0.4506997206385405 0.6014531949828963 0.4882600102622577 0.6738928141391106 0.4901286168757127 0.674954929304447 0.44566809920182443
0 0.7318064561003421 0.20615953135689852 0.800359022805017 0.2277473204104903 0.8106405336374002 0.17448474800456099 0.7462887833523375 0.15757782668187 0.7318064561003421 0.20615953135689852
0 0.7255543888255416 0 0.8358649486887114 0.03238998403648803 0.8484018483466362 0 0.7255543888255416 0
0 0.5737251755986317 0 0.5173955735461802 0.14409771151653364 0.660336259977195 0.1897519464082098 0.7029248677309008 0.048822192702394525 0.5912788722919042 0 0.5737251755986317 0
0 0.6892691516533638 0.0964125701254276 0.663482574686431 0.18358620182440136 0.7249524150513114 0.20188347776510832 0.7546586031927024 0.11536928506271381 0.6892691516533638 0.0964125701254276
0 0.8255082474344355 0.1740402953249715 0.8388827023945268 0.13945120980615736 0.7542318620296465 0.1177783591790194 0.7464259270239453 0.15102730330672748 0.8255082474344355 0.1740402953249715