0 0.38402525199543897 0.11714275142531358 0.35405071835803875 0.09054920410490308 0.33329711858608896 0.12042123717217788 0.36397534093500566 0.1467422998859749 0.38402525199543897 0.11714275142531358
0 0.5337233751425313 0.2209929030786773 0.5680253204104904 0.17466023603192704 0.5043309372862029 0.12669092474344357 0.4725330570125428 0.16538445381984038 0.5337233751425313 0.2209929030786773
0 0.6134875359179018 0.16614947206385405 0.6311017286202965 0.13824720182440137 0.6021275324971493 0.11703403192702394 0.5801821208665907 0.14508367274800457 0.6134875359179018 0.16614947206385405
0 0.5965999407069555 0.0030685724059293044 0.581770212086659 0.023047567844925884 0.6058024606613456 0.0458689338654504 0.6292484903078677 0.021140873432155073 0.6126261094640821 0.003628217787913341 0.5965999407069555 0.0030685724059293044
0 0.04416569555302166 0.9831390524515393 0.06968763854047891 0.984030298745724 0.1003603078677309 0.9395924378563284 0.05276593500570126 0.9070365860889396 0.012243949828962373 0.9691915039908781 0.04416569555302166 0.9831390524515393
0 0.2859408095781072 0.9858785518814139 0.2964259942987457 0.9919481767388825 0.3243230524515393 0.9929223637400229 0.3524472964652223 0.9703776510832384 0.31958548574686435 0.9469508950969214 0.2859408095781072 0.9858785518814139
0 0.48825395781071834 0.9614539874572406 0.5136044264538199 0.9332293238312429 0.4678539452679589 0.8989555267958951 0.4451294994298746 0.924599952109464 0.48825395781071834 0.9614539874572406
0 0.6207367753705816 0.588223645381984 0.639517023945268 0.5609562063854048 0.573688701254276 0.5230107160775371 0.5567922269099201 0.5473733797035347 0.6207367753705816 0.588223645381984
0 0.03568485062713797 0.11983123375142532 0.0475708141391106 0.0857878095781072 0.016026904218928165 0.06804957582668188 0.014524589509692133 0.11107022690992019 0.03568485062713797 0.11983123375142532
0 0.36861815621436717 0.43920749372862034 0.3785506453819841 0.4270779942987457 0.33055691562143674 0.37193194412770814 0.3167289828962372 0.3907576989737742 0.36861815621436717 0.43920749372862034
0 0.4948290820980616 0.5178804298745724 0.5166814412770809 0.4877497115165337 0.4883021391106043 0.4665588791334094 0.4646238859749145 0.49395233181299886 0.4948290820980616 0.5178804298745724
0 0.6927401288483467 0.4493394230330673 0.6765350022805017 0.43689128848346637 0.6461664310148232 0.4726657331812999 0.6555366841505131 0.48814280387685294 0.6927401288483467 0.4493394230330673
0 0.9337934207525656 0.1494099771949829 0.8764134458380844 0.07373790992018245 0.8323499042189282 0.09507092246294185 0.8866247172177879 0.17271707411630557 0.9337934207525656 0.1494099771949829