0 0.2121538221208666 0.7483678620296466 0.20000340820980614 0.7949004173318129 0.22461831698973775 0.8017386590649943 0.23137756670467502 0.752149449258837 0.2121538221208666 0.7483678620296466
0 0.6741403694412771 0.2717541254275941 0.6717475530216648 0.317411779931585 0.6925003226909919 0.3184993865450399 0.6948931391106044 0.272841732041049 0.6741403694412771 0.2717541254275941
0 0.27047353819840364 0 0.27658011288483464 0.022011415051311288 0.30847468301026226 0.022293533637400227 0.30673325541619156 0 0.27047353819840364 0
0 0.3146068905359179 0 0.3183032565564424 0.020034513112884834 0.36563336259977197 0.016966750285062712 0.36652255302166475 0 0.3146068905359179 0
0 0.37512982782212084 0.15342264082098062 0.38896552679589513 0.15414773888255417 0.38362599201824404 0.044269266818700116 0.3724843557582668 0.04507163397947548 0.37512982782212084 0.15342264082098062
0 0.35087906727480045 0.139665850627138 0.3674812827822121 0.1405359361459521 0.36272667502850625 0.04594809464082098 0.3502750136830103 0.04529553021664766 0.35087906727480045 0.139665850627138
0 0.3288163534777651 0.13712175370581528 0.3454895438996579 0.13660771835803878 0.3411763534777651 0.06007866590649943 0.331637755986317 0.05680465450399087 0.3288163534777651 0.13712175370581528
0 0.30792341163055875 0.16516047662485747 0.3217575518814139 0.1658854937286203 0.32042358380843783 0.058991059293044476 0.3081169087799316 0.05557197947548461 0.30792341163055875 0.16516047662485747
0 0.3016589064994299 0.1523463078677309 0.3023647958950969 0.05943247776510833 0.283068598631699 0.05703336716077537 0.28774911174458384 0.153005165336374 0.3016589064994299 0.1523463078677309
0 0.2675715553021665 0.1144901197263398 0.2814072565564424 0.11521521892816419 0.27833801368301025 0.06788346978335234 0.26421217673888253 0.07269452337514253 0.2675715553021665 0.1144901197263398
0 0.6158988175598632 0.3241950535917902 0.6450976830102623 0.3229511870011402 0.6412307263397947 0.29084073660205245 0.6190954789053592 0.289680677309008 0.6158988175598632 0.3241950535917902
0 0.23882939566704675 0.6644458164196123 0.21629157582668188 0.6632646590649942 0.20969118015963514 0.7324828323831243 0.22994984720638542 0.7359228038768529 0.23882939566704675 0.6644458164196123