0 0.25313818700114027 0.9263444446978335 0.022457091220068417 0.7630789258836944 0.010508622576966933 0.7906502770809578 0.23131174230330673 0.9578212976054732 0.25313818700114027 0.9263444446978335
0 0.2540926077537058 0.8745602599771949 0.06552531242873433 0.7340580729760546 0.050007474344355755 0.754757810718358 0.24001493728620296 0.89240590649943 0.2540926077537058 0.8745602599771949
0 0.6116442405929304 0.8003169840364881 0.61457248004561 0.7600345347776511 0.559099535917902 0.7605470114025086 0.5581563420752566 0.8019661698973775 0.6116442405929304 0.8003169840364881
0 0.606338094640821 0.7247340935005702 0.6092072098061574 0.6987524743443557 0.5738197149372862 0.6944644332953249 0.5688481653363741 0.720651094640821 0.606338094640821 0.7247340935005702
0 0.6652282748004561 0.7328679760547321 0.6676093968072976 0.7056516248574687 0.6179241858608895 0.701304732041049 0.6183781299885975 0.7267724583808438 0.6652282748004561 0.7328679760547321
0 0.2707812029646522 0.7859965062713797 0.17615090763968072 0.7163103169897378 0.16073487343215506 0.7358284948688711 0.263387157354618 0.8091981744583808 0.2707812029646522 0.7859965062713797
0 0.28065917901938425 0.7820910045610034 0.29033753477765106 0.7668421265678449 0.19521782668187 0.6959195153933866 0.1862876259977195 0.7094473625997719 0.28065917901938425 0.7820910045610034
0 0.1433752041049031 0.6889998015963512 0.1574880433295325 0.6979843192702394 0.16920130672748004 0.6799318141391106 0.1608385370581528 0.6733309566704675 0.1433752041049031 0.6889998015963512
0 0.180389417331813 0.6848773033067275 0.17922701824401369 0.6879627354618015 0.16422511060433295 0.7027474298745724 0.17376282668187 0.7095436214367161 0.18848373660205248 0.6911582326111744 0.180389417331813 0.6848773033067275
0 0.13345243899657924 0.7274798415051311 0.14728583580387686 0.732863802736602 0.15933029076396807 0.7178203637400228 0.14685222120866592 0.7105520444697834 0.13345243899657924 0.7274798415051311
0 0.7803289486887115 0.4323263215507412 0.8366090296465222 0.4634812576966933 0.8443576670467503 0.44985160661345497 0.7912525210946408 0.41646959635119724 0.7803289486887115 0.4323263215507412
0 0.7325275598631699 0.5563226237172179 0.8019093249714938 0.5671624549600912 0.8045415427594071 0.550701102622577 0.7357906248574686 0.5394631755986317 0.7325275598631699 0.5563226237172179