0 0.8457624994298746 0.05967187457240593 0.8113578129988597 0.07451562485746864 0.8273734378563283 0.10836093728620297 0.8582187502850627 0.08995312542759407 0.8457624994298746 0.05967187457240593
0 0.6067124994298746 0.1968296875712657 0.6078984378563284 0.23007968757126568 0.6446749999999999 0.23126718700114027 0.6440828129988597 0.19623593728620298 0.6067124994298746 0.1968296875712657
0 0.655353125427594 0.5596140627137971 0.6529796875712657 0.5228 0.6025609372862029 0.5168624994298746 0.5995937502850627 0.5507062497149373 0.655353125427594 0.5596140627137971
0 0.8244078129988598 0.953271874572406 0.8244078129988598 0.9069593751425313 0.7727999999999999 0.907553125427594 0.7733953124287344 0.948521874572406 0.8244078129988598 0.953271874572406
0 0.5853578129988597 0.7632703124287343 0.5812062497149373 0.8196765621436717 0.6334046875712657 0.8262078129988597 0.6417093751425313 0.7751453124287344 0.5853578129988597 0.7632703124287343
0 0.43040937514253136 0.5798 0.4975671870011402 0.5827687502850627 0.4975671870011402 0.5447687502850628 0.4317265621436716 0.5412062497149372 0.43040937514253136 0.5798
0 0.3391906248574686 0.4450187502850627 0.39554218700114024 0.43373750057012544 0.3878312497149373 0.3832687502850627 0.33741093728620297 0.38920624971493734 0.3391906248574686 0.4450187502850627
0 0.46243281299885974 0.42482968757126566 0.45367187457240593 0.364860937286203 0.4186765621436716 0.36842343785632836 0.43528593728620296 0.42720624971493726 0.46243281299885974 0.42482968757126566
0 0.11615624971493729 0.42482968757126566 0.13335937514253135 0.42839218700114023 0.12742656214367162 0.3737687502850627 0.11378281299885974 0.3708 0.11615624971493729 0.42482968757126566
0 0.09061249942987458 0.4088 0.10725937514253137 0.40701875028506274 0.10666562485746865 0.3725812497149373 0.09005781299885975 0.37673750057012545 0.09061249942987458 0.4088
0 0.09776875028506271 0.5239874994298745 0.06570624971493728 0.5272531254275941 0.06929531242873432 0.5507062497149373 0.10251249942987457 0.5507062497149373 0.09776875028506271 0.5239874994298745
0 0.06870312542759406 0.569114062713797 0.04912656214367161 0.5708937502850627 0.05505937514253136 0.6136453124287343 0.06929531242873432 0.6130515621436716 0.06870312542759406 0.569114062713797
0 0.04791562485746864 0.5735656248574686 0.031332812998859746 0.5726765621436716 0.03489218700114025 0.6029562497149373 0.04912656214367161 0.6023624994298746 0.04791562485746864 0.5735656248574686
0 0.10306562485746865 0.7062703124287343 0.11378281299885974 0.7098328129988597 0.12208906271379703 0.6920203124287343 0.10666562485746865 0.6854890627137971 0.10306562485746865 0.7062703124287343
0 0.12263437514253137 0.7089406248574687 0.14107031242873433 0.713989062713797 0.14640781299885974 0.6605515621436716 0.1345437502850627 0.6498625005701254 0.12263437514253137 0.7089406248574687