0 0.7535585838084378 0.15390270695553024 0.7399886442417333 0.1902381881413911 0.7835650216647662 0.20736274230330673 0.7963876316989738 0.16815467388825542 0.7535585838084378 0.15390270695553024
0 0.8537299258836943 0.14391087913340936 0.8390799897377423 0.17947415393386545 0.8888938403648803 0.1951820228050171 0.9014056510832382 0.1541307662485747 0.8537299258836943 0.14391087913340936
0 0.8010781049030786 0.601593527936146 0.7888141311288484 0.6790252063854048 0.861534228050171 0.6905429384264539 0.8734532759407069 0.6095857708095781 0.8010781049030786 0.601593527936146
0 0.6680876647662486 0.7428866031927025 0.6687901847206386 0.7574286636259977 0.7415435815279361 0.7611351231470923 0.7427717263397947 0.7457898836944128 0.6680876647662486 0.7428866031927025
0 0.9251475632839224 0.7595485165336374 0.8727382006841505 0.7488415028506272 0.8667643819840365 0.7827731835803876 0.9221046453819841 0.7939428255416192 0.9251475632839224 0.7595485165336374
0 0.8503955735461801 0.8595531402508553 0.8447615450399087 0.8875239635119726 0.8842692291904218 0.896187551881414 0.8870402873432156 0.859714181299886 0.8503955735461801 0.8595531402508553
0 0.13988731470923602 0.24431809578107183 0.13597776396807298 0.2803785974914481 0.20125811972633978 0.28951726909920183 0.20021538540478906 0.2486668392246294 0.13988731470923602 0.24431809578107183
0 0.20849401482326113 0.3273430353477765 0.19720014823261117 0.37967210604332957 0.24735509007981757 0.38942090421892817 0.25221347776510833 0.34166642417331816 0.20849401482326113 0.3273430353477765
0 0.2157490763968073 0.5624047913340935 0.2532812337514253 0.5683493010262258 0.2540658038768529 0.5349293283922463 0.2193784355758267 0.5281033648802737 0.2157490763968073 0.5624047913340935
0 0 0.491566550741163 0.013443586088939566 0.4960876396807297 0.01912400228050171 0.4526318654503991 0.003146023945267959 0.4487565210946408 0 0.46861973204104906 0 0.491566550741163
0 0 0.558900464082098 0.014058339794754847 0.5605255849486888 0.015998781071835805 0.5008301231470924 0 0.4953080912200684 0 0.558900464082098
0 0.9842094355758266 0.3221227046750285 0.9323297719498289 0.304285771949829 0.9201187229190422 0.33963259635119725 0.9748374583808438 0.35852192702394525 0.9842094355758266 0.3221227046750285
0 0.9821995370581528 0.3879499794754846 0.9323580855188142 0.36863083352337517 0.9259185518814139 0.4054929270239453 0.9691579965792474 0.41715375484606615 0.9821995370581528 0.3879499794754846
0 0.7933821641961232 0.3237691379703535 0.7810490889395667 0.35609087799315847 0.815799969213227 0.3682091220068415 0.8267275632839225 0.3352724446978335 0.7933821641961232 0.3237691379703535
0 0.8974420205245154 0.43345592360319274 0.8599756362599772 0.42331060889395666 0.8536620410490308 0.4517765336374002 0.8857885131128849 0.4652825655644242 0.8974420205245154 0.43345592360319274
0 0.6855321824401368 0.5568358711516533 0.6945088460661345 0.5684787879133409 0.7093613124287343 0.5582054310148232 0.7028156191562143 0.5482938038768529 0.6855321824401368 0.5568358711516533
0 0.8464629076396808 0.5276042177879133 0.8417246533637401 0.5575203717217788 0.8802725781071836 0.5684381368301026 0.8855745028506271 0.5330553568985177 0.8464629076396808 0.5276042177879133
0 0.7899455233751426 0.8806454116305586 0.7847470136830103 0.9020709692132268 0.8173391984036488 0.9126465895096921 0.8230354937286204 0.8937614287343215 0.7899455233751426 0.8806454116305586
0 0.6556081984036488 0.8786116362599772 0.6553525028506272 0.8954081163055873 0.6893660205245153 0.9007953283922464 0.6905711322690993 0.8817999851767389 0.6556081984036488 0.8786116362599772
0 0.6587663683010262 0.9194000421892817 0.6581099977194983 0.9349307594070695 0.6894702086659066 0.9380926944127709 0.6926364446978336 0.919999621436716 0.6587663683010262 0.9194000421892817
0 0.16561197035347777 0.518383708095781 0.08918876624857469 0.50748334663626 0.08693376168757126 0.5672571254275941 0.15885096807297605 0.576243086659065 0.16561197035347777 0.518383708095781
0 0.30758241847206386 0.6809773911060434 0.26489278449258835 0.6772217730900798 0.2656352633979476 0.7332622485746865 0.3031674207525656 0.7392067582668187 0.30758241847206386 0.6809773911060434