0 0.7570906077537058 0.3903269498289624 0.8115387297605473 0.39194727251995437 0.8099686510832382 0.3398635473204105 0.7648143181299886 0.3327118038768529 0.7570906077537058 0.3903269498289624
0 0.12749511744583808 0.30041549372862025 0.1905865267958951 0.3006015176738882 0.20271567730900797 0.19745243671607754 0.13134412998859749 0.1875483432155074 0.12749511744583808 0.30041549372862025
0 0.05690375256556443 0.3298632474344356 0.023264473204104904 0.3217336282782212 0.01330741961231471 0.3845999908779932 0.058976937286202964 0.38763001938426456 0.05690375256556443 0.3298632474344356
0 0.6094936305587229 0.7199885644241734 0.7056435393386545 0.7240104914481187 0.7019867035347777 0.6673929418472064 0.6138319327251995 0.6660389521094641 0.6094936305587229 0.7199885644241734
0 0.42470250057012543 0.655697141391106 0.5168936716077537 0.6492853911060433 0.5174044595210946 0.6283513124287344 0.42219029532497154 0.6272808563283923 0.42470250057012543 0.655697141391106
0 0.4259158118586089 0.6923143249714937 0.5338780980615736 0.6926022041049031 0.5357577594070696 0.6718849350057012 0.4221049555302166 0.6720973979475485 0.4259158118586089 0.6923143249714937
0 0.4576664389965793 0.7309664652223489 0.5291861140250855 0.7310857628278221 0.5296969019384264 0.710151685290764 0.45731121436716077 0.7155001676168757 0.4576664389965793 0.7309664652223489
0 0.2948018939566705 0.8116414549600913 0.3494663352337514 0.811895992018244 0.3511281345496009 0.7925442645381985 0.29581400114025086 0.7963917217787913 0.2948018939566705 0.8116414549600913
0 0.2938733397947549 0.7820759464082098 0.35055634663625995 0.778445298745724 0.3501995803876853 0.762978755986317 0.29510200912200685 0.765458882554162 0.2938733397947549 0.7820759464082098
0 0.20612706499429875 0.6098714697833523 0.3361986431014823 0.6122594846066134 0.3346224287343215 0.5867931277080958 0.20476741277080956 0.5830377810718358 0.20612706499429875 0.6098714697833523
0 0.20949623375142531 0.07809206157354619 0.12556832383124286 0.08041487913340935 0.12167489509692132 0.09361045952109465 0.21433769669327254 0.09687600684150513 0.20949623375142531 0.07809206157354619
0 0.20851790992018243 0.05391479361459521 0.17953357924743443 0.05472974116305587 0.18101074800456102 0.06817637172177879 0.21465542531356896 0.06449580729760547 0.20851790992018243 0.05391479361459521
0 0.19795649486887115 0.6329920262257697 0.19714716647662486 0.6532839977194983 0.23187338312428735 0.6503758825541619 0.23243461573546179 0.6316503238312429 0.19795649486887115 0.6329920262257697