0 0.3311164697833523 0.8019012246294185 0.335491558722919 0.7643714446978335 0.2732491961231471 0.7550242656784493 0.26619539794754843 0.792415834663626 0.3311164697833523 0.8019012246294185
0 0.23117375370581528 0.8858889372862029 0.23574263283922461 0.8427140011402507 0.19493400114025086 0.8429761516533637 0.1917385701254276 0.8785116374002281 0.23117375370581528 0.8858889372862029
0 0.1101668038768529 0 0.10005858380843786 0.02057789737742303 0.13867721208665906 0.03376528620296465 0.1480140661345496 0 0.1101668038768529 0
0 0.2874866431014823 0.11403643671607755 0.26768236031927023 0.14189508095781073 0.3097514310148232 0.17959340478905358 0.3310084982896237 0.14779706385404787 0.2874866431014823 0.11403643671607755
0 0.5419514811858609 0.11446779475484606 0.5361655769669328 0.15563664196123148 0.5692570421892816 0.15908975256556443 0.5741153386545039 0.1159886259977195 0.5419514811858609 0.11446779475484606
0 0.7027751721778792 0.19884471493728623 0.6733314355758266 0.21209936944127708 0.6855869885974913 0.24860717901938426 0.7161067320410491 0.2277075621436716 0.7027751721778792 0.19884471493728623
0 0.8086655279361459 0.42663773204104904 0.7865057662485746 0.4413925952109464 0.8009409076396807 0.4645361858608894 0.8294659179019384 0.453552330672748 0.8086655279361459 0.42663773204104904
0 0.7160165404789054 0.676307630558723 0.7005599201824401 0.6433671607753705 0.6721665678449259 0.6683461630558724 0.6827235370581528 0.6956198985176739 0.7160165404789054 0.676307630558723
0 0.7505444777651082 0.19170625883694412 0.7470555188141391 0.17388001824401367 0.7008067423033068 0.18297570125427595 0.7096562474344356 0.1968122827822121 0.7505444777651082 0.19170625883694412
0 0.7458511927023945 0.16111789509692134 0.7409524389965793 0.14903414709236032 0.6989056271379704 0.15811763625997718 0.7013683135689852 0.1704586031927024 0.7458511927023945 0.16111789509692134
0 0.35860919270239455 0.21165037970353476 0.34910425085518815 0.1811573534777651 0.312572818700114 0.2021808859749145 0.3212739236031927 0.2255947069555302 0.35860919270239455 0.21165037970353476
0 0.21749949942987457 0.26858611288483464 0.19167235233751426 0.24756364196123148 0.16789791220068415 0.2802069361459521 0.19153844127708095 0.29972292816419616 0.21749949942987457 0.26858611288483464
0 0.09613345267958952 0.15729653591790194 0.1083141881413911 0.1452858164196123 0.0701034834663626 0.10573141163055873 0.051748793614595216 0.1211425370581528 0.09613345267958952 0.15729653591790194