0 0.8741700228050171 0.8874524082098061 0.9065295131128849 0.9045571026225769 0.9369719099201825 0.8636933819840366 0.9022996545039909 0.8440673124287343 0.8741700228050171 0.8874524082098061
0 0.6349649942987456 0.1827844709236032 0.6715758164196123 0.18916492246294186 0.67815996009122 0.16426999315849486 0.6431341037628278 0.15658831128848347 0.6349649942987456 0.1827844709236032
0 0.6960055564424174 0.17583613454960093 0.7173289327251996 0.17166352679589508 0.6957600581527936 0.11834289623717219 0.6850148677309008 0.12624606841505132 0.6960055564424174 0.17583613454960093
0 0.07180570695553022 0.4179334766248575 0.14071811516533636 0.3782531676168757 0.11348283238312429 0.3289046704675028 0.045636900798175596 0.3705983021664766 0.07180570695553022 0.4179334766248575
0 0.09439178791334094 0.8811942428734322 0.12572309578107185 0.8781074127708095 0.12252999315849487 0.8324439190421893 0.08610353933865451 0.8302232394526796 0.09439178791334094 0.8811942428734322
0 0.11855810490307868 0.8187172337514252 0.1361623283922463 0.8148031277080958 0.12308699543899658 0.7638708358038768 0.10575988711516533 0.7626985336374003 0.11855810490307868 0.8187172337514252
0 0.029115350057012542 0.7805729007981757 0.01907279817559863 0.7902141083238313 0.023012513112884835 0.8465546545039909 0.05519953705815279 0.8049706043329532 0.029115350057012542 0.7805729007981757
0 0.30800243329532495 0.9082704127708096 0.35330331242873436 0.9438392132269099 0.3762890330672748 0.9154150091220069 0.3309481847206385 0.8792522348916761 0.30800243329532495 0.9082704127708096
0 0.6145959281641962 0.6821232736602053 0.6374166545039909 0.7040676465222349 0.6619601778791334 0.6808975735461801 0.634523936145952 0.6542104834663627 0.6145959281641962 0.6821232736602053
0 0.6729414914481185 0.5090927354618016 0.6933866590649943 0.5350767229190422 0.7224980467502852 0.5092033021664767 0.6945125849486887 0.48315138312428735 0.6729414914481185 0.5090927354618016
0 0.7703452497149373 0.3208161231470924 0.7966761562143672 0.3454941744583809 0.8123843375142531 0.3235371288483466 0.7886646887115166 0.29897407981755986 0.7703452497149373 0.3208161231470924
0 0.7387094732041048 0.5697496248574686 0.7628720102622577 0.5933889042189281 0.7802623591790193 0.5784644595210946 0.758110754846066 0.5508126316989738 0.7387094732041048 0.5697496248574686
0 0.7199285803876854 0.8749970319270239 0.7479683740022804 0.8989588198403649 0.7703218221208665 0.8699820604332954 0.7442776020524515 0.8461783283922463 0.7199285803876854 0.8749970319270239
0 0.20744240935005703 0.8911653329532497 0.23245253591790194 0.8652826659064994 0.20628373660205243 0.83969734663626 0.18097199543899656 0.868882535917902 0.20744240935005703 0.8911653329532497
0 0.8888265210946408 0.7782624789053592 0.8955165450399089 0.7640878403648803 0.8750886351197263 0.7440624766248575 0.8624335997719499 0.7586557958950969 0.8888265210946408 0.7782624789053592
0 0.8730286031927024 0.7996305997719498 0.8867024663625998 0.7825836716077537 0.8602732508551881 0.7617859931584949 0.847233109464082 0.7793838072976055 0.8730286031927024 0.7996305997719498
0 0.7576392748004561 0.7767098574686431 0.7661255838084379 0.7844601984036488 0.7851043477765108 0.749759590649943 0.768369543899658 0.7485458700114025 0.7576392748004561 0.7767098574686431
0 0.7934379201824401 0.8805828859749145 0.8083773329532496 0.8869876168757127 0.8201318836944128 0.8510050091220069 0.8054743740022805 0.8454733660205245 0.7934379201824401 0.8805828859749145
0 0.09360194640820982 0.6148599384264538 0.11604334891676168 0.595115157354618 0.09469124743443558 0.5703849885974914 0.075100582668187 0.5878456602052452 0.09360194640820982 0.6148599384264538