0 0.6969538449258837 0.190968740022805 0.6553556807297606 0.1899148802736602 0.6461810307867731 0.24292682326111742 0.695051810718358 0.246824503990878 0.6969538449258837 0.190968740022805
0 0.42070350285062713 0.7332209977194982 0.4528207423033067 0.7356295917901938 0.4666336875712657 0.6421555359179019 0.42924582212086654 0.6344928152793614 0.42070350285062713 0.7332209977194982
0 0.4929962862029647 0.6892026100342076 0.48791820524515395 0.738580006841505 0.5230275929304447 0.7421240524515393 0.524490314709236 0.6898389977194983 0.4929962862029647 0.6892026100342076
0 0.28931294298745724 0.9308879350057013 0.32086919954389964 0.9350894047890536 0.33194022805017104 0.8547261368301027 0.29765300684150514 0.8523554196123148 0.28931294298745724 0.9308879350057013
0 0.18777507297605475 0.8649640376282781 0.24791767160775371 0.8734156909920182 0.256927937286203 0.777054701254276 0.1911747810718358 0.774045543899658 0.18777507297605475 0.8649640376282781
0 0.05930577879133409 0.9236213192702395 0.13903346864310148 0.9311372736602053 0.14147782554161917 0.8669582770809579 0.060874537058152794 0.861832968072976 0.05930577879133409 0.9236213192702395
0 0.8622812690992019 0.9167314150513113 0.8735328380843785 0.9147534971493729 0.8794118255416192 0.8772389315849486 0.8663323625997719 0.8736057080957811 0.8622812690992019 0.9167314150513113
0 0.8926205062713797 0.8853205758266819 0.8884914378563284 0.9210246385404789 0.9015980558722919 0.9231696613454959 0.9086659270239453 0.8856343432155074 0.8926205062713797 0.8853205758266819
0 0.9193429977194983 0.88485413340935 0.9153087263397948 0.9258995427594071 0.9313111607753707 0.9238402611174458 0.9330744196123147 0.8887728962371723 0.9193429977194983 0.88485413340935
0 0.7263030912200684 0.953547669327252 0.7619527628278221 0.9541130820980616 0.7649670490307867 0.9225853614595211 0.7308320478905359 0.9187289498289624 0.7263030912200684 0.953547669327252
0 0.6230019338654504 0.9226895724059293 0.6301748700114025 0.85724192018244 0.6099116316989738 0.8534371698973774 0.6026000182440138 0.9209672485746864 0.6230019338654504 0.9226895724059293
0 0.5073093420752566 0.9987015142531357 0.5821307582668187 0.9973955017103763 0.5859915724059294 0.9803442736602053 0.5100001607753706 0.9742477035347777 0.5073093420752566 0.9987015142531357
0 0.7133670171037628 0.9951047639680729 0.7166118848346636 0.976876606613455 0.6796609076396808 0.969801662485747 0.6698252109464081 0.9958647890535918 0.7133670171037628 0.9951047639680729
0 0.4053144116305587 0.3961866795895097 0.4357558312428734 0.4045613671607754 0.44602879817559865 0.3806299965792474 0.4121003352337514 0.36667156670467504 0.4053144116305587 0.3961866795895097
0 0.379853338654504 0.4007879874572406 0.351049330672748 0.3840678278221209 0.3249900581527936 0.4225300444697834 0.3620669190421893 0.43672731470923604 0.379853338654504 0.4007879874572406
0 0.30103637514253134 0.24123142075256557 0.3212669361459521 0.24325365564424176 0.3322831767388826 0.19377260889395667 0.311926724059293 0.19026797035347778 0.30103637514253134 0.24123142075256557