0 0.7615766978335234 0.5481007514253136 0.8022024241733181 0.5573608483466362 0.8100796419612315 0.49766589623717217 0.7691727115165337 0.49290053591790195 0.7615766978335234 0.5481007514253136
0 0.7833649270239452 0.716359244013683 0.7851249133409349 0.6548154082098061 0.7469653283922463 0.647425614595211 0.7437946693272519 0.7132649942987458 0.7833649270239452 0.716359244013683
0 0.29980424743443557 0.7404867719498289 0.34825457696693274 0.7317777822120867 0.335449858608894 0.6738922645381984 0.28910722805017103 0.6886750433295326 0.29980424743443557 0.7404867719498289
0 0.5018664948688711 0.27400390307867734 0.540662236031927 0.1677966054732041 0.45099550057012544 0.12974803990877992 0.41300511288483466 0.2332027970353478 0.5018664948688711 0.27400390307867734
0 0.8598601379703535 0.9373472348916763 0.8913248574686431 0.9390645644241733 0.8916499657924744 0.9059571197263399 0.8576054469783352 0.9047635039908779 0.8598601379703535 0.9373472348916763
0 1 0.6866954207525656 0.9883523819840365 0.6841207331812998 0.9837239623717218 0.7196907309007982 1 0.7255428939566705 1 0.6866954207525656
0 0.5351142782212087 0.694867054732041 0.5746189566704675 0.6988610684150514 0.5772084789053592 0.6467809452679589 0.5403871220068415 0.641062126567845 0.5351142782212087 0.694867054732041
0 0.4025586966932725 0.9147724663625998 0.4155307457240593 0.915427181299886 0.4170996362599772 0.8789312531356899 0.40065865450399085 0.8815632576966933 0.4025586966932725 0.9147724663625998
0 0.44278685518814137 0.9070824002280502 0.44086180045610035 0.8714897388825542 0.42508448460661347 0.868100362599772 0.4288105290763968 0.9106892428734322 0.44278685518814137 0.9070824002280502
0 0.1264980558722919 0.8620383169897378 0.19304844469783353 0.8293951014823261 0.18534925769669328 0.8026518631698975 0.11588939452679589 0.8254173181299886 0.1264980558722919 0.8620383169897378
0 0.17889616191562144 0.9200375381984037 0.20404622576966933 0.9142610843785632 0.2025971254275941 0.8976977913340936 0.17870210718358037 0.896808244013683 0.17889616191562144 0.9200375381984037
0 0.21263430672748004 0.8974172383124287 0.24283145838084377 0.8947753295324972 0.24079242303306728 0.8782636488027366 0.21841001824401365 0.8742616750285063 0.21263430672748004 0.8974172383124287
0 0.13995169669327254 0.9341714937286203 0.15870907525655645 0.93372403990878 0.1570012314709236 0.9142032941847207 0.1379888494868871 0.9146761938426454 0.13995169669327254 0.9341714937286203
0 0.1245698779931585 0.982900661345496 0.14023887571265678 0.9812333603192702 0.1408867787913341 0.9477996670467503 0.12312799543899657 0.942199574686431 0.1245698779931585 0.982900661345496