0 0.5439109589509692 0.36402162485746864 0.5451346237172178 0.41199261231470924 0.6174621265678449 0.42212767274800456 0.6172732782212087 0.36975861231470925 0.5439109589509692 0.36402162485746864
0 0.5428674401368301 0.5153899555302166 0.5388315940706956 0.554048393386545 0.6437326351197263 0.5608483261117446 0.6394150718358039 0.5244037616875713 0.5428674401368301 0.5153899555302166
0 0.5243400980615736 0.5915374846066135 0.5300387194982896 0.6272752405929305 0.56670382668187 0.6232186579247435 0.5606645199543899 0.5906776898517674 0.5243400980615736 0.5915374846066135
0 0.4675215496009122 0.5907148608893956 0.4667547958950969 0.6239783534777651 0.49488824401368303 0.6262446499429875 0.49359707183580387 0.5898582554161916 0.4675215496009122 0.5907148608893956
0 0.20557166020524517 0.4899365575826682 0.2143998654503991 0.5263267183580388 0.2714941049030787 0.5252935860889396 0.2634868540478905 0.4850111117445838 0.20557166020524517 0.4899365575826682
0 0.6701557559863169 0.4200633454960091 0.6699673489167617 0.4737031584948689 0.708214330672748 0.4717792873432155 0.7075533181299887 0.4184510832383124 0.6701557559863169 0.4200633454960091
0 0.8845585416191561 0.45634482668187 0.879695354618016 0.5005689885974914 0.9185604150513114 0.5021504161915622 0.919784717217788 0.4578047331812999 0.8845585416191561 0.45634482668187
0 0.7751991687571265 0.29432817331813 0.7653463204104902 0.3478665336374003 0.8107790444697833 0.3525023397947548 0.8209901664766248 0.3027054823261118 0.7751991687571265 0.29432817331813
0 0.7251099954389966 0.21883382554161915 0.7252308996579248 0.27422782782212085 0.76629482668187 0.28144111402508554 0.7709248038768529 0.22391790763968072 0.7251099954389966 0.21883382554161915
0 0.7927467251995439 0.16474522919042187 0.7802443808437857 0.21694362485746863 0.8462426887115165 0.2287960148232611 0.8552415644241732 0.17382480273660206 0.7927467251995439 0.16474522919042187
0 0.9171057240592931 0.19642397377423032 0.9532728027366021 0.19125256214367162 0.9474911322690991 0.15846307981755986 0.9116117719498289 0.1618559486887115 0.9171057240592931 0.19642397377423032
0 0.5642350057012543 0.26045174458380843 0.5564181482326112 0.2913440763968073 0.6123398711516533 0.3007576339794755 0.6155177742303306 0.2657727354618016 0.5642350057012543 0.26045174458380843
0 0.6683886100342076 0.3450842314709236 0.6653542314709237 0.37573619156214366 0.707554810718358 0.3791379441277081 0.7074756727480046 0.3462060649942988 0.6683886100342076 0.3450842314709236
0 0.47092195553021665 0.15523661915621437 0.4613445267958951 0.20691768643101482 0.5102130900798175 0.22420056556442416 0.5222234880273661 0.1675115598631699 0.47092195553021665 0.15523661915621437
0 0.5239961687571266 0.14166259635119727 0.5324687787913341 0.10764167616875714 0.49367525997719497 0.09279790193842645 0.48224413683010264 0.13396614709236032 0.5239961687571266 0.14166259635119727
0 0.2883603797035348 0.036242820980615736 0.2762429384264538 0.06668922919042189 0.33470646180159636 0.08709877423033068 0.3451541425313569 0.05060196009122007 0.2883603797035348 0.036242820980615736