0 0.8601659099201824 0 0.8461553705815279 0.00847867274800456 0.8756970877993159 0.07364543557582667 0.9016457468643102 0.06567524287343215 0.8638482132269099 0 0.8601659099201824 0
0 0.8913508506271379 0 0.9117933055872293 0.04109755644241733 0.9356104492588369 0.03039646180159635 0.9212962748004562 0 0.8913508506271379 0
0 0.17652719384264537 0.9198210125427595 0.10810179361459521 0.9371957297605473 0.11875009236031928 0.984942992018244 0.1864067194982896 0.9706537137970354 0.17652719384264537 0.9198210125427595
0 0.08163845724059292 1 0.08527313340935005 0.9998212075256556 0.06962656670467503 0.9553811698973774 0.05383677765108324 0.9588154344355758 0.060717028506271385 1 0.08163845724059292 1
0 0.5799716510832383 0.7635039635119727 0.5553321641961231 0.7686230433295325 0.5776365712656785 0.8430549361459522 0.6034281322690992 0.8386901391106043 0.5799716510832383 0.7635039635119727
0 0.7719392611174458 0.6753267366020524 0.7174130399087799 0.6948832075256556 0.7306804059293045 0.7249592554161916 0.7785952394526796 0.7107011288483467 0.7719392611174458 0.6753267366020524
0 0.8420943409350058 0.9251406214367162 0.8085114127708096 0.9397327434435576 0.8185950285062713 0.9633801231470923 0.8622174321550741 0.9580239657924743 0.8420943409350058 0.9251406214367162
0 0.9577167023945268 0.690203299885975 0.9190154686431016 0.7042274526795895 0.9430384925883695 0.7341792884834664 0.9744475940706956 0.7219478118586089 0.9577167023945268 0.690203299885975
0 0.882844724059293 0.47506648916761685 0.8418171163055872 0.47023359863169895 0.8421766111744584 0.5072784127708095 0.8804726545039909 0.5121475940706955 0.882844724059293 0.47506648916761685
0 0.8496060182440136 0.4459470912200684 0.8493471573546181 0.4633269361459521 0.8792328460661346 0.47281803192702393 0.8811165085518815 0.4540422690992018 0.8496060182440136 0.4459470912200684
0 0.3630566681870011 0.5900368768529077 0.3134667537058153 0.6116791870011402 0.3246331858608894 0.6587614720638539 0.3744502679589509 0.6502518677309008 0.3630566681870011 0.5900368768529077
0 0.44271837856328394 0.061005549600912194 0.4879438996579248 0.029729568985176737 0.46520961459521093 0.0005168095781071836 0.42216049030786773 0.030030039908779935 0.44271837856328394 0.061005549600912194
0 0.46505002280501706 0.9310551630558723 0.4070931128848347 0.9453514583808438 0.4162851288483467 0.9860974481185861 0.47333081641961233 0.9731110285062714 0.46505002280501706 0.9310551630558723