0 0.15780868301026224 0.5318463044469783 0.17645065450399086 0.5362204036488027 0.22825966818700114 0.3914026488027366 0.21090404561003423 0.38458444127708097 0.15780868301026224 0.5318463044469783
0 0.18321686773090082 0.5406223192702394 0.20298100228050173 0.5437484789053592 0.2557248540478905 0.40542350969213226 0.23184655074116303 0.39329720980615734 0.18321686773090082 0.5406223192702394
0 0.2621476054732041 0.4033016476624857 0.20912320410490307 0.5475885336374002 0.2285756339794755 0.5560821128848347 0.279013889395667 0.4077688072976055 0.2621476054732041 0.4033016476624857
0 0.23671200684150512 0.5526828791334093 0.253049062713797 0.5583669042189281 0.30501344925883694 0.41651383010262255 0.28340843899657925 0.41229658152793613 0.23671200684150512 0.5526828791334093
0 0.2599380148232611 0.5651406476624857 0.27808191448118585 0.5713261083238312 0.3311373078677309 0.4276305974914481 0.3087040444697834 0.4151328483466363 0.2599380148232611 0.5651406476624857
0 0.28101231927023945 0.5705764025085519 0.30130627936145954 0.5837823968072976 0.3532732690992018 0.43063402052451544 0.33338741163055874 0.4272153922462942 0.28101231927023945 0.5705764025085519
0 0.306419023945268 0.5793540604332953 0.3275553956670467 0.5859741277080958 0.3792703078677309 0.4506759064994299 0.3554524606613455 0.44033013226909923 0.306419023945268 0.5793540604332953
0 0.3305495917901939 0.5864117730900799 0.3518414994298746 0.5959996442417331 0.40106176510832386 0.4584507730900798 0.3793946054732041 0.45304765222348914 0.3305495917901939 0.5864117730900799
0 0.35371188939566706 0.5976837502850627 0.36948560433295324 0.6039934275940707 0.4205141938426454 0.4669443511972634 0.4017347594070696 0.45663337286202965 0.35371188939566706 0.5976837502850627
0 0.0425948472063854 0.8042510136830102 0.16960505701254278 0.8249446738882554 0.1843306841505131 0.765905582668187 0.058853973774230336 0.7466179669327252 0.0425948472063854 0.8042510136830102
0 0.06423815621436717 0.9452192953249715 0.1133403865450399 0.9527535587229191 0.1331465598631699 0.8999868563283921 0.07692404675028507 0.8874746670467503 0.06423815621436717 0.9452192953249715
0 0.038681807297605474 0.5369003489167616 0.16802608437856328 0.5794705849486886 0.18399721208665906 0.5328520809578108 0.05272203990877993 0.4936531470923603 0.038681807297605474 0.5369003489167616
0 0.35255333637400227 0.2582463842645382 0.36740666020524515 0.17898383238312426 0.2682380102622577 0.1568326237172178 0.25085151311288484 0.24603668871151654 0.35255333637400227 0.2582463842645382
0 0.04588114709236032 0.18691579931584948 0.07758786887115166 0.19119976738882555 0.08785279475484607 0.13774553591790195 0.05555633979475484 0.13349403762827822 0.04588114709236032 0.18691579931584948
0 0.09709034207525656 0.08731797035347777 0.12474285404789054 0.09359810718358039 0.13096296807297605 0.048977044469783355 0.0992490102622577 0.04915268985176739 0.09709034207525656 0.08731797035347777