0 0.2429574629418472 0.4680655518814139 0.1758999566704675 0.499246102622577 0.19468349144811858 0.5337013249714937 0.25946620068415055 0.49903134093500573 0.2429574629418472 0.4680655518814139
0 0.30232454275940707 0.6615743306727481 0.3324405290763968 0.6424133899657924 0.2923166202964652 0.5561564846066135 0.25846546066134546 0.572716724059293 0.30232454275940707 0.6615743306727481
0 0.3851623283922463 0.4380042748004561 0.3604318255416191 0.4506746168757127 0.3777918722919042 0.4902454412770809 0.4071792816419612 0.47576259293044465 0.3851623283922463 0.4380042748004561
0 0.5815345929304446 0.6617406602052451 0.6180226431014824 0.6473881539338654 0.6081370296465223 0.6145300980615735 0.570773196123147 0.628143953249715 0.5815345929304446 0.6617406602052451
0 0.5756818643101482 0.15599990649942985 0.5041434982896237 0.17655904903078679 0.5361954161915622 0.2544047502850627 0.5954816909920182 0.22775909007981757 0.5756818643101482 0.15599990649942985
0 0.5317601687571266 0 0.49822066248574687 0.018629761687571265 0.5107123717217787 0.054912854047890536 0.5684039840364881 0.03251036488027366 0.5494527582668187 0 0.5317601687571266 0
0 0.7418916031927023 0.14062817103762829 0.669611038768529 0.16979966590649945 0.683990070695553 0.21690586545039908 0.7603385142531357 0.1951093055872292 0.7418916031927023 0.14062817103762829
0 0.9318931356898518 0.24765460889395668 0.896811598631699 0.2599159441277081 0.9098057993158495 0.3112229384264538 0.946392598631699 0.3004820068415051 0.9318931356898518 0.24765460889395668
0 0.844821094640821 0.6141921265678448 0.811567086659065 0.6327517206385405 0.8446520604332953 0.6910425895096921 0.8775562736602053 0.671944534777651 0.844821094640821 0.6141921265678448
0 0.7459876647662486 0.7150599099201824 0.7316421824401369 0.7220824298745724 0.7358197480045611 0.7539329977194983 0.7561659201824401 0.7487683762827821 0.7459876647662486 0.7150599099201824
0 0.7214376830102622 0.737977834663626 0.6894793261117446 0.7538677183580388 0.6977628244013683 0.7716131858608893 0.7304103740022805 0.7540771790193843 0.7214376830102622 0.737977834663626
0 0.25945445496009123 0.04931477080957811 0.22577879475484608 0.05948983580387686 0.2378833283922463 0.10310813454960091 0.27031020752565565 0.08863774572405929 0.25945445496009123 0.04931477080957811
0 0.26236453705815277 0.3161001630558723 0.24730156670467504 0.2821314629418472 0.19888928164196124 0.303941550741163 0.2153794070695553 0.3355158198403649 0.26236453705815277 0.3161001630558723
0 0.4048298848346636 0.8376265267958951 0.38691975142531354 0.7921139977194983 0.35397053819840363 0.8127329578107183 0.3702333363740023 0.8461675952109464 0.4048298848346636 0.8376265267958951
0 0.37065987799315847 0.764426582668187 0.33949303648802737 0.7843966522234892 0.34986493842645383 0.8035507651083238 0.3813255404789054 0.7856406145952108 0.37065987799315847 0.764426582668187
0 0.1983646921322691 0.6085936510832383 0.18565137400228052 0.6146940478905359 0.209127511972634 0.66396355986317 0.22184636830102625 0.6551402029646523 0.1983646921322691 0.6085936510832383
0 0.7226760581527937 0.8127417263397948 0.6544392633979476 0.8471742303306727 0.6706863124287343 0.8996651151653363 0.7392112177879133 0.8739455313568986 0.7226760581527937 0.8127417263397948