0 0.9592121596351197 0.8508631083238313 0.9937859452679589 0.8603663888255416 0.9940240342075257 0.8467262782212086 0.9648283899657925 0.8352993785632838 0.9592121596351197 0.8508631083238313
0 0.9589576271379704 0.8654452622576967 0.958715229190422 0.8793322086659066 0.9924503101482326 0.8858532098061574 0.9935271311288484 0.8751938175598631 0.9589576271379704 0.8654452622576967
0 0.898612322690992 0.8183630456100341 0.9135827924743444 0.7432800672748004 0.8305931311288482 0.7347116431014824 0.8157292987457241 0.8038643295324971 0.898612322690992 0.8183630456100341
0 0.9680892006841505 0.784572 0.9950282291904219 0.7891959794754846 0.9953594982896238 0.7702176202964652 0.9722571961231471 0.7669248654503992 0.9680892006841505 0.784572
0 0.8661371995438996 1 0.8683535701254276 0.986915314709236 0.8174437844925884 0.9777207297605474 0.8112091744583808 1 0.8661371995438996 1
0 0.7724808734321551 1 0.7790215473204105 0.9675579954389966 0.7405578871151652 0.959768338654504 0.7313336168757126 0.99492051995439 0.7567266659064994 1 0.7724808734321551 1
0 0.7655636738882555 0.8540105176738882 0.7253190615735462 0.8461882109464083 0.7202317320410491 0.8994934811858608 0.7556856716077538 0.9096044025085519 0.7655636738882555 0.8540105176738882
0 0.5540811128848347 0.7391646465222349 0.555778945267959 0.7269486670467503 0.506681197263398 0.7160057514253135 0.5028707890535917 0.73017734663626 0.5540811128848347 0.7391646465222349
0 0.5712431379703535 0.6916225496009122 0.5043029817559863 0.6821481516533637 0.5005132702394527 0.6951339897377423 0.571577984036488 0.7064603409350056 0.5712431379703535 0.6916225496009122
0 0.26560197833523375 0.6807492189281642 0.28195501482326113 0.6284329019384265 0.22870164994298747 0.6174174492588369 0.21642828620296464 0.6741572041049031 0.26560197833523375 0.6807492189281642
0 0.5243693933865451 0.19595555872291903 0.5496744697833523 0.12408312314709236 0.5011392953249715 0.11493154846066134 0.47689958722919046 0.17680074230330672 0.5243693933865451 0.19595555872291903
0 0.10861367844925883 0.284780338654504 0.12051118129988597 0.24948416419612313 0.05381067616875713 0.22636968529076398 0.04306628848346636 0.263556582668187 0.10861367844925883 0.284780338654504
0 0.3584673010262258 0.1574730581527936 0.36364160661345496 0.13329561687571265 0.3258130273660205 0.12314324629418473 0.3189308061573546 0.1431933762827822 0.3584673010262258 0.1574730581527936
0 0.1352422850627138 0.08596166476624857 0.13453205245153935 0.05869824287343215 0.10187921436716078 0.0581282850627138 0.09792386887115165 0.08060330330672748 0.1352422850627138 0.08596166476624857
0 0.10166006271379703 0.8362476590649942 0.1111215952109464 0.7874131596351197 0.06659712770809578 0.7866359828962373 0.061851456100342074 0.8203676716077537 0.10166006271379703 0.8362476590649942
0 0.6071762337514254 0.027792313568985177 0.6168098768529077 0.0032082622576966933 0.5797061539338654 0.002560614595210946 0.5711596944127708 0.01589161345496009 0.6071762337514254 0.027792313568985177