0 0.38646684036488027 0.6775225267958952 0.34824252109464077 0.6657190855188142 0.3354867251995439 0.7176042941847207 0.3713229475484606 0.7288571425313569 0.38646684036488027 0.6775225267958952
0 0.05113161003420753 0.6934711128848347 0.01635682212086659 0.6750752155074117 0.00357451425313569 0.7091472360319271 0.0356576818700114 0.7258085952109464 0.05113161003420753 0.6934711128848347
0 0.006020033067274801 0.8492508939566705 0.029726667046750286 0.8624954241733181 0.0491505267958951 0.8182121858608894 0.006085231470923603 0.8011486807297605 0.006020033067274801 0.8492508939566705
0 0.08387979247434436 0.5278102850627138 0.035437347776510836 0.5090591163055872 0.011464697833523375 0.5828168551881414 0.06385926795895097 0.6059528426453821 0.08387979247434436 0.5278102850627138
0 0.03627556556442417 0.35286444811858614 0.015067722919042188 0.4310277309007982 0.0706045290763968 0.4478719817559863 0.09006248004561004 0.3715207651083238 0.03627556556442417 0.35286444811858614
0 0 0.07229435347776511 0.04109342531356898 0.08436290763968074 0.052983082098061574 0.05089874572405929 0 0.035954698973774235 0 0.07229435347776511
0 0.19035855074116304 0.23021758722919042 0.13713571607753705 0.2097667765108324 0.11667699543899658 0.29682615165336373 0.17275411516533637 0.3106933329532497 0.19035855074116304 0.23021758722919042
0 0.6010871698973774 0.8923111619156214 0.6536645062713797 0.9098024743443557 0.6597031026225769 0.8752543249714937 0.6105711265678448 0.8571090319270239 0.6010871698973774 0.8923111619156214
0 0.7527640285062713 0.9722074538198404 0.7564134515393387 0.9430455712656785 0.7222545849486888 0.9258250410490309 0.710458189281642 0.9646321391106043 0.7527640285062713 0.9722074538198404
0 0.8854911197263398 0.9532631607753705 0.9189319521094641 0.9633685781071836 0.9381780615735461 0.9089915917901938 0.8976340399087799 0.9001978437856328 0.8854911197263398 0.9532631607753705
0 0.7335699851767389 0.7914195883694413 0.7508545632839225 0.7946824903078678 0.776805921322691 0.7458299498289623 0.7581932690992019 0.7387318278221208 0.7335699851767389 0.7914195883694413
0 0.9543184264538199 0.7786603660205245 0.9387542155074117 0.7718043922462942 0.924293314709236 0.8260978517673888 0.9451245883694414 0.830483401368301 0.9543184264538199 0.7786603660205245
0 0.9059234139110603 0.6945843580387685 0.8670966339794756 0.6821975917901938 0.8582490912200684 0.7167947730900798 0.8969725051311289 0.7262141413911061 0.9059234139110603 0.6945843580387685
0 0.6554033409350057 0.3628403854047891 0.5949187844925884 0.33479796579247434 0.5707568232611174 0.42340501938426456 0.6348824469783353 0.4463378038768529 0.6554033409350057 0.3628403854047891
0 0.6864090171037629 0.23343580273660205 0.6302577993158495 0.21541303192702393 0.6119038335233752 0.2801650889395667 0.6661916077537058 0.30029882896237176 0.6864090171037629 0.23343580273660205
0 0.8115561288483467 0.1546459338654504 0.796812134549601 0.1946906009122007 0.8500660296465223 0.21692082896237172 0.8647390490307867 0.1727205165336374 0.8115561288483467 0.1546459338654504
0 0.7447649361459522 0.07148643557582668 0.7065835997719498 0.0620560433295325 0.6894676180159635 0.13094337514253135 0.7293708757126568 0.14242059064994297 0.7447649361459522 0.07148643557582668
0 0.9008773819840366 0.06519687799315849 0.8357782862029647 0.044956492588369444 0.831934905359179 0.0767940433295325 0.8895518346636261 0.0968681094640821 0.9008773819840366 0.06519687799315849
0 0.386247189281642 0.018358778791334095 0.3277860900798175 0.004176905359179019 0.3155354025085519 0.051068164196123145 0.36945847092360323 0.06704982326111744 0.386247189281642 0.018358778791334095
0 0.38668657468643103 0.21372617787913342 0.30666717673888255 0.1895877833523375 0.2973914948688712 0.22508319726339795 0.3742431197263398 0.2495738061573546 0.38668657468643103 0.21372617787913342
0 0.3915263215507412 0.1506946134549601 0.334812503990878 0.13446162143671608 0.3222830729760547 0.17120307297605472 0.3838544298745724 0.1876466339794755 0.3915263215507412 0.1506946134549601
0 0.32405097035347774 0.13049258152793614 0.2869844732041049 0.11688897149372862 0.27449645496009123 0.1381867229190422 0.31198359293044464 0.1538645575826682 0.32405097035347774 0.13049258152793614
0 0.18779303648802737 0.15128158836944128 0.2385479441277081 0.16642935005701254 0.25450158380843785 0.11537751995438997 0.203497913340935 0.09815409692132268 0.18779303648802737 0.15128158836944128
0 0.21614684606613457 0.00612557582668187 0.21466223147092361 0.02313532725199544 0.28282447548460665 0.04866837058152794 0.29977941847206385 0.004665763968072976 0.21614684606613457 0.00612557582668187
0 0.4794555176738882 0.3558162782212087 0.4633183990877993 0.3501595473204105 0.4483058939566705 0.39971035005701255 0.46608380273660205 0.4065261208665907 0.4794555176738882 0.3558162782212087
0 0.8702028346636259 0.5538722748004561 0.8374193979475485 0.5473184264538199 0.8281353580387686 0.5599526921322691 0.8637314595210946 0.5715050877993159 0.8702028346636259 0.5538722748004561