0 1 0.46232526795895096 0.9899096088939566 0.4607271071835804 0.9799452462941847 0.5084575416191562 1 0.5100576670467503 1 0.46232526795895096
0 0.8307271083238312 0.10506228050171038 0.8320492394526796 0.10620346978335234 0.8739362269099202 0.1074257730900798 0.8771300695553021 0.07966961345496008 0.8367877377423033 0.0762857708095781 0.8307271083238312 0.10506228050171038
0 0.19003503192702392 0.03965569327251995 0.1887039338654504 0.0385811094640821 0.12885042873432154 0.0369193740022805 0.12736892816419612 0.09561494412770809 0.19163506043329534 0.09978060547320411 0.19003503192702392 0.03965569327251995
0 0.06641692132269099 0.049279799315849485 0.06316528392246294 0.06980982668187001 0.10093322576966933 0.0613608905359179 0.09904761459521094 0.050493051311288485 0.06641692132269099 0.049279799315849485
0 0.0600062850627138 0.0897549589509692 0.05865092474344356 0.10818072291904218 0.10723231242873432 0.11647799201824402 0.10872487457240593 0.09566777194982896 0.0600062850627138 0.0897549589509692
0 0.450870661345496 0.14444639794754846 0.45646984606613455 0.1242866031927024 0.3803425416191562 0.13808663283922465 0.3817612725199544 0.1556877708095781 0.450870661345496 0.14444639794754846
0 0.3631595359179019 0.17445101140250854 0.3723524070695553 0.18853435803876853 0.47739949144811855 0.17811246978335232 0.47232407411630556 0.16462114823261118 0.3631595359179019 0.17445101140250854
0 0.37712337628278225 0.21153892702394528 0.3779187787913341 0.22549454618015963 0.4842984526795895 0.21047450969213224 0.48331752907639686 0.19769022576966933 0.37712337628278225 0.21153892702394528
0 0.24028954618015966 0.7984008312428734 0.24687443101482326 0.9010652155074116 0.2991297856328392 0.9051335929304446 0.2969065564424173 0.7996116522234892 0.24028954618015966 0.7984008312428734
0 0.40510902964652223 0.8888462497149372 0.40201401596351194 0.904591874572406 0.44846479817559864 0.9149547126567845 0.4530368540478905 0.8955766761687571 0.40510902964652223 0.8888462497149372
0 0.39888415963511975 0.9281485290763968 0.39862870809578105 0.9449434663625997 0.44273348460661344 0.954936314709236 0.44528682782212087 0.9331218608893957 0.39888415963511975 0.9281485290763968
0 0.3411849475484607 0.9394537571265679 0.3413952086659065 0.953318282782212 0.37392805587229194 0.9566675245153934 0.3759245895096921 0.9383686248574686 0.3411849475484607 0.9394537571265679
0 0.28627579931584946 0.9331631892816419 0.2854032212086659 0.9462534766248574 0.3339572554161916 0.9509379236031927 0.3293447833523375 0.9364014686431016 0.28627579931584946 0.9331631892816419
0 0.1679643078677309 0.9210387343215508 0.1690032725199544 0.941047606613455 0.23033566134549602 0.9447486100342075 0.2304048985176739 0.923436110604333 0.1679643078677309 0.9210387343215508
0 0.009919877993158495 0.920660481185861 0.0071271128848346636 0.9269067491448117 0.053468655644241726 0.9341737571265679 0.04923048232611175 0.917284070695553 0.009919877993158495 0.920660481185861
0 0.40586875940706957 0.9713464367160775 0.39828564766248575 0.9888601755986317 0.44871948346636265 0.9968481094640821 0.45091424971493727 0.977297622576967 0.40586875940706957 0.9713464367160775
0 0.8540233397947549 0.3508118859749145 0.8468887753705815 0.3617080695553022 0.9019834458380844 0.36682730102622574 0.9012637217787913 0.35429162599771946 0.8540233397947549 0.3508118859749145