0 0.8353580022805017 0.8972357046750286 0.8728186316989738 0.8956880866590651 0.8736756818700114 0.8606723055872292 0.8368246864310148 0.8600678483466362 0.8353580022805017 0.8972357046750286
0 0.9461764435575827 0.08796563169897377 0.9114199794754847 0.0981859087799316 0.9309927901938426 0.15941290193842644 0.9645512143671608 0.14902003306727482 0.9461764435575827 0.08796563169897377
0 0 0.0806039236031927 0.03552265564424174 0.07143776966932726 0.03198323717217788 0.04912299657924744 0 0.05091142873432156 0 0.0806039236031927
0 0.1122372166476625 0.2842739156214367 0.14624557810718358 0.2783114104903079 0.14267935689851768 0.23868585860889394 0.10895951197263397 0.24790165336374004 0.1122372166476625 0.2842739156214367
0 0.09845402964652224 0.6815503477765108 0.13348872633979475 0.6796575438996579 0.13302925997719497 0.6468697046750285 0.0964513842645382 0.6486246237172177 0.09845402964652224 0.6815503477765108
0 0.8695432873432155 0.78498651995439 0.8333859965792474 0.7989345815279361 0.8476161356898517 0.843411086659065 0.8837033614595211 0.828273205245154 0.8695432873432155 0.78498651995439
0 0.8693399190421893 0.5444054743443557 0.9256375096921322 0.5402809908779932 0.9240339749144811 0.47925335233751426 0.870533165336374 0.4762197160775371 0.8693399190421893 0.5444054743443557
0 0.07226516191562143 0.08011340820980617 0.07356315051311288 0.12654458608893956 0.09504176396807297 0.123988582668187 0.08839944355758267 0.08020868757126567 0.07226516191562143 0.08011340820980617
0 0.013602799315849488 0.0844895803876853 0.020248743443557583 0.12498548004561004 0.032293383124287346 0.12342102736602052 0.03126170923603193 0.08203496237172177 0.013602799315849488 0.0844895803876853
0 0.132572842645382 0.4266170957810718 0.17171088141391105 0.4183228084378563 0.1687032337514253 0.38401173318129994 0.12758399315849486 0.3910201322690992 0.132572842645382 0.4266170957810718
0 0.18106931927023948 0.751673842645382 0.1739128301026226 0.7858591698973774 0.22602568871151651 0.7908297468643102 0.22925249714937287 0.7555648939566705 0.18106931927023948 0.751673842645382
0 0.9001075165336373 0.24624195096921322 0.8979439703534777 0.18020006841505132 0.8490124618015964 0.19191020296465222 0.855634732041049 0.2544983511972634 0.9001075165336373 0.24624195096921322