0 0.3778132075256556 0.31732922348916764 0.34247243329532495 0.3270539806157355 0.3538681345496009 0.3832858996579247 0.38985625769669324 0.3714996989737742 0.3778132075256556 0.31732922348916764
0 0.5777079247434436 0.6087277251995439 0.5666295450399087 0.5526441778791334 0.5140806841505131 0.5734581037628278 0.524195724059293 0.6216958859749145 0.5777079247434436 0.6087277251995439
0 0.6339459213226909 0.7789412212086658 0.6232293409350057 0.7258042953249715 0.5865620969213227 0.7344955028506271 0.5977853854047891 0.7917592508551882 0.6339459213226909 0.7789412212086658
0 0.4531232246294185 1 0.48672510718358036 0.9896944732041049 0.4722492987457241 0.9352244948688712 0.3959876647662486 0.9604738415051312 0.4107872919042189 1 0.4531232246294185 1
0 0.35201416533637403 0.6340450250855189 0.3461309794754846 0.595874362599772 0.31152114595210945 0.6067057879133408 0.3217273158494869 0.6483520809578107 0.35201416533637403 0.6340450250855189
0 0.9520009931584948 0.44728450171037626 0.9486374287343216 0.43453217673888256 0.8781818529076396 0.450962897377423 0.8768405872291904 0.4644377343215507 0.9520009931584948 0.44728450171037626
0 0.9288872805017103 0.4297771083238312 0.9302447046750285 0.4164466921322691 0.8749127092360319 0.42922269555302167 0.8743441698973774 0.44410604675028503 0.9288872805017103 0.4297771083238312
0 0.2859312748004561 0.09584307753705815 0.2748852109464082 0.025393823261117443 0.23398823489167617 0.02890722462941847 0.246241755986317 0.10430559179019384 0.2859312748004561 0.09584307753705815
0 0.40595386659064997 0.07332786545039909 0.3982976738882554 0.03537175256556442 0.2814100045610034 0.05658426567844926 0.288810189281642 0.09489138312428734 0.40595386659064997 0.07332786545039909
0 0.18715246636259977 0.8523497594070695 0.17837681870011404 0.8199181277080958 0.14665098745724062 0.8322624846066135 0.15106429076396807 0.8657571140250856 0.18715246636259977 0.8523497594070695
0 0.31690535461801594 0.6700703660205245 0.301841771949829 0.6156725564424174 0.26234591220068415 0.6354819851767389 0.27463969099201824 0.6819504310148232 0.31690535461801594 0.6700703660205245