0 0.6502948004561003 0.9422895553021664 0.6200778871151653 0.9776741755986317 0.6522398027366021 0.9938132405929304 0.6705420364880275 0.9700946636259977 0.6502948004561003 0.9422895553021664
0 0.1318596921322691 0.679662165336374 0.16944593272519956 0.6975682930444698 0.17542216191562143 0.6715969087799316 0.14592546408209806 0.6570351003420752 0.1318596921322691 0.679662165336374
0 0.1553665062713797 0.6410296864310149 0.216900496009122 0.6536669270239452 0.21817261801596352 0.5759820535917902 0.16649410946408208 0.5612584652223489 0.1553665062713797 0.6410296864310149
0 0.8448301505131128 0.5406390672748005 0.86800469327252 0.5464275553021665 0.8949922805017104 0.4580401197263398 0.8652039897377424 0.4476258871151653 0.8448301505131128 0.5406390672748005
0 0.5575710592930445 0.34417387001140254 0.5826379395667047 0.36259231356898514 0.6005271824401368 0.3249563363740023 0.5709338072976055 0.3117770900798176 0.5575710592930445 0.34417387001140254
0 0.45360468871151655 0.3035726385404789 0.4797626465222349 0.32623377765108325 0.5015034139110605 0.2930335256556443 0.47248988825541616 0.27156202850627137 0.45360468871151655 0.3035726385404789
0 0.6230973591790193 0.18071062713797034 0.6501531482326112 0.2103780250855188 0.6877521220068414 0.16856456556442417 0.6644527388825542 0.14471556328392246 0.6230973591790193 0.18071062713797034
0 0.567017401368301 0.05040783922462942 0.5928838768529077 0.07721499315849488 0.6162253888255416 0.060792272519954386 0.590842086659065 0.027075427594070695 0.567017401368301 0.05040783922462942
0 0.4068289464082098 0.06003680045610034 0.3547358893956671 0.03139570353477765 0.33861414367160775 0.06360112086659064 0.38785018472063854 0.09343019042189282 0.4068289464082098 0.06003680045610034
0 0.7333340718358038 0.9647633899657925 0.7479796955530217 0.9338440741163057 0.7189661710376283 0.9123725769669327 0.69998596009122 0.9457642998859749 0.7333340718358038 0.9647633899657925
0 0.7144945393386545 0.8176204652223489 0.7067788665906499 0.8684670444697833 0.7379449327251995 0.8789791870011402 0.7452772291904218 0.8336599543899658 0.7144945393386545 0.8176204652223489
0 0.9415401311288483 0.18908979589509692 0.9749864811858608 0.20670643329532498 0.995801473204105 0.14705372862029645 0.9634462006841505 0.13367978563283922 0.9415401311288483 0.18908979589509692
0 0.2024536385404789 0.40405894526795894 0.16438411744583808 0.39306406613454964 0.15102136830102622 0.4254608449258837 0.18170582098061575 0.4428827856328392 0.2024536385404789 0.40405894526795894
0 0.5462478072976055 0.704472606613455 0.5319343466362599 0.6909725142531357 0.4888394161915622 0.7518443318129988 0.5020633568985177 0.7611018380843786 0.5462478072976055 0.704472606613455
0 0.5145970091220069 0.7008700456100343 0.5001868711516534 0.6887525142531357 0.4746912576966933 0.7161344823261118 0.49343609236031927 0.725778046750285 0.5145970091220069 0.7008700456100343