0 0.8776283854047892 0.9336640330672747 0.8806135838084378 0.9760912451539339 0.9119099521094641 0.9711435678449258 0.9134263249714937 0.9281790592930445 0.8776283854047892 0.9336640330672747
0 0.7555839623717219 0.934048456100342 0.7636669190421893 0.9631566385404788 0.7970313546180159 0.9541918734321551 0.7893103979475485 0.928418629418472 0.7555839623717219 0.934048456100342
0 0.6209371584948689 0.9359308688711516 0.5935783762827822 0.9441283215507412 0.5959882531356898 0.9692701698973775 0.6309127639680729 0.9592522907639681 0.6209371584948689 0.9359308688711516
0 0.6051922713797034 0.4716187069555302 0.5977015108323831 0.4425535017103763 0.563403873432155 0.4478849441277081 0.5679685199543899 0.48047023261117444 0.6051922713797034 0.4716187069555302
0 0.8979259076396808 0.5497666362599771 0.9100707023945268 0.5803476841505131 0.9358163603192703 0.5696613283922463 0.9249221003420753 0.5339644275940707 0.8979259076396808 0.5497666362599771
0 0.4588662725199544 0.6064743979475485 0.4286717833523375 0.6126879600912202 0.4346468118586089 0.6464056419612314 0.4685192668187001 0.6386652348916761 0.4588662725199544 0.6064743979475485
0 0.4485306602052451 0 0.4327084538198404 0.001696825541619156 0.4339028802736602 0.04843148688711517 0.47092916647662486 0.04242624515393387 0.4687988392246294 0 0.4485306602052451 0
0 0.8132692394526796 0.05804002736602052 0.8193011071835804 0.07392135005701254 0.8553641083238313 0.06038995324971494 0.8504342291904219 0.0457729566704675 0.8132692394526796 0.05804002736602052
0 0.8601983705815279 0.06786256556442417 0.8192726875712657 0.08283953021664765 0.8253002919042189 0.09452596123147093 0.8615346784492589 0.08282190992018244 0.8601983705815279 0.06786256556442417
0 0.8654026442417332 0.09557905131128848 0.824339818700114 0.10400549144811859 0.8271182998859749 0.11962015849486887 0.8648363363740023 0.1121893842645382 0.8654026442417332 0.09557905131128848
0 0.3568174264538198 0.6784248483466363 0.35976363169897374 0.695874433295325 0.39659760433295327 0.6883411151653364 0.39230851767388825 0.6688162371721779 0.3568174264538198 0.6784248483466363
0 0.2992797947548461 0.6755886909920182 0.3079566123147092 0.7047384002280501 0.3336195438996579 0.6952350935005701 0.3263146316989738 0.6677679954389966 0.2992797947548461 0.6755886909920182