0 0.10117147206385405 0.9318339350057012 0.13606964994298745 0.9201691311288483 0.11230161801596351 0.8465931151653364 0.07992071835803877 0.860563409350057 0.10117147206385405 0.9318339350057012
0 0 0.7247978221208666 0.026578761687571267 0.734059488027366 0.040602450399087796 0.6838599019384265 0.00495321322690992 0.6745109407069556 0 0.6947448004561003 0 0.7247978221208666
0 0.14540122576966932 0.6576562656784493 0.1263976157354618 0.6497282976054732 0.10638423603192702 0.6936222702394527 0.13180616875712656 0.7055197183580388 0.14540122576966932 0.6576562656784493
0 0.4866376328392246 0.8171348129988598 0.45894311858608894 0.8383671094640821 0.4759060330672748 0.8785594196123148 0.5075310228050172 0.8526489543899658 0.4866376328392246 0.8171348129988598
0 0.5027460935005701 0.9612006602052452 0.518047535917902 0.9508663797035347 0.4908530034207526 0.9095925381984037 0.47425068301026224 0.9181602041049031 0.5027460935005701 0.9612006602052452
0 0.45750297605473206 0.985673755986317 0.4928633740022805 0.962303968072976 0.4772389475484607 0.9423307217787913 0.4460851984036488 0.9604695678449259 0.45750297605473206 0.985673755986317
0 0.916391678449259 0.8849440980615735 0.9100703568985177 0.855286794754846 0.8708957331813 0.8609790057012542 0.8814680752565565 0.9029550216647663 0.916391678449259 0.8849440980615735
0 0.6451187468643101 0.13238267046750285 0.6547696043329532 0.17599574914481186 0.7317199828962372 0.15526646864310148 0.7220475724059293 0.1158832417331813 0.6451187468643101 0.13238267046750285
0 0.025306949828962373 0.3615174811858609 0.06150627251995439 0.36492473888255417 0.07323940820980615 0.31700179817559865 0.035190189281641956 0.3074871664766249 0.025306949828962373 0.3615174811858609
0 0.4688831984036488 0.09086918700114026 0.45775953363740024 0.0548330433295325 0.42820004789053595 0.0617893842645382 0.4326181801596351 0.09712696807297605 0.4688831984036488 0.09086918700114026
0 0.2834812941847206 0.03123945724059293 0.23435814595210946 0.025926517673888257 0.2318788244013683 0.0635509566704675 0.28026377993158497 0.06297420752565565 0.2834812941847206 0.03123945724059293
0 0.9312665769669327 0.9017473340935005 0.9244301949828962 0.8871130809578107 0.8861734766248575 0.908407724059293 0.9134702873432154 0.9714781049030787 0.9190309498289624 0.9646941778791334 0.9312665769669327 0.9017473340935005
0 0.6434978722919041 0.15626371949828963 0.584426606613455 0.1617175929304447 0.5914081630558723 0.22839828620296465 0.6551865769669327 0.2111588574686431 0.6434978722919041 0.15626371949828963