0 0.6829635165336374 0.17152792702394526 0.7196652998859749 0.18221504903078675 0.7321744686431015 0.14888399429874571 0.6962009110604334 0.13918680501710376 0.6829635165336374 0.17152792702394526
0 0.8288140410490308 0.3496338722919042 0.863622126567845 0.3539643352337514 0.8714549977194983 0.31980872291904217 0.8340323033067275 0.31321009236031927 0.8288140410490308 0.3496338722919042
0 0.6583258494868871 0.47196076624857464 0.6927217936145952 0.4786286088939567 0.6949056545039909 0.4217928061573546 0.6629756807297605 0.42507464652223487 0.6583258494868871 0.47196076624857464
0 0.1872175803876853 0.4424982588369441 0.22612031242873432 0.4475507183580388 0.23549989737742305 0.41487206727480047 0.18694146408209805 0.41159012314709237 0.1872175803876853 0.4424982588369441
0 0 0.7033498232611175 0.013338820980615736 0.7088573728620297 0.027734166476624855 0.6733774538198403 0 0.6640402565564424 0 0.7033498232611175
0 0.1986140057012543 0.8155414686431015 0.19305183808437856 0.8470860912200684 0.23556451197263398 0.8521721710376283 0.23841050741163056 0.8189443808437856 0.20049749372862027 0.816827126567845 0.1986140057012543 0.8155414686431015
0 0.329020590649943 0.646996062713797 0.28378893614595213 0.6402247343215507 0.2760280250855188 0.6756908768529077 0.32363128050171036 0.680979630558723 0.329020590649943 0.646996062713797
0 0.833825629418472 0.8751424697833524 0.8712116488027365 0.8751105610034207 0.8712022109464083 0.8443906556442418 0.8340942668187001 0.8445461653363739 0.833825629418472 0.8751424697833524
0 0.7968428494868871 0.9583692542759407 0.8278635404789054 0.9499863979475485 0.8183243044469783 0.9151760798175599 0.7853184025085519 0.9262694492588369 0.7968428494868871 0.9583692542759407
0 0.5556065872291904 0.8664418072976054 0.6035893033067274 0.8712881698973775 0.6049236978335234 0.8534536259977196 0.5561266807297606 0.8515337582668188 0.5556065872291904 0.8664418072976054
0 0.5587425530216648 0.8862688289623717 0.6046253637400227 0.885927992018244 0.6039347468643101 0.8761675974914481 0.5559279418472064 0.8731764868871152 0.5587425530216648 0.8862688289623717
0 0.5580611026225769 0.9072298791334094 0.5999205610034207 0.909190992018244 0.597782984036488 0.8973699042189283 0.5571743511972634 0.8968811767388826 0.5580611026225769 0.9072298791334094
0 0.5762017514253136 0.9513867491448118 0.6154450627137971 0.9510794218928164 0.6136180649942988 0.9375059555302167 0.573645802736602 0.936818464082098 0.5762017514253136 0.9513867491448118
0 0.5774060775370582 0.9582247628278221 0.5775832576966933 0.9709059988597492 0.610702314709236 0.9677100718358039 0.611112670467503 0.9551340216647664 0.5774060775370582 0.9582247628278221
0 0.4332095245153934 0.45274656898517673 0.43656922690992017 0.41659639908779933 0.4020244743443558 0.41248213568985176 0.39809085974914477 0.4501684857468643 0.4332095245153934 0.45274656898517673
0 0.9510979509692132 0.5006960364880274 0.9605106145952109 0.46441051995439 0.9088160034207526 0.4566804709236032 0.9024607525655645 0.4927228950969213 0.9510979509692132 0.5006960364880274
0 0.44342454389965796 0.34010600114025086 0.4565138472063854 0.2966372976054732 0.41364281071835807 0.2953022257696693 0.404041724059293 0.33436597947548463 0.44342454389965796 0.34010600114025086