0 0.680907763968073 0.0852859874572406 0.680798251995439 0.07040923375142531 0.5911669384264537 0.060983688711516534 0.5915333637400229 0.07881491790193842 0.680907763968073 0.0852859874572406
0 0.7623966704675029 0.11745617787913341 0.7611041778791334 0.10268292246294186 0.5836673033067274 0.09107527023945268 0.5854254561003421 0.10435852109464082 0.7623966704675029 0.11745617787913341
0 0.8388449885974915 0.14649439224629418 0.8372424127708097 0.12817686316989738 0.6600915952109465 0.11985678791334094 0.6597542177879134 0.12281306727480046 0.656007503990878 0.13450598517673887 0.8388449885974915 0.14649439224629418
0 0.5508421858608894 0.12465143443557583 0.5526622565564424 0.11139235005701255 0.4783579498289624 0.1000298472063854 0.47808467502850627 0.10031255302166477 0.473195794754846 0.11596383010262257 0.5508421858608894 0.12465143443557583
0 0.5411320307867731 0.14991417445838084 0.5423088620296466 0.1361153489167617 0.4663697069555302 0.12991027023945267 0.46351445039908784 0.1483684230330673 0.5411320307867731 0.14991417445838084
0 0.5223198563283923 0.18014066020524516 0.5226468608893956 0.16344079931584948 0.46383731698973774 0.16227758722919042 0.46015557924743444 0.1712890125427594 0.5223198563283923 0.18014066020524516
0 0.49332016761687575 0.20292359521094638 0.5013653637400228 0.19269285404789055 0.45509678563283923 0.1884044196123147 0.4498021835803877 0.1960120125427594 0.49332016761687575 0.20292359521094638
0 0.47687395438996577 0.23294308551881415 0.47961853591790193 0.21662616419612316 0.4414067115165336 0.21245786887115164 0.4414074538198403 0.2294976465222349 0.47687395438996577 0.23294308551881415
0 0.4670664503990878 0.27071817331813 0.46883490877993156 0.2568691562143672 0.3807802542759407 0.25526407867730905 0.3801113169897377 0.2646314640820981 0.4670664503990878 0.27071817331813
0 0.46160022462941847 0.2968016556442417 0.4627770558722919 0.2830028289623717 0.364973661345496 0.2789694196123147 0.36903871379703534 0.294776842645382 0.46160022462941847 0.2968016556442417
0 0.4651611961231471 0.32387870809578106 0.46772786659064997 0.31234078905359175 0.4320348015963512 0.3097119543899658 0.43409360091220067 0.3230253671607754 0.4651611961231471 0.32387870809578106
0 0.588994212086659 0.2677928380843786 0.5901192953249715 0.25340251995439 0.4894121619156215 0.2502238791334093 0.48187651539338655 0.26287253705815283 0.588994212086659 0.2677928380843786
0 0.5875647867730901 0.29232953933865446 0.5905695324971494 0.27896837856328394 0.49061816191562146 0.2742272976054732 0.489090062713797 0.2908236351197263 0.5875647867730901 0.29232953933865446
0 0.5582838278221208 0.31871005473204106 0.559460794754846 0.30491278563283924 0.4849588711516533 0.3015102953249715 0.48508808893956673 0.31320603876852904 0.5582838278221208 0.31871005473204106
0 0.6212950091220069 0.20780405017103765 0.6158636385404789 0.19339289851767388 0.5791952098061574 0.19325856442417333 0.580171937286203 0.20782888141391107 0.6212950091220069 0.20780405017103765
0 0.6901801106043329 0.23214450285062715 0.6886808950969213 0.21500839794754847 0.6281569737742304 0.21129897605473205 0.6271946864310148 0.2275321174458381 0.6901801106043329 0.23214450285062715
0 0.6840706453819839 0.25768824173318133 0.6865855678449259 0.24555883352337515 0.6424059999999999 0.24130408323831243 0.6422527217787913 0.2565833979475485 0.6840706453819839 0.25768824173318133
0 0.6649376157354618 0.31830991562143673 0.6582167901938426 0.302821110604333 0.620797771949829 0.3043083648802737 0.625899236031927 0.3217253318129989 0.6649376157354618 0.31830991562143673
0 0.6598332223489167 0.34852916191562144 0.6549400387685291 0.33347490763968074 0.6145917172177879 0.33213640136830097 0.6204313181299885 0.34780739338654504 0.6598332223489167 0.34852916191562144
0 0.6387280775370582 0.3730023489167617 0.6356110581527936 0.3577942690992018 0.5981920399087799 0.3592815233751425 0.6016708916761688 0.3786253683010262 0.6387280775370582 0.3730023489167617
0 0.6393850376282783 0.4009310558722919 0.6403307901938426 0.39132143557582666 0.6108360809578107 0.39139704446978335 0.6125077970353479 0.40030398859749144 0.6393850376282783 0.4009310558722919