0 0.3090108768529077 0.2959242462941847 0.29191112884834663 0.24420556442417332 0.24350543443557585 0.2634946385404789 0.252228685290764 0.3083718722919042 0.3090108768529077 0.2959242462941847
0 0.14122637058152793 0.9918740342075256 0.12038853363740022 0.9281798392246294 0.09020574686431014 0.9396926978335234 0.10591079931584949 0.9987386864310148 0.14122637058152793 0.9918740342075256
0 0.4398560855188141 0.9183020102622577 0.4184523580387685 0.8589518551881414 0.3173755142531357 0.8828332451539339 0.3324792166476625 0.953287961231471 0.4398560855188141 0.9183020102622577
0 0.5416098517673889 1 0.5580181288483466 0.9968105541619157 0.5452455302166477 0.9528589144811859 0.4916715917901939 0.9745644709236032 0.49453084834663624 1 0.5416098517673889 1
0 0.6692726031927024 0.3218691231470924 0.640166771949829 0.2301421835803877 0.5882143911060433 0.25294282782212085 0.6170927639680729 0.33624430672748007 0.6692726031927024 0.3218691231470924
0 0.672060716077537 0.517504945267959 0.6345044047890537 0.43306653021664765 0.6146581060433295 0.43974642417331816 0.6462173671607754 0.5295845883694413 0.672060716077537 0.517504945267959
0 0.7060546374002281 0.5038409920182441 0.6693998779931585 0.4022911676168757 0.6492891311288483 0.4076105872291904 0.6883603283922463 0.5143366214367161 0.7060546374002281 0.5038409920182441
0 0.7315164139110605 0.4607853523375142 0.7071673477765108 0.39353803876852905 0.6873210490307868 0.40021793158494867 0.7171043420752565 0.4664089384264538 0.7315164139110605 0.4607853523375142
0 0.8630290615735462 0.5862354903078677 0.8445719076396807 0.5347806624857468 0.8258188631698974 0.5398377616875712 0.8483528380843786 0.5905001368301026 0.8630290615735462 0.5862354903078677
0 0.8355641562143672 0.5972200456100342 0.8127657320410491 0.545197197263398 0.7983539578107184 0.5508223169897377 0.8195289931584949 0.6017488449258838 0.8355641562143672 0.5972200456100342
0 0.7037558722919042 0.7385719726339794 0.6615127730900798 0.615527921322691 0.638121322690992 0.6257190855188142 0.6790054823261117 0.7490272896237172 0.7037558722919042 0.7385719726339794
0 0.2028943637400228 0.9172852588369441 0.2337821345496009 0.9953572462941848 0.24751355416191562 0.9945027172177879 0.21888962029646522 0.9063112850627139 0.2028943637400228 0.9172852588369441
0 0.18050976966932725 0.9264736955530216 0.19118879475484607 0.9534313283922463 0.20331927251995438 0.9474442246294185 0.1883535165336374 0.9170873979475485 0.18050976966932725 0.9264736955530216
0 0.7282765883694413 0.7383421014823262 0.7476216100342075 0.7321623580387686 0.7330118118586089 0.7005250216647663 0.7152235883694412 0.7064021539338654 0.7282765883694413 0.7383421014823262