0 0.07700450969213227 0.3031428392246294 0.03129340136830103 0.27878196693272517 0.019628043329532496 0.34493950513112887 0.04956939224629419 0.35625600114025086 0.07700450969213227 0.3031428392246294
0 0.18155043557582667 0.5437254766248575 0.25226743671607754 0.5628347309007982 0.2667091835803877 0.5219177673888256 0.195889078677309 0.503393244013683 0.18155043557582667 0.5437254766248575
0 0.4706713797035348 0.32848900000000003 0.5195340136830102 0.34857277537058157 0.5468320649942988 0.28939841619156215 0.5011003169897377 0.26956366020524514 0.4706713797035348 0.32848900000000003
0 0.4630600125427594 0.5492952816419613 0.49497906613454956 0.5663930330672748 0.5132012599771949 0.5279529806157355 0.48495207297605475 0.5148230877993158 0.4630600125427594 0.5492952816419613
0 0.5449584652223489 0.5118209167616875 0.5722027594070695 0.5280943819840365 0.6001195028506271 0.47566905245153934 0.5703059509692132 0.46105432725199547 0.5449584652223489 0.5118209167616875
0 0.39624061573546177 0.7506068403648802 0.4236273352337514 0.7626802919042189 0.44170990992018244 0.7284423352337515 0.40986336259977196 0.7152794526795895 0.39624061573546177 0.7506068403648802
0 0.6917535838084379 0.40006853933865455 0.7206486921322691 0.4172375838084379 0.7370148608893957 0.37907476054732037 0.7057583511972634 0.3690352257696693 0.6917535838084379 0.40006853933865455
0 0.7802743968072976 0.5436542189281641 0.8094443819840366 0.5626836328392246 0.8410716362599772 0.509703574686431 0.8064709144811859 0.4975655051311289 0.7802743968072976 0.5436542189281641
0 0.6994582736602052 0.510087251995439 0.7502419828962372 0.5329261607753706 0.7706634743443557 0.49910061801596356 0.7186640273660205 0.4700103112884835 0.6994582736602052 0.510087251995439
0 0.6426014321550741 0.29964520182440135 0.6550077924743444 0.29760765108323833 0.6599995210946408 0.2658878734321551 0.6407042234891677 0.26158122805017103 0.6426014321550741 0.29964520182440135
0 0.5616160250855189 0.4036831151653364 0.5764937525655645 0.4081183614595211 0.6126946738882554 0.3462871060433295 0.6036812622576967 0.3383593147092361 0.5616160250855189 0.4036831151653364
0 0.8223495370581528 0.1991358574686431 0.8735798939566705 0.226280236031927 0.8944493204104903 0.18649506043329533 0.8432566795895097 0.1578500570125428 0.8223495370581528 0.1991358574686431
0 0.7777651550741164 0.2606962896237172 0.7567949064994298 0.29080444127708094 0.8053114424173319 0.3162613090079818 0.8240474150513113 0.28515628392246295 0.7777651550741164 0.2606962896237172
0 0.8439143454960092 0.6985490057012542 0.8557686727480046 0.7030524675028506 0.8825159566704676 0.6504209304446978 0.8681608574686431 0.6466839201824401 0.8439143454960092 0.6985490057012542
0 0.8612312907639681 0.7028098551881414 0.8757665416191561 0.7126156602052451 0.90196151995439 0.6665266738882555 0.8901635233751425 0.6550901653363741 0.8612312907639681 0.7028098551881414
0 0.7341915245153935 0.9792239828962372 0.7623319395667046 0.9938435575826683 0.7982924207525656 0.9265373717217787 0.7667208551881414 0.9095024777651084 0.7341915245153935 0.9792239828962372
0 0.8066434561003422 1 0.8281097001140251 0.9692229532497149 0.7959295096921323 0.9436273158494869 0.7696852896237172 0.9897076180159635 0.7801516476624858 1 0.8066434561003422 1
0 0.505645054732041 1 0.5156379475484606 0.9684558358038768 0.463028984036488 0.9465024891676168 0.4510303911060433 0.983020622576967 0.4972560535917902 1 0.505645054732041 1
0 1 0.2649308369441277 0.9872757696693273 0.28858391334093497 1 0.291894590649943 1 0.2649308369441277