0 0.1580536545039909 0.14479242417331814 0.15937865792474343 0.1079602976054732 0.12436600912200683 0.10698358836944127 0.12085997491448118 0.14431188369441278 0.1580536545039909 0.14479242417331814
0 0.8748116932725198 0.05445431014823261 0.8626767548460661 0.08742282098061574 0.9227954766248575 0.11017318244013684 0.9348207605473204 0.07599923831242873 0.8748116932725198 0.05445431014823261
0 0.7312873774230331 0.9036983888255417 0.7422553021664766 0.8705070729760548 0.7028706966932725 0.8648718973774231 0.6951365028506272 0.8985215997719498 0.7312873774230331 0.9036983888255417
0 0.3304589589509692 0.8952171550741164 0.33412581071835806 0.8587812531356899 0.3014069532497149 0.8566064332953249 0.2976831676168757 0.8914940535917902 0.3304589589509692 0.8952171550741164
0 0.19225816419612315 0.09964199885974914 0.17525236944127706 0.13488751311288485 0.21892317331813 0.1514258700114025 0.23474444583808438 0.11604811744583808 0.19225816419612315 0.09964199885974914
0 0.5431399007981755 0.13121920068415052 0.5429104378563284 0.07763294412770809 0.4820503591790194 0.07283766818700114 0.47498514025085514 0.12884224629418473 0.5431399007981755 0.13121920068415052
0 0.8976744937286203 0.9330066522234892 0.8543022303306728 0.9240821721778791 0.8506256259977195 0.9453975781071836 0.8969252405929304 0.9491238095781072 0.8976744937286203 0.9330066522234892
0 0.8909265359179019 1 0.8928603648802736 0.9899705005701254 0.8515850114025085 0.9867742622576967 0.8493923352337513 0.9987205176738883 0.8552507662485748 1 0.8909265359179019 1
0 0.5893397662485746 0.877609189281642 0.5984905758266819 0.8369130923603193 0.5643839304446978 0.8321138643101482 0.5540526830102622 0.8707641755986316 0.5893397662485746 0.877609189281642
0 0.2306155188141391 0.7570012200684151 0.1952301174458381 0.7583779863169897 0.19746650627137968 0.8106795655644241 0.23197952565564425 0.8053220057012542 0.2306155188141391 0.7570012200684151
0 0.7637776807297606 0.15770121664766248 0.8259334709236033 0.16759002166476625 0.8401884344355758 0.11933843329532498 0.7743502919042189 0.11372148688711517 0.7637776807297606 0.15770121664766248