0 0.041231838084378566 0.5208796488027366 0.000475521094640821 0.5307281710376283 0.004236095781071836 0.5665076499429874 0.05050423945267959 0.5560798118586089 0.041231838084378566 0.5208796488027366
0 0 0.07318893728620297 0.06348179247434435 0.05662157810718359 0.059569656784492594 0.045903042189281644 0 0.05153930444697834 0 0.07318893728620297
0 0.35033840364880275 0.10855891676168757 0.2878257468643102 0.12347812314709236 0.2917989315849487 0.17453940592930445 0.3641016031927024 0.15998322805017104 0.35033840364880275 0.10855891676168757
0 0.3216481482326112 0.02113991220068415 0.2452119942987457 0.03613053591790194 0.25621989509692134 0.08784287001140251 0.3308437468643102 0.06886829646522234 0.3216481482326112 0.02113991220068415
0 0.5679001664766249 0.057866383124287345 0.4805866202964652 0.07539226795895096 0.4973189589509692 0.14180709007981757 0.5913765803876853 0.12218194526795895 0.5679001664766249 0.057866383124287345
0 0.4568888608893957 0.02222968985176739 0.35985475826681873 0.05329739566704675 0.3607140992018244 0.08799137742303306 0.46840580387685293 0.06554123261117446 0.4568888608893957 0.02222968985176739
0 0.8643325461801596 0.3467146659064994 0.8751192645381984 0.4095815370581528 0.9295096647662486 0.39690801596351194 0.9161123534777651 0.3357059578107184 0.8643325461801596 0.3467146659064994
0 0.9917324606613455 0.40706428734321554 0.884032794754846 0.42812326909920184 0.8836612782212087 0.4643354777651083 0.9956377411630559 0.4442205575826682 0.9917324606613455 0.40706428734321554
0 0.9736777297605473 0.6315735940706956 0.9545544264538198 0.555669212086659 0.9105323774230331 0.5742082645381984 0.9304539714937287 0.644463882554162 0.9736777297605473 0.6315735940706956
0 0.9347618677309008 0.7914924606613455 0.8496942531356899 0.817128007981756 0.8723725370581528 0.8870938859749146 0.9648392029646523 0.8523318072976055 0.9347618677309008 0.7914924606613455
0 0.5552796864310148 0.8258112143671608 0.5729635940706955 0.8615177217787914 0.6256865621436717 0.8462385952109465 0.615181913340935 0.8125583762827823 0.5552796864310148 0.8258112143671608
0 0.546151992018244 0.7919878437856329 0.47457252565564423 0.8134248688711516 0.48007733409350056 0.8392817309007982 0.5486106966932724 0.8153808631698974 0.546151992018244 0.7919878437856329
0 0.33974283466362604 0.8957695017103762 0.35017239908779935 0.9419793329532496 0.4375625849486887 0.9119236727480046 0.42365484150513116 0.8591241242873432 0.33974283466362604 0.8957695017103762
0 0.41869898859749144 0.6926866408209806 0.3506743409350057 0.7081836088939567 0.350521062713797 0.7332431584948689 0.42072390079817557 0.711952393386545 0.41869898859749144 0.6926866408209806
0 0.6149139612314709 0.47866980957810723 0.5365223534777651 0.4882995279361459 0.5427488141391106 0.5210374025085519 0.6204187696693273 0.5045266716077538 0.6149139612314709 0.47866980957810723
0 0.605641558722919 0.4434696453819841 0.5316728472063854 0.45541850171037623 0.5336977594070695 0.4746842554161916 0.6031005872291905 0.4590408631698974 0.605641558722919 0.4434696453819841
0 0.6656729030786772 0.4844661197263398 0.6275270159635119 0.4926482736602052 0.6305643842645382 0.5215469042189281 0.6700884538198403 0.5132183272519955 0.6656729030786772 0.4844661197263398
0 0.6619123283922463 0.44868663968072975 0.6294229749144812 0.45766626909920183 0.6265912006841505 0.4704856214367161 0.6596590535917902 0.46701005017103764 0.6619123283922463 0.44868663968072975
0 0.8171168836944127 0.8053892770809579 0.7405058392246294 0.8205993842645382 0.748871629418472 0.8689680136830104 0.8219251892816419 0.8454420228050171 0.8171168836944127 0.8053892770809579
0 0.11037674458380843 0.17050137970353477 0.1214605245153934 0.21347352793614596 0.19443566020524514 0.20341702052451538 0.18018371493728622 0.1530228779931585 0.11037674458380843 0.17050137970353477