0 0.8244078129988598 0.7911765621436716 0.8125437502850626 0.883803125427594 0.8700828129988598 0.8861765621436716 0.881353125427594 0.8024578129988598 0.8244078129988598 0.7911765621436716
0 0.7488578129988597 0.8460984378563283 0.7022124994298746 0.8339281254275941 0.7004328129988597 0.8808343751425314 0.7413640627137971 0.8832078129988598 0.7488578129988597 0.8460984378563283
0 0.5923031254275941 0.957428125427594 0.5580718745724059 0.9467406248574686 0.5438359372862029 0.998753125427594 0.5806124994298746 0.998753125427594 0.5923031254275941 0.957428125427594
0 0.44108281299885976 0.6964718745724059 0.3795265621436716 0.6908328129988597 0.37715312542759405 0.7573328129988598 0.435878125427594 0.763864062713797 0.44108281299885976 0.6964718745724059
0 0.31842968757126566 0.7715828129988598 0.3136843751425314 0.8107703124287343 0.350460937286203 0.8137390627137971 0.35402031242873433 0.7798953124287343 0.31842968757126566 0.7715828129988598
0 0.3868234378563284 0.36515781299885974 0.32851249942987454 0.352985937286203 0.32198906271379707 0.40761250057012544 0.37715312542759405 0.42008124971493727 0.3868234378563284 0.36515781299885974
0 0.085275 0.08371875028506272 0.05327968757126568 0.07867187457240593 0.037856249714937285 0.12617187457240592 0.07404062485746864 0.13389218700114025 0.085275 0.08371875028506272
0 0.23560468757126568 0.44442499999999996 0.22233437514253135 0.4390812497149373 0.20750624971493728 0.51805 0.2253 0.5216124994298745 0.23560468757126568 0.44442499999999996
0 0.20180312542759404 0.44709531242873435 0.18377812542759409 0.4485812497149373 0.17843906271379706 0.4806437502850627 0.19267656214367163 0.48598749942987457 0.20180312542759404 0.44709531242873435
0 0.046137500570125424 0.8852874994298746 0.0016734378563283924 0.8796453124287343 0.0012453124287343214 0.9508968745724059 0.03548437514253135 0.9568343751425313 0.046137500570125424 0.8852874994298746
0 0.17155937514253136 0.861239062713797 0.13335937514253135 0.8541140627137971 0.12624062485746865 0.8891453124287343 0.16479687457240594 0.8974593751425314 0.17155937514253136 0.861239062713797
0 0.2525062497149373 0.1594234378563284 0.21402968757126567 0.1522984378563284 0.21284375028506272 0.20098437514253134 0.24843437514253136 0.20811093728620297 0.2525062497149373 0.1594234378563284
0 0.44536875028506273 0.11904687457240594 0.43528593728620296 0.17723593728620296 0.457825 0.18436093728620295 0.46731562485746864 0.12676718700114026 0.44536875028506273 0.11904687457240594