0 0.5523192542759408 0.10877731812998859 0.5449381710376283 0.16230022462941848 0.5936508779931584 0.16322989965792475 0.5927502246294185 0.11163150969213227 0.5523192542759408 0.10877731812998859
0 0.1410152086659065 0.19011482554161915 0.17942827480045612 0.2814005165336374 0.2154241174458381 0.2683140604332953 0.17497516191562143 0.17937675826681868 0.1410152086659065 0.19011482554161915
0 0.25255983922462943 0.014341332953249715 0.21925278335233753 0.011362793614595211 0.2153834629418472 0.06185832497149373 0.2594281197263398 0.06761395324971493 0.25255983922462943 0.014341332953249715
0 0.3402418814139111 0.036541014823261116 0.33082412884834667 0.07526752451539338 0.3737213557582668 0.08341854389965793 0.3810691676168757 0.04500008095781072 0.3402418814139111 0.036541014823261116
0 0.36580995438996583 0.6507180193842645 0.3181085701254276 0.6396847810718358 0.31053033979475486 0.7157551870011403 0.3581473454960091 0.7220438631698974 0.36580995438996583 0.6507180193842645
0 0.7606835963511972 0.9891061870011403 0.7583714469783353 0.8906643591790194 0.7098155735461801 0.8986301767388826 0.7168356043329532 0.9946175917901938 0.7606835963511972 0.9891061870011403
0 0.6574814891676168 0.588079046750285 0.6164967194982897 0.5876083204104903 0.6251061459521094 0.6384783124287343 0.6565701037628278 0.6379291071835804 0.6574814891676168 0.588079046750285
0 0.5498894196123147 0.6160626111744584 0.5142698460661346 0.6166843534777651 0.5137553990877993 0.6552538939566704 0.5505519566704675 0.6540193295324972 0.5498894196123147 0.6160626111744584
0 1 0.5784792976054732 0.9684260900798175 0.5749393762827822 0.9642669236031928 0.6088296248574686 0.9893352006841505 0.6161041687571266 1 0.5831224515393386 1 0.5784792976054732
0 0.3029751356898518 0.2489862645381984 0.3044626909920182 0.2661660456100342 0.3591016305587229 0.26639843671607755 0.3561906567844926 0.25272371949828965 0.3029751356898518 0.2489862645381984
0 0.29986868643101483 0.2751444640820981 0.30016892246294186 0.2923449692132269 0.35957783580387687 0.2936802189281642 0.36107621436716075 0.27754848688711514 0.29986868643101483 0.2751444640820981
0 0.1426687662485747 0.11474167616875713 0.15395661801596353 0.14895301026225768 0.1864836818700114 0.14126697719498288 0.17457558380843785 0.10554279931584949 0.1426687662485747 0.11474167616875713
0 0.005796079817559863 0.7649763420752564 0.0067484903078677315 0.8195399064994299 0.0455476488027366 0.8105582748004561 0.03919489737742303 0.7698098129988598 0.005796079817559863 0.7649763420752564
0 0.042614700114025086 0.5744875689851767 0.044640580387685286 0.6225079635119726 0.10327986545039909 0.6137722987457241 0.0998342748004561 0.5694694355758266 0.042614700114025086 0.5744875689851767
0 0.2720380330672748 0.5859087559863171 0.27204481755986315 0.620318566704675 0.3113816202964652 0.6285301710376283 0.3107294458380844 0.5911671117445838 0.2720380330672748 0.5859087559863171
0 0.5223019384264539 0.498483984036488 0.49396155074116305 0.507876897377423 0.5123303603192703 0.5395923979475484 0.5365772234891676 0.5338292919042189 0.5223019384264539 0.498483984036488