0 0.5601578814139111 0.31502750171037625 0.5907513078677309 0.3014343055872292 0.5451627708095781 0.22539682554161913 0.5118663899657925 0.24026927366020523 0.5601578814139111 0.31502750171037625
0 0.5421341220068415 0.33614613683010264 0.4892693751425314 0.24164632155074117 0.4509291516533637 0.25902638996579247 0.5137098768529077 0.3515330205245154 0.5421341220068415 0.33614613683010264
0 0.4733485199543899 0.3715970604332953 0.49252717331812995 0.3587071516533637 0.44532920866590653 0.28319723147092357 0.4318568004561003 0.29828152793614593 0.4733485199543899 0.3715970604332953
0 0.4201577343215508 0.23636970125427595 0.40394250171037627 0.2020739110604333 0.37214306727480045 0.22333141391106043 0.3882025644241733 0.2522528244013683 0.4201577343215508 0.23636970125427595
0 0.42967573888255417 0.40321723717217783 0.4625760524515393 0.38030605245153937 0.41308955074116305 0.31410996579247435 0.3847574732041049 0.3258863854047891 0.42967573888255417 0.40321723717217783
0 0.5718354526795895 0.7864605644241733 0.642558574686431 0.894041338654504 0.6899200535917902 0.8628005496009121 0.621453481185861 0.7597008962371722 0.5718354526795895 0.7864605644241733
0 0.6391657936145952 0.9466820695553022 0.6901251083238312 0.9197323181299886 0.6673675393386546 0.8815593124287343 0.6227951185860889 0.9058126887115165 0.6391657936145952 0.9466820695553022
0 0.45084533067274796 1 0.4363332588369441 0.9787858335233751 0.3907369384264538 1 0.45084533067274796 1
0 0.6250495929304447 0.7298158255416192 0.6738574241733182 0.7007716818700114 0.615192038768529 0.6340668460661346 0.5773383044469783 0.6591747286202965 0.6250495929304447 0.7298158255416192
0 0.6739521927023945 0.612617771949829 0.6247917388825542 0.6204262006841506 0.6355248380843785 0.667785527936146 0.6892189874572406 0.6572413819840366 0.6739521927023945 0.612617771949829
0 0.5014495952109465 0.523539842645382 0.5379599977194983 0.5070165233751425 0.508744274800456 0.4655540558722919 0.4794095085518814 0.4744734697833523 0.5014495952109465 0.523539842645382
0 0.6486983477765108 0.4641721402508552 0.6744032873432155 0.4536643181299886 0.6357514903078677 0.38774584378563287 0.6128031083238312 0.39516654732041046 0.6486983477765108 0.4641721402508552
0 0.7538673876852908 0.5213418107183581 0.7797925005701254 0.4994109270239453 0.7556826408209806 0.46442589965792475 0.7294053329532497 0.4951002645381984 0.7538673876852908 0.5213418107183581
0 0.8227939714937287 0.6090889703534778 0.8480622519954389 0.6412130604332953 0.8878915119726339 0.6071351288483466 0.8651975108323832 0.5779469669327252 0.8227939714937287 0.6090889703534778
0 0.8842972143671607 0.5470821790193843 0.9050060798175599 0.5795472588369441 0.9486885929304447 0.5404293226909921 0.9197717115165336 0.5139144846066135 0.8842972143671607 0.5470821790193843
0 0.9472941299885975 0.4833649224629419 0.9665754686431015 0.505537889395667 0.9966920752565563 0.48511647776510836 0.9738423397947549 0.4505539361459521 0.9472941299885975 0.4833649224629419
0 0.9078252964652224 0.3369170763968073 0.9487166624857468 0.3101831128848347 0.9267743546180159 0.2820884777651083 0.8864860980615735 0.3069389236031927 0.9078252964652224 0.3369170763968073
0 0.9371050501710376 0.28303493272519953 0.9635409532497149 0.31739326453819844 0.9755212690992018 0.2998205359179019 0.9692410832383125 0.2551346887115165 0.9371050501710376 0.28303493272519953
0 0.9240864196123147 0.1646477662485747 0.953953787913341 0.14635993044469786 0.9261082542759408 0.09810945952109464 0.8883560011402508 0.11540689509692133 0.9240864196123147 0.1646477662485747
0 0.9061802690992018 0.06283649942987457 0.9340359783352337 0.04782773318129988 0.9185739863169897 0.014625251995438996 0.8907281812998861 0.03412793728620297 0.9061802690992018 0.06283649942987457
0 0.1612996636259977 0.3063265974914481 0.178050850627138 0.3342529977194983 0.21199675370581528 0.32138623489167617 0.19408915963511972 0.29212497263397946 0.1612996636259977 0.3063265974914481
0 0.13585967274800456 0.2661322417331813 0.11661086773090079 0.2358603033067275 0.09247722576966932 0.24764625655644243 0.10625793728620296 0.28168461117445837 0.13585967274800456 0.2661322417331813
0 0.05987814367160775 0.568510488027366 0.0926160763968073 0.5516179771949828 0.0693627046750285 0.5099171402508552 0.036490573546180155 0.5235307947548461 0.05987814367160775 0.568510488027366