0 0.2790836716077537 0.1137838369441277 0.28347426225769673 0.15480108551881414 0.3296587856328392 0.14711078221208665 0.32393995210946414 0.10874796921322692 0.2790836716077537 0.1137838369441277
0 0.17927628278221208 0.0782319110604333 0.18297964424173319 0.1209874503990878 0.23497079247434438 0.11597971835803877 0.2280350125427594 0.07814769327251996 0.17927628278221208 0.0782319110604333
0 0.11192341163055872 0.5295457571265678 0.10675005701254275 0.6112119247434435 0.1802757172177879 0.6150652417331813 0.1843786921322691 0.5367758072976054 0.11192341163055872 0.5295457571265678
0 0.21143082782212086 0.6899437046750285 0.20944168072976055 0.7052089589509692 0.28137585632839224 0.7167097776510832 0.28508648916761686 0.7026315575826683 0.21143082782212086 0.6899437046750285
0 0.02600520410490308 0.6997589783352337 0.08245844925883694 0.7003393090079818 0.08366996579247434 0.6659070900798176 0.030179759407069556 0.6654836100342075 0.02600520410490308 0.6997589783352337
0 0.046628687571265676 0.7713833625997719 0.04175595210946408 0.8076358380843787 0.08220155872291904 0.8073756795895097 0.08250610946408209 0.7788447058152793 0.046628687571265676 0.7713833625997719
0 0.8454887046750286 0.31648779817559863 0.8359754732041049 0.3562287514253136 0.9017293340935006 0.36086233067274803 0.9054026157354618 0.32477699657924747 0.8454887046750286 0.31648779817559863
0 0.7752911938426454 0.3966441071835804 0.7701146989737742 0.4443651527936146 0.8212005245153934 0.4452571881413911 0.8210332805017104 0.39172350741163053 0.7752911938426454 0.3966441071835804
0 0.768646291904219 0.5858337423033068 0.7332977274800456 0.5852986328392247 0.7271167502850626 0.6181514196123147 0.7650646727480046 0.6201401870011403 0.768646291904219 0.5858337423033068
0 0.9802160923603193 0.5536467137970353 0.9767374150513113 0.5973339007981756 0.994443701254276 0.595289023945268 0.9966506431014824 0.5531780649942988 0.9802160923603193 0.5536467137970353
0 0.9732520387685292 0.6014414948688712 0.9627386932725199 0.6602359076396807 0.9909003112884835 0.6629009247434435 0.9942572542759407 0.5988466419612314 0.9732520387685292 0.6014414948688712
0 0.06495382440136829 0.2628893033067275 0.12240413683010262 0.2557894150513113 0.1178089464082098 0.21867618358038768 0.06335447092360319 0.22533694754846068 0.06495382440136829 0.2628893033067275
0 0.058318935005701254 0.3214207126567845 0.10303791562143672 0.31900468757126565 0.10440316077537058 0.2816092645381984 0.05163418928164196 0.29014362029646523 0.058318935005701254 0.3214207126567845
0 0.21466100342075256 0.2709416567844926 0.21850188141391105 0.30543056328392243 0.25501289623717216 0.30080224629418467 0.2496693968072976 0.2666226237172178 0.21466100342075256 0.2709416567844926
0 0.12986005245153934 0.38583128278221207 0.16409254503990878 0.3792998597491448 0.16383531584948688 0.3501433135689852 0.12507833295324972 0.3522772291904219 0.12986005245153934 0.38583128278221207
0 0.2915755416191562 0.5050707309007981 0.28311214481185865 0.5134048380843785 0.2955040980615735 0.5265416989737742 0.30670529874572405 0.5170195610034207 0.2915755416191562 0.5050707309007981
0 0.11597863055872291 0.4521675712656784 0.11380820182440136 0.48787948574686435 0.1537836921322691 0.48521486316989737 0.15536889851767388 0.45496731128848344 0.11597863055872291 0.4521675712656784
0 0.1021560022805017 0.8179939407069555 0.1038013740022805 0.8376507423033067 0.1378801368301026 0.8340825210946408 0.13724985062713796 0.8120443318129988 0.1021560022805017 0.8179939407069555
0 0.2342126237172178 0.8338347730900798 0.2314420478905359 0.8526655792474345 0.26583235233751423 0.8544678985176739 0.2690744287343215 0.8379852998859749 0.2342126237172178 0.8338347730900798
0 0.22425029190421894 0.8707702531356899 0.22358557696693274 0.8891262462941848 0.2549178950969213 0.8925535621436715 0.2575048859749145 0.8772257605473204 0.22425029190421894 0.8707702531356899
0 0.8178422782212086 0.6455058643101482 0.8900562075256556 0.6516686955530218 0.9002781482326112 0.5927322759407069 0.823258661345496 0.5875051607753706 0.8178422782212086 0.6455058643101482
0 0.6427974344355758 0.7749033112884834 0.6807453557582669 0.7768920775370581 0.6931230809578106 0.7222305906499429 0.65058548004561 0.717028465222349 0.6427974344355758 0.7749033112884834