0 0.8635118437856328 0.983509046750285 0.9404914127708096 0.9583890045610034 0.9520812702394527 0.8759228825541618 0.8467943660205245 0.9104779407069555 0.8635118437856328 0.983509046750285
0 0.7050741220068415 0.6389776978335233 0.7029176259977195 0.6500556944127708 0.7789095906499429 0.6746255313568984 0.7852336590649942 0.6616244583808437 0.7050741220068415 0.6389776978335233
0 0.8349284401368301 0.5512051049030787 0.7559935404789054 0.5838386396807297 0.7617385473204105 0.5984223044469784 0.8407426054732041 0.5674410353477765 0.8349284401368301 0.5512051049030787
0 0.6097282052451539 0.23802165906499428 0.5798947149372862 0.26258209806157357 0.6251738665906499 0.335034149372862 0.6592808232611175 0.3120746670467503 0.6097282052451539 0.23802165906499428
0 1 0.2407318244013683 0.9546247833523375 0.25414767274800454 0.9650412052451539 0.290953992018244 1 0.27755005473204103 1 0.2407318244013683
0 0.3939871687571266 0 0.37170153477765105 0.0033042462941847207 0.3773317662485747 0.040035917901938424 0.43902155872291904 0.02771721778791334 0.4365539338654504 0 0.3939871687571266 0
0 0.5668261607753705 0.005735568985176739 0.5274320592930445 0.00019908893956670467 0.5525810091220068 0.043101039908779934 0.5870220695553021 0.03055187001140251 0.5668261607753705 0.005735568985176739
0 0.36240710148232613 0.3979403454960091 0.38900914139110604 0.42623676168757124 0.43903142303306725 0.39241309806157354 0.41531771379703536 0.36704086659064994 0.36240710148232613 0.3979403454960091
0 0.22545839794754846 0.43380164310148234 0.2363602212086659 0.4628878871151653 0.278699590649943 0.4453345598631699 0.26361609350057014 0.4140054503990878 0.22545839794754846 0.43380164310148234
0 0.13007385974914482 0.40003083808437856 0.1120910763968073 0.4298495632839225 0.1408028061573546 0.45380042645381985 0.16110010034207525 0.4181675496009122 0.13007385974914482 0.40003083808437856
0 0.32580519270239455 0.2616133683010262 0.31829267274800455 0.3150677297605473 0.36541398631698974 0.3146955644241733 0.37351331356898515 0.2677203010262258 0.32580519270239455 0.2616133683010262
0 0.2628185883694413 0.08264467844925884 0.23222210832383125 0.10410153819840365 0.2526442348916762 0.14650643101482327 0.2881822052451539 0.11975293500570126 0.2628185883694413 0.08264467844925884
0 0.5829467183580388 0.48404335005701254 0.5260298221208666 0.419738425313569 0.49199833181299885 0.4443053033067275 0.5568063261117445 0.5079236499429874 0.5829467183580388 0.48404335005701254
0 0.5045768665906499 0.3676031881413911 0.4424640672748004 0.4127843945267959 0.4719276180159635 0.45272834777651083 0.5348394298745723 0.4167825952109464 0.5045768665906499 0.3676031881413911
0 0.3364703740022805 0.889672402508552 0.32950778677309006 0.8581434344355758 0.29271179475484604 0.8703837320410491 0.2998814207525656 0.8983064173318129 0.3364703740022805 0.889672402508552
0 0.37857882098061574 0.8716290433295325 0.38839708551881413 0.9041589361459522 0.4264925188141391 0.8933383021664766 0.4128883363740023 0.8578827274800456 0.37857882098061574 0.8716290433295325
0 0.5513976510832383 0.17950917559863172 0.5740104298745724 0.15513152565564425 0.5412519703534777 0.11304566362599772 0.5160387331812999 0.14099459407069556 0.5513976510832383 0.17950917559863172
0 0.05424135233751425 0.2569927696693272 0.04554472063854048 0.2719435575826682 0.09144629646522236 0.3058366670467503 0.10110359635119727 0.2947272748004561 0.05424135233751425 0.2569927696693272