0 0.4935947160775371 0.6973737844925884 0.510524110604333 0.6680381835803877 0.4434466818700114 0.6381407879133408 0.4311767981755986 0.666695518814139 0.4935947160775371 0.6973737844925884
0 0.27951107297605476 0.6036226989737743 0.29353593500570124 0.5719535267958952 0.24892084378563284 0.5514366887115165 0.2306672109464082 0.5831535153933866 0.27951107297605476 0.6036226989737743
0 0.1893991151653364 0.9454191402508552 0.20050045381984036 0.9115241128848347 0.17174254389965793 0.8968162850627138 0.15262876282782212 0.9265727149372862 0.1893991151653364 0.9454191402508552
0 0.09778014481185861 0.5264175347776511 0.11132555188141391 0.4940482189281642 0.0707338141391106 0.4712294321550741 0.05093192816419612 0.5014690273660205 0.09778014481185861 0.5264175347776511
0 0.15985601482326112 0.415426314709236 0.13625509007981756 0.46892996009122007 0.19645527366020527 0.5036374595210946 0.23135064310148232 0.45618386316989734 0.15985601482326112 0.415426314709236
0 0.3000286590649943 0.26671877537058153 0.33301557924743447 0.21812108551881415 0.27174904104903075 0.18262264994298746 0.243285425313569 0.23121192474344357 0.3000286590649943 0.26671877537058153
0 0.7910652314709237 0.5438862394526796 0.8066120524515393 0.5172626966932725 0.7491662588369442 0.4908691744583808 0.7421619965792474 0.5305923181299885 0.7910652314709237 0.5438862394526796
0 0.9545609030786772 0.40651657468643104 0.9774047103762828 0.3727024595210946 0.9476468734321551 0.34998842645381983 0.9226190969213226 0.3859306282782212 0.9545609030786772 0.40651657468643104
0 0.1799482291904219 0.18864180045610035 0.21498748232611176 0.1455100969213227 0.18849746978335236 0.12818919954389965 0.15693762029646524 0.1738224732041049 0.1799482291904219 0.18864180045610035
0 0.0953616590649943 0.1041765290763968 0.12364947434435576 0.07880952451539339 0.09213466248574687 0.04554415963511973 0.06929757582668188 0.07043005017103762 0.0953616590649943 0.1041765290763968
0 0.014379437856328392 0.4403558072976055 0.037730794754846066 0.40879214253135693 0.013366582668187 0.38763047320410493 0.005641409350057013 0.43144210832383123 0.014379437856328392 0.4403558072976055