0 0.34752780501710373 0.6083001995438997 0.3461178529076397 0.5704574777651084 0.2907263352337514 0.5671025929304447 0.2903331334093501 0.6037548323831242 0.34752780501710373 0.6083001995438997
0 0.5744936237172178 0.5067125758266818 0.6236508392246294 0.5102855096921323 0.6259350045610035 0.45527177080957815 0.5689704230330672 0.45046227251995435 0.5744936237172178 0.5067125758266818
0 0.7492712919042189 0.4814268928164196 0.8074102976054732 0.4864224025085519 0.8050560114025086 0.44812953705815284 0.7510236294184721 0.44378445381984033 0.7492712919042189 0.4814268928164196
0 0.9107155062713796 0.6466398152793614 0.913966181299886 0.7269068654503992 0.9684380957810718 0.7225937993158494 0.9670654834663627 0.6477387354618016 0.9107155062713796 0.6466398152793614
0 0.5506203740022805 0.7105896043329533 0.5934665621436717 0.7122580786773091 0.5880619236031928 0.6792009315849487 0.5497483021664766 0.6743349509692133 0.5506203740022805 0.7105896043329533
0 0.5571035575826682 0.12295181299885974 0.5696867001140251 0.12795528848346635 0.5739149692132269 0.050978397947548465 0.5607295233751426 0.05069664652223489 0.5571035575826682 0.12295181299885974
0 0.5353044367160775 0.12010190421892816 0.5494545210946409 0.12475082668187001 0.5507147799315849 0.0683710330672748 0.5382749179019384 0.06339183238312429 0.5353044367160775 0.12010190421892816
0 0 0.6289620034207526 0.049688871151653366 0.6348599190421893 0.052494093500570126 0.5943753204104903 0 0.5878471790193842 0 0.6289620034207526
0 0.013509871151653365 0.5879002497149373 0.05237280273660205 0.5913456077537058 0.06393379361459521 0.47279616647662487 0.025337702394526793 0.4696936488027366 0.013509871151653365 0.5879002497149373
0 0.7219950114025085 0.9312448232611175 0.7554085872291905 0.9362348563283923 0.7524678608893957 0.8978491071835805 0.7188736784492589 0.8973454310148232 0.7219950114025085 0.9312448232611175
0 0.5647272987457241 0.7657916670467503 0.612784259977195 0.7667825689851767 0.6130144036488028 0.7228796157354618 0.5565717879133409 0.7223655917901939 0.5647272987457241 0.7657916670467503