0 0.08557041391106043 0.5896625404789053 0.09739211630558722 0.5927977901938426 0.09756242075256556 0.5130290342075257 0.08574644811858609 0.5101927719498289 0.08557041391106043 0.5896625404789053
0 0.11928268757126569 0.595117535917902 0.1319482497149373 0.5957358472063854 0.12364811630558722 0.5153572018244014 0.11550710148232611 0.5171025096921322 0.11928268757126569 0.595117535917902
0 0.0855870410490308 1 0.07900005701254276 0.956336023945268 0.06481087001140251 0.9556320501710376 0.07043753363740023 1 0.0855870410490308 1
0 0.11732762029646522 1 0.1111976488027366 0.9638010706955531 0.09862827708095781 0.9661687445838084 0.1031624834663626 1 0.11732762029646522 1
0 0.3317413272519954 0.610826890535918 0.31357547662485746 0.7500869201824402 0.388983976054732 0.7538789897377424 0.41072881413911055 0.6273084173318131 0.3317413272519954 0.610826890535918
0 0.3738622713797035 0.48858766476624854 0.4152199749144812 0.48877106955530214 0.416656842645382 0.4052267993158495 0.3758058494868871 0.40736894298745724 0.3738622713797035 0.48858766476624854
0 0.23227564082098062 0.2440677525655644 0.22955321436716078 0.3014109498289624 0.2806381676168757 0.3026256191562144 0.2785978962371722 0.2369579977194983 0.23227564082098062 0.2440677525655644
0 0.2447022953249715 0.39641467502850625 0.27776148232611175 0.3929676795895097 0.2760787993158495 0.31705685518814136 0.23937322462941849 0.318617976054732 0.2447022953249715 0.39641467502850625
0 0.80480669327252 0.8015670627137971 0.8555433751425314 0.8088249509692133 0.8628124367160775 0.7838215245153933 0.8119430068415051 0.77508017331813 0.80480669327252 0.8015670627137971
0 0.7141418358038768 0.9492158289623717 0.784462109464082 0.9636761151653364 0.8145129361459521 0.8919394618015963 0.7403707833523374 0.8843703318129988 0.7141418358038768 0.9492158289623717
0 0.9480437001140251 0.6657149076396807 0.9406571824401369 0.7069252177879134 0.9751957970353478 0.7182599304446978 0.9823519327251996 0.6668890513112885 0.9480437001140251 0.6657149076396807
0 0.9314536499429875 0.3814432212086659 0.962575669327252 0.38126640250855187 0.9650054036488028 0.34314948460661343 0.9298430649942987 0.3420953785632839 0.9314536499429875 0.3814432212086659
0 0.830561220068415 0 0.8338883283922462 0.028205882554161916 0.8717308289623716 0.02468622120866591 0.8676605473204105 0 0.830561220068415 0
0 0.9131940877993159 0 0.8992580342075257 0.058591388825541615 0.942452677309008 0.06451405701254276 0.9346024446978335 0.008656749144811859 0.9132723261117446 0 0.9131940877993159 0
0 0.9540212246294184 0.1468285438996579 0.947979842645382 0.14528084150513113 0.9511339669327252 0.24017159179019384 0.9669536670467503 0.23884765564424174 0.9540212246294184 0.1468285438996579
0 0.36893639224629415 0.8712172519954391 0.42294080729760547 0.8804173876852908 0.4282342041049031 0.8371013283922464 0.3718952748004561 0.8333289156214367 0.36893639224629415 0.8712172519954391
0 0.3628069030786773 0.9128504834663627 0.35718297035347774 0.9538146567844926 0.37320800000000004 0.9527616567844925 0.3759682702394527 0.9169966248574687 0.3628069030786773 0.9128504834663627
0 0.30982431584948694 0.4250378129988598 0.3520974321550741 0.42749090649942983 0.3512345769669327 0.4000312565564424 0.31179111972633977 0.39927745153933863 0.30982431584948694 0.4250378129988598