0 0 0.23168790763968072 0.0587828574686431 0.19326574230330673 0.023733172177879132 0.12704991220068415 0 0.14250519726339794 0 0.23168790763968072
0 0.16213002622576966 0.05567185062713797 0.151709259977195 0.03900981299885975 0.08865001140250856 0.04675251539338655 0.11219927023945267 0.08750037286202964 0.16213002622576966 0.05567185062713797
0 0.18539761003420752 0.40351180273660203 0.18265395324971495 0.4177066647662486 0.26594353363740025 0.41883494070695554 0.26515935233751425 0.40757627594070694 0.18539761003420752 0.40351180273660203
0 0.22170641049030787 0.47267427480045615 0.1534128928164196 0.5230476374002281 0.1632311140250855 0.5372255256556443 0.23103019156214366 0.4852740969213227 0.22170641049030787 0.47267427480045615
0 0.42178763283922466 0.6917421562143672 0.3947851938426454 0.7227468426453819 0.46181567616875707 0.7814513945267958 0.484275905359179 0.7500063568985177 0.42178763283922466 0.6917421562143672
0 0.12449744583808438 0.8551406636259977 0.10490977765108324 0.8222844583808437 0.05437868301026226 0.8589676431014823 0.07442216191562144 0.8857920900798175 0.12449744583808438 0.8551406636259977
0 0.6811364298745723 0.9404077548460662 0.6928415849486887 0.9724151459521094 0.7524811220068415 0.9465651698973774 0.7375358802736602 0.9125423112884835 0.6811364298745723 0.9404077548460662
0 0.5674647970353478 0.954939472063854 0.537445251995439 0.9759750421892817 0.5633759338654504 0.9947186624857468 0.6028606602052452 0.9898705473204106 0.5674647970353478 0.954939472063854
0 0.5867366624857469 0.5881411379703534 0.6162091641961231 0.6065112725199544 0.6593195165336374 0.562970393386545 0.626300267958951 0.5425232690992018 0.5867366624857469 0.5881411379703534
0 0.7279082371721779 0.49552599885974913 0.75058634663626 0.5218836989737742 0.7823202200684151 0.4928861071835804 0.7642617936145952 0.46761255302166477 0.7279082371721779 0.49552599885974913
0 0.8589151755986316 0.4516582862029646 0.8485319623717217 0.49133032839224633 0.8831951356898518 0.5008188643101482 0.8928475165336375 0.46736190079817563 0.8589151755986316 0.4516582862029646
0 0.6779604230330672 0.6441569167616875 0.6822951676168758 0.6916277970353478 0.7299582633979476 0.6851788700114025 0.723379794754846 0.6316015393386545 0.6779604230330672 0.6441569167616875
0 0.8304181904218928 0.7774281847206386 0.8030154606613454 0.8124679806157354 0.8371191573546181 0.8417472166476625 0.8611196431014823 0.8131025302166477 0.8304181904218928 0.7774281847206386
0 0.522143865450399 0.551725961231471 0.44307851083238314 0.5070489007981757 0.42400950741163057 0.5368811299885975 0.49563034663626 0.5842637411630559 0.522143865450399 0.551725961231471
0 0.5393506419612315 0.5383952428734321 0.4878859441277081 0.5893989475484607 0.5298459030786773 0.6290700809578108 0.5781485028506271 0.5693524104903079 0.5393506419612315 0.5383952428734321
0 0.6043626670467503 0.08858665222348917 0.590210417331813 0.06347104561003421 0.5571028494868872 0.0812807810718358 0.5719884903078678 0.10993337514253135 0.6043626670467503 0.08858665222348917
0 0.46919933067274805 0.10103923945267959 0.49151653933865447 0.13176567274800455 0.5210991790193843 0.10960779589509692 0.5031961071835803 0.08072748574686431 0.46919933067274805 0.10103923945267959
0 0.5603048072976055 0.8844459817559863 0.5774252086659065 0.8509237229190422 0.5333028107183581 0.8228730547320411 0.5177699441277082 0.8522726750285062 0.5603048072976055 0.8844459817559863
0 0.9448857423033068 0.5818058985176738 0.9384328289623717 0.5950362394526796 0.9934646898517674 0.6193561322690992 0.9979954424173317 0.6026639270239452 0.9448857423033068 0.5818058985176738