0 0.04108950057012543 0 0.039743249714937284 0.04800794640820981 0.09829350741163057 0.05853139224629419 0.10224210832383125 0 0.04108950057012543 0
0 0.24632633751425315 0.07477364538198404 0.2552722269099202 0.03811168871151654 0.22866544127708097 0.03289654275940707 0.22329908209806157 0.06843486088939567 0.24632633751425315 0.07477364538198404
0 0.600107322690992 0.23356747206385406 0.6135919977194982 0.24271045381984035 0.6175966499429875 0.17300410376282785 0.6059606864310148 0.17012871607753707 0.600107322690992 0.23356747206385406
0 0.8213445370581528 0.3383836202964652 0.8882603922462942 0.3454900456100342 0.8913788152793615 0.2882373124287343 0.8241394925883695 0.28023448004561 0.8213445370581528 0.3383836202964652
0 0.8208634481185861 0.2979925108323831 0.8193520102622578 0.24867737058152795 0.7855565849486887 0.24749362941847208 0.781199849486887 0.2931432953249715 0.8208634481185861 0.2979925108323831
0 0.8263837730900798 0.21970192930444699 0.8536847172177879 0.21899078791334095 0.8525506944127708 0.16819763511972632 0.8255473591790194 0.16564628620296465 0.8263837730900798 0.21970192930444699
0 0.8752983112884835 0.3743604104903079 0.8746558164196123 0.41116886659064994 0.8900649806157355 0.41203167388825546 0.891363307867731 0.3716716237172178 0.8752983112884835 0.3743604104903079
0 0.8545419498289625 0.407848574686431 0.8681525621436715 0.40986610832383125 0.8666376830102622 0.38044456328392245 0.8550497058152794 0.3787592554161916 0.8545419498289625 0.407848574686431
0 0.7629823500570125 0.011343375142531358 0.7219863603192703 0.01478467046750285 0.7230036088939567 0.046572890535917906 0.7623398836944129 0.048150267958950964 0.7629823500570125 0.011343375142531358
0 0.0927986237172178 0.917133449258837 0.07734798403648803 0.918646842645382 0.07549937058152793 0.954541921322691 0.09211468072976055 0.9563165438996579 0.0927986237172178 0.917133449258837
0 0.0824951425313569 0.8955769087799316 0.08224644583808438 0.9098247388825541 0.09460910034207526 0.9153850935005702 0.0949510581527936 0.8957943283922463 0.0824951425313569 0.8955769087799316
0 0.05619346066134549 0.9069930570125427 0.07340276510832383 0.906699606613455 0.07302858608893957 0.8921455461801596 0.05645249258836944 0.8921531311288484 0.05619346066134549 0.9069930570125427