0 0.8377980102622578 0 0.8383950843785632 0.035073706955530214 0.8745348494868872 0.037417811858608895 0.8699263751425313 0 0.8377980102622578 0
0 0.7222968255416191 0.015625726339794754 0.7167815735461801 0.04532761915621437 0.7508703397947548 0.047996570125427594 0.756315630558723 0.021648475484606616 0.7222968255416191 0.015625726339794754
0 0.5545139486887115 0.049405827822120864 0.5824830775370581 0.055187612314709235 0.590388126567845 0.031085503990877995 0.5547233979475484 0.024149616875712657 0.5545139486887115 0.049405827822120864
0 0.6023365188141392 0.5487126499429875 0.6072655758266818 0.5191051835803877 0.5694120114025085 0.5135316031927024 0.5677047297605473 0.5463907309007981 0.6023365188141392 0.5487126499429875
0 0.9015074982896237 0.38421804675028504 0.8920742314709236 0.4157412120866591 0.9203449475484606 0.42913041619156217 0.9280865632839225 0.39261985518814135 0.9015074982896237 0.38421804675028504
0 0.4191218050171037 0.3939575153933865 0.4497429429874572 0.39751581071835806 0.4565535895096921 0.3646061550741163 0.42213540820980616 0.35984738198403654 0.4191218050171037 0.3939575153933865
0 0.5124651311288483 1 0.5109199703534778 0.9583662394526796 0.473511189281642 0.9556109019384263 0.47625411858608896 1 0.5124651311288483 1
0 0.8552212713797035 0.8966283660205245 0.8505965051311288 0.9129749680729761 0.8886892166476625 0.9219562166476625 0.8923263808437857 0.9069651744583809 0.8552212713797035 0.8966283660205245
0 0.8544156898517673 0.8877465997719498 0.8964909657924743 0.8990996647662486 0.8965183956670467 0.8840807787913341 0.8594018175598631 0.8755792987457242 0.8544156898517673 0.8877465997719498
0 0.8576188027366021 0.8662195518814139 0.8992597844925884 0.8710350661345495 0.8972479464082098 0.8545372976054733 0.8590258038768529 0.8504221436716077 0.8576188027366021 0.8662195518814139
0 0.3432256921322691 0.3170933329532497 0.3418115290763968 0.3347332964652224 0.3780050125427594 0.3412120912200684 0.3805760718358039 0.3213876921322691 0.3432256921322691 0.3170933329532497
0 0.29084326909920183 0.3127783751425314 0.2847400330672748 0.34257339566704675 0.3123536134549601 0.34800808893956675 0.31723681185860886 0.3200088472063854 0.29084326909920183 0.3127783751425314