0 0.40825622919042187 0.3137399087799316 0.4660562668187001 0.32508900570125426 0.47441304675028506 0.27548589167616877 0.42076952793614597 0.2690415974914481 0.40825622919042187 0.3137399087799316
0 0.3929620307867731 0.16960617901938427 0.4089154652223489 0.09953797947548461 0.3657969555302166 0.08856736031927023 0.35538654503990874 0.16438311288483468 0.3929620307867731 0.16960617901938427
0 0.27393724515393386 0.364475669327252 0.28160763511972636 0.32915364538198405 0.22043683238312428 0.3110899726339795 0.2194930684150513 0.3521166510832383 0.27393724515393386 0.364475669327252
0 0.07019141163055873 0.32584244925883693 0.08252547548460662 0.2541183044469783 0.05194007525655644 0.24508646750285062 0.04163327251995439 0.32386916191562143 0.07019141163055873 0.32584244925883693
0 0.36611475940706956 0.840112527936146 0.38356679475484606 0.8353443055872292 0.3881647981755986 0.746066952109464 0.36957972177879134 0.7407748380843786 0.36611475940706956 0.840112527936146
0 0.369393228050171 0.7354343443557583 0.37238185404789054 0.7020597115165337 0.3162435758266819 0.6921378654503991 0.3115592337514253 0.7279481607753705 0.369393228050171 0.7354343443557583
0 0.4497390410490308 0.707675905359179 0.44914214709236033 0.6566015610034207 0.3943755781071836 0.6519788209806158 0.39294364994298747 0.6959946704675029 0.4497390410490308 0.707675905359179
0 0.9502980912200685 0.6958400604332953 0.9813348038768529 0.7015885222348917 0.9869986522234891 0.659801338654504 0.9517936522234891 0.6544970570125428 0.9502980912200685 0.6958400604332953
0 0.9109641927023946 0.6410684914481186 0.9180544868871151 0.5891347194982897 0.8857318722919042 0.5813502086659065 0.8814619600912201 0.6290282690992018 0.9109641927023946 0.6410684914481186
0 0.49277917787913345 0.3892126396807298 0.5434643808437857 0.40021607981755986 0.5522355381984037 0.36247916875712655 0.49436015393386545 0.353807771949829 0.49277917787913345 0.3892126396807298
0 0.8300441687571266 0.7695505153933866 0.866610274800456 0.7816411163055873 0.8764024903078677 0.7391172189281642 0.8400329418472063 0.7344461516533638 0.8300441687571266 0.7695505153933866
0 0.7743802554161916 0.9087357571265678 0.830492259977195 0.9201438015963511 0.8361561619156214 0.8783581801596351 0.7775008415051311 0.8643654469783353 0.7743802554161916 0.9087357571265678
0 0.8927205507411631 0.9331205952109464 0.9291971026225769 0.9422437651083239 0.9386784937286203 0.8908190421892817 0.8966224298745723 0.8762466510832383 0.8927205507411631 0.9331205952109464
0 0.9589581071835804 0.1537044526795895 0.9745744561003421 0.15107972519954388 0.9767888460661346 0.07852074230330673 0.9584316522234892 0.07975433865450399 0.9589581071835804 0.1537044526795895
0 0.2634341710376283 0.19967776738882553 0.2675756670467503 0.18230389737742303 0.2453520057012543 0.174760834663626 0.2422507274800456 0.18794115963511973 0.2634341710376283 0.19967776738882553
0 0.2450826795895097 0.1670483489167617 0.2701872177879134 0.1721127970353478 0.2732263318129989 0.1571523078677309 0.24742479589509692 0.1491416385404789 0.2450826795895097 0.1670483489167617