0 0.7142886328392247 0.6915223717217788 0.6742110057012543 0.7119326659064995 0.7115976875712657 0.789542181299886 0.7469894435575827 0.7649354196123147 0.7142886328392247 0.6915223717217788
0 0.9524949327251996 0.5248562497149373 0.9360518301026226 0.5219208358038768 0.9119089464082099 0.6035621505131129 0.9276413979475485 0.6043631049030787 0.9524949327251996 0.5248562497149373
0 0.5900412269099201 0.18941031470923603 0.5771058517673888 0.18731538654503993 0.5683364914481186 0.26169735689851764 0.5862530182440138 0.2581886031927024 0.5900412269099201 0.18941031470923603
0 0.5711476328392247 0.1874939464082098 0.5533526921322691 0.18684480273660203 0.5497384389965793 0.23004166020524514 0.5620721550741163 0.23417771721778793 0.5711476328392247 0.1874939464082098
0 0.44138126111744586 0.17246779931584946 0.42430287913340936 0.17008316191562145 0.4118243169897377 0.22099296579247435 0.4278957765108324 0.22747358950969213 0.44138126111744586 0.17246779931584946
0 0.4177523557582668 0.17022030444697833 0.4019001060433295 0.16732464196123145 0.38870487913340934 0.219971496009122 0.4051361835803877 0.22141808551881415 0.4177523557582668 0.17022030444697833
0 0.3472440342075257 0.5152689760547321 0.31726763511972633 0.5357904184720639 0.3482319954389966 0.5861684139110604 0.3757684811858609 0.5648795917901939 0.3472440342075257 0.5152689760547321
0 0.16385385974914482 0.3572147502850627 0.12111865222348916 0.38160560775370583 0.135451 0.41474861687571263 0.18659459064994297 0.38826889737742304 0.16385385974914482 0.3572147502850627
0 0.22429312086659067 0.2412107001140251 0.19954627251995438 0.19543544127708096 0.16932136488027366 0.21951070353477764 0.18709105815279362 0.26301247320410487 0.22429312086659067 0.2412107001140251
0 0.034496733181299886 0.24281884036488027 0.0170974503990878 0.2558869612314709 0.016241640820980615 0.29957430900798176 0.05466148916761687 0.2775600900798176 0.034496733181299886 0.24281884036488027
0 0.04278031470923603 0.1243581094640821 0.07397972976054733 0.10332542417331814 0.06469741619156215 0.08303631128848346 0.03205610376282782 0.09890740478905359 0.04278031470923603 0.1243581094640821
0 0.0860053614595211 0.11845270125427594 0.053454216647662485 0.14177009806157354 0.06188157468643102 0.169738590649943 0.09509448916761688 0.15003866818700115 0.0860053614595211 0.11845270125427594