0 0.4740423511972634 0.29981530900798176 0.41618828392246293 0.28599503192702397 0.40484120752565567 0.34008069099201826 0.45413207867730904 0.3511852257696693 0.4740423511972634 0.29981530900798176
0 0.5695244367160776 0.3088119657924744 0.5820055404789054 0.25854372405929305 0.5417238734321551 0.24593387685290763 0.5210952531356898 0.2996680980615735 0.5695244367160776 0.3088119657924744
0 0.6403117662485747 0.32792727366020524 0.6557506830102623 0.27456153021664764 0.5979617331812999 0.2603719498289624 0.5822173283922463 0.31888947662485745 0.6403117662485747 0.32792727366020524
0 0.48716773432155075 0.15015362257696693 0.49005367958950974 0.11327099543899657 0.4276829327251995 0.10283183352337515 0.4185115769669327 0.13261991676168758 0.48716773432155075 0.15015362257696693
0 0.5889921881413911 0.6668538415051312 0.6082823021664766 0.618992030786773 0.5472936191562143 0.6041430558722919 0.5306567662485747 0.6523441915621437 0.5889921881413911 0.6668538415051312
0 0.4814241527936146 0.9041930638540479 0.50573661345496 0.8312853717217789 0.4346442542759407 0.8121813306727479 0.4050646738882554 0.885905551881414 0.4814241527936146 0.9041930638540479
0 0.552623897377423 0.9209694526795895 0.5667915165336375 0.8679840421892816 0.5054349828962372 0.8517929885974915 0.49060751083238313 0.9034007001140251 0.552623897377423 0.9209694526795895
0 0.6338163842645382 1 0.6631696830102624 0.8958336579247435 0.5728443671607754 0.8780981391106044 0.5450987434435576 0.9841713397947548 0.597374913340935 1 0.6338163842645382 1
0 0.7459635701254276 0.9460152246294184 0.755556961231471 0.9121240273660205 0.7099560433295324 0.9023269851767389 0.7016955518814139 0.9303685803876853 0.7459635701254276 0.9460152246294184
0 0.8919669600912201 0.8770757901938426 0.8987745815279362 0.8487256556442417 0.867438015963512 0.8383753101482325 0.8541657423033067 0.8692045952109464 0.8919669600912201 0.8770757901938426
0 0.1043081835803877 0.8750888415051311 0.11541665792474345 0.8462912462941846 0.08299000684150513 0.8369941744583809 0.07582940250855189 0.8622262668187001 0.1043081835803877 0.8750888415051311
0 0.9599860820980616 0.3408722998859749 0.9686851607753706 0.30863372748004564 0.9403387970353478 0.30355934207525653 0.9350150250855188 0.3388808677309008 0.9599860820980616 0.3408722998859749
0 0.05808181299885975 0.13540551539338655 0.054763581527936145 0.1456759669327252 0.0719075062713797 0.16128384606613455 0.07933944127708097 0.14819903876852908 0.05808181299885975 0.13540551539338655
0 0.07514704218928163 0.18907167046750284 0.0810962850627138 0.17926672405929303 0.061126042189281644 0.17113951995438997 0.0502437685290764 0.17985727480045607 0.07514704218928163 0.18907167046750284
0 0.06658495895096922 0.21711403192702394 0.07439176624857469 0.20703212884834662 0.051378468643101485 0.19564732497149373 0.044450507411630556 0.20416431470923604 0.06658495895096922 0.21711403192702394
0 0.7027723204104903 0.6712359407069555 0.6706463557582668 0.6619522223489168 0.6530069441277081 0.720959054732041 0.6958984127708095 0.7273161584948689 0.7027723204104903 0.6712359407069555
0 0.860752417331813 0.6984891847206386 0.9167848939566705 0.7089721311288483 0.9276847388825542 0.6710909315849487 0.866907023945268 0.6567551356898518 0.860752417331813 0.6984891847206386