0 0.9865980364880274 0.08506012086659065 0.9917651744583809 0.023863746864310146 0.9356539828962371 0.024249330672748006 0.927180322690992 0.08313118472063853 0.9865980364880274 0.08506012086659065
0 0.916114236031927 0.23164068301026225 0.9530660649942987 0.23930163968072976 0.9573494709236032 0.2125290558722919 0.9216455176738884 0.20840623489167617 0.916114236031927 0.23164068301026225
0 0.7697639201824401 0.5907479783352337 0.7610971151653364 0.6045435245153934 0.8309007628278221 0.6061130216647662 0.8333683101482326 0.5943837958950969 0.7697639201824401 0.5907479783352337
0 0.6727326898517674 0.8155084526795895 0.6679659224629418 0.8826315541619156 0.7252926111744584 0.8837499863169896 0.7309439498289623 0.8162723295324971 0.6727326898517674 0.8155084526795895
0 0.7130824047890536 0.8136180273660205 0.7623147548460661 0.8103864367160775 0.7623183318129989 0.7765702862029646 0.7165444264538198 0.7738093557582668 0.7130824047890536 0.8136180273660205
0 0.7915179498289624 0.8164026864310148 0.7931814481185862 0.843662181299886 0.8439040809578108 0.8407561949828962 0.8455114732041049 0.8136802679589509 0.7915179498289624 0.8164026864310148
0 0.6386607753705815 0.8706849304446979 0.6018523192702394 0.8713274253135689 0.6015278095781073 0.8867573124287342 0.6419085849486887 0.8866463044469783 0.6386607753705815 0.8706849304446979
0 0.6044686248574686 0.8511099338654504 0.6029273238312428 0.8647826670467503 0.6322780775370582 0.862241913340935 0.6335579429874573 0.8506021790193843 0.6044686248574686 0.8511099338654504
0 0.9975368996579248 0.7457682782212086 0.9926669612314709 0.7049173614595211 0.9609336077537058 0.7070433831242874 0.9607300068415051 0.7464107445838084 0.9975368996579248 0.7457682782212086
0 0.06890953363740022 0.1076044275940707 0.06685784378563284 0.09221601596351198 0.030920115165336375 0.09162124971493729 0.0297264401368301 0.10828837058152795 0.06890953363740022 0.1076044275940707
0 0.09009335575826681 0.09655490992018244 0.0758455267958951 0.09680360661345497 0.07072001026225769 0.1093527833523375 0.09031077537058153 0.10901082554161914 0.09009335575826681 0.09655490992018244
0 0.07776624743443557 0.07066766818700114 0.07866011516533637 0.08785624857468644 0.09319225085518813 0.08697436830102623 0.09260617331813 0.07040863625997719 0.07776624743443557 0.07066766818700114