0 0.908345237172178 0.16027217673888255 0.9258744446978335 0.20229989965792475 0.9802797765108324 0.1738621277080958 0.9526952326111745 0.13217314823261117 0.908345237172178 0.16027217673888255
0 0.9401806887115165 0.5857359714937286 0.8977690307867731 0.6144766499429875 0.9167993557582669 0.6431861425313569 0.958385370581528 0.6191279179019384 0.9401806887115165 0.5857359714937286
0 0.8136147913340935 0.17284624971493728 0.794153409350057 0.14194739224629419 0.7490804663625998 0.1699173591790194 0.7732977901938426 0.2067858950969213 0.8136147913340935 0.17284624971493728
0 0.7334036328392246 0.11765423717217788 0.7148724298745724 0.08722085062713798 0.6813618323831242 0.11330589965792474 0.7042417457240593 0.13726164538198404 0.7334036328392246 0.11765423717217788
0 0.06901250285062713 0.07203778677309007 0.08292442759407069 0.06392722348916761 0.07970367388825542 0.02411942645381984 0.0774346921322691 0.026738651083238314 0.06901250285062713 0.07203778677309007
0 0.10877131927023946 0.14605538882554162 0.05368262485746864 0.15897784606613455 0.045742000000000005 0.20647683694412772 0.11845968072976054 0.1903227753705815 0.10877131927023946 0.14605538882554162
0 0.09547802166476624 0.4470542565564424 0.10055353249714936 0.4865830148232611 0.13694543215507413 0.48515254389965795 0.13080383580387683 0.4448313101482326 0.09547802166476624 0.4470542565564424
0 0.12762841961231472 0.52063465336374 0.09573565792474345 0.5207450855188142 0.09562543671607754 0.5521166123147092 0.1299532930444698 0.5521340980615735 0.12762841961231472 0.52063465336374
0 0.7915355450399089 0.6485660433295325 0.7752599692132269 0.6158141185860889 0.7265252725199544 0.6428385518814139 0.7488562303306727 0.6733358551881413 0.7915355450399089 0.6485660433295325
0 0.9279985895096922 0.5147689874572406 0.9399858905359179 0.5355966670467502 0.9691645302166477 0.5238395553021664 0.9528830034207526 0.4931999372862029 0.9279985895096922 0.5147689874572406
0 0.5796341721778792 0.8258061824401368 0.5406753204104903 0.8291972542759407 0.5503569224629419 0.8665204697833523 0.5820753295324972 0.8642675233751426 0.5796341721778792 0.8258061824401368
0 0.5712145450399088 0.8940448905359178 0.5333717901938426 0.8979358015963512 0.5382745153933866 0.9452830239452679 0.5781395610034208 0.93782344013683 0.5712145450399088 0.8940448905359178
0 0.2613456282782212 0.904601787913341 0.2337857423033067 0.9060807206385405 0.24192117217787915 0.9419238985176739 0.26381205473204106 0.9373320114025085 0.2613456282782212 0.904601787913341