0 0.8426949942987457 0.4741306077537058 0.8241322006841506 0.46943182782212084 0.7698036590649943 0.6133233340935005 0.7870376442417333 0.620443401368301 0.8426949942987457 0.4741306077537058
0 0.817443841505131 0.464912496009122 0.7977372770809578 0.4614418802736602 0.742587354618016 0.5988252748004561 0.7662503876852907 0.6113664618015964 0.817443841505131 0.464912496009122
0 0.7361285484606613 0.6008347206385405 0.7916630273660205 0.4574952143671608 0.7723617947548461 0.44866343785632845 0.7193427981755987 0.5960738848346636 0.7361285484606613 0.6008347206385405
0 0.7641673363740022 0.4519201539338655 0.747931968072976 0.44595187343215503 0.693499818700114 0.5868764389965793 0.7150279372862031 0.5914701049030787 0.7641673363740022 0.4519201539338655
0 0.741162283922463 0.4390589338654504 0.7231290980615735 0.4325577605473204 0.6675739532497149 0.57530544013683 0.6897856841505131 0.5881928004561003 0.741162283922463 0.4390589338654504
0 0.7201860558722919 0.4332562086659065 0.7001256636259977 0.4196980467502851 0.6454937810718357 0.5719161493728621 0.6653169464082098 0.5756813124287343 0.7201860558722919 0.4332562086659065
0 0.6949364116305587 0.42403648004561006 0.673918795895097 0.4170485404789054 0.61985048004561 0.5514236043329532 0.6434841413911061 0.5621834811858609 0.6949364116305587 0.42403648004561006
0 0.6709326932725199 0.4165587046750285 0.6498113603192702 0.4066007001140251 0.5981980330672748 0.5432696088939567 0.6197675940706955 0.5490500513112885 0.6709326932725199 0.4165587046750285
0 0.6479706465222349 0.40488420638540473 0.6323094526795895 0.3983002018244014 0.5788967993158495 0.5344378323831243 0.5974934218928164 0.5450749874572406 0.6479706465222349 0.40488420638540473
0 0.9626453990877993 0.20377814595210947 0.8360156887115164 0.18087100342075257 0.8202619304446979 0.23964410604332953 0.9453829144811858 0.26111865336374 0.9626453990877993 0.20377814595210947
0 0.9434656237172178 0.06245360661345496 0.8945023625997719 0.05406353933865451 0.873778299885975 0.1064765393386545 0.9297738825541619 0.11996803990877994 0.9434656237172178 0.06245360661345496
0 0.9618919315849487 0.4711563831242873 0.83331030672748 0.42633526339794753 0.816528007981756 0.47266793158494874 0.9470990695553021 0.5141519635119727 0.9618919315849487 0.4711563831242873
0 0.6432050250855189 0.7442900946408211 0.6269706408209806 0.8232813477765109 0.7257375952109464 0.8471599144811859 0.7446782690992019 0.7582728722919042 0.6432050250855189 0.7442900946408211
0 0.9485856157354617 0.820961984036488 0.916958488027366 0.8161253090079817 0.9057622212086659 0.869392251995439 0.9379795575826682 0.8742067537058152 0.9485856157354617 0.820961984036488
0 0.8956459977194983 0.9196509190421893 0.8681073021664766 0.9128891368301026 0.8611093899657926 0.9573948472063853 0.8928215838084379 0.9577727126567845 0.8956459977194983 0.9196509190421893