0 0.08206896921322691 0.712256763968073 0.10683669669327253 0.6089877901938427 0.05309480273660205 0.590801858608894 0.028833419612314712 0.7024823386545039 0.08206896921322691 0.712256763968073
0 0.15594598973774232 0.7506691299885975 0.1667353021664766 0.7141908380843786 0.11227093956670467 0.7028936875712657 0.1085057913340935 0.7387166761687571 0.15594598973774232 0.7506691299885975
0 0.20266013112884834 0.7430415518814139 0.2188092246294185 0.6555832998859749 0.1779602976054732 0.647109189281642 0.16195591220068414 0.7331906510832383 0.20266013112884834 0.7430415518814139
0 0.5012221516533637 1 0.5065702919042189 0.9491158358038768 0.46296917331813 0.9403540296465221 0.44862928392246293 0.9973548597491448 0.47379611288483464 1 0.5012221516533637 1
0 0.47281673432155075 0.8466607445838085 0.479623488027366 0.8083718688711516 0.45695310034207526 0.79902282668187 0.44478699771949826 0.8353564116305587 0.47281673432155075 0.8466607445838085
0 0.4933109361459521 0.7443346054732041 0.5067087981755987 0.7095256259977195 0.4401477149372862 0.6941699167616876 0.43428314367160775 0.7367385336374002 0.4933109361459521 0.7443346054732041
0 0.5692116807297606 0.6575853591790194 0.5973826510832383 0.5616387970353478 0.4990260399087799 0.5443348141391107 0.47802704903078674 0.6382496100342075 0.5692116807297606 0.6575853591790194
0 0.8078670923603193 0.9153091060433295 0.8901444264538199 0.926743945267959 0.9054232348916762 0.8475509384264539 0.8186554446978336 0.8258938449258837 0.8078670923603193 0.9153091060433295
0 0.5374840456100343 0.4564357502850627 0.5691304241733182 0.3274228882554162 0.493370748004561 0.3069227947548461 0.4675180022805017 0.4337590182440137 0.5374840456100343 0.4564357502850627
0 0.5762264367160775 0.2599088380843786 0.5875247217787913 0.20537389509692133 0.5578286157354618 0.19667999201824402 0.5430558335233752 0.25781446750285064 0.5762264367160775 0.2599088380843786
0 0.6160619270239452 0.2780251482326112 0.6329355233751426 0.21014676282782213 0.6041817616875712 0.20573104903078676 0.5906393477765108 0.2683884127708096 0.6160619270239452 0.2780251482326112
0 0.6302528289623717 0.09006162941847207 0.7320126830102623 0.11468802394526795 0.7397614640820981 0.05420729874572405 0.6443015883694413 0.03581577309007982 0.6302528289623717 0.09006162941847207
0 0.4725058768529076 0.0818400456100342 0.5236404492588369 0.0983599361459521 0.5393541858608893 0.041501931584948686 0.4851793979475485 0.027449645381984036 0.4725058768529076 0.0818400456100342
0 0.33678034435575827 0.1818051710376283 0.39349039110604334 0.18498006499429875 0.39942793500570123 0.12848811288483467 0.35003302052451535 0.12190449714937286 0.33678034435575827 0.1818051710376283
0 0.4434676168757127 0.2654574709236032 0.4550534446978335 0.18169874344355758 0.41731941163055875 0.1833054526795895 0.4071817936145952 0.2532853899657925 0.4434676168757127 0.2654574709236032
0 0.4070437685290764 0.5193440843785633 0.4260193021664766 0.4976572029646522 0.37582691334093504 0.4854170535917902 0.37293065792474345 0.5129730798175598 0.4070437685290764 0.5193440843785633
0 0.5600106875712657 0.520098551881414 0.5469006841505131 0.5521537856328392 0.5825352930444697 0.5572927046750284 0.5920228198403649 0.5332150216647662 0.5600106875712657 0.520098551881414
0 0.5103246408209806 0.5162699087799316 0.501779622576967 0.5446242280501711 0.534226038768529 0.5536087685290764 0.5459594127708095 0.5214072759407069 0.5103246408209806 0.5162699087799316
0 0.43621649486887115 0.5002215222348917 0.4265320752565564 0.546965290763968 0.4540730729760547 0.5629944184720639 0.4619252611174458 0.5053117035347776 0.43621649486887115 0.5002215222348917
0 0.41417351539338654 0.5056659783352337 0.40557454960091216 0.547747669327252 0.4239872314709236 0.5598322690992018 0.4325223500570125 0.5069974982896237 0.41417351539338654 0.5056659783352337
0 0.47089752565564424 0.5050606864310149 0.46403789965792475 0.5306086145952109 0.49965011516533636 0.537933732041049 0.5020706031927024 0.5149043340935006 0.47089752565564424 0.5050606864310149
0 0.45320424515393387 0.5826063500570126 0.4743497457240593 0.5913960581527936 0.48716811516533637 0.5318456556442417 0.4672517297605473 0.5327374629418472 0.45320424515393387 0.5826063500570126