0 0.021117371721778792 0.7005272576966932 0.004912898517673889 0.7144684378563284 0.0058973238312428735 0.7708660969213227 0.04248231584948688 0.7533030513112885 0.021117371721778792 0.7005272576966932
0 0.32187431356898516 0.5290006385404789 0.29323797263397944 0.5538479464082098 0.3198210558722919 0.5812960011402508 0.34428415279361463 0.5553322930444698 0.32187431356898516 0.5290006385404789
0 0.617460393386545 0.36706728620296464 0.5830816442417331 0.3688534891676169 0.5765665849486887 0.4034115176738883 0.6155656681870011 0.40480922805017105 0.617460393386545 0.36706728620296464
0 0.8237193101482326 0.2197560741163056 0.8733487571265679 0.24204956670467503 0.8800245176738883 0.16324918244013684 0.8256259600912201 0.15915106727480047 0.8237193101482326 0.2197560741163056
0 0.8805759087799316 0.14631354161915622 0.8851887924743443 0.10466419156214368 0.8549713888255416 0.1069747229190422 0.8485702896237173 0.14806144583808437 0.8805759087799316 0.14631354161915622
0 0.03055762485746864 0.629695465222349 0.04817998175598632 0.6875842291904218 0.07679755644241733 0.6805524629418472 0.06418878791334094 0.6190115815279361 0.03055762485746864 0.629695465222349
0 0.5073250855188142 0.3452345256556442 0.5127639817559863 0.38492846180159634 0.5488184697833524 0.37717148004561 0.5431394082098061 0.333029496009122 0.5073250855188142 0.3452345256556442
0 0.583456117445838 0.6622072576966933 0.5709883979475484 0.6956799475484606 0.6034085393386546 0.7176799874572406 0.6222568734321551 0.6861743660205245 0.583456117445838 0.6622072576966933
0 0.8728482645381984 0.38339232725199546 0.842904850627138 0.36728902280501713 0.8226548038768529 0.3967391071835804 0.8503303819840364 0.41882352793614597 0.8728482645381984 0.38339232725199546
0 0.9190982314709236 0.11001226795895097 0.8862206100342075 0.23172959977194982 0.9548076909920182 0.252504503990878 0.9854381197263399 0.13795092018244012 0.9190982314709236 0.11001226795895097
0 0.9987777058152794 0.4263276579247435 0.9910382713797036 0.3908307605473204 0.9464686670467503 0.4545573762827822 0.9716690809578107 0.4707450330672748 0.9987777058152794 0.4263276579247435