0 0.804927661345496 0.7418817354618016 0.8311207822120866 0.6972383489167616 0.7798785940706956 0.670163873432155 0.7567542257696693 0.7192269315849487 0.804927661345496 0.7418817354618016
0 0.9310386602052452 0.5313016180159635 0.9772508825541619 0.5553655279361459 0.999634677309008 0.4842126431014823 0.9642653876852908 0.4682532998859749 0.9310386602052452 0.5313016180159635
0 1 0.8799820855188141 0.9633912953249716 0.8738259327251995 0.9499108118586089 0.9479626339794756 0.9899197924743444 0.9590474914481186 1 0.9201402953249714 1 0.8799820855188141
0 0.4559753500570125 0.6875851949828962 0.4690143808437856 0.6527019646522235 0.41255984492588366 0.6409698437856328 0.4003058164196123 0.6712185849486887 0.4559753500570125 0.6875851949828962
0 0.08529964082098061 0.5927887936145952 0.029030503990877993 0.5695686761687572 0.011411502850627137 0.6379582656784493 0.0522583945267959 0.6647517445838085 0.08529964082098061 0.5927887936145952
0 0.2614302269099202 0.9096358893956671 0.23485874914481186 0.8988607434435576 0.21281244469783353 0.946639015963512 0.23889721322690993 0.9586456431014823 0.2614302269099202 0.9096358893956671
0 0.302288677309008 0.8929613888255415 0.2808009771949829 0.8823876795895097 0.25668151767388825 0.9302955701254276 0.2808870330672748 0.9412777103762827 0.302288677309008 0.8929613888255415
0 0.33570255872291904 0.7298644811858609 0.33239829418472067 0.7466146442417332 0.43864010034207523 0.7619430775370581 0.44632346408209805 0.7475765712656784 0.33570255872291904 0.7298644811858609
0 0.3182406488027366 0.6188545860889395 0.27219520980615736 0.6000853511972634 0.2631864230330673 0.6367710558722919 0.3017198882554162 0.6548345051311288 0.3182406488027366 0.6188545860889395
0 0.10189790763968072 0.44188197719498284 0.020576273660205244 0.43887380159635114 0.018797315849486886 0.4866653968072976 0.09502661231470924 0.4859501049030787 0.10189790763968072 0.44188197719498284
0 0.14931592246294184 0.42522803876852905 0.1095309418472064 0.42692228848346636 0.11419906271379704 0.45985951995439 0.14786227822120868 0.4563183534777651 0.14931592246294184 0.42522803876852905
0 0.18240147662485745 0.5104593990877992 0.17198045496009123 0.5275969270239452 0.23212779931584948 0.5406450171037629 0.236595102622577 0.5235813591790194 0.18240147662485745 0.5104593990877992
0 0.2158715621436716 0.36164789053591795 0.15700377309007982 0.3632251835803877 0.15405848346636258 0.39087302850627137 0.2176064481185861 0.38829025541619155 0.2158715621436716 0.36164789053591795
0 0.25302443101482325 0.2821808472063854 0.26618195781071835 0.24522785062713798 0.21504134435575828 0.2295331379703535 0.1966655496009122 0.2579349589509692 0.25302443101482325 0.2821808472063854
0 0.16913011288483468 0.2770168175598632 0.15047976054732043 0.3124991984036488 0.22864253363740022 0.3373078312428734 0.24431319612314709 0.29842376510832386 0.16913011288483468 0.2770168175598632
0 0.8668594834663627 0.5607321938426454 0.8046861584948688 0.5347458198403648 0.7971837388825541 0.5477742759407069 0.8627253340935006 0.5747913204104903 0.8668594834663627 0.5607321938426454
0 0.9853910022805017 0.4644695575826682 0.9930873033067275 0.4502509247434436 0.9271824549600912 0.4190998084378563 0.9139705096921323 0.43156906727480043 0.9853910022805017 0.4644695575826682
0 0.9523046362599772 0.4030727160775371 0.9465997035347777 0.4162089828962372 0.9955506134549601 0.437531582668187 0.9953520798175598 0.4250435518814139 0.9523046362599772 0.4030727160775371
0 0.8261874789053592 0.10604991448118586 0.8452099703534778 0.04757102736602053 0.8090697240592931 0.036442572405929304 0.79217034663626 0.08853241847206386 0.8261874789053592 0.10604991448118586
0 0.925230456100342 0.05273832041049031 0.9650567434435576 0.0787662748004561 0.9608691824401369 0.03090223261117446 0.9371145210946408 0.021667133409350055 0.925230456100342 0.05273832041049031
0 0.5876729954389966 0.22067243101482326 0.6123360684150513 0.1721476259977195 0.5729280125427594 0.1577305290763968 0.5486724127708096 0.20748857582668187 0.5876729954389966 0.22067243101482326
0 0.33969988711516536 0.060239842645381986 0.3002402189281642 0.045232810718358045 0.2845695564424173 0.08411687685290764 0.3229707103762828 0.09385549144811858 0.33969988711516536 0.060239842645381986
0 0.5653559224629419 0.4799321790193843 0.5361600114025086 0.4664096887115165 0.5190705598631699 0.49588943671607755 0.5463140900798176 0.5143461778791334 0.5653559224629419 0.4799321790193843