0 0.3166543283922463 1 0.34154567502850625 0.9832371687571265 0.31460251311288484 0.940274630558723 0.27279140022805015 0.9685446305587229 0.29062503762827824 1 0.3166543283922463 1
0 0.338750496009122 0.89916751995439 0.31805039338654506 0.8633601938426454 0.2708103990877993 0.8991042884834664 0.2841597297605473 0.9264558608893957 0.338750496009122 0.89916751995439
0 0.34352889623717214 0.7737208688711518 0.33033532155074113 0.7435571835803877 0.2987663922462942 0.7605833979475485 0.3094910695553022 0.7865456396807298 0.34352889623717214 0.7737208688711518
0 0.39390288141391105 0.5831601482326112 0.381291157354618 0.549079086659065 0.33052503420752566 0.573956629418472 0.34449516077537057 0.6090232611174458 0.39390288141391105 0.5831601482326112
0 0.9871951436716078 0.7802297320410491 0.9235558768529076 0.7864555051311289 0.9271582440136831 0.8414518802736602 0.9878386647662486 0.8336444994298746 0.9871951436716078 0.7802297320410491
0 0.8327540433295325 0.6800041356898517 0.8272909076396807 0.6474090216647662 0.7735530957810719 0.6535140672748004 0.7779257628278221 0.6925085564424174 0.8327540433295325 0.6800041356898517
0 0.8039179714937287 0.4068378996579247 0.7976285655644242 0.3538538323831243 0.7258271961231471 0.3483890741163056 0.7252064971493728 0.40140292246294185 0.8039179714937287 0.4068378996579247
0 0.6653726864310148 0.48288492246294185 0.661219842645382 0.46806144355758267 0.5921419543899658 0.4759965496009122 0.5915323169897376 0.49112505131128853 0.6653726864310148 0.48288492246294185
0 0.7541152314709236 0.19297703306727482 0.7186137993158495 0.18897990649942986 0.7123025758266819 0.22124727594070695 0.7442549270239454 0.22941501026225772 0.7541152314709236 0.19297703306727482
0 0.6883001562143671 0.30502413911060433 0.650853393386545 0.30013123831242877 0.6479286818700115 0.31201950399087797 0.6854667844925884 0.31749908893956674 0.6883001562143671 0.30502413911060433
0 0.6528771995438997 0.398298244013683 0.6573824800456101 0.38689051539338654 0.62657386659065 0.38214853819840366 0.6213931915621437 0.39499526339794755 0.6528771995438997 0.398298244013683
0 0.7452252417331813 0.9301213283922463 0.735895456100342 0.833260181299886 0.6305204857468643 0.8511522394526796 0.6462814458380843 0.9430619931584949 0.7452252417331813 0.9301213283922463
0 0.2573602383124287 0.38339189395667045 0.24456479817559862 0.3500486567844926 0.19148360091220068 0.3716859646522235 0.20498955530216648 0.40382193956670465 0.2573602383124287 0.38339189395667045
0 0.29257782668187 0.3761180969213227 0.23363223033067274 0.39868423489167615 0.24537886545039908 0.4310988586088939 0.3007420820980616 0.4048920558722919 0.29257782668187 0.3761180969213227
0 0.10647515963511972 0.40999492246294184 0.08881997833523375 0.3801281550741163 0.04148115621436716 0.40386171493728623 0.05313490763968073 0.4356898996579247 0.10647515963511972 0.40999492246294184
0 0.23339643329532497 0.23209038768529078 0.21899194184720638 0.2037700763968073 0.17214667616875712 0.2268243135689852 0.17759315051311286 0.2536209589509692 0.23339643329532497 0.23209038768529078
0 0.019215735461801595 0.08868950171037628 0.09260428164196123 0.060516839224629415 0.09392176966932726 0.059346327251995436 0.01299305473204105 0.07216417673888255 0.019215735461801595 0.08868950171037628
0 0.04669820182440137 0.6417588734321551 0.017317579247434434 0.5928956157354619 0.012344125427594072 0.6093180091220068 0.02105765678449259 0.6620557651083238 0.04669820182440137 0.6417588734321551
0 0.46221756898517674 0.9082175598631699 0.45663087229190424 0.8919221391106044 0.42657175484606613 0.9032988608893956 0.42908008437856326 0.91913582668187 0.46221756898517674 0.9082175598631699
0 0.4484395074116306 0.8667625438996579 0.4115270900798176 0.8804254435575827 0.4156092166476625 0.8948124230330673 0.45125587115165333 0.8807488494868871 0.4484395074116306 0.8667625438996579