0 0.5038678677309008 0.8601707970353477 0.48667313911060434 0.8076127023945268 0.4256332941847206 0.8344311824401368 0.4450102462941847 0.8810436442417332 0.5038678677309008 0.8601707970353477
0 0.2556427377423033 0.894092274800456 0.23445623033067273 0.8660963808437856 0.19110196237172178 0.9003418346636259 0.21380951197263398 0.9262498950969212 0.2556427377423033 0.894092274800456
0 0.8150749692132269 0.8922929395667046 0.8165459418472063 0.8590526123147092 0.7654394618015963 0.861126621436716 0.7690256944127708 0.893819189281642 0.8150749692132269 0.8922929395667046
0 0.7220833158494869 0.5552686807297605 0.7138070638540478 0.5190984196123147 0.645037748004561 0.5463742576966933 0.6527915210946408 0.5785457297605473 0.7220833158494869 0.5552686807297605
0 0.7305808836944128 0.3746332223489168 0.6817972565564424 0.379715417331813 0.6859771482326111 0.41241834663626 0.731761417331813 0.40906375712656784 0.7305808836944128 0.3746332223489168
0 0.7099144526795895 0.28282105929304446 0.7037069566704675 0.2472057377423033 0.6625979475484606 0.2547941299885975 0.6726331801596351 0.2923452998859749 0.7099144526795895 0.28282105929304446
0 0.8484357924743443 0.10374881755986316 0.8452181641961232 0.06694955644241733 0.8131517457240593 0.06698367616875713 0.8125306043329532 0.10256888027366019 0.8484357924743443 0.10374881755986316
0 0.6704069167616876 0.30081398631698975 0.6623701938426453 0.2678421425313569 0.6175247913340935 0.2854512269099202 0.6305889076396808 0.31949378563283926 0.6704069167616876 0.30081398631698975
0 0.7938800444697833 0.37147340136830104 0.7960144321550741 0.33424716875712657 0.7598115621436716 0.3330214047890536 0.7531503090079817 0.3744333329532497 0.7938800444697833 0.37147340136830104
0 1 0.28088815393386546 0.9754943010262258 0.2922918848346637 0.9908295131128848 0.33230780273660204 1 0.3267201174458381 1 0.28088815393386546
0 0.21925956784492587 0.9542273979475485 0.26226985860889396 0.9226779133409351 0.24917705815279362 0.9072892554161915 0.20937441163055873 0.9421889817559864 0.21925956784492587 0.9542273979475485