0 0.851979550741163 0.789723724059293 0.7787666704675029 0.7876666909920182 0.7730989384264538 0.8300768038768529 0.8479335895096921 0.8402576237172178 0.851979550741163 0.789723724059293
0 0.7815340399087799 0.8677387126567845 0.7467161790193843 0.8634096989737742 0.7311417137970353 0.9209544561003421 0.7715881140250855 0.9244687913340935 0.7815340399087799 0.8677387126567845
0 0.9139159635119726 0.8283786248574687 0.9491413318129988 0.8321781698973774 0.9556368597491448 0.7953402041049031 0.9251232200684151 0.7887540068415051 0.9139159635119726 0.8283786248574687
0 0.6752465895096921 1 0.6809996237172178 0.9817491060433295 0.6281793557582668 0.9679136453819841 0.6179363135689853 1 0.6752465895096921 1
0 0.393061338654504 0.7895939418472063 0.408537094640821 0.753133614595211 0.3311928209806157 0.733466637400228 0.318642251995439 0.7704427525655645 0.393061338654504 0.7895939418472063
0 0.4199720433295325 0.45911972748004565 0.3820923808437856 0.44822015393386544 0.3704372805017104 0.4937948996579248 0.40728367958950973 0.5030050079817561 0.4199720433295325 0.45911972748004565
0 0.4858530353477765 0.43094429418472063 0.4489335496009122 0.4214198449258837 0.4407516168757127 0.45072553591790193 0.47692940136830103 0.46192793158494866 0.4858530353477765 0.43094429418472063
0 0.5777566636259978 0.4911617810718358 0.5907860045610034 0.43437406841505133 0.5769543557582668 0.43072776966932724 0.5622736590649943 0.48662298061573545 0.5777566636259978 0.4911617810718358
0 0.3999315074116306 0.16920241733181302 0.3633920809578107 0.16095080273660206 0.35152934549600917 0.19744529304446978 0.3868638814139111 0.2091019110604333 0.3999315074116306 0.16920241733181302
0 0.5254530034207526 0.06954592816419612 0.5042242679589509 0.06339109122006842 0.4925026499429875 0.11619061003420753 0.5133585096921323 0.12197665678449258 0.5254530034207526 0.06954592816419612
0 0.3224329338654504 0.07173131356898517 0.3092562223489168 0.07121822006841505 0.2857384982896237 0.1430380125427594 0.30095376396807294 0.14692669441277081 0.3224329338654504 0.07173131356898517
0 0.8031158209806157 0.5538092428734321 0.7680228118586089 0.5476213990877993 0.7544102816419612 0.6043062793614594 0.7860941459521095 0.6114002725199544 0.8031158209806157 0.5538092428734321
0 0.8479713192702394 0.5080595267958951 0.7937133443557582 0.4942704298745724 0.7815101003420752 0.5463821151653364 0.832623961231471 0.5526817742303306 0.8479713192702394 0.5080595267958951
0 0.90298365336374 0.13792349600912202 0.8634866864310148 0.1327678449258837 0.8506355940706956 0.21249754960091222 0.8846843044469784 0.21639265792474346 0.90298365336374 0.13792349600912202
0 0.8962164264538198 0.74748238654504 0.9062910820980615 0.7142900661345496 0.82335721322691 0.6975564036488028 0.8170148608893957 0.7280908278221209 0.8962164264538198 0.74748238654504
0 0.7603287286202965 0.05428735803876853 0.7259235530216648 0.04761788711516533 0.7093194789053592 0.12125965450399089 0.7444423112884835 0.11931506499429875 0.7603287286202965 0.05428735803876853
0 0.14873294754846067 0.2907094606613455 0.13462714823261118 0.2852076795895097 0.11963069327251995 0.32386270467502853 0.13305071265678448 0.3283407856328392 0.14873294754846067 0.2907094606613455
0 0.11161604104903079 0.32335386887115164 0.1267118472063854 0.2753712645381984 0.11239830216647663 0.2710386727480046 0.09303707297605474 0.3158575290763968 0.11161604104903079 0.32335386887115164