0 0.4556350444697833 0.578541205245154 0.4224379281641961 0.5714740684150513 0.42221676054732044 0.6073410239452679 0.4500422508551881 0.614346818700114 0.4556350444697833 0.578541205245154
0 0.4660735644241733 0.7162161128848347 0.4342716864310148 0.708722078677309 0.4210851881413911 0.7723077571265679 0.45376533979475486 0.7787132109464081 0.4660735644241733 0.7162161128848347
0 0.43965261801596356 0.9277306180159635 0.38415525085518815 0.9173271448118586 0.3714527457240593 0.9867150558722919 0.42679494868871154 0.9935102246294184 0.43965261801596356 0.9277306180159635
0 0.8050310182440137 0.7506563466362599 0.7993145838084378 0.7972129646522235 0.8428103477765109 0.8031517822120866 0.84846486659065 0.7619714424173318 0.8050310182440137 0.7506563466362599
0 0.7978054709236032 0.8143757286202964 0.786125740022805 0.8948962656784493 0.8257268597491448 0.9033479247434436 0.8365189327251996 0.8203255621436716 0.7978054709236032 0.8143757286202964
0 0.8381839828962372 0.9117568711516534 0.8035078620296465 0.9042090296465222 0.7940326111744583 0.9473130775370582 0.8318582246294185 0.9507626351197264 0.8381839828962372 0.9117568711516534
0 0.8605265039908779 1 0.8673146020524516 0.966482101482326 0.8158261516533638 0.9547762337514253 0.8073967206385404 1 0.8605265039908779 1
0 0.9667661311288483 0.17110482212086658 0.9246265632839226 0.16114663625997722 0.916130669327252 0.21573690421892816 0.9600814823261117 0.22771368529076397 0.9667661311288483 0.17110482212086658
0 0.7465638335233752 0.47727291904218927 0.7844594264538198 0.4807294937286203 0.7917366670467503 0.44034660775370577 0.7531681163055873 0.4332165758266818 0.7465638335233752 0.47727291904218927
0 0.6706706442417332 0.6264797810718358 0.6370720786773091 0.6145792531356898 0.6327304834663626 0.6499387092360319 0.6635824880273661 0.6615020022805017 0.6706706442417332 0.6264797810718358
0 0.2607208323831243 0.053007389965792476 0.22821590763968075 0.04572613797035348 0.22234585860889397 0.08867464082098063 0.25576894982896237 0.09876056898517674 0.2607208323831243 0.053007389965792476
0 0.15903312884834664 0.03484029874572406 0.1528722805017104 0.08014435803876853 0.18548162485746864 0.08713932611174457 0.1895763557582668 0.039187171037628275 0.15903312884834664 0.03484029874572406
0 0.24145855872291902 0.23907967730900798 0.18526075712656784 0.2300857229190422 0.18070208095781073 0.26721315165336373 0.23361772976054732 0.2743085860889396 0.24145855872291902 0.23907967730900798
0 0.42788619726339794 0.28859041049030787 0.42361696237172175 0.32336054275940707 0.44040241733181296 0.3278143740022805 0.4439285245153934 0.2893653169897377 0.42788619726339794 0.28859041049030787
0 0.7595182234891676 0.749554645381984 0.7423336887115166 0.7453509190421893 0.7381368129988598 0.7795317263397947 0.7527836020524515 0.7819283352337515 0.7595182234891676 0.749554645381984
0 0.7792807286202965 0.7510838620296466 0.7749391334093501 0.7864433192702395 0.7904012200684151 0.7919310786773089 0.7963556237172177 0.7531803956670468 0.7792807286202965 0.7510838620296466
0 0.6146679384264537 0.8457280729760548 0.5995039954389966 0.8426713318129988 0.5887883705815279 0.8910053876852908 0.6021220456100341 0.8992244310148233 0.6146679384264537 0.8457280729760548