0 0.6616778597491447 0.7770019851767389 0.758556701254276 0.7738919156214368 0.7595907069555302 0.6903354002280501 0.6658230068415052 0.6949613340935006 0.6616778597491447 0.7770019851767389
0 0.6664148118586088 0.5995200091220069 0.6662662086659065 0.6591520661345496 0.7400465701254276 0.6542891174458381 0.7400702748004562 0.5966536681870012 0.6664148118586088 0.5995200091220069
0 0.499797228050171 0.5753450079817559 0.40495173660205247 0.5812588415051311 0.4085439144811858 0.615523022805017 0.5071683774230331 0.6085037491448119 0.499797228050171 0.5753450079817559
0 0.396894818700114 0.7548560125427595 0.4915630809578107 0.7537289669327252 0.4925976385404789 0.7178663922462941 0.39684847206385404 0.7202816111744583 0.396894818700114 0.7548560125427595
0 0.26218933979475484 0.8161248278221209 0.26398717331813 0.9047993192702395 0.31822694298745724 0.9048236670467502 0.3220852736602053 0.8126742348916761 0.26218933979475484 0.8161248278221209
0 0.2530941368301026 0.739416251995439 0.2546919338654504 0.7917417343215507 0.3158224606613455 0.7887775781071835 0.3190084743443558 0.7366311539338655 0.2530941368301026 0.739416251995439
0 0.5058055781071836 0.9301464720638541 0.5313430342075257 0.9291027023945269 0.5283925404789054 0.8953783990877993 0.4973762850627138 0.8951118791334093 0.5058055781071836 0.9301464720638541
0 0.7728502576966932 0.9032054139110604 0.7716085689851767 0.9367004675028506 0.8336689954389965 0.9375526009122006 0.8342100342075257 0.8960490752565565 0.7728502576966932 0.9032054139110604
0 0.8371819578107184 0.8755181778791333 0.891369842645382 0.87494948004561 0.8920787491448119 0.8081146168757126 0.8380978574686432 0.8110492793614595 0.8371819578107184 0.8755181778791333
0 0.7228240992018244 0.8491551151653364 0.7226397765108324 0.8879233922462941 0.761345543899658 0.8875187354618016 0.7644355724059293 0.8479002246294185 0.7228240992018244 0.8491551151653364
0 0.6882521356898518 0.3245579486887115 0.6882010763968073 0.3716619555302167 0.7635059007981757 0.37061660433295324 0.762447205245154 0.32104680957810716 0.6882521356898518 0.3245579486887115
0 0.49750402736602056 0.4741959076396808 0.4358336214367161 0.477801748004561 0.4341692919042189 0.540546503990878 0.4991840592930445 0.5376801231470923 0.49750402736602056 0.4741959076396808
0 0.126993834663626 0.5924614732041049 0.12709037286202965 0.6276275017103763 0.1885299726339795 0.6282139817559863 0.18979533523375144 0.5881590889395667 0.126993834663626 0.5924614732041049
0 0.10412989737742304 0.5014563329532497 0.17732104218928166 0.4932648825541619 0.1765073968072976 0.463527322690992 0.10171914595210946 0.4670887890535918 0.10412989737742304 0.5014563329532497
0 0.2611007502850627 0.02024269441277081 0.25895725085518817 0.03659956898517674 0.30234163968072975 0.035189566704675025 0.3060540353477765 0.0163097913340935 0.2611007502850627 0.02024269441277081
0 0.3866239247434436 0.08564525655644241 0.38484093728620294 0.11978368643101482 0.42898597377423037 0.12362581299885975 0.43374368871151653 0.09285029076396807 0.3866239247434436 0.08564525655644241
0 0.43677501482326114 0.004873188141391107 0.3900472565564424 0.008961337514253135 0.3877248369441277 0.030103576966932725 0.43443047662485745 0.03257512998859749 0.43677501482326114 0.004873188141391107
0 0.9495076624857468 0.29275921208665906 0.9840359954389966 0.2957001231470923 0.978807740022805 0.2359408928164196 0.9497064572405929 0.2337187810718358 0.9495076624857468 0.29275921208665906
0 0.3303529714937286 0.3689856009122007 0.3306209201824401 0.3856553694412771 0.39779535461801596 0.3802598871151653 0.3960396157354618 0.3703925496009122 0.3303529714937286 0.3689856009122007
0 0.32655975484606614 0.34606648688711517 0.3295247194982896 0.3595186385404789 0.3939267514253136 0.3564611835803877 0.3908046738882554 0.34461948004561005 0.32655975484606614 0.34606648688711517
0 0.6611988152793614 0.32871286088939566 0.5839191197263398 0.33785959863169895 0.5838602770809579 0.371249598631699 0.6599987981755986 0.362684220068415 0.6611988152793614 0.32871286088939566
0 0.40262541847206385 0.32987374686431015 0.3997735724059293 0.37900927822120867 0.43571532155074116 0.3742618061573546 0.43963200228050175 0.3236544321550741 0.40262541847206385 0.32987374686431015
0 0.4804600136830102 0.34750711516533633 0.48003128164196124 0.36304423033067273 0.5486441915621437 0.35704137856328394 0.5471209509692132 0.34644318358038767 0.4804600136830102 0.34750711516533633
0 0.5915136191562144 0.445102661345496 0.5967934857468643 0.5054518244013683 0.6378148700114026 0.5076709589509693 0.6315060022805018 0.44577904446978334 0.5915136191562144 0.445102661345496
0 1 0.5628920342075256 0.9815475940706955 0.5636020741163056 0.9863761949828962 0.598355669327252 1 0.5971637400228049 1 0.5628920342075256
0 0.0012993945267958953 0.5223763329532497 0.006579262257696693 0.5827254960091219 0.028893175598631696 0.5748115324971493 0.029942340935005703 0.5186783637400227 0.0012993945267958953 0.5223763329532497
0 0.021383482326111744 0.7519385051311288 0.025524605473204107 0.7992717628278221 0.05772330444697833 0.7953411288483466 0.05759019042189282 0.7529445233751426 0.021383482326111744 0.7519385051311288