0 0.8384739327251995 0.8339340091220069 0.8068632542759406 0.8569586750285063 0.8291059771949829 0.8865741140250855 0.8573328540478905 0.8667757958950969 0.8384739327251995 0.8339340091220069
0 0.692934787913341 0.6245347822120866 0.6611862770809578 0.6396405553021666 0.6806910763968074 0.6935600376282782 0.7127598050171037 0.6730623911060433 0.692934787913341 0.6245347822120866
0 0.78430151995439 0.543190936145952 0.7545060923603193 0.5605312964652224 0.7663282690992018 0.5848967080957811 0.7979231835803877 0.5636897354618017 0.78430151995439 0.543190936145952
0 0.8265214446978335 0.4416883762827822 0.7528795404789054 0.48248767730900793 0.7659517810718358 0.5095468563283923 0.8362711242873432 0.4689502485746864 0.8265214446978335 0.4416883762827822
0 0.77597148004561 0.4024139578107183 0.7457707765108323 0.4245242919042189 0.7623211755986317 0.47235266590649944 0.7982345256556442 0.45084957696693273 0.77597148004561 0.4024139578107183
0 0.7968577046750285 0.38985545153933865 0.7749416168757126 0.33299377765108323 0.7400411322690992 0.3486420091220069 0.7627848905359179 0.40446558152793616 0.7968577046750285 0.38985545153933865
0 0.9530120877993159 0.16081513112884835 0.9227593329532497 0.17745126909920184 0.9389203340935006 0.21305817673888255 0.974092936145952 0.19018520524515395 0.9530120877993159 0.16081513112884835
0 0.4825121858608894 0.14336288939566705 0.5189081014823261 0.1292465496009122 0.49153781413911063 0.0609047023945268 0.4576033819840365 0.07433021550741163 0.4825121858608894 0.14336288939566705
0 0.4949797194982896 0.18182681527936145 0.530868109464082 0.16153085290763966 0.5178828551881414 0.13691822234891676 0.48479065564424173 0.1520402953249715 0.4949797194982896 0.18182681527936145
0 0.3914204686431015 0.24054757468643104 0.35498961915621435 0.25769156328392245 0.38540995781071835 0.31453982782212087 0.41983635005701253 0.2948468255416192 0.3914204686431015 0.24054757468643104
0 0.3021248985176739 0.1978936419612315 0.2629105632839225 0.21383896693272522 0.2728821197263398 0.24084609007981758 0.3082388392246294 0.23197199543899658 0.3021248985176739 0.1978936419612315
0 0.06843462941847206 0.5688856442417332 0.08801345381984037 0.5681895347776511 0.07852953705815278 0.504258165336374 0.06163885062713797 0.5064361755986316 0.06843462941847206 0.5688856442417332
0 0.36421846522234896 0.9677406875712656 0.4602259566704675 0.9137884059293044 0.4391322531356899 0.8759189908779932 0.37128557012542757 0.9094518962371722 0.3562970342075257 0.8771292782212087 0.3247592816419613 0.8940992953249716 0.36421846522234896 0.9677406875712656
0 0.5537064903078678 0.5397025530216648 0.5362714070695553 0.5074669201824401 0.49941816419612317 0.5208790364880274 0.5173975598631699 0.5562654412770809 0.5537064903078678 0.5397025530216648
0 0.5645552497149373 0.625778158494869 0.6105649156214367 0.6064211083238312 0.5968632326111745 0.5737634047890536 0.5528261083238313 0.5944518529076397 0.5645552497149373 0.625778158494869
0 0.4284923500570126 0.40321780045610034 0.4889097753705815 0.41605992018244015 0.49753584150513114 0.3669026134549601 0.44146023489167613 0.355893897377423 0.4284923500570126 0.40321780045610034