0 0.7792474367160775 0.6753643078677308 0.7258303238312428 0.6646949407069556 0.720395488027366 0.7225708711516534 0.7660013101482326 0.7257599407069556 0.7792474367160775 0.6753643078677308
0 0.121274748004561 0.9289638962371721 0.05551582668187001 0.9160437502850627 0.05300622805017104 0.9519326750285063 0.11352606157354618 0.9603247696693273 0.121274748004561 0.9289638962371721
0 0.15366187571265677 0.6246850250855187 0.09214564880273661 0.6106738015963512 0.07050642645381984 0.721514014823261 0.14227666248574686 0.7279188677309009 0.15366187571265677 0.6246850250855187
0 0 0.5664080091220068 0.029987838084378566 0.5661011904218929 0.04500258494868871 0.5102813420752565 0 0.5029891539338655 0 0.5664080091220068
0 0.7507643044469784 0.32799061459521095 0.6561739749144812 0.3102804367160776 0.6482650649942987 0.36382322919042187 0.734465015963512 0.3823344503990878 0.7507643044469784 0.32799061459521095
0 0.5500425940706956 0.3583410330672748 0.4616566077537058 0.3313551140250855 0.4528165165336374 0.3584779692132269 0.5458311470923604 0.3788534743443558 0.5500425940706956 0.3583410330672748
0 0.5763358734321551 0.31995509122006843 0.4710758950969213 0.2959493614595211 0.4628148916761688 0.3147908745724059 0.5735069874572406 0.34056421094640815 0.5763358734321551 0.31995509122006843
0 0.5804210615735462 0.2814023968072976 0.5107075952109464 0.26543021094640823 0.506882315849487 0.2804202006841505 0.5762096145952109 0.3019148380843786 0.5804210615735462 0.2814023968072976
0 0.4234858358038769 0.1622351755986317 0.3701651824401368 0.15018636488027365 0.36772090535917906 0.1652729236031927 0.42075185176738883 0.18146474344355756 0.4234858358038769 0.1622351755986317
0 0.417023141391106 0.1950737297605473 0.3626096339794755 0.1787852314709236 0.36006878677309007 0.19525279247434435 0.41319630330672746 0.21006361003420754 0.417023141391106 0.1950737297605473
0 0.3656497502850627 0.3537704298745724 0.23837471265678448 0.3268375028506271 0.23101364196123148 0.352677590649943 0.35838525085518813 0.37822951539338656 0.3656497502850627 0.3537704298745724
0 0.040778867730900795 0.8246023808437857 0.12203319042189281 0.8457453363740023 0.13097603534777652 0.8285319144811858 0.039953588369441274 0.8108691721778791 0.040778867730900795 0.8246023808437857
0 0.08758309806157355 0.8617687514253136 0.11564123945267958 0.8690828677309007 0.12400166020524515 0.860153685290764 0.0920472417331813 0.8489990478905359 0.08758309806157355 0.8617687514253136
0 0.239390661345496 0.2825175974914481 0.23561454618015965 0.3024715461801596 0.26890717901938427 0.3115347502850627 0.2725726647662486 0.29316287571265676 0.239390661345496 0.2825175974914481