0 0.04218928164196123 0.5199543899657925 0.043329532497149374 0.04218928164196123
0 0.51463648004561 0.8357121870011402 0.4895516556442417 0.7932468095781072 0.4482294606613455 0.8109357730900798 0.46058097263397946 0.8621026921322691 0.51463648004561 0.8357121870011402
0 0.6525469064994299 0.5477466465222349 0.6190863979475484 0.5548957457240593 0.6355313318129989 0.6070389304446979 0.6860178164196122 0.6029796602052452 0.6525469064994299 0.5477466465222349
0 0.9715686545039909 0.2561261345496009 0.9988002873432156 0.23711492360319272 0.9717685051311289 0.202900685290764 0.942271274800456 0.22308041619156216 0.9715686545039909 0.2561261345496009
0 0.4310838152793614 0.0014474047890535918 0.4312086944127708 0.03749403420752566 0.4782269099201824 0.03913594640820981 0.48096265336374 0.00041721094640820983 0.4310838152793614 0.0014474047890535918
0 0.6282426750285063 0.9371340820980616 0.6325165883694412 0.973325598631699 0.7076748494868872 0.9620886145952109 0.6938660604332954 0.9214022223489168 0.6282426750285063 0.9371340820980616
0 0.5387344218928164 1 0.5283867548460661 0.9419630410490308 0.4614781368301026 0.9548764549600912 0.4668986465222349 0.9979012132269099 0.52700003990878 1 0.5387344218928164 1
0 0.28106801596351194 0.6893434766248574 0.2461584298745724 0.697828755986317 0.2559149771949829 0.7355985131128849 0.2865320410490308 0.731122118586089 0.28106801596351194 0.6893434766248574
0 0.6899680387685291 0.262689913340935 0.6577076419612315 0.26869269897377424 0.6711606716077536 0.30837387457240595 0.7021483819840365 0.2990590307867731 0.6899680387685291 0.262689913340935
0 0.2637621539338655 0 0.2804993010262258 0.08827622576966933 0.29016171607753705 0.08594014025085518 0.27905277194982897 0 0.2637621539338655 0
0 0.25577919726339793 0.2546570478905359 0.2704755222348917 0.2587349258836944 0.27005292018244015 0.2028736488027366 0.2560116271379704 0.20327448346636262 0.25577919726339793 0.2546570478905359
0 0.27766873660205244 0.22274529304446977 0.2967213101482326 0.2210341755986317 0.2943791391106043 0.20312902736602054 0.27563067616875714 0.20217569783352338 0.27766873660205244 0.22274529304446977