0 0.9261372690992019 0.9906914458380844 0.9680755518814139 0.9740012554161916 0.9724615997719499 0.9112778574686431 0.9036524538198404 0.937722078677309 0.9261372690992019 0.9906914458380844
0 0.40262618814139106 0.7400187822120867 0.415388527936146 0.8128614789053591 0.45353125199543903 0.8036356453819841 0.4368096191562144 0.7320871014823261 0.40262618814139106 0.7400187822120867
0 0.604906645381984 0.7327583432155074 0.5941931881413911 0.6987093181299886 0.5004905849486887 0.7151411071835804 0.5077252234891676 0.7521249224629418 0.604906645381984 0.7327583432155074
0 0.41039455074116304 0.5948789977194983 0.4162324367160775 0.6220461550741163 0.45894802850627137 0.6155193204104903 0.4525646932725199 0.58338482668187 0.41039455074116304 0.5948789977194983
0 0.6773321858608894 0.46310519384264537 0.6729125313568984 0.42414574116305587 0.6386155017103763 0.4251902212086659 0.6420950045610033 0.4648044367160775 0.6773321858608894 0.46310519384264537
0 0.18730933295324972 0.337863157354618 0.18865244811858609 0.4122850102622577 0.27214126909920183 0.4014731847206386 0.2617479543899658 0.3373106362599772 0.18730933295324972 0.337863157354618
0 0.02154558722919042 0.32508142759407066 0.03457152793614595 0.37713092246294183 0.0728513968072976 0.37445561231470925 0.06614394184720639 0.31293160433295325 0.02154558722919042 0.32508142759407066
0 0.21547962257696693 0.1733383797035348 0.22494953591790193 0.2507061824401368 0.2741721984036488 0.24900908551881412 0.2728787708095781 0.1696207867730901 0.21547962257696693 0.1733383797035348
0 0.36803523831242874 0.017511473204104903 0.37079900912200686 0.054571102622576965 0.42372090649942984 0.055298895096921326 0.4228153238312429 0.01717880387685291 0.36803523831242874 0.017511473204104903
0 0.6995473911060434 0.19648349714937285 0.7088678118586088 0.23340797833523377 0.773735488027366 0.2165371345496009 0.7638044207525656 0.179811165336374 0.6995473911060434 0.19648349714937285
0 0.7713982132269099 0.31805576282782216 0.7744685632839224 0.3337299965792474 0.8063150832383125 0.33793831128848345 0.8065924184720638 0.3169487149372862 0.7713982132269099 0.31805576282782216
0 0.7871812257696693 0.34770081870011404 0.7942582440136831 0.38268282554161914 0.8135429771949828 0.3792744458380844 0.8050543021664766 0.3432006830102623 0.7871812257696693 0.34770081870011404
0 0.0024137297605473203 0.6157032337514253 0.0035261847206385405 0.6508649247434436 0.04879111060433295 0.6504620889395667 0.043206482326111746 0.6153949167616876 0.0024137297605473203 0.6157032337514253
0 0.26086181413911064 0.6819414515393386 0.22415198517673887 0.6876994161915622 0.23268889167616877 0.7401069589509692 0.267455251995439 0.7323507423033068 0.26086181413911064 0.6819414515393386
0 0.8014903432155074 0.6793114469783352 0.75289313340935 0.6848317993158495 0.7642816351197264 0.7219948734321552 0.8007861368301026 0.7149397377423033 0.8014903432155074 0.6793114469783352
0 0.7219407787913341 0.6933715997719498 0.7331638129988597 0.7286450912200684 0.7543497103762828 0.7235840524515393 0.7451924367160776 0.6885599566704674 0.7219407787913341 0.6933715997719498
0 0.5268244503990878 0.8194634389965793 0.5294265313568985 0.8333224606613455 0.5830932976054732 0.8233981402508552 0.5778624709236032 0.808829015963512 0.5268244503990878 0.8194634389965793
0 0.8597181151653365 0.36585495895096926 0.8753163785632839 0.4406784298745724 0.9302237251995439 0.4385706259977195 0.9231160649942987 0.36572393272519954 0.8597181151653365 0.36585495895096926