0 0.20700618814139113 0.7353740410490308 0.1354082873432155 0.6954760581527936 0.09913184948688711 0.7885299327251996 0.1651040045610034 0.8235512725199544 0.20700618814139113 0.7353740410490308
0 0 0.8746117879133409 0.007836695553021664 0.8778209760547321 0.020555351197263396 0.8375080034207525 0 0.8284536180159635 0 0.8746117879133409
0 0.14175764994298745 0.31280057126567845 0.09080461459521096 0.29458014595210946 0.07535192588369442 0.3252867571265678 0.12829450513112883 0.3494328779931585 0.14175764994298745 0.31280057126567845
0 0.2706283454960091 0.4751866727480046 0.2222392417331813 0.45070075940706955 0.19156234093500568 0.5028682212086659 0.2396963740022805 0.5324060171037628 0.2706283454960091 0.4751866727480046
0 0.5073369623717218 0.518607850627138 0.47396534207525653 0.49835868985176734 0.4545072930444698 0.5656608848346636 0.48744812770809576 0.5783795404789054 0.5073369623717218 0.518607850627138
0 0.526704850627138 0.8476095940706956 0.5052134629418472 0.9155610159635119 0.5312090649942988 0.9277260079817561 0.5529173432155073 0.858008165336374 0.526704850627138 0.8476095940706956
0 0.6254922542759407 0.9434899908779932 0.5898790273660205 0.9415100718358039 0.5851756316989738 0.9798161505131129 0.6217593215507411 0.9884955245153934 0.6254922542759407 0.9434899908779932
0 0.8230279794754846 0.400637511972634 0.7868238779931584 0.3985850433295325 0.794013433295325 0.5158210262257696 0.8287897502850627 0.519193708095781 0.8230279794754846 0.400637511972634
0 0.9420601847206386 0.7161550843785632 0.899960338654504 0.7085914629418472 0.8855041174458381 0.7998395302166476 0.9282731208665906 0.8089792611174459 0.9420601847206386 0.7161550843785632
0 0.722277542759407 0.603027078677309 0.6879950273660205 0.6047998050171038 0.6872073568985176 0.6501653979475485 0.7233286545039909 0.6480202371721779 0.722277542759407 0.603027078677309
0 0.6090391299885974 0.2792477605473204 0.5223722736602052 0.245276259977195 0.49922678677309007 0.3109292770809578 0.5882922291904219 0.35087984720638543 0.6090391299885974 0.2792477605473204
0 0.1902266077537058 0.1614228551881414 0.13338653363740022 0.1424795929304447 0.12315789851767389 0.17711621208665906 0.17924215849486885 0.19447114937286203 0.1902266077537058 0.1614228551881414
0 0.0467143409350057 0.24968632497149373 0.04450986088939567 0.28710281299885976 0.079690669327252 0.29261731584948686 0.08373393158494868 0.25482839338654506 0.0467143409350057 0.24968632497149373
0 1 0.0590534401368301 0.9794014697833523 0.0567233511972634 0.9705999578107184 0.1067895267958951 1 0.11166229076396808 1 0.0590534401368301
0 0.6271108962371722 0.6577432782212087 0.5924456909920183 0.6528887183580387 0.5848214606613454 0.6794686180159635 0.6168100912200685 0.6929676716077537 0.6271108962371722 0.6577432782212087
0 0.7860399977194983 0.05451706955530217 0.7558796522234892 0.0567959338654504 0.7540176328392246 0.08169208323831242 0.7882753534777651 0.08081362599771949 0.7860399977194983 0.05451706955530217
0 0.46890003648802736 0.43253039794754844 0.45224132155074115 0.41732594184720634 0.4302623272519954 0.47115800684150516 0.44626523261117446 0.48060052907639683 0.46890003648802736 0.43253039794754844
0 0.29544756328392247 0.808447007981756 0.24757542417331813 0.784622779931585 0.23807119156214365 0.8028975986316991 0.2905518768529076 0.8239975359179019 0.29544756328392247 0.808447007981756