0 0.9646742223489168 0.41908424287343216 0.9971275974914481 0.40663939566704677 0.9943399350057013 0.349087094640821 0.9509428072976055 0.3626121630558723 0.9646742223489168 0.41908424287343216
0 0.8094423363740023 0.5779738620296465 0.840092472063854 0.5643743728620296 0.8283331482326112 0.5372629726339795 0.7974497388825542 0.5505696134549601 0.8094423363740023 0.5779738620296465
0 0.8881526704675029 0.7654427924743443 0.9395058050171038 0.7467312075256557 0.9207571562143672 0.6936128255416192 0.870030330672748 0.7140949999999999 0.8881526704675029 0.7654427924743443
0 1 0.8175699840364881 0.9789454070695554 0.7602949566704675 0.9571402041049031 0.7686924139110604 0.9833453010262257 0.8421697012542759 1 0.8308053511972634 1 0.8175699840364881
0 0.8433770889395668 0.9906976043329533 0.8280054367160775 0.926831149372862 0.7750100501710376 0.9491344435575826 0.7881884310148233 0.9937987514253136 0.8433770889395668 0.9906976043329533
0 0.5162155895096922 0.9304919395667046 0.5686420570125428 0.9052293740022805 0.5524573375142532 0.855035441277081 0.4968230045610034 0.8744140330672747 0.5162155895096922 0.9304919395667046
0 0.4660920923603193 0.40700104789053587 0.4993567913340935 0.40701581413911064 0.5014976351197263 0.3594696465222349 0.46543643557582665 0.36039601824401374 0.4660920923603193 0.40700104789053587
0 0.46218063283922467 0.4551719612314709 0.49426834777651085 0.45579954846066134 0.4993567913340935 0.40701581413911064 0.4609484218928164 0.409467755986317 0.46218063283922467 0.4551719612314709
0 0.15341749144811861 0.08762651767388825 0.17011997377423035 0.1597835085518814 0.19544810490307865 0.1513261220068415 0.17767052109464082 0.08185861459521093 0.15341749144811861 0.08762651767388825
0 0.04336972633979475 0.11270874914481185 0.07072867616875712 0.21674711516533637 0.08699041961231471 0.21468174230330675 0.059237423033067275 0.10293032953249714 0.04336972633979475 0.11270874914481185
0 0.32849554275940707 0.5893380216647662 0.34895266134549596 0.6382712611174459 0.3771037833523375 0.6175877434435576 0.3572921915621437 0.5716155644241733 0.32849554275940707 0.5893380216647662
0 0.47637949372862026 0.6900864982896238 0.5057713375142532 0.6723520889395667 0.4945004857468643 0.6392937571265678 0.45897392930444697 0.6535706431014824 0.47637949372862026 0.6900864982896238
0 0 0.3346932212086659 0.029264979475484607 0.32554982668187005 0.017684818700114027 0.2746816818700114 0 0.2790491254275941 0 0.3346932212086659
0 0.6963316362599773 0.4956228734321551 0.7195320570125427 0.49759327023945266 0.7226322485746864 0.43696586887115163 0.7047644002280502 0.43430855074116304 0.6963316362599773 0.4956228734321551
0 0.502273464082098 0.3018535815279362 0.5402682497149373 0.3005965393386545 0.5491996419612315 0.2600594914481186 0.5026836066134549 0.25730838882554163 0.502273464082098 0.3018535815279362