0 0.24415882668187003 0.12049899657924744 0.19529692360319273 0.13925138312428734 0.21327234321550742 0.19163335461801598 0.26198121778791333 0.1704219794754846 0.24415882668187003 0.12049899657924744
0 0.31067301938426456 0.1328175781071836 0.2789219954389966 0.15095629418472062 0.2944273329532497 0.186423834663626 0.33094084492588366 0.16686935917901938 0.31067301938426456 0.1328175781071836
0 0.4613683101482326 0.0543705724059293 0.44854123603192697 0.06621404446978335 0.4775520843785633 0.1009101835803877 0.4931719680729761 0.08389370125427593 0.4613683101482326 0.0543705724059293
0 0.48498500798175603 0.33983285860889395 0.5393488198403649 0.31587788255416194 0.5113894606613455 0.2641053238312429 0.4856015131128848 0.2798694435575827 0.4778361140250855 0.26789960661345497 0.46172687571265675 0.2723682702394527 0.48498500798175603 0.33983285860889395
0 0.28615669099201824 0.39651559407069553 0.26591022234891676 0.34911402736602054 0.2311349315849487 0.36721693044469783 0.24725750627137968 0.3997805963511972 0.28615669099201824 0.39651559407069553
0 0.1092905678449259 0.39837749600912203 0.08489700684150513 0.40472576396807297 0.09708218814139111 0.4358454971493728 0.12006953135689852 0.4316263865450399 0.1092905678449259 0.39837749600912203
0 0.07044190421892817 0.4071163694412771 0.05184998175598632 0.41469781527936145 0.06105988939566705 0.4512552805017104 0.08100534777651083 0.4442650456100342 0.07044190421892817 0.4071163694412771
0 0.2155938118586089 0.5915456830102623 0.18818698631698974 0.6063586841505131 0.2110003945267959 0.6530918403648802 0.2378531037628278 0.6433206830102622 0.2155938118586089 0.5915456830102623
0 0.12868390649942987 0.4583450319270239 0.10185906043329532 0.4732833329532497 0.11297000114025085 0.5066011904218928 0.13835540250855188 0.491055015963512 0.12868390649942987 0.4583450319270239
0 0.42332310604332957 0.9009653443557583 0.4097424070695553 0.8507315290763968 0.3892386031927024 0.8466784150513113 0.3919660307867731 0.905835070695553 0.42332310604332957 0.9009653443557583
0 0.8289032041049031 0.8815534937286204 0.7951899486887115 0.888955873432155 0.8041395336374002 0.9312246442417332 0.8416798392246294 0.9212987468643102 0.8289032041049031 0.8815534937286204
0 0.8787650182440137 0.6384197924743443 0.8720859110604333 0.6042197115165335 0.839409228050171 0.6124494367160775 0.8503425324971494 0.6496767286202965 0.8787650182440137 0.6384197924743443
0 0.7842150376282782 0.663848677309008 0.7839180171037627 0.6310067491448119 0.7539490592930446 0.6282787388825541 0.7505370387685292 0.668221881413911 0.7842150376282782 0.663848677309008
0 0.700749969213227 0.16352612884834664 0.6738856031927023 0.18149110376282782 0.7049209315849486 0.2123668574686431 0.7256296111744583 0.19248963283922463 0.700749969213227 0.16352612884834664
0 0.9656353933865451 0.689056441277081 0.9609075153933866 0.6570921505131129 0.9401278608893956 0.6551033580387686 0.9439702086659064 0.6911285256556443 0.9656353933865451 0.689056441277081
0 0.6697753717217788 0.20368400684150514 0.6520361790193843 0.22722908779931586 0.6656522098061574 0.2459056465222349 0.691562929304447 0.2244009851767389 0.6697753717217788 0.20368400684150514
0 0.6534560148232611 0.12069469441277082 0.6406654047890536 0.12951084264538198 0.6643561984036488 0.15214830672748006 0.6776472405929305 0.1358524401368301 0.6534560148232611 0.12069469441277082
0 0.6934907366020524 0.7568623568985177 0.6960455427594071 0.7191634709236032 0.6812948779931585 0.7172405518814139 0.6791970752565565 0.7556451892816419 0.6934907366020524 0.7568623568985177
0 0.6466176476624858 0.7177624675028506 0.6466662428734322 0.7517656214367161 0.6605926202964653 0.7547257651083238 0.6626203603192703 0.7199499201824401 0.6466176476624858 0.7177624675028506
0 0.3420060068415052 0.7386043420752565 0.31571173774230327 0.7481906909920182 0.3305508437856328 0.7810885610034208 0.3550857354618016 0.7720387685290764 0.3420060068415052 0.7386043420752565
0 0.4234952645381984 0.620559535917902 0.41177954275940704 0.6271745028506271 0.42881492018244016 0.6611478187001141 0.4416583261117446 0.6556830695553021 0.4234952645381984 0.620559535917902
0 0.4098534196123147 0.6598489942987458 0.4106567890535918 0.652432070695553 0.3976074743443557 0.6253777639680729 0.38336127822120863 0.629633818700114 0.397953488027366 0.6636932405929304 0.4098534196123147 0.6598489942987458
0 0.1872977913340935 0.5934223705815279 0.20877985632839224 0.577955441277081 0.1903843785632839 0.5503733842645382 0.16815703990877995 0.5647697822120866 0.1872977913340935 0.5934223705815279