0 0.9489168392246294 0.40437281299885974 0.9111865210946408 0.3982319327251996 0.9051657126567845 0.4507184458380844 0.9385650410490307 0.4543823899657925 0.9489168392246294 0.40437281299885974
0 0.7679057571265678 0.05767428734321551 0.7586147366020525 0.09881785632839224 0.7951281083238313 0.10548952451539338 0.8058873226909921 0.064693582668187 0.7679057571265678 0.05767428734321551
0 0.676545858608894 0.28066879817559864 0.6434984401368301 0.27596246750285064 0.6381069384264538 0.3107686237172178 0.6747741220068416 0.31447552907639675 0.676545858608894 0.28066879817559864
0 0.5964688084378563 0.1295739441277081 0.5916057366020524 0.15429706157354617 0.6580807491448118 0.16789003648802736 0.6608851379703535 0.14271167616875713 0.5964688084378563 0.1295739441277081
0 0.05776357468643102 0.23218184834663627 0.06092657354618016 0.28527796579247433 0.10129792246294185 0.2864048836944128 0.1017357251995439 0.23270107183580388 0.05776357468643102 0.23218184834663627
0 0.22914729874572404 0.3541622998859749 0.2305126259977195 0.31676531584948686 0.1634682690992018 0.3083934503990878 0.1645483990877993 0.35018068415051307 0.22914729874572404 0.3541622998859749
0 0.4719377001140251 0.2027395724059293 0.45890009236031926 0.2359574481185861 0.4982437434435576 0.2510215564424173 0.5069543740022805 0.21528001482326115 0.4719377001140251 0.2027395724059293
0 0.4447097035347776 0.42731140022805014 0.4078520729760547 0.41586360661345495 0.40214346864310146 0.43400063511972636 0.44286251767388823 0.4398678711516533 0.4447097035347776 0.42731140022805014
0 0.45690805473204105 0.41010748460661345 0.44908101596351196 0.44597669441277077 0.5061538494868871 0.45745438540478905 0.5151113922462942 0.4226739589509692 0.45690805473204105 0.41010748460661345
0 0.5321035108323832 0.3480344047890536 0.5237784025085519 0.382092251995439 0.5627568244013683 0.3871078494868871 0.5732109441277081 0.35216333523375143 0.5321035108323832 0.3480344047890536
0 0.856093094640821 0.04267065564424173 0.7762332246294185 0.03491642417331813 0.7742415758266818 0.05590188711516534 0.856533015963512 0.056966396807297606 0.856093094640821 0.04267065564424173
0 0.7894417776510831 0.37282079247434435 0.7811119532497149 0.3842786704675028 0.8191243819840365 0.39638154846066137 0.8231840638540479 0.3813155564424173 0.7894417776510831 0.37282079247434435
0 0.7807079030786773 0.3919884025085519 0.7778722348916761 0.4120612554161916 0.8115142314709236 0.416797181299886 0.816635732041049 0.404160401368301 0.7807079030786773 0.3919884025085519
0 0.7842800912200684 0.3124820205245154 0.7780733340935005 0.32880924743443557 0.8180511014823262 0.33744617217787914 0.823499 0.3242538380843785 0.7842800912200684 0.3124820205245154
0 0.8138733899657925 0.3491216522234892 0.7815400045610034 0.34207604903078676 0.7776739179019384 0.3591205096921323 0.8111605416191562 0.36682111744583806 0.8138733899657925 0.3491216522234892