0 0.44158412542759407 0.9271359372862029 0.3928366134549601 0.9156611505131128 0.38444678563283924 0.9452814047890536 0.4370341550741163 0.9572296773090079 0.44158412542759407 0.9271359372862029
0 0.931822527936146 0.5127282257696693 0.9364656408209806 0.4808572371721779 0.869428929304447 0.46663713112884836 0.864154889395667 0.504874449258837 0.931822527936146 0.5127282257696693
0 0.9545489315849487 0.40805699885974916 0.9498915917901939 0.37212963968072976 0.8903492850627138 0.37376724287343216 0.8932976579247435 0.4082985598631699 0.9545489315849487 0.40805699885974916
0 0.10704768301026227 0.6395976533637401 0.10807111060433294 0.6087245302166476 0.06400337856328392 0.5986841299885974 0.06241661003420753 0.6403362930444698 0.10704768301026227 0.6395976533637401
0 0.1594204754846066 0.6839728859749145 0.1673391778791334 0.6463247856328391 0.14365436031927026 0.6444889521094641 0.13792876738882554 0.6799676077537058 0.1594204754846066 0.6839728859749145
0 0.9139923751425314 0.46718890763968074 0.9135205815279361 0.44218620068415054 0.8810629794754846 0.43751078107183583 0.8754727434435575 0.4590915359179019 0.9139923751425314 0.46718890763968074
0 0.6766619817559862 0.6052180969213227 0.6775633865450399 0.5880182633979475 0.6409878665906499 0.5825324675028506 0.6398611368301027 0.598359251995439 0.6766619817559862 0.6052180969213227
0 0.6778742132269099 0.5820873397947548 0.6781205336374003 0.5660423044469783 0.6451026305587229 0.5607429555302167 0.6418677434435576 0.5770585153933865 0.6778742132269099 0.5820873397947548
0 0.6744051037628278 0.5575221151653363 0.6693134355758267 0.5411973272519954 0.657425197263398 0.5411688563283923 0.654456937286203 0.558099212086659 0.6744051037628278 0.5575221151653363
0 0.7777658335233751 0.2756828472063854 0.776388717217788 0.25657990649942986 0.7251770330672749 0.2580595336374002 0.7246557582668187 0.27370838654503993 0.7777658335233751 0.2756828472063854
0 0.8011271562143671 0.21565133751425314 0.801935338654504 0.20023031356898519 0.7487265256556442 0.1944673694412771 0.743131677309008 0.2104636670467503 0.8011271562143671 0.21565133751425314
0 1 0.29450435005701253 0.9885107286202964 0.2932708608893957 0.9819309965792475 0.3167148836944128 1 0.31686898517673884 1 0.29450435005701253
0 0.9884990228050171 0.23676937742303308 0.9948898688711516 0.2055845473204105 0.9566286807297605 0.19822828164196124 0.9375865256556443 0.22689754389965794 0.9884990228050171 0.23676937742303308
0 0.9754039817559863 0.29377309464082096 0.9648554264538198 0.29084200912200686 0.959864055872292 0.30663836716077536 0.972816992018244 0.3091008962371722 0.9754039817559863 0.29377309464082096
0 0.9477582953249715 0.31076044925883695 0.9347742850627139 0.30889085746864314 0.932812865450399 0.3236568779931585 0.9531485974914482 0.321357078677309 0.9477582953249715 0.31076044925883695
0 0.9767047206385404 0.2462635598631699 0.9642530604332954 0.2456109954389966 0.9614796214367161 0.2644964150513113 0.9828604914481186 0.2649441425313569 0.9767047206385404 0.2462635598631699
0 0.2264469897377423 0.9479769657924744 0.23599847662485746 0.9585882690992018 0.24621472633979477 0.9451701824401368 0.23649347434435575 0.9377981835803877 0.2264469897377423 0.9479769657924744
0 0.21128403876852905 0.9650239475484607 0.21852601140250855 0.9743235210946408 0.2335803181299886 0.9650220935005701 0.22264069441277082 0.9525355689851768 0.21128403876852905 0.9650239475484607
0 0.20694232383124286 0.9457640752565565 0.21923617331813 0.9380828962371722 0.20726351539338655 0.9226179144811858 0.19695327137970353 0.932157015963512 0.20694232383124286 0.9457640752565565
0 0.1687393660205245 0.9259218688711517 0.17582744469783354 0.9381877662485747 0.19102117559863172 0.9262259247434435 0.1782877787913341 0.913931724059293 0.1687393660205245 0.9259218688711517
0 0.20787000456100344 0.9053728962371722 0.2213234503990878 0.920945212086659 0.2388122565564424 0.9162431231470923 0.22902682440136832 0.8987507708095781 0.20787000456100344 0.9053728962371722