0 0 0.60602948004561 0.038799027366020526 0.597562778791334 0.030041730900798175 0.5401088221208665 0 0.5487119407069555 0 0.60602948004561
0 0.19853105473204105 0.3953531755986317 0.16681227822120864 0.40622957924743447 0.17616394070695554 0.4342627046750285 0.20808957924743443 0.4236983660205245 0.19853105473204105 0.3953531755986317
0 0.1364592314709236 0.20173756328392248 0.08367068871151653 0.21590222462941847 0.09771842189281642 0.27045252793614594 0.15003735461801598 0.2544694275940707 0.1364592314709236 0.20173756328392248
0 0.048316028506271376 0.11700603990877992 0.02662800456100342 0.12918062941847205 0.04556332497149373 0.19895270125427594 0.0680174401368301 0.19248764766248574 0.048316028506271376 0.11700603990877992
0 0.20351100456100343 0 0.2104435085518814 0.04620551425313569 0.2651810923603193 0.0286059441277081 0.25939290649942986 0 0.20351100456100343 0
0 0.52136596009122 0.06973293044469783 0.46693721322690995 0.09033009692132268 0.47868565564424176 0.14174361687571266 0.5357972394526797 0.12728761801596353 0.52136596009122 0.06973293044469783
0 0.5256734846066135 0.5956003318129989 0.4925366545039909 0.5926864127708096 0.4862600364880274 0.6398650661345495 0.5222647502850627 0.6420851596351198 0.5256734846066135 0.5956003318129989
0 0.5337684321550741 0.547953629418472 0.5018575188141391 0.5445318015963512 0.4925366545039909 0.5926864127708096 0.5310125701254276 0.5935913112884834 0.5337684321550741 0.547953629418472
0 0.8093229407069555 0.9410109327251995 0.7989729122006842 0.867672802736602 0.7730040524515392 0.8738905153933865 0.7846594948688712 0.9446430957810719 0.8093229407069555 0.9410109327251995
0 0.9211380011402509 0.9256154424173317 0.9029507012542759 0.8195884834663626 0.8865708301026225 0.8202286921322691 0.9044784401368301 0.9339736898517673 0.9211380011402509 0.9256154424173317
0 0.6786381527936146 0.42594953477765113 0.6625236921322691 0.37541954503990876 0.6326770057012543 0.3935708244013683 0.6484064697833524 0.44109475940706955 0.6786381527936146 0.42594953477765113
0 0.5400977525655645 0.3126955005701254 0.5092720992018245 0.3278007582668187 0.5176188369441277 0.3617156123147092 0.5542545176738882 0.35058939794754845 0.5400977525655645 0.3126955005701254
0 0.9608420410490307 0.7664974526795895 0.9819086875712657 0.7632089771949829 0.9867044549600912 0.7075955416191562 0.9537393979475485 0.714813598631699 0.9608420410490307 0.7664974526795895
0 0.30403397263397947 0.48724903990877994 0.2810935678449259 0.4832640912200684 0.2727211482326112 0.5433905883694412 0.2902894025085519 0.5475950809578107 0.30403397263397947 0.48724903990877994
0 0.48046558836944125 0.6971942656784493 0.44250582668187 0.6951350604332954 0.4300753842645382 0.7347394310148233 0.4761746374002281 0.741534205245154 0.48046558836944125 0.6971942656784493