0 0.37155296807297605 0.740660770809578 0.4087083204104903 0.7461690570125428 0.41563526453819843 0.6930974287343216 0.37603508437856326 0.6874189087799316 0.37155296807297605 0.740660770809578
0 0.04240417217787913 0.7842303409350057 0.07669875370581529 0.7956676590649943 0.08692347434435575 0.7613076488027365 0.049699070695553016 0.7485782109464083 0.04240417217787913 0.7842303409350057
0 0.10448058494868871 0.8848228620296466 0.05927617445838084 0.8747063329532496 0.06673662257696694 0.922226527936146 0.09222328962371722 0.9315994606613456 0.10448058494868871 0.8848228620296466
0 0.030434787913340935 0.6582210011402508 0.0858035598631699 0.6728758289623717 0.09335340935005702 0.5925634367160776 0.04257404332953249 0.5816211927023945 0.030434787913340935 0.6582210011402508
0 0.06773648118586088 0.5156860148232612 0.0750109110604333 0.43723091448118584 0.018967711516533637 0.4272184150513113 0.010248403648802737 0.5077370148232612 0.06773648118586088 0.5156860148232612
0 0.08961294526795895 0.359292488027366 0.14716896807297605 0.3642165473204105 0.1519674834663626 0.2819776510832383 0.09620069783352336 0.2701045096921323 0.08961294526795895 0.359292488027366
0 0.7164396009122007 0.845651251995439 0.6650739737742303 0.8354152919042189 0.6612136054732041 0.8716676431014824 0.7158798711516533 0.880718701254276 0.7164396009122007 0.845651251995439
0 0.7861319749144812 0.8858141505131129 0.7805515803876852 0.9259888323831243 0.8235216043329532 0.9268527901938427 0.82256417331813 0.8974790444697833 0.7861319749144812 0.8858141505131129
0 0.9967637434435576 0.8354100763968073 0.9553432405929304 0.8330670752565564 0.9516510638540479 0.8873786419612315 0.9862610193842646 0.8921283454960092 0.9967637434435576 0.8354100763968073
0 0.8118542576966933 0.6995013888255416 0.7923603683010262 0.6954023169897378 0.7762824184720638 0.7512933340935006 0.7938646248574687 0.7518121607753705 0.8118542576966933 0.6995013888255416
0 0.9700825028506271 0.7557089486887115 0.9913433591790194 0.7567817753705816 0.9923170980615736 0.7041585347776511 0.9758719977194983 0.6998217491448119 0.9700825028506271 0.7557089486887115
0 0.8877526248574686 0.6580831641961231 0.927472802736602 0.6613288882554162 0.9313655233751424 0.6286882896237173 0.8910790478905359 0.6225278722919042 0.8877526248574686 0.6580831641961231
0 0.5579035940706956 0.41327922462941846 0.6248272029646523 0.4258982109464082 0.6320335769669327 0.34021860889395666 0.5679068848346636 0.32198330672748005 0.5579035940706956 0.41327922462941846
0 0.5761363546180159 0.2653660057012543 0.6329053671607754 0.2767593865450399 0.6424141858608894 0.2075568551881414 0.5841348996579248 0.19853996009122005 0.5761363546180159 0.2653660057012543
0 0.8014727970353478 0.1656436111744584 0.809050716077537 0.11969211288483467 0.7536950775370582 0.11015969897377423 0.7453969726339795 0.15201781870011402 0.8014727970353478 0.1656436111744584
0 0.6294017822120866 0.10584780843785634 0.6706091949828963 0.11094147662485747 0.6747171835803878 0.03847247776510833 0.6355306841505132 0.035131064994298744 0.6294017822120866 0.10584780843785634
0 0.7605325632839225 0 0.7616442383124288 0.030078351197263396 0.8216920832383124 0.040891998859749146 0.8279237229190423 0.007838986316989737 0.77400055986317 0 0.7605325632839225 0
0 0.2475780558722919 0.0854518802736602 0.3033373238312429 0.09280135233751426 0.3123023876852907 0.04208344127708096 0.25234250855188145 0.03722150171037628 0.2475780558722919 0.0854518802736602
0 0.25687947890535917 0.26016283238312427 0.33661610832383126 0.2723296784492588 0.34329855872291903 0.23497680843785632 0.2604882554161916 0.22365338882554162 0.25687947890535917 0.26016283238312427
0 0.27303589167616876 0.20305216077537055 0.33642154389965795 0.20966139224629418 0.3382184116305587 0.17196416419612312 0.2796634355758267 0.1648030228050171 0.27303589167616876 0.20305216077537055
0 0.22067271151653364 0.17791777194982897 0.26015087457240593 0.18753830558722917 0.2684134994298746 0.16256632383124286 0.22967527822120867 0.1549286738882554 0.22067271151653364 0.17791777194982897
0 0.19735586431014823 0.1585172748004561 0.14428579703534777 0.14948463169897375 0.13708524401368302 0.20441481984036486 0.18958490649942988 0.21143627137970353 0.19735586431014823 0.1585172748004561
0 0.2148944446978335 0.088198748004561 0.2247571197263398 0.0420855496009122 0.1423825678449259 0.05661040592930445 0.1435771425313569 0.07364298403648803 0.2148944446978335 0.088198748004561
0 0.4332535758266819 0.4090318221208666 0.4518788312428734 0.4129826009122007 0.45715315165336373 0.36080528392246297 0.4403297993158495 0.35774259863169894 0.4332535758266819 0.4090318221208666
0 0.833474134549601 0.5078828950969213 0.8704391812998861 0.5137246054732041 0.874072503990878 0.4952965347776511 0.8406674378563285 0.493951834663626 0.833474134549601 0.5078828950969213