0 0.5743066191562144 0.0988338905359179 0.6750239737742304 0.06515992702394527 0.6606469589509693 0.01297885290763968 0.5515059760547321 0.04688150855188141 0.5743066191562144 0.0988338905359179
0 0.6843298449258838 0.14933551311288482 0.7197289749144812 0.13540796579247436 0.7036873192702394 0.08919001596351198 0.6683288015963512 0.09606301596351197 0.6843298449258838 0.14933551311288482
0 0.6304838677309008 0.2063192622576967 0.7162018289623717 0.18260913226909922 0.7028408072976055 0.14291836716077538 0.6184817844925884 0.16636434549600912 0.6304838677309008 0.2063192622576967
0 1 0.4518554732041049 0.9909850216647663 0.40547743329532493 0.9354509007981756 0.42473070467502855 0.9479794538198404 0.4674022656784493 1 0.457290496009122 1 0.4518554732041049
0 0.8054224903078677 0.4528246476624857 0.8429724173318129 0.44270670011402513 0.829268149372862 0.4157688620296465 0.7941331710376283 0.43105535005701257 0.8054224903078677 0.4528246476624857
0 0.7093130273660205 0.48842190763968074 0.7428218483466362 0.47204122576966934 0.730110070695553 0.41390009350057017 0.6882145712656784 0.42345244697833523 0.7093130273660205 0.48842190763968074
0 0.5698917001140251 0.591639905359179 0.6630178950969213 0.5552138403648802 0.6358084595210947 0.46606141505131127 0.5440812212086659 0.49516571151653366 0.5698917001140251 0.591639905359179
0 0.9591233831242874 0.8514666225769669 0.9405611151653365 0.770498992018244 0.8524263717217788 0.7890393443557583 0.8815633648802736 0.8735894173318131 0.9591233831242874 0.8514666225769669
0 0.3341047103762828 0.583908449258837 0.45986847434435574 0.5411382816419612 0.4311800935005701 0.4734148882554162 0.3070797343215507 0.5102237616875712 0.3341047103762828 0.583908449258837
0 0.21412331812998858 0.6128700205245153 0.2674660285062714 0.5968616966932726 0.26248861915621435 0.5639998529076398 0.20287431242873433 0.5840446408209806 0.21412331812998858 0.6128700205245153
0 0.22283583580387686 0.6576920376282782 0.2889852930444698 0.6349666602052452 0.277169503990878 0.6104807183580387 0.21593087001140251 0.6294325484606613 0.22283583580387686 0.6576920376282782
0 0.13637549030786772 0.7647119566704674 0.10297385062713796 0.665485661345496 0.0501588472063854 0.6842087981755987 0.07680026339794754 0.7777024937286202 0.13637549030786772 0.7647119566704674
0 0.10194869897377423 0.5585557274800456 0.08103499885974914 0.5090555416191562 0.027956141391106044 0.5264212725199544 0.04667659863169898 0.5791651698973774 0.10194869897377423 0.5585557274800456
0 0.17689588711516535 0.4213514891676169 0.16879046750285062 0.36513395210946403 0.1102727810718358 0.38355688369441276 0.1211363945267959 0.4321900364880274 0.17689588711516535 0.4213514891676169
0 0.17899262485746864 0.48296626225769673 0.26142285404789056 0.4641244686431015 0.24613457354618015 0.4290375895096921 0.17730448232611173 0.4452357844925884 0.17899262485746864 0.48296626225769673
0 0.4912182748004561 0.4265050102622577 0.5111688050171038 0.4057115473204105 0.501848890535918 0.3722835165336374 0.47465014823261115 0.3775704161915621 0.4912182748004561 0.4265050102622577
0 0.5560429885974915 0.5421767115165336 0.52525234663626 0.5580306237172178 0.5411089464082098 0.5887777662485747 0.5642681140250855 0.5772278335233751 0.5560429885974915 0.5421767115165336
0 0.5446095233751426 0.4978835929304447 0.5171078494868872 0.5088673363740023 0.525331441277081 0.5439187571265679 0.5563877673888256 0.5294234857468643 0.5446095233751426 0.4978835929304447
0 0.5403834218928164 0.4227183489167617 0.49466158038768526 0.4364399030786773 0.5019730592930445 0.4616072018244014 0.5587519110604333 0.4487575131128848 0.5403834218928164 0.4227183489167617
0 0.5393362542759408 0.4017723842645382 0.49816414595210945 0.4140062884834663 0.5010898061573547 0.43216925085518815 0.5529796408209806 0.41906175712656785 0.5393362542759408 0.4017723842645382
0 0.5273578358038769 0.46150702964652224 0.5025049806157355 0.47056720068415053 0.5150280832383124 0.5007637251995439 0.5377588882554162 0.49634530444697833 0.5273578358038769 0.46150702964652224
0 0.5888127012542759 0.466481661345496 0.5782134891676168 0.4461827001140251 0.5297586864310149 0.46452308893956673 0.5306061014823261 0.4844414127708096 0.5888127012542759 0.466481661345496