0 0.30698426909920185 0.9336029874572406 0.3469872041049031 0.8817002645381984 0.3200207286202965 0.8545254059293044 0.2813799144811859 0.9060598164196123 0.30698426909920185 0.9336029874572406
0 0.40308266248574687 0.8919876716077537 0.37998176966932723 0.8878492531356899 0.3568910319270239 0.9286838985176739 0.3814394994298746 0.9411998152793615 0.40308266248574687 0.8919876716077537
0 0.24100990421892818 0.16012620866590652 0.29922849030786774 0.15716245381984034 0.3001648848346636 0.11472240364880273 0.23577068301026227 0.11996889965792475 0.24100990421892818 0.16012620866590652
0 0.8332900718358038 0.07920656898517674 0.7714061995438997 0.09203591904218929 0.7873740364880273 0.1983595210946408 0.8565722280501711 0.17329360889395667 0.8332900718358038 0.07920656898517674
0 0.4880093546180159 0.8849597901938426 0.5285932041049031 0.8164218939566704 0.508377094640821 0.8132175347776511 0.475091 0.8745150820980616 0.4880093546180159 0.8849597901938426
0 0.11908564196123148 0.3707306590649943 0.08306639452679589 0.3561475336374002 0.07219855416191562 0.3982407685290764 0.1060247833523375 0.41191399087799313 0.11908564196123148 0.3707306590649943
0 0.16036373546180158 0.2999969030786773 0.17971776738882553 0.2215558164196123 0.1468190513112885 0.21208001938426455 0.12321924971493729 0.29314640592930447 0.16036373546180158 0.2999969030786773
0 0.25446738312428735 0.26164364766248577 0.2625922212086659 0.22722654732041048 0.2311738825541619 0.21502575484606612 0.2230490992018244 0.24944129418472066 0.25446738312428735 0.26164364766248577
0 0.5405099498289624 0.39655232155074116 0.5293776031927024 0.437803 0.5803980752565565 0.4437481470923603 0.587286158494869 0.4051243842645382 0.5405099498289624 0.39655232155074116
0 0.5254722462941848 0.43072489395667046 0.5436362748004561 0.34669355644241734 0.5050613956670468 0.3411814538198404 0.4896143911060433 0.42669758152793613 0.5254722462941848 0.43072489395667046
0 0.007530017103762827 0.31002544355758266 0.005109278221208666 0.3622884230330673 0.010424312428734322 0.36306970353477763 0.03144588597491448 0.3129431220068415 0.007530017103762827 0.31002544355758266
0 0.6487875758266819 0.2182068882554162 0.6499147457240593 0.25393674116305587 0.6786948358038769 0.25702428278221207 0.679427330672748 0.22463167616875712 0.6487875758266819 0.2182068882554162