0 0.9975231904218929 0.31489355416191567 0.8712339315849487 0.06841598745724059 0.842006621436716 0.0753952166476625 0.9627344196123147 0.33092250855188143 0.9975231904218929 0.31489355416191567
0 0.9315903112884835 0.31210526567844926 0.8290278494868871 0.1010821014823261 0.8059479418472063 0.1127697172177879 0.9115712189281642 0.3228702006841505 0.9315903112884835 0.31210526567844926
0 0.7872798825541619 0.6097086921322691 0.7463261904218927 0.6034451949828963 0.7361887229190422 0.6579863899657925 0.7763676750285063 0.6620976111744584 0.7872798825541619 0.6097086921322691
0 0.7053435496009122 0.60611786659065 0.6786914218928164 0.606466621436716 0.6767693443557582 0.6420611117445838 0.7028544618015964 0.6437472451539339 0.7053435496009122 0.60611786659065
0 0.7027711288483467 0.6559583238312429 0.6777691413911061 0.6510888529076396 0.6734222485746865 0.700774062713797 0.700638598631699 0.7031551858608894 0.7027711288483467 0.6559583238312429
0 0.8455881482326112 0.3206735381984036 0.7911585005701254 0.20684026111744583 0.7692598825541619 0.21863279475484607 0.8214550022805016 0.32392632383124287 0.8455881482326112 0.3206735381984036
0 0.7607409680729761 0.22742377537058153 0.7458679270239452 0.2338692189281642 0.7991957001140251 0.3398594275940707 0.8158935416191562 0.3329760467502851 0.7607409680729761 0.22742377537058153
0 0.7295924401368301 0.19608976624857466 0.734640835803877 0.20547171379703533 0.7544530695553022 0.19707118472063856 0.7480557160775371 0.18161260775370583 0.7295924401368301 0.19608976624857466
0 0.7375683979475485 0.21734862713797035 0.7423483420752566 0.22641064766248575 0.7630106738882554 0.21510597035347775 0.7579739384264539 0.20453300684150513 0.740808802736602 0.2167396670467503 0.7375683979475485 0.21734862713797035
0 0.7686767548460661 0.1887793078677309 0.7736678574686431 0.2023299384264538 0.7905742497149373 0.19308073204104903 0.7876742280501711 0.1785225803876853 0.7686767548460661 0.1887793078677309
0 0.367163141391106 0.7723228380843786 0.3908163911060433 0.8304179236031927 0.4055845153933865 0.8251537685290764 0.38467582554161917 0.7643187115165336 0.367163141391106 0.7723228380843786
0 0.49791902964652224 0.7390611448118586 0.49704775484606617 0.8087190262257696 0.5137161026225769 0.8089852816419613 0.5150889692132269 0.7387752645381983 0.49791902964652224 0.7390611448118586