0 0.8497073660205245 0.022860546180159633 0.8468348460661346 0.04985323945267959 0.9164411379703535 0.06641778791334094 0.9231919749144812 0.04805056898517674 0.8497073660205245 0.022860546180159633
0 0.873822 0 0.8718972462941846 0.008209783352337515 0.923486030786773 0.022464605473204106 0.9284429828962372 0 0.873822 0
0 0.9386204697833523 0.0005680410490307867 0.9350711425313569 0.02641609464082098 0.9511875963511972 0.027074721778791333 0.959364054732041 0.0035595792474344356 0.9386204697833523 0.0005680410490307867
0 0.09782993956670467 0.8976366510832383 0.09671268871151653 0.9667767582668186 0.14561449030786772 0.968118810718358 0.14961380273660208 0.8976353249714937 0.09782993956670467 0.8976366510832383
0 0.1477975347776511 0.46309725883694414 0.14843419270239452 0.48924779931584944 0.22575444355758267 0.49694013683010263 0.22607803648802738 0.4717765803876853 0.1477975347776511 0.46309725883694414
0 0.24001156670467502 0.2667270102622577 0.23515798403648802 0.31648209236031927 0.26721298175598635 0.32376691904218924 0.27600605131128847 0.26651094754846066 0.24001156670467502 0.2667270102622577
0 0 0.07782931356898518 0.005462783352337514 0.07891831356898517 0.011164671607753704 0.04129454618015963 0 0.03994054732041049 0 0.07782931356898518
0 0 0.2790305267958951 0.009479632839224629 0.2810617742303307 0.01739573204104903 0.24531155074116304 0 0.2388197628278221 0 0.2790305267958951
0 0.19160112656784492 0.07661898403648804 0.18558751425313572 0.10978488711516533 0.2195728597491448 0.1276514606613455 0.2259548061573546 0.08698534321550741 0.19160112656784492 0.07661898403648804
0 0.41547798631698973 0.1288355701254276 0.4275649361459521 0.1654989236031927 0.46399772748004564 0.15878333067274802 0.45142519498289624 0.11943167388825542 0.41547798631698973 0.1288355701254276
0 0.47239289965792475 0.1171165267958951 0.45432151995438996 0.122548165336374 0.4693406966932725 0.15007378335233754 0.4863518312428734 0.14650344811858607 0.47239289965792475 0.1171165267958951
0 0.37646470011402505 0.6519124378563285 0.37761698859749143 0.7024379486887116 0.42596489623717215 0.7044154994298746 0.43774737286202964 0.6516071436716078 0.37646470011402505 0.6519124378563285
0 0.9761877673888255 0.4867348825541619 0.9969445963511973 0.4388453021664766 0.9639306510832383 0.4221027673888255 0.9418587343215508 0.47246510718358037 0.9761877673888255 0.4867348825541619
0 0.04067007297605473 0.6164530353477765 0.03880708209806157 0.674928558722919 0.0805583717217788 0.6761769897377422 0.08353330330672748 0.6165570501710377 0.04067007297605473 0.6164530353477765