0 0.37738455758266815 0.42662599771949833 0.4244013169897377 0.43622481870011404 0.4505467651083238 0.3680309589509692 0.39947743785632844 0.3564344914481186 0.37738455758266815 0.42662599771949833
0 0.5246385872291904 0.461693236031927 0.5613983443557582 0.4743219007981756 0.5916215952109464 0.3736391174458381 0.5551398620296465 0.3696477787913341 0.5246385872291904 0.461693236031927
0 0.5946667149372862 0.4968751904218928 0.6307704264538199 0.49936187115165337 0.6350656681870012 0.46272395553021667 0.6020001744583808 0.46128834891676174 0.5946667149372862 0.4968751904218928
0 0.5810837833523376 0.5520524344355758 0.613322251995439 0.5602821938426453 0.6218591128848346 0.5333796088939566 0.5861148483466363 0.5264525302166476 0.5810837833523376 0.5520524344355758
0 0.42396251767388826 0.784618378563284 0.46140591448118584 0.7842024446978335 0.4732426716077537 0.7283391231470924 0.4321913945267959 0.7270795632839224 0.42396251767388826 0.784618378563284
0 0.4603888335233752 0.31622349030786767 0.5126114789053592 0.32847340022805016 0.5193406157354619 0.2907739099201825 0.4672305142531357 0.2794217457240593 0.4603888335233752 0.31622349030786767
0 0.5439705553021665 0.11547739110604334 0.5859672748004561 0.13016420752565563 0.5962509076396808 0.092651 0.5533172098061573 0.08148246864310149 0.5439705553021665 0.11547739110604334
0 0.36150587229190423 0.1855880741163056 0.4114556385404789 0.20723190421892815 0.4261927685290764 0.16400644811858608 0.3799692041049031 0.14285518129988597 0.36150587229190423 0.1855880741163056
0 0.2766788278221209 0.2174109315849487 0.3306802827822121 0.22975406499429873 0.3469460661345496 0.19136524059293045 0.29193869327252 0.17391402280501708 0.2766788278221209 0.2174109315849487
0 0.23919147206385402 0.1393404401368301 0.28723961003420756 0.1632644344355758 0.3136346134549601 0.10162386659064995 0.2620966157354618 0.0804897993158495 0.23919147206385402 0.1393404401368301
0 0.26616601368301024 0 0.2631150604332953 0.022871950969213226 0.29803298061573547 0.02529492132269099 0.3001848985176739 0 0.26616601368301024 0
0 0.2810410832383124 0.38352470011402506 0.309383236031927 0.3980904754846066 0.3311351755986317 0.3457196123147092 0.2977618095781072 0.33475326909920183 0.2810410832383124 0.38352470011402506
0 0.3869339076396807 0.3010787137970354 0.41611767388825543 0.31093051311288483 0.4289253044469783 0.2705767582668187 0.3968196647662486 0.26324580729760544 0.3869339076396807 0.3010787137970354
0 0.15753174572405929 0.45077788939566704 0.20573377765108325 0.47173556100342073 0.23356673204104902 0.42800729646522234 0.18103241391106042 0.40355247434435576 0.15753174572405929 0.45077788939566704
0 0.15624472405929304 0.39601047548460666 0.12500168072976056 0.38010197491448117 0.10181170809578106 0.41456209578107184 0.13935337058152794 0.4349610798175599 0.15624472405929304 0.39601047548460666
0 0.0005203318129988597 0.6018926442417333 0.02746056898517674 0.6205484675028506 0.0604984503990878 0.5681745096921322 0.02728726339794755 0.5497846043329532 0.0005203318129988597 0.6018926442417333