0 0.8106265678449258 0.7192102930444698 0.8587163580387686 0.7197425438996579 0.859396590649943 0.6942044811858609 0.8096451812998859 0.6996427263397947 0.8106265678449258 0.7192102930444698
0 0.23640563511972634 0.38625001824401367 0.2812859361459521 0.37752617217787915 0.2773206864310148 0.35712673204104906 0.23244038540478906 0.3658505792474344 0.23640563511972634 0.38625001824401367
0 0.05246885062713797 0.8115386864310148 0.059870451539338655 0.8496166191562144 0.09025988141391106 0.8324192656784493 0.08281762485746864 0.801403850627138 0.05246885062713797 0.8115386864310148
0 0.06382113454960091 0.7472316932725199 0.04083725313568985 0.75169930672748 0.05114690193842645 0.8047378517673888 0.07824796009122008 0.7924137343215508 0.06382113454960091 0.7472316932725199
0 0.19392629874572406 0.7050056465222349 0.1912827001140251 0.6914055096921322 0.08595983808437857 0.7231684446978335 0.08943377651083237 0.7337850182440137 0.19392629874572406 0.7050056465222349
0 0.18644493386545039 0.7318641242873432 0.18327273432155075 0.7155445724059294 0.09264479931584949 0.743040818700114 0.09502394868871153 0.7552804823261118 0.18644493386545039 0.7318641242873432
0 0.18931386088939567 0.753886953249715 0.18478148460661345 0.7378333842645383 0.11156912770809578 0.7605325085518815 0.1106999646522235 0.7705798244013683 0.18931386088939567 0.753886953249715
0 0.22157417445838085 0.7673761049030786 0.21893087343215506 0.7537775005701254 0.11553437628278222 0.7809319475484606 0.11519411288483467 0.7937002120866591 0.22157417445838085 0.7673761049030786
0 0.21065616077537058 0.7765545564424173 0.12033149942987457 0.7983475245153935 0.12267182554161915 0.8176509395667046 0.21466053249714936 0.7898917776510832 0.21065616077537058 0.7765545564424173
0 0.18217094070695553 0.818787606613455 0.17952734207525656 0.8051874686431014 0.13434406499429874 0.8196161277080958 0.1424295598631699 0.8321584686431015 0.18217094070695553 0.818787606613455
0 0.3013787502850627 0.43007493842645383 0.29310798631698975 0.402044322690992 0.26288685632839226 0.41356463511972635 0.2671162565564424 0.4353230148232611 0.3013787502850627 0.43007493842645383
0 0.7227439612314709 0.713629677309008 0.7270502816419613 0.7357837765108324 0.7958091596351197 0.7254427194982896 0.7942459338654504 0.7049536168757127 0.7227439612314709 0.713629677309008