0 0.1113879315849487 0.3052391026225769 0.13413027708095782 0.3382311482326112 0.16595266590649943 0.32193796465222346 0.14356653021664767 0.2882806818700114 0.1113879315849487 0.3052391026225769
0 0.16879506841505132 0.5278693272519954 0.21896273318129988 0.4994695952109464 0.1712260057012543 0.4319584139110605 0.12894570581527937 0.45880372291904215 0.16879506841505132 0.5278693272519954
0 0.12496637058152793 0.5860379407069556 0.15480729190421894 0.571955472063854 0.13795742189281643 0.5363310353477765 0.10744238768529077 0.5546944789053592 0.12496637058152793 0.5860379407069556
0 0 0.5590566419612314 0.008958787913340935 0.5699268437856329 0.03635988141391106 0.5496691698973775 0.016637417331813 0.5230348301026226 0 0.5324805302166477 0 0.5590566419612314
0 1 0.08537533067274801 0.9585067194982897 0.10570483124287343 0.9850196100342076 0.15691200342075257 1 0.14907548802736603 1 0.08537533067274801
0 1 0.3523436761687571 0.9656063888255416 0.37539988027366017 0.9848536784492589 0.410871748004561 1 0.3960993568985177 1 0.3523436761687571
0 0.9283421356898518 0.5663003945267959 0.9594458620296465 0.5445786054732041 0.9281220798175599 0.4972842132269099 0.8998993911060433 0.5167140045610035 0.9283421356898518 0.5663003945267959
0 0.543499 0.6459057787913342 0.5728519281641962 0.6305885803876854 0.5400990342075257 0.562142267958951 0.5138588038768529 0.5759437377423033 0.543499 0.6459057787913342
0 0.442422496009122 0.37056895324971495 0.4556720513112885 0.3621887137970353 0.41390709236031925 0.30478176966932724 0.3935364606613455 0.3162123489167617 0.442422496009122 0.37056895324971495
0 0.48580806727480047 0.515064165336374 0.5183773283922463 0.49704670125427597 0.4983086738882554 0.46415054846066134 0.46823375484606616 0.4843138859749144 0.48580806727480047 0.515064165336374
0 0.41584748688711515 0.6675281197263397 0.4262279258836944 0.6851295017103762 0.46927603192702394 0.6529323090079817 0.4550562713797035 0.6417457194982896 0.41584748688711515 0.6675281197263397
0 0.03104194298745724 0.8216594367160776 0.09915710262257697 0.8878338141391107 0.1280388905359179 0.8438571208665906 0.05758593842645382 0.7805241778791334 0.03104194298745724 0.8216594367160776