0 0.09482765222348916 0.5703091516533638 0.035742051311288485 0.5986467434435576 0.05735989281641961 0.6294181288483466 0.11580202964652224 0.6023363158494869 0.09482765222348916 0.5703091516533638
0 0.09567298973774231 0.5367571505131129 0.09642795210946407 0.5133006408209806 0.04379134549600912 0.5242390695553022 0.05092984606613455 0.5508532987457241 0.09567298973774231 0.5367571505131129
0 0.7936029794754846 0.7676641037628278 0.7785996647662485 0.823994275940707 0.8167901448118586 0.837468181299886 0.8353102998859749 0.7755719543899657 0.7936029794754846 0.7676641037628278
0 0.9554776088939566 0.31934517901938425 0.9808929874572406 0.26148098859749147 0.8937026077537058 0.21914580843785633 0.8547973329532497 0.2816203580387685 0.9554776088939566 0.31934517901938425
0 0.19643754503990876 0.40624381527936143 0.12095950969213227 0.43169097947548457 0.12849009806157355 0.44649861459521095 0.1953687149372862 0.42668437856328395 0.19643754503990876 0.40624381527936143
0 0.554023574686431 0.9377312155074116 0.5472479475484606 0.8994670729760548 0.5042490649942988 0.9036800239452679 0.5105906259977195 0.9396098916761687 0.554023574686431 0.9377312155074116
0 0.7057690900798175 0.8711750992018245 0.6250181995438996 0.8737973797035348 0.6239962234891676 0.9115544675028506 0.7081977901938427 0.9053250273660205 0.7057690900798175 0.8711750992018245
0 0.7174528460661346 0.7889326396807297 0.6820985917901938 0.789724212086659 0.6875020661345496 0.8229929429874573 0.7228547810718358 0.8222010980615736 0.7174528460661346 0.7889326396807297
0 0.5669457936145952 0.48419585176738883 0.609609590649943 0.48188327137970355 0.6109501687571266 0.43434700342075255 0.5717383147092361 0.4330542337514253 0.5669457936145952 0.48419585176738883
0 0.6590288209806157 0.4891914846066135 0.5730572565564425 0.489487488027366 0.5695412953249714 0.5253990877993159 0.6564003021664766 0.5280694401368301 0.6590288209806157 0.4891914846066135
0 0.7718552143671608 0.4045206795895097 0.8065699327251996 0.4130518722919042 0.806655905359179 0.3817458802736602 0.7748188597491448 0.37572756670467505 0.7718552143671608 0.4045206795895097