0 0.834144882554162 0.8390294139110605 0.847907 0.722551606613455 0.8157493831242874 0.7207008882554161 0.7981795119726339 0.8301729429874573 0.834144882554162 0.8390294139110605
0 0.8845877354618016 0.5987304127708096 0.8457575781071835 0.5929476681870011 0.830605370581528 0.6696184914481186 0.8670704458380845 0.674294038768529 0.8845877354618016 0.5987304127708096
0 0.6237321767388825 0.48054026795895094 0.5870489258836944 0.4681395028506271 0.5728262075256556 0.5203880091220069 0.6089014561003421 0.5289435872291904 0.6237321767388825 0.48054026795895094
0 0.4436706761687571 0.7699803295324972 0.4107360273660205 0.7628019213226911 0.39066921664766247 0.8348867799315849 0.42639709236031925 0.8404792405929304 0.4436706761687571 0.7699803295324972
0 0.4072381778791334 1 0.4071558836944128 0.9836191961231472 0.3723804971493729 0.9779919110604333 0.3683837377423033 1 0.4072381778791334 1
0 0.29300330102622574 0.7609643033067275 0.2779995336374002 0.7567306602052452 0.2650066522234892 0.8101260068415052 0.27580351539338654 0.8153992907639681 0.29300330102622574 0.7609643033067275
0 0.24847009007981755 0.8130830513112886 0.2667220330672748 0.7571244789053592 0.24885342645381983 0.7559630022805017 0.23532942873432153 0.8111623591790195 0.24847009007981755 0.8130830513112886
0 0.1509702212086659 0.7439154880273661 0.12299011858608895 0.8275773192702395 0.164973929304447 0.8386031972633979 0.18501021208665905 0.7486757217787914 0.1509702212086659 0.7439154880273661
0 0 0.326497905359179 0.04586171835803877 0.33772847092360314 0.05472834435575827 0.30232246180159633 0 0.2918907491448119 0 0.326497905359179
0 0.09797845381984037 0.0432396031927024 0.06569785062713797 0.03782225427594071 0.06257996009122006 0.06767425313568985 0.09491013911060434 0.07576493728620295 0.09797845381984037 0.0432396031927024
0 0 0.10819098403648802 0.02428509806157355 0.11124664196123148 0.030203941847206386 0.07653768415051311 0 0.0728893762827822 0 0.10819098403648802
0 0.26828297947548463 0.29129560775370583 0.2498417582668187 0.29074980159635117 0.23728463055872293 0.35662348004561006 0.25093747890535917 0.3585262873432155 0.26828297947548463 0.29129560775370583
0 0.2921658517673888 0.32853322919042194 0.26954857696693274 0.32753757924743443 0.26602400798175596 0.36275703990877994 0.2868519817559863 0.366194748004561 0.2921658517673888 0.32853322919042194
0 0.5709414116305588 0.21112789509692131 0.5056847730900799 0.1973469236031927 0.5023801140250855 0.22185061915621437 0.5674785210946408 0.23593573432155074 0.5709414116305588 0.21112789509692131
0 0.5665511824401368 0.1874870228050171 0.5180369783352338 0.1766891915621437 0.5104541619156214 0.19777448574686432 0.5620322189281642 0.20757259293044472 0.5665511824401368 0.1874870228050171
0 0.5875169064994299 0.1582015518814139 0.5281318768529076 0.14243007753705816 0.5214329338654504 0.17181301596351198 0.58009851995439 0.18404025313568984 0.5875169064994299 0.1582015518814139