0 0.06961659635119727 0 0.056540087799315845 0.024905932725199545 0.10686897947548461 0.05280438084378563 0.13380015963511974 0 0.06961659635119727 0
0 0.01617039338654504 0.06389580159635119 0.018501191562143672 0.06041252451539338 0.03264148460661345 0.029418381984036488 0.01889081527936146 0.015273624857468642 0.01617039338654504 0.06389580159635119
0 0.18000810148232613 0.551445031927024 0.2511177309007982 0.5717515929304448 0.26257910262257694 0.5385845096921322 0.19317039566704675 0.5144756191562143 0.18000810148232613 0.551445031927024
0 0.31222510148232613 0.385552031927024 0.27948246180159636 0.3713381721778791 0.2500637502850627 0.46596286545039906 0.2860887377423033 0.47702373318129987 0.31222510148232613 0.385552031927024
0 0.3698663318129988 0.570551378563284 0.39627443899657927 0.5791970250855187 0.41211362485746866 0.5384593637400228 0.3808224070695553 0.5287520273660206 0.3698663318129988 0.570551378563284
0 0.5935130022805017 0.3359636305587229 0.5552289532497149 0.32749581527936145 0.5498557297605473 0.3623623443557583 0.5888892280501711 0.3699635997719498 0.5935130022805017 0.3359636305587229
0 0.5546897970353477 0.8188106704675028 0.6285635655644242 0.827925629418472 0.6368940136830102 0.7539525461801596 0.5741693511972634 0.7369093534777651 0.5546897970353477 0.8188106704675028
0 0.573545465222349 0.9757221220068415 0.6239482462941848 0.9941173591790193 0.6406933090079817 0.9510333204104904 0.5802074549600913 0.9379316009122006 0.573545465222349 0.9757221220068415
0 0.7191775575826681 0.799602007981756 0.7951316556442417 0.8171071824401368 0.8048287274800456 0.7604110672748005 0.7260105267958951 0.7508263876852908 0.7191775575826681 0.799602007981756
0 0.9294836100342074 0.675053212086659 0.9660513306727481 0.6816756282782211 0.9721082554161916 0.6272304082098061 0.9342916488027366 0.6223451516533637 0.9294836100342074 0.675053212086659
0 0.7869642348916762 0.32014284264538195 0.8227121904218928 0.3332718643101482 0.8460098779931584 0.271109574686431 0.8105231767388826 0.25739400114025085 0.7869642348916762 0.32014284264538195
0 0.6940489361459521 0.24441495210946407 0.7093163660205246 0.24910688597491448 0.7140961448118587 0.21422119726339797 0.693192542759407 0.2123030022805017 0.6940489361459521 0.24441495210946407
0 0.6474328608893957 0.21961671721778792 0.6814834823261118 0.23031158266818702 0.6878272120866591 0.21300680843785633 0.6528383728620297 0.2007939007981756 0.6474328608893957 0.21961671721778792
0 0.2980658848346636 0.977984401368301 0.3329186727480046 0.9827661596351198 0.33748930444697833 0.942229102622577 0.30319798631698974 0.9330095496009122 0.2980658848346636 0.977984401368301
0 0.2844948517673888 0.7547169589509691 0.294058496009122 0.7188101014823262 0.2446145541619156 0.7069835781071836 0.23326675370581526 0.7407487388825542 0.2844948517673888 0.7547169589509691
0 0.342615259977195 0.2291720581527936 0.35318516191562144 0.18141810148232612 0.31767843671607754 0.17839428164196122 0.3068461904218928 0.21396134435575828 0.342615259977195 0.2291720581527936
0 0.2969797058152794 0.24421356328392246 0.3308868380843785 0.25906220068415053 0.338102582668187 0.23644087115165335 0.30422754846066136 0.22367274686431016 0.2969797058152794 0.24421356328392246
0 0.17157942417331812 0.43589298517673886 0.18509053363740022 0.43992947434435575 0.2010016259977195 0.39028264538198404 0.1870590832383124 0.38355758608893953 0.17157942417331812 0.43589298517673886
0 0.5982278449258837 0.13294043671607753 0.6710109623717219 0.15627443329532495 0.6777681619156215 0.09323748004561004 0.6060634823261118 0.07855420410490307 0.5982278449258837 0.13294043671607753