0 0.8621050228050171 0.7962804903078677 0.7268962166476625 0.7769895074116305 0.71310882668187 0.8157713420752566 0.8556807046750284 0.8365526636259978 0.8621050228050171 0.7962804903078677
0 0.8718812827822121 0.7394466841505131 0.8194576921322692 0.7267408050171037 0.8173376100342075 0.7533223124287344 0.8666772018244014 0.7604247696693273 0.8718812827822121 0.7394466841505131
0 0.7662588882554162 0.001060309007981756 0.7282917582668187 0.013498801596351199 0.7406797970353478 0.07538946636259977 0.7841823523375143 0.06615966590649944 0.7662588882554162 0.001060309007981756
0 0.6799893375142531 0 0.6852602303306727 0.018782409350057015 0.7305607126567845 0 0.6799893375142531 0
0 0.46186278449258833 0.27054210034207526 0.44284459064994297 0.27646649486887115 0.45631859064994296 0.31309746864310145 0.4690431425313569 0.3058536795895097 0.46186278449258833 0.27054210034207526
0 0.4395241744583808 0.27866881755986317 0.42228439794754846 0.2795891778791334 0.43339974116305585 0.3165113340935006 0.45024649030786773 0.31354392474344356 0.4395241744583808 0.27866881755986317
0 0.4169789281641961 0.28024060775370585 0.4015690399087799 0.2863201664766249 0.410626779931585 0.3211005530216648 0.4276970034207526 0.31990190763968074 0.4169789281641961 0.28024060775370585
0 0.49256668301026224 0.6765484207525655 0.47811817331813 0.6807137366020525 0.4856252109464082 0.7174807274800455 0.49598803306727485 0.7153110182440137 0.49256668301026224 0.6765484207525655
0 0.4632583249714938 0.6717721094640821 0.4479206054732041 0.6784394424173318 0.4563996579247434 0.7085067856328392 0.47126600684150516 0.7039879122006841 0.4632583249714938 0.6717721094640821
0 0.433432810718358 0.6676559315849487 0.4172888779931585 0.6726292018244013 0.42561102508551885 0.7063034903078678 0.4387929977194983 0.7025927913340935 0.433432810718358 0.6676559315849487
0 0.4104512919042189 0.6997915210946408 0.4008870319270239 0.6608858643101482 0.3851048985176739 0.668805755986317 0.3940902782212086 0.7029968175598631 0.4104512919042189 0.6997915210946408
0 0.32557281185860887 0.5738200695553022 0.3359801755986317 0.49776608779931586 0.28986620068415053 0.49744608095781073 0.27776186316989737 0.5743082109464082 0.32557281185860887 0.5738200695553022
0 0.603153354618016 0.8364522576966933 0.5865027126567846 0.8372987069555302 0.6014194914481186 0.9539141049030787 0.6151036522234892 0.9546267366020524 0.603153354618016 0.8364522576966933
0 0.656686102622577 0.7802263454960091 0.6407592485746865 0.7869675883694413 0.6534359304446978 0.8171177366020524 0.6663310672748004 0.8164301516533637 0.656686102622577 0.7802263454960091
0 0.6436931208665907 0.8254909361459521 0.6346144903078678 0.8002844572405929 0.6191324321550742 0.8057762428734321 0.6291016328392246 0.8284789635119726 0.6436931208665907 0.8254909361459521
0 0.5770905575826683 0.8629809418472064 0.5648443694412771 0.8704666750285063 0.5747578700114025 0.9512056510832383 0.5910465222348917 0.9474110285062713 0.5770905575826683 0.8629809418472064
0 0.45481051425313573 0.8271472816419613 0.4382219771949829 0.8333715610034207 0.46216803192702394 0.9309304606613455 0.4789552086659065 0.9273753055872291 0.45481051425313573 0.8271472816419613
0 0.5031080364880274 0.8062618677309008 0.4924762086659065 0.8171386362599772 0.4956913797035348 0.8287080410490308 0.5130037069555302 0.8283785553021664 0.5031080364880274 0.8062618677309008
0 0.41660696465222347 0.8473915210946409 0.40200348004561004 0.855166692132269 0.42366535233751423 0.9195063523375142 0.4363381151653364 0.9164563854047891 0.41660696465222347 0.8473915210946409
0 0.41863379703534775 0.8297945974914481 0.4123280387685291 0.7833103397947548 0.4015000205245154 0.7828452257696693 0.40654432497149373 0.833671833523375 0.41863379703534775 0.8297945974914481
0 0.3866555062713797 0.8666225302166477 0.3727860661345496 0.8755039908779931 0.3818542508551881 0.9054974230330672 0.39350239110604335 0.9037696807297605 0.3866555062713797 0.8666225302166477
0 0.5715114583808438 0.7541937297605473 0.5570631379703535 0.7583605963511972 0.5597934766248575 0.7903286362599772 0.5766926157354618 0.7879545781071836 0.5715114583808438 0.7541937297605473
0 0.5843991949828963 0.72270086659065 0.5838740900798176 0.6940513112884834 0.5353497970353478 0.6838577035347776 0.5307157023945268 0.7143371470923603 0.5843991949828963 0.72270086659065
0 0.5232468209806158 0.7607180912200684 0.47547515621436715 0.7761550570125428 0.4775542542759407 0.8028191790193843 0.5288488095781072 0.7929317457240593 0.5232468209806158 0.7607180912200684
0 0.7374214811858609 0.8480820250855188 0.6979361539338654 0.8481429680729761 0.6943032930444698 0.8916616465222349 0.7255889692132269 0.897092488027366 0.7374214811858609 0.8480820250855188
0 0.8289981938426454 0.843418118586089 0.8095545427594071 0.841018251995439 0.803760574686431 0.8961682508551881 0.8254479099201825 0.8991867924743443 0.8289981938426454 0.843418118586089
0 0.6112022896237173 0.029670208665906497 0.5773635302166477 0.0416018015963512 0.587362141391106 0.08404495438996579 0.6212343762827822 0.06911663283922463 0.6112022896237173 0.029670208665906497
0 0.5664601562143672 0 0.5748808529076397 0.031138874572405932 0.612163858608894 0.027757515393386542 0.6060431870011402 0 0.5664601562143672 0