0 0.23422707981755986 0.24769880729760546 0.22525527822120867 0.2883316111744584 0.2755426362599772 0.3074528517673888 0.28869369099201825 0.2602236784492588 0.23422707981755986 0.24769880729760546
0 0.7138055860889396 0.6223402611174459 0.7222981858608895 0.5912726875712657 0.6331771459521094 0.559877834663626 0.6185212702394527 0.5951166636259978 0.7138055860889396 0.6223402611174459
0 0.6843900535917902 0.5429765952109464 0.7318913044469784 0.5573830296465223 0.7420694230330673 0.5235949361459521 0.6910240935005701 0.512182629418472 0.6843900535917902 0.5429765952109464
0 0.8827703238312429 0.7890334367160775 0.892915818700114 0.7588586351197263 0.8161415017103762 0.7326569783352337 0.8072720319270239 0.7658618928164196 0.8827703238312429 0.7890334367160775
0 0.7986832953249715 0.876126897377423 0.8184554173318129 0.8187019384264539 0.7255840900798176 0.7914706727480045 0.7100839258836944 0.8554415849486887 0.7986832953249715 0.876126897377423
0 0.8356981870011403 1 0.8543404059293044 0.9365994298745723 0.7918069635119727 0.9219540524515394 0.7714217103762827 1 0.8356981870011403 1
0 0.978201410490308 0.22389096123147093 0.9784067331812999 0.2124687103762828 0.9427031790193843 0.19953961915621438 0.9366410285062713 0.21168552451539338 0.978201410490308 0.22389096123147093
0 0.9531566761687571 0.18811567046750285 0.9874168905359179 0.19898153249714937 0.9920233637400229 0.18652500912200684 0.9565262884834663 0.1724249190421893 0.9531566761687571 0.18811567046750285
0 0.9577976955530216 0.1617951448118586 0.9973192098061574 0.17358712884834665 0.9983511710376283 0.15748577423033067 0.9642645381984036 0.14906374230330674 0.9577976955530216 0.1617951448118586
0 0.98839538654504 0.36439570923603193 0.9957526898517675 0.3295089076396807 0.9653793751425314 0.32053423033067274 0.955080550741163 0.35330623831242874 0.98839538654504 0.36439570923603193
0 0.9383934503990877 0.45991093044469783 0.8755169156214367 0.44038178107183584 0.8679156613454959 0.4595467457240593 0.9328099007981756 0.4796093705815279 0.9383934503990877 0.45991093044469783
0 1 0.512556629418472 0.9879269623717217 0.5072423432155074 0.9674425575826682 0.5806742976054732 0.9909336510832383 0.587981685290764 1 0.5365638654503991 1 0.512556629418472
0 0.3800271607753706 0.5731374321550741 0.39405647890535916 0.5448532725199544 0.3725249692132269 0.5302027274800456 0.35234913911060434 0.5608444355758266 0.3800271607753706 0.5731374321550741
0 0.3796857274800456 0.5990086852907639 0.35777670125427596 0.6240931242873432 0.3905599156214367 0.6570125518814139 0.4115709395667047 0.6233258643101482 0.3796857274800456 0.5990086852907639
0 0.20802167844925884 0.6459327297605474 0.2138669338654504 0.6264597217787913 0.16739699087799317 0.6062044526795894 0.16007254732041049 0.6255181835803877 0.20802167844925884 0.6459327297605474