0 0.39646949828962375 0.10292932839224629 0.40610029988597496 0.06527843899657926 0.32553849486887115 0.04997317445838084 0.31847346066134546 0.09070923603192703 0.39646949828962375 0.10292932839224629
0 0.30988148004561 0.13254893158494868 0.31273807639680734 0.10178613454960092 0.2527796887115165 0.0919360535917902 0.24759637514253136 0.129781338654504 0.30988148004561 0.13254893158494868
0 0.4139591425313569 0 0.4011339737742303 0.05442194184720638 0.45905674686431014 0.06297362713797035 0.46937377423033066 0.0057613329532497145 0.434564417331813 0 0.4139591425313569 0
0 0.5337286727480045 0.051336613454960094 0.5439958129988598 0.012521286202964653 0.49820534663626 0.005270367160775371 0.4929919315849487 0.043977625997719504 0.5337286727480045 0.051336613454960094
0 0.5825245176738882 0.06609699201824401 0.5861608335233751 0.030019108323831246 0.5438998335233751 0.023776354618015964 0.5387586716077537 0.06041456214367161 0.5825245176738882 0.06609699201824401
0 0.5205490729760548 0.30965901482326114 0.5264347753705815 0.277219661345496 0.4465407924743443 0.25980360433295324 0.438827149372862 0.3020554526795895 0.5205490729760548 0.30965901482326114
0 0.7380895393386545 0.34099515621436716 0.7493088893956671 0.2749120752565565 0.7065705963511972 0.2653240649942987 0.6926470262257697 0.33228674230330674 0.7380895393386545 0.34099515621436716
0 0.956740488027366 0.45962322919042187 0.960935794754846 0.40753791448118587 0.887175338654504 0.4015803956670468 0.8827739475484607 0.45110539452679593 0.956740488027366 0.45962322919042187
0 0.24586375370581529 0.36654166020524515 0.25553750513112883 0.32770561231470924 0.19498780159635118 0.3177754709236032 0.1891054732041049 0.3586247525655644 0.24586375370581529 0.36654166020524515
0 0.19588167844925883 0.19860594754846064 0.2014223785632839 0.1590330205245154 0.15803807525655644 0.15093118358038768 0.14802266134549602 0.19099980843785633 0.19588167844925883 0.19860594754846064
0 0.27551279247434435 0.26608238882554164 0.2846482748004561 0.24266038198403647 0.24047470923603192 0.2401469030786773 0.23475532953249714 0.2593167890535918 0.27551279247434435 0.26608238882554164
0 0.3986837434435576 0.2947187491448119 0.41328252337514254 0.21688238540478905 0.3592073055872292 0.20869176168757125 0.3413512348916761 0.28618767730900796 0.3986837434435576 0.2947187491448119
0 0.18315702394526798 0.5970186282782212 0.1903330022805017 0.5616568996579248 0.09775141961231472 0.5502454606613455 0.08975361231470924 0.5836663876852908 0.18315702394526798 0.5970186282782212
0 0.32585984606613455 0.6447373283922463 0.33857657924743445 0.5698011117445838 0.2844219110604333 0.5638856624857468 0.2679562337514253 0.6355922018244013 0.32585984606613455 0.6447373283922463
0 0.4653964458380844 0.9362878152793614 0.4688878734321551 0.9043589646522234 0.4404279794754846 0.8942064184720638 0.4305521448118586 0.9303228209806157 0.4653964458380844 0.9362878152793614
0 0.8893135689851768 1 0.9046586465222348 0.9813030809578107 0.8721628278221208 0.9591257958950969 0.847912534777651 0.9900060957810719 0.861945149372862 1 0.8893135689851768 1
0 0.9554340410490308 1 0.9676612508551882 0.9805373101482326 0.9343134059293045 0.9657457263397948 0.9166850307867731 0.9941884561003421 0.9290474446978336 1 0.9554340410490308 1
0 0.824577614595211 0.8586132394526796 0.7917205313568985 0.846781212086659 0.7801907753705816 0.8707137206385406 0.8171187993158495 0.8850612303306727 0.824577614595211 0.8586132394526796
0 0.8282557194982896 0.7192598392246294 0.8246487708095782 0.6864889954389966 0.7580944230330672 0.6783331881413911 0.7543512896237172 0.7089634025085518 0.8282557194982896 0.7192598392246294
0 0.9872164435575826 0.6927600957810719 0.9931642018244013 0.6585437001140251 0.9390723534777652 0.6508293477765108 0.9346533261117446 0.6838014618015964 0.9872164435575826 0.6927600957810719
0 0.31549556670467505 0.9926156636259977 0.4662161961231471 0.9978789441277081 0.4751528289623717 0.9461249258836945 0.32878339908779936 0.9268002462941847 0.31549556670467505 0.9926156636259977
0 0.055017748004561 0.7106564823261117 0.06346328050171038 0.6729657662485746 0.00826781299885975 0.6628286100342076 0.000736466362599772 0.699860204104903 0.055017748004561 0.7106564823261117
0 0.8018934218928164 0.07909984036488027 0.8066060216647662 0.06324058380843786 0.7290283295324972 0.056053783352337516 0.726084606613455 0.07229844469783352 0.8018934218928164 0.07909984036488027