0 0.1074064401368301 0.12273429874572406 0.13973872405929305 0.13838371721778792 0.152743590649943 0.1032713432155074 0.11717610604332954 0.09148264310148232 0.1074064401368301 0.12273429874572406
0 0.3299906830102623 0.20994949600912202 0.3324539236031927 0.24489905359179018 0.36898704332953247 0.24051078449258836 0.3672705404789054 0.20728394982896237 0.3299906830102623 0.20994949600912202
0 0.405204574686431 0.559193464082098 0.39929900114025085 0.5257371071835804 0.34958959749144813 0.5360462976054732 0.350433748004561 0.5729271299885975 0.405204574686431 0.559193464082098
0 0.26673629646522234 0.9706430843785632 0.2637586818700114 0.9297783489167617 0.21229550285062712 0.9336847753705815 0.21633190307867733 0.9798210421892816 0.26673629646522234 0.9706430843785632
0 0.38281036602052454 0.7864490877993159 0.3955338415051311 0.8365934789053592 0.4469644127708096 0.8255376875712657 0.4379125188141391 0.769707913340935 0.38281036602052454 0.7864490877993159
0 0.5716049977194982 0.5350990250855188 0.506325409350057 0.5443863580387686 0.5096373272519954 0.5822417571265678 0.5762808392246295 0.5734311140250855 0.5716049977194982 0.5350990250855188
0 0.6523140501710376 0.3754572827822121 0.6015681151653364 0.37393679703534777 0.5982851619156214 0.424885550741163 0.6554055153933865 0.43121250969213226 0.6523140501710376 0.3754572827822121
0 0.5581234127708096 0.4218430501710376 0.5695463249714937 0.36183632155074114 0.5343736875712657 0.36133741961231475 0.530872708095781 0.4218415370581528 0.5581234127708096 0.4218430501710376
0 0.873486992018244 0.3376305997719498 0.860153905359179 0.34177718358038767 0.8590044139110604 0.3967098403648803 0.8758315849486886 0.3916615461801596 0.873486992018244 0.3376305997719498
0 0.8976391984036487 0.3414777354618016 0.8807323432155075 0.3387847673888255 0.8831422782212086 0.3731429714937286 0.8998810535917903 0.37346657240592934 0.8976391984036487 0.3414777354618016
0 0.9003942816419613 0.5158699783352337 0.9334850672748005 0.5129749099201824 0.9350163979475484 0.4892982246294185 0.9027912862029647 0.4888394561003421 0.9003942816419613 0.5158699783352337
0 0.9389188187001141 0.5750829794754846 0.9531523329532496 0.5744337274800456 0.9553365256556443 0.5313277685290764 0.9356793477765109 0.5312610638540479 0.9389188187001141 0.5750829794754846
0 0.9580792075256556 0.5626767696693272 0.9723111653363741 0.56202765336374 0.9732179464082099 0.5315529692132269 0.956775724059293 0.5338839361459521 0.9580792075256556 0.5626767696693272
0 0.9080040558722919 0.6505018711516534 0.8932085450399088 0.6583525085518813 0.9030356488027366 0.6753732896237172 0.9134015621436716 0.6708902816419612 0.9080040558722919 0.6505018711516534
0 0.8771269555302166 0.6174406180159635 0.8662396522234892 0.6291230250855189 0.8762142269099202 0.6818919863169898 0.8941400102622578 0.6752559612314709 0.8771269555302166 0.6174406180159635