0 0.7546280558722919 0.324012740022805 0.7891244503990877 0.3306235598631699 0.7938714378563283 0.2797787217787913 0.7613008038768528 0.2662060615735462 0.7546280558722919 0.324012740022805
0 1 0.20914571037628277 0.9800033956670468 0.20560818244013684 0.9706291311288484 0.24940102052451538 0.992767881413911 0.2600861835803877 1 0.21441860889395667 1 0.20914571037628277
0 0.7073725929304447 0.3082996214367161 0.740221621436716 0.3135432554161916 0.7485033010262259 0.26963715393386545 0.7147586396807298 0.2607172622576967 0.7073725929304447 0.3082996214367161
0 0.6184171482326112 0.3091009475484606 0.6721332155074116 0.3201183477765108 0.6795469064994298 0.27044932269099203 0.6246254720638541 0.2613932337514253 0.6184171482326112 0.3091009475484606
0 0.5945032257696693 0.18479373090079818 0.6242486077537058 0.19687540592930444 0.6330339931584948 0.1643656362599772 0.6010843899657925 0.1562298620296465 0.5945032257696693 0.18479373090079818
0 0.7305282383124287 0.2241653990877993 0.7717003055872291 0.24103018928164197 0.7791370182440137 0.19942336031927024 0.736892677309008 0.19199819954389966 0.7305282383124287 0.2241653990877993
0 0.8003875393386546 0.7795759064994299 0.8304751641961232 0.7940816328392246 0.8399736202964653 0.7604527708095782 0.8072167958950969 0.7486516009122007 0.8003875393386546 0.7795759064994299
0 0.7717086773090079 0.9389512234891677 0.8060187149372863 0.9473350889395666 0.8109573010262258 0.909346330672748 0.7777912212086658 0.9037708631698973 0.7717086773090079 0.9389512234891677
0 0.7860498905359179 0.870607142531357 0.8194575598631698 0.8818812679589509 0.8258552645381985 0.8527010969213227 0.7894317046750284 0.844096661345496 0.7860498905359179 0.870607142531357
0 0.34919523945267955 0.2885642805017104 0.38216839452679585 0.2926269190421893 0.3911678722919042 0.2183482143671608 0.35679715963511976 0.21055656328392247 0.34919523945267955 0.2885642805017104
0 0.31339280729760544 0.23763667046750286 0.3457468802736602 0.24760444697833525 0.3504106054732041 0.21078084036488026 0.31624751197263395 0.1991303762827822 0.31339280729760544 0.23763667046750286
0 0.27527089281641964 0.339304102622577 0.3247322964652224 0.3510699315849487 0.3314629258836944 0.3144619942987457 0.2814158278221209 0.30353013797035344 0.27527089281641964 0.339304102622577
0 0.2021188517673888 0.3089271619156215 0.26359572177879137 0.32553956100342074 0.2796413033067275 0.25438794298745726 0.21462806271379706 0.2409875496009122 0.2021188517673888 0.3089271619156215
0 0.1818662976054732 0.138438740022805 0.21782075712656784 0.1481879110604333 0.22460196921322692 0.09725679817559864 0.193817165336374 0.08715701938426454 0.1818662976054732 0.138438740022805
0 0.328010338654504 0.1269316031927024 0.37591991904218924 0.1421164503990878 0.3868154732041049 0.08952977194982897 0.33440469099201825 0.07745395096921323 0.328010338654504 0.1269316031927024
0 0.412842748004561 0 0.40677549600912205 0.030134539338654502 0.43891129076396806 0.03649882098061574 0.44473620296465227 0.011139078677309008 0.4152677708095781 0 0.412842748004561 0
0 0.4027109817559863 0.06314049144811859 0.4353115917901938 0.07074766818700114 0.4379182702394527 0.04594677879133409 0.4089180456100342 0.03812099657924743 0.4027109817559863 0.06314049144811859
0 0.5064779851767389 0.1313623865450399 0.5143307947548461 0.0963649464082098 0.47660795210946405 0.08642990992018244 0.46869152451539337 0.1220176841505131 0.5064779851767389 0.1313623865450399
0 0.48495733751425313 0.05805345838084379 0.5172477924743444 0.06861156898517673 0.5234708244013683 0.036429506271379704 0.4874079646522235 0.02905702394526796 0.48495733751425313 0.05805345838084379
0 0.1381567958950969 0.27056238996579246 0.18979088939566705 0.2843476396807298 0.19646564880273662 0.24922795324971492 0.14203667274800458 0.23932809350057013 0.1381567958950969 0.27056238996579246
0 0.21513496465222348 0 0.20666924173318132 0.044326735461801596 0.22273868072976055 0.04691123261117446 0.23266291904218928 0 0.21513496465222348 0
0 0.0292749007981756 0.2071776545039909 0.020399781071835803 0.29161877879133413 0.06485302166476625 0.3040522702394527 0.07288961801596351 0.23325448574686433 0.0292749007981756 0.2071776545039909
0 0.11141709236031927 0.7179085644241734 0.15172003876852908 0.7316969042189281 0.16972248916761687 0.6449314868871152 0.13233953819840363 0.6323455815279362 0.11141709236031927 0.7179085644241734
0 0 0.701330385404789 0.03140526111744584 0.7130811049030786 0.0378649669327252 0.674058181299886 0.005509386545039909 0.6643887571265679 0 0.6914133979475484 0 0.701330385404789
0 0.26683964310148234 0.5784201995438997 0.3139085233751425 0.5845629509692132 0.31750202850627135 0.5494163500570125 0.27081172405929305 0.5406283683010262 0.26683964310148234 0.5784201995438997
0 0 0.9489482793614594 0.01893191676168757 0.9509381037628278 0.024276019384264536 0.9224845929304447 0 0.9161209612314709 0 0.9489482793614594
0 0.08747757696693272 0.6789741664766248 0.11796772405929305 0.6839698722919042 0.13261298403648802 0.6320758129988597 0.07527305587229191 0.6191834070695553 0.08747757696693272 0.6789741664766248
0 0.6063034834663626 0.7591768506271379 0.6446788882554162 0.7685834526795895 0.6489230969213227 0.7320142633979475 0.6112688152793615 0.7232804743443557 0.6063034834663626 0.7591768506271379
0 0.5629645803876853 0.8764139384264538 0.5681474059293045 0.8214373363740023 0.545203543899658 0.8184272474344356 0.5338733797035348 0.8751489635119726 0.5629645803876853 0.8764139384264538
0 0.39133661231470923 0.9885271607753705 0.40769207981755984 0.9917984435575826 0.4115181163055872 0.9739317480045611 0.39714115393386545 0.9730176887115165 0.39133661231470923 0.9885271607753705
0 0.37406636259977194 0.9882642383124287 0.3762758323831243 0.9672425313568985 0.36118669441277085 0.9632685165336373 0.3587289692132269 0.9866522132269099 0.37406636259977194 0.9882642383124287
0 0.41981686659064993 0.5927092645381984 0.45505686431014825 0.603575811858609 0.4577892291904219 0.5677432531356899 0.42552735575826683 0.561068779931585 0.41981686659064993 0.5927092645381984
0 0.6314150285062714 0.6621137502850627 0.6665625929304446 0.6681944196123146 0.6773228608893956 0.6149964982896238 0.6377456978335234 0.6018814629418472 0.6314150285062714 0.6621137502850627
0 0.700094094640821 0.6555991664766249 0.7326341949828962 0.6637970045610034 0.7466034196123147 0.6103377685290764 0.7106172656784492 0.6065554709236032 0.700094094640821 0.6555991664766249