0 0.3108780296465223 0.30125944127708093 0.3360204218928164 0.2639679361459521 0.267139810718358 0.22256407297605474 0.23840329418472064 0.2546932143671608 0.3108780296465223 0.30125944127708093
0 0.5313839087799316 0.06452695553021665 0.5304742862029647 0.04784868072976055 0.4485311790193843 0.06282751311288484 0.4474088597491448 0.07854030900798176 0.5313839087799316 0.06452695553021665
0 0.8197507491448119 0.4615755518814139 0.8192478620296465 0.4484812873432155 0.7505205701254276 0.44385929418472064 0.7448544948688711 0.4612146659064994 0.8197507491448119 0.4615755518814139
0 0.8173230433295325 0.4852090091220068 0.8188473968072977 0.467467598631699 0.7714055769669327 0.4707861083238312 0.774007701254276 0.4835319486887115 0.8173230433295325 0.4852090091220068
0 0.8182325290763968 0.6153396351197263 0.8179469988597492 0.5980979384264538 0.7617077445838084 0.6047793842645383 0.7661814458380845 0.6215208380843785 0.8182325290763968 0.6153396351197263
0 0.8182402759407069 0.6379115997719499 0.8172981003420753 0.6218246180159636 0.7649444161915622 0.6281073112884834 0.7643777502850627 0.6445924344355758 0.8182402759407069 0.6379115997719499
0 0.4422068848346636 0.6770085507411631 0.46622856670467505 0.6497565256556442 0.4204639977194983 0.6153986830102622 0.3959780057012543 0.6401354606613455 0.4422068848346636 0.6770085507411631
0 0.5713378768529076 0.8904858700114024 0.6007550410490308 0.8510417023945268 0.572703763968073 0.824685929304447 0.5401885849486887 0.8722212371721779 0.5713378768529076 0.8904858700114024
0 0.7656782827822122 0.8353312736602052 0.7232601071835805 0.805190283922463 0.6970870501710376 0.8394580798175599 0.7380989828962372 0.8623968529076397 0.7656782827822122 0.8353312736602052
0 0.692157102622577 1 0.6985335929304447 0.9933759749144813 0.666508763968073 0.969127630558723 0.6434029338654503 1 0.692157102622577 1
0 0.8497128643101483 1 0.8608056647662485 0.9828729954389965 0.8417990136830102 0.9711872497149373 0.817120850627138 0.9995908700114026 0.8178338118586089 1 0.8497128643101483 1
0 0.8011394697833524 0.9868745416191562 0.8282500478905358 0.9574077035347777 0.798007204104903 0.9445369646522235 0.7744064857468643 0.9751014982896237 0.8011394697833524 0.9868745416191562