0 0.24051592930444698 0.5163975085518814 0.22622684834663626 0.5499483785632839 0.3030483774230331 0.5942029350057013 0.31610557354618013 0.5633769338654504 0.24051592930444698 0.5163975085518814
0 0.35179490307867733 0.5162988939566705 0.2582066875712657 0.4551421949828962 0.2414983945267959 0.4937799030786773 0.33690643443557583 0.5449873489167617 0.35179490307867733 0.5162988939566705
0 0.2971229874572406 0.4353876510832383 0.28227611516533635 0.44912126567844923 0.358598251995439 0.49499421208665906 0.37115148346636256 0.4755935188141391 0.2971229874572406 0.4353876510832383
0 0.2503394241733181 0.3925433762827822 0.22114214025085518 0.3769910729760547 0.20044285176738882 0.4091566590649943 0.23501641391106043 0.4247708779931585 0.2503394241733181 0.3925433762827822
0 0.3239016442417332 0.3878137263397948 0.31262148118586086 0.4163470159635119 0.3796711448118586 0.4646707001140251 0.40200464994298746 0.4313755427594071 0.3239016442417332 0.3878137263397948
0 0.7617809977194984 0.6169025781071835 0.8660598551881414 0.6835593854047891 0.896469314709236 0.6356598928164197 0.7876706362599772 0.5668250855188142 0.7617809977194984 0.6169025781071835
0 0.907893952109464 0.615694007981756 0.884422165336374 0.6606829201824401 0.9229865313568986 0.6827708118586089 0.9490428152793615 0.6313489201824402 0.907893952109464 0.615694007981756
0 1 0.38232793728620296 0.9982701094640821 0.38145744013683014 0.9776017742303307 0.42798699087799313 1 0.44274190307867733 1 0.38232793728620296
0 0.6605002246294185 0.5745485438996579 0.6360568050171038 0.6128347058152794 0.7037753340935006 0.6703269954389965 0.7319632394526796 0.621019708095781 0.6605002246294185 0.5745485438996579
0 0.6605197594070696 0.686445928164196 0.6701252075256556 0.6325759361459521 0.6225857753705816 0.6226710057012543 0.615636503990878 0.6719602474344355 0.6605197594070696 0.686445928164196
0 0.47411800342075255 0.4798581448118586 0.4657119110604333 0.5093441083238313 0.5076779475484606 0.5378317616875713 0.5235615564424173 0.5010385473204104 0.47411800342075255 0.4798581448118586
0 0.39715119954389966 0.6146155233751426 0.3901321311288483 0.6376899201824401 0.4567151322690992 0.6751853945267959 0.46677274116305584 0.6493009828962372 0.39715119954389966 0.6146155233751426
0 0.4991046864310148 0.729455905359179 0.46889359407069553 0.756264551881414 0.5042940695553022 0.7797601676168756 0.5257691562143672 0.7534562565564423 0.4991046864310148 0.729455905359179
0 0.5843086704675029 0.863781526795895 0.6138884526795896 0.8859626681870011 0.6472660763968072 0.8455447331812999 0.6147058871151654 0.8208409429874572 0.5843086704675029 0.863781526795895
0 0.5212383911060433 0.919464937286203 0.5482538608893956 0.9479146670467502 0.5866034743443557 0.9035561049030787 0.5537819190421893 0.8834169863169897 0.5212383911060433 0.919464937286203
0 0.45883115621436715 0.9746331242873432 0.49378721664766245 0.9968761790193842 0.5136799110604333 0.9664077571265679 0.49117381527936144 0.9475163272519954 0.45883115621436715 0.9746331242873432
0 0.3137134401368301 0.889796614595211 0.28956990535917904 0.9305124344355757 0.3180432086659065 0.9519610820980615 0.3440594481185861 0.9106093728620297 0.3137134401368301 0.889796614595211
0 0.2633613694412771 0.9734431037628278 0.30815001482326115 0.9789424583808438 0.32551098175598636 0.9666572805017103 0.29069651311288486 0.9408250387685291 0.2633613694412771 0.9734431037628278
0 0.12224321778791333 0.8950089281641961 0.10560728392246294 0.9330573124287342 0.15433637742303308 0.9600565176738882 0.17210016989737742 0.9298745324971494 0.12224321778791333 0.8950089281641961
0 0.04101803876852907 0.8987992599771949 0.022004299885974916 0.9269811927023944 0.05547157240592931 0.9418613671607754 0.06999190535917901 0.9137479600912201 0.04101803876852907 0.8987992599771949
0 0.2868177525655644 0.19776367046750284 0.3163870889395667 0.2151578574686431 0.32865945496009125 0.18099256898517674 0.30044495895096923 0.16473131584948691 0.2868177525655644 0.19776367046750284
0 0.27484611516533636 0.1101280353477765 0.2405724378563284 0.09694347434435575 0.22920946978335233 0.12127913340935007 0.2598127354618016 0.13999668757126568 0.27484611516533636 0.1101280353477765
0 0.5154378563283922 0.03615049942987457 0.5023999726339795 0.06925521436716078 0.5445002850627138 0.0917772645381984 0.5608188677309008 0.05874950285062714 0.5154378563283922 0.03615049942987457