0 0.9251802976054732 0.8593377537058153 0.9228643648802736 0.8257379395667047 0.8854544777651083 0.8286589087799316 0.8859610581527936 0.8622115005701254 0.9251802976054732 0.8593377537058153
0 0.8234146898517674 0.9303725838084378 0.8283940592930444 0.9542200535917902 0.8565431767388825 0.9497616716077536 0.8544960057012543 0.9254497867730901 0.8234146898517674 0.9303725838084378
0 0.3313171322690992 0.9642029224629418 0.3347028734321551 0.9495222200684151 0.26806411630558724 0.9576753215507412 0.26806786088939566 0.9690855267958951 0.3313171322690992 0.9642029224629418
0 0.9469952941847206 0.5586797890535918 0.9445320148232611 0.5412394732041049 0.8814153968072976 0.5602439395667047 0.8821280969213228 0.5685392656784493 0.9469952941847206 0.5586797890535918
0 0.8307597958950969 0.358068165336374 0.7698277594070696 0.3605113648802737 0.7716354378563284 0.4136753055872292 0.8339261197263398 0.4122192189281642 0.8307597958950969 0.358068165336374
0 0.46638083010262255 0.4752355553021665 0.3747091322690992 0.4885542052451539 0.37685097605473206 0.5248503888255416 0.4711764686431015 0.5093095473204104 0.46638083010262255 0.4752355553021665
0 0.9153488916761687 0.15391422805017102 0.9146016488027365 0.19284479817559863 0.956673181299886 0.19278765678449258 0.9518923580387686 0.15690944697833525 0.9153488916761687 0.15391422805017102
0 0.8971245233751425 0.21534173432155074 0.9069726419612314 0.1826423158494869 0.8432006294184721 0.17472567616875714 0.8362674697833523 0.21065732725199543 0.8971245233751425 0.21534173432155074
0 0.6278029555302167 0.23998569327251995 0.6318022998859748 0.20640601140250853 0.5918910057012542 0.20492028392246295 0.5871459270239452 0.235699330672748 0.6278029555302167 0.23998569327251995
0 0.694071236031927 0.12321895667046749 0.7085513557582668 0.060924316989737735 0.5990910011402509 0.04162571607753705 0.5850389156214367 0.11231613797035349 0.694071236031927 0.12321895667046749
0 0 0.1432272212086659 0.041448973774230326 0.14556323033067275 0.04372178905359179 0.10676596237172177 0 0.10297089509692132 0 0.1432272212086659
0 0.21761947776510832 0.3715963090079818 0.2136123432155074 0.3861492075256556 0.27312492702394525 0.3899360102622577 0.27336596579247435 0.3724802690992018 0.21761947776510832 0.3715963090079818
0 0.027526409350057013 0.5890322884834663 0.02843335803876853 0.55300782668187 0.0038519338654503994 0.5557004218928164 0.00979082212086659 0.5931970843785632 0.027526409350057013 0.5890322884834663
0 0.20841480273660207 0.563984542759407 0.2125942314709236 0.5808936031927024 0.28818351995438996 0.5647181231470924 0.2854333409350057 0.5549452132269099 0.20841480273660207 0.563984542759407
0 0.04315888141391106 0.3632049600912201 0.042529636259977195 0.33457117901938427 0.008453111744583809 0.3357650570125428 0.014050343215507412 0.36730906727480045 0.04315888141391106 0.3632049600912201
0 0.04680558836944128 0.38434159064994294 0.009733612314709235 0.381805007981756 0.006474737742303307 0.4219575917901938 0.047002590649942985 0.419745086659065 0.04680558836944128 0.38434159064994294
0 0.27850609692132267 0.23413542075256555 0.17776223147092363 0.2338131402508552 0.1768146921322691 0.27907011972633977 0.2760194275940707 0.27536800114025084 0.27850609692132267 0.23413542075256555
0 0.8751827035347776 0.28557006841505134 0.8708885815279361 0.27173238996579246 0.8375853363740022 0.2759107958950969 0.8415698597491449 0.28969151767388823 0.8751827035347776 0.28557006841505134
0 0.27412748460661346 0.12488628620296464 0.27454688141391104 0.11044443671607754 0.18123463397947548 0.10960953477765108 0.18022138882554162 0.12598527936145953 0.27412748460661346 0.12488628620296464