0 0.5857571801596352 0.09583389053591791 0.5824160912200684 0.08406870581527937 0.5029614982896238 0.08563165222348916 0.5060035450399087 0.09739632611174459 0.5857571801596352 0.09583389053591791
0 0.5892978779931586 0.1303334857468643 0.5884586157354619 0.11768064310148232 0.5103895781071836 0.11526718129988599 0.5087866168757127 0.12343741619156215 0.5892978779931586 0.1303334857468643
0 1 0.06260313911060433 0.9479675575826683 0.05692527594070696 0.9489190592930444 0.07110001596351198 1 0.07789637856328392 1 0.06260313911060433
0 1 0.0953110228050171 0.9590928415051311 0.09055364196123147 0.9569448950969214 0.10316242075256557 0.9986439407069555 0.1094772622576967 1 0.10296819726339795 1 0.0953110228050171
0 0.746795274800456 0.309239251995439 0.6078734925883694 0.3298327582668187 0.6257310307867731 0.4085205724059293 0.75190282668187 0.38457008437856327 0.746795274800456 0.309239251995439
0 0.4872931641961232 0.415428858608894 0.4863879965792474 0.37408065564424176 0.40521556442417334 0.3774413990877993 0.40378669555302166 0.4183235564424173 0.4872931641961232 0.415428858608894
0 0.2967212497149373 0.23306026111744582 0.23943429760547322 0.23678305017103762 0.2331340615735462 0.2832223329532497 0.29882728848346635 0.28411623603192704 0.2967212497149373 0.23306026111744582
0 0.3891053842645382 0.2796633021664766 0.3919748928164196 0.24654899087799317 0.31409703762827823 0.24257847206385405 0.31317675484606616 0.2793057023945268 0.3891053842645382 0.2796633021664766
0 0.8149830034207526 0.8500994857468643 0.8068407423033067 0.7994971995438996 0.7804824332953251 0.807094685290764 0.7901102474344356 0.8578038107183581 0.8149830034207526 0.8500994857468643
0 0.9685700444697833 0.77632651995439 0.9528847012542759 0.7062693238312429 0.8885068380843786 0.7336259863169897 0.8973687753705816 0.8076247480045611 0.9685700444697833 0.77632651995439
0 0.7145842303306728 0.9369787251995438 0.6735091094640822 0.9450833375142531 0.675281834663626 0.9793658517673889 0.7265199988597492 0.9713142611174459 0.7145842303306728 0.9369787251995438
0 0.38935754503990877 0.9645774036488027 0.3889911824401368 0.9334570387685291 0.34962122348916763 0.9325334127708096 0.3512888369441277 0.967672 0.38935754503990877 0.9645774036488027
0 0 0.8753763078677309 0.03124621094640821 0.8799695815279361 0.03410489395667047 0.842071417331813 0 0.8386508209806157 0 0.8753763078677309
0 0.016316441277080956 0.9431113751425313 0.07230224743443557 0.9499855678449258 0.06562663055872292 0.9069008677309008 0.007258549600912201 0.9218647514253135 0.016316441277080956 0.9431113751425313
0 0.15315319270239452 0.9541023169897378 0.15480609578107185 0.9601157662485746 0.2470368950969213 0.9714402850627137 0.24808453819840365 0.9555998882554162 0.15315319270239452 0.9541023169897378
0 0.8790145792474345 0.4163133443557583 0.868873338654504 0.36247771949828966 0.8310424127708096 0.366097393386545 0.8357975005701255 0.422361905359179 0.8790145792474345 0.4163133443557583
0 0.9512530376282783 0.3492845644241733 0.9103932554161915 0.35562256442417334 0.9147684618015963 0.3687095655644242 0.950479873432155 0.3653255313568985 0.9512530376282783 0.3492845644241733
0 0.4249206932725199 0.353385417331813 0.4217302063854048 0.3111615518814139 0.39600809350057015 0.31357763511972636 0.39745016761687574 0.35300193044469785 0.4249206932725199 0.353385417331813