0 0.3432791174458381 0.04666843671607754 0.304176590649943 0.04472530216647662 0.3074289851767389 0.11596291790193843 0.34236589965792474 0.12006011858608895 0.3432791174458381 0.04666843671607754
0 0.4246414823261117 0.133721 0.43247069099201824 0.2027717103762828 0.4654275598631699 0.20465650285062714 0.46425999429874576 0.1368110285062714 0.4246414823261117 0.133721
0 0.11236818814139111 0.656933078677309 0.07555677194982896 0.654787929304447 0.07897232383124288 0.6938278654503991 0.11387960889395667 0.6907738745724059 0.11236818814139111 0.656933078677309
0 0.20464211858608894 0.8014407708095781 0.2090925085518814 0.8523089635119726 0.23494837742303307 0.8548150125427595 0.23088248232611175 0.8015291083238312 0.20464211858608894 0.8014407708095781
0 0.10758727708095782 0.8781760330672749 0.07268680615735462 0.8809314207525656 0.07391220296465222 0.9153932576966933 0.10944216419612315 0.9194385735461802 0.10758727708095782 0.8781760330672749
0 0.48722873660205246 0.5883743797035348 0.45327064652223487 0.5835970935005702 0.45363870809578105 0.6014470022805017 0.48674926567844923 0.6051064013683011 0.48722873660205246 0.5883743797035348
0 0.4902117947548461 0.6122521265678449 0.456729015963512 0.6095193181299886 0.45465866590649945 0.6335427411630559 0.4861721174458381 0.6325721573546179 0.4902117947548461 0.6122521265678449
0 0.15331015393386543 1 0.153166157354618 0.9904119133409349 0.1318841140250855 0.9919774104903079 0.1323488449258837 1 0.15331015393386543 1
0 0.04745608323831243 0.5380428152793615 0.06714398517673888 0.5518168164196123 0.07639671379703535 0.5349148209806157 0.05658306043329533 0.526515984036488 0.04745608323831243 0.5380428152793615
0 0.10557951539338656 0.5550103409350057 0.11065184606613455 0.5453282896237172 0.09221482668187002 0.5317428608893956 0.08383458722919042 0.5449924150513112 0.10557951539338656 0.5550103409350057
0 0.20643984036488028 0.5902915404789054 0.22436162371721777 0.5881275701254276 0.2223190353477765 0.5537372269099202 0.20897038312428734 0.5578851733181299 0.20643984036488028 0.5902915404789054
0 0.450368669327252 0.6458384275940707 0.45274897377423035 0.6730454389965792 0.49247111972633983 0.6773200045610034 0.48708147662485746 0.6497786898517673 0.450368669327252 0.6458384275940707