0 0.8927920627137971 0.24717006955530216 0.9344357411630558 0.26792909692132266 0.9423147354618017 0.2328181345496009 0.9148729897377423 0.22079759863169898 0.8927920627137971 0.24717006955530216
0 0.7633866328392247 0.8137407559863169 0.7716679361459522 0.772939102622577 0.7450222326111745 0.7734234389965793 0.7380288700114025 0.805566779931585 0.7633866328392247 0.8137407559863169
0 0.720214889395667 0.800278236031927 0.717590330672748 0.7375148449258837 0.6419052770809578 0.7550741824401368 0.6401212041049031 0.8087795758266818 0.720214889395667 0.800278236031927
0 0.45600994982896237 0.1555812976054732 0.45602006499429876 0.1316947765108324 0.3637292257696693 0.12689169213226908 0.3608307810718358 0.158314574686431 0.45600994982896237 0.1555812976054732
0 0.33487487229190427 0.48183680045610033 0.3466819817559863 0.45305868871151656 0.30583615507411627 0.4448057993158495 0.3002076738882554 0.4767084732041049 0.33487487229190427 0.48183680045610033
0 0.3206314127708096 0.5925372519954389 0.336291236031927 0.5616740718358039 0.29881760547320413 0.5486109657924744 0.2850029110604333 0.5819570900798176 0.3206314127708096 0.5925372519954389
0 0.16041493956670466 0.45780224857468643 0.18265570125427594 0.4243729395667047 0.13298826567844926 0.3980064070695553 0.11548431128848347 0.4263832953249715 0.16041493956670466 0.45780224857468643
0 0.04754967046750285 0.5437394891676168 0.06730287115165336 0.5121561220068415 0.04572115279361459 0.49348096807297603 0.019146619156214368 0.5262671197263398 0.04754967046750285 0.5437394891676168
0 0.09564570581527936 0.6968402063854048 0.08045782326111744 0.7543147856328393 0.11560680501710377 0.7621664503990878 0.1326385473204105 0.7071766259977195 0.09564570581527936 0.6968402063854048
0 0.8945093101482325 0.1611605062713797 0.8609653329532497 0.1544299794754846 0.847150637400228 0.18777610376282783 0.88414221322691 0.19811433295324973 0.8945093101482325 0.1611605062713797
0 0.7562948540478905 0.21503751995438997 0.8074976624857468 0.2102231037628278 0.8101577958950968 0.17743968529076398 0.7644108950969214 0.18128890421892815 0.7562948540478905 0.21503751995438997
0 0.0915069315849487 0.1467914834663626 0.10050887571265678 0.11007678335233752 0.03759250855188141 0.10431138084378563 0.03244327822120867 0.13894101254275942 0.0915069315849487 0.1467914834663626
0 0.47889178449258835 0.8119182041049031 0.4774333511972634 0.8515168004561002 0.5121005484606613 0.8566451277080958 0.5215817423033068 0.8226573854047889 0.47889178449258835 0.8119182041049031
0 0.6872105393386545 0.40565954960091216 0.677574197263398 0.4228138072976055 0.7470634686431015 0.44990240820980615 0.75284682668187 0.43483168187001137 0.6872105393386545 0.40565954960091216
0 0.6913720102622577 0.43724172177879134 0.6831005496009122 0.4541553135689852 0.7158371026225769 0.4722693010262258 0.7206594264538199 0.45174827822120867 0.6913720102622577 0.43724172177879134