0 0.8649585575826683 0.24155472976054734 0.9622001083238313 0.23645851653363742 0.9644424640820981 0.18281295324971494 0.8604773261117445 0.19011250969213225 0.8649585575826683 0.24155472976054734
0 0.3870860513112885 0.2446219737742303 0.39397308893956673 0.2739595518814139 0.48485529646522235 0.24959475370581527 0.47019646180159635 0.21947691220068416 0.3870860513112885 0.2446219737742303
0 0.4036727993158495 0.3001815952109464 0.4124302531356898 0.3424890581527936 0.5035903261117446 0.323456086659065 0.48957097605473204 0.2771779441277081 0.4036727993158495 0.3001815952109464
0 0.5095721448118586 0.01783198859749145 0.4608272337514253 0.018011469783352337 0.46250671379703534 0.038712882554161915 0.5090665233751426 0.03654659749144812 0.5095721448118586 0.01783198859749145
0 0.39469461915621434 0.03810793842645382 0.3958743044469783 0.060617671607753706 0.44062704446978335 0.0523328905359179 0.4414435267958951 0.03387736602052452 0.4403817879133409 0.036308140250855186 0.39469461915621434 0.03810793842645382
0 0.29530640136830105 0.013618140250855188 0.3003898517673888 0.03117146180159635 0.3597455473204105 0.02924832725199544 0.3558969954389966 0.006865945267958951 0.29530640136830105 0.013618140250855188
0 0.22638920182440136 0.05999636031927024 0.23574586088939567 0.07970242759407069 0.2946359304446978 0.06889461003420752 0.28928900912200683 0.04628408437856328 0.22638920182440136 0.05999636031927024
0 0.21769381527936146 0.018873209806157358 0.2252095165336374 0.03748662713797035 0.2842238015963512 0.029048994298745728 0.2813406716077537 0.01374297149372862 0.21769381527936146 0.018873209806157358
0 0.053199899657924744 0.022729628278221208 0.05849971835803877 0.04444138768529076 0.10181979589509693 0.03147986431014823 0.1053448597491448 0.03070212200684151 0.10004342645381983 0.02027466248574686 0.053199899657924744 0.022729628278221208
0 0 0.43294738084378565 0.024066621436716076 0.431156267958951 0.022927169897377423 0.40941423033067276 0 0.40944789167616874 0 0.43294738084378565
0 0.0840894503990878 0.38523792474344354 0.0853653717217788 0.39823896579247436 0.1624470889395667 0.3941992839224629 0.15948292474344355 0.3773172166476625 0.0840894503990878 0.38523792474344354
0 0.09793506157354619 0.4225284675028506 0.09995912884834664 0.43845999657924745 0.1638115245153934 0.4315493740022805 0.1632635017103763 0.41542001368301024 0.09793506157354619 0.4225284675028506
0 0.10404608095781072 0.4483440216647662 0.1032901881413911 0.4679854994298746 0.14657609806157354 0.4657169817559863 0.14527944127708095 0.44664777194982896 0.10404608095781072 0.4483440216647662
0 0.26037627708095784 0.39084916191562147 0.2622141425313569 0.4032277525655644 0.29457876624857465 0.39677820524515395 0.28998771721778793 0.3829479646522235 0.26037627708095784 0.39084916191562147