0 0.9588620581527936 0.6137373352337515 0.9290109635119727 0.6398886328392246 0.9551745621436716 0.669692385404789 0.9901592314709236 0.6410362075256557 0.9588620581527936 0.6137373352337515
0 0.8165561550741163 0.8038379247434436 0.7924423101482326 0.763694558722919 0.7450582257696693 0.8006459270239452 0.7698673762827821 0.8307359794754847 0.8165561550741163 0.8038379247434436
0 0.9764636818700114 0.5166323363740023 0.9478762827822121 0.4887574834663626 0.9143316305587229 0.5241808950969213 0.9456284789053592 0.5514782405929304 0.9764636818700114 0.5166323363740023
0 0.48529261573546184 0.4314760490307868 0.5272269532497149 0.46217193956670466 0.5431557787913341 0.4304928871151653 0.5107911060433296 0.40483781870011404 0.48529261573546184 0.4314760490307868
0 0.24292616989737745 0.4773346111744584 0.2678490057012543 0.44798813454960096 0.21556500684150512 0.41524782098061574 0.19421663283922463 0.44807883580387686 0.24292616989737745 0.4773346111744584
0 0.23355370695553024 0.9263436180159635 0.20998652223489167 0.9554019429874573 0.23335750855188142 0.9787259646522235 0.2549940364880274 0.9472506020524516 0.23355370695553024 0.9263436180159635
0 0.5765807183580388 0.1546132576966933 0.6028649418472063 0.17166003420752565 0.6267214811858609 0.1439555085518814 0.6107853922462941 0.12895347776510832 0.5765807183580388 0.1546132576966933
0 0.32942846066134546 0.830990503990878 0.30683779475484607 0.8046716123147092 0.28811603192702395 0.8298694047890536 0.31070702280501705 0.8561898255416192 0.32942846066134546 0.830990503990878
0 0.09196633751425314 0.4867884515393387 0.07738589965792475 0.47149826909920184 0.031475913340935004 0.49540177765108323 0.03464039338654504 0.5102894903078677 0.09196633751425314 0.4867884515393387
0 0.41484104104903075 0.2866000547320411 0.4054370501710376 0.29567065678449256 0.4305343534777651 0.32711636031927027 0.44662917901938426 0.3095502588369441 0.41484104104903075 0.2866000547320411
0 0.4249391345496009 0.26747799315849485 0.4153320057012543 0.28225138540478906 0.45726634435575825 0.312947275940707 0.46609467958950973 0.30116842873432154 0.4249391345496009 0.26747799315849485
0 0.414915086659065 0.24697500798175598 0.46494401824401366 0.2957549931584949 0.4745508209806157 0.28098007069555303 0.4223877708095781 0.23548431242873433 0.414915086659065 0.24697500798175598