0 0.12804521778791333 0.23919042873432156 0.017393541619156214 0.24937044127708097 0.023454045610034207 0.2969418916761688 0.13705102166476626 0.2862367012542759 0.12804521778791333 0.23919042873432156
0 0.13966997377423032 1 0.13477617331813 0.9575632873432155 0.024612679589509693 0.9657134059293044 0.02599519156214367 1 0.13966997377423032 1
0 0.5240170376282782 0.8516296294184721 0.38992151425313565 0.8569283466362599 0.3945583511972634 0.8999946932725199 0.5273760786773091 0.8930340114025086 0.5240170376282782 0.8516296294184721
0 0.44203347206385407 0.7507914971493729 0.3837265598631699 0.7557091596351198 0.3905271391106043 0.800414511972634 0.44074044127708095 0.794218685290764 0.44203347206385407 0.7507914971493729
0 0.46769561801596354 0.5938208209806157 0.4738221060433295 0.5632066681870012 0.39078148346636254 0.5556782976054732 0.3890244686431015 0.5902222816419612 0.46769561801596354 0.5938208209806157
0 0.39208511060433293 0.3536535153933865 0.3922232622576967 0.31087985404789054 0.2985687616875713 0.31638107753705813 0.30557848004561 0.3593747012542759 0.39208511060433293 0.3536535153933865
0 0.5068213614595211 0.28527215849486887 0.42617728392246296 0.28940778563283925 0.43178542189281643 0.339692566704675 0.5080569258836944 0.331538086659065 0.5068213614595211 0.28527215849486887
0 0.8141841505131129 0.14858307981755986 0.7603200900798175 0.15318810604332952 0.7656752166476625 0.19864513797035346 0.8160763614595211 0.1960037251995439 0.8141841505131129 0.14858307981755986
0 0.9423736488027366 0.7112890786773091 0.993470432155074 0.7106061322690993 0.9936659156214368 0.680301244013683 0.9422356659064994 0.685966283922463 0.9423736488027366 0.7112890786773091
0 0.8387648198403649 0.2999509464082098 0.7596492029646522 0.30488893044469784 0.7611988312428735 0.3628200342075257 0.8378429030786774 0.3617745473204105 0.8387648198403649 0.2999509464082098
0 0.6372113831242874 0.2546780182440137 0.595299189281642 0.2604388027366021 0.595162598631699 0.30321238426453817 0.6337050171037629 0.3011924618015963 0.6372113831242874 0.2546780182440137
0 0.6903724355758267 0.6167153808437856 0.6777657673888255 0.5406380889395668 0.5904799179019384 0.5428358529076397 0.5980392052451539 0.6303507913340934 0.6903724355758267 0.6167153808437856
0 0.795554283922463 0.78578917331813 0.7953444287343215 0.7988023648802737 0.8484602633979476 0.7912652930444698 0.8462484629418472 0.7830666887115166 0.795554283922463 0.78578917331813
0 0.7959683717217788 0.8107079007981756 0.7962415963511973 0.8272662941847205 0.8455189350057013 0.8258713443557583 0.8477074903078677 0.8109066077537057 0.7959683717217788 0.8107079007981756
0 0.796894534777651 0.8453975963511973 0.8040956955530216 0.8636817115165336 0.854153787913341 0.8545243238312429 0.8498526795895096 0.8404942611174459 0.796894534777651 0.8453975963511973
0 0.6004612919042189 0.9091389099201825 0.6061031071835804 0.9203887457240593 0.6411810501710377 0.9203325176738882 0.639965637400228 0.9085158711516533 0.6004612919042189 0.9091389099201825