0 0.31522459179019385 0.6189801379703536 0.3243310855188141 0.6544852497149373 0.38075332383124283 0.6440726670467503 0.36959699657924744 0.6078843272519955 0.31522459179019385 0.6189801379703536
0 0.6100673557582669 0.4242014709236032 0.5537990057012543 0.4342993705815279 0.5736926579247434 0.4872034811858609 0.6220996248574686 0.47793184720638543 0.6100673557582669 0.4242014709236032
0 0.781236416191562 0.3709426750285063 0.7279205518814138 0.3807302554161916 0.7359705051311289 0.417543598631699 0.7934214047890535 0.4073214082098061 0.781236416191562 0.3709426750285063
0 1 0.5587041676168757 0.9893882109464082 0.5218192177879133 0.9346738916761688 0.5353421892816419 0.9585884435575827 0.6120328700114025 1 0.5973461299885975 1 0.5587041676168757
0 0.6314419007981755 0.6503027046750285 0.5931743751425314 0.6555188232611174 0.6034001265678449 0.6903124207525656 0.6452181995438997 0.6808346339794755 0.6314419007981755 0.6503027046750285
0 0.4551810353477765 0.04714783580387685 0.44237194982896233 0.05028832953249715 0.4575705496009122 0.12101993044469783 0.4710199258836944 0.12259615963511972 0.4551810353477765 0.04714783580387685
0 0.4372729190421893 0.06995248232611175 0.42396822348916763 0.06836261801596352 0.43577660433295323 0.12390915735461801 0.4506477662485747 0.12473736031927024 0.4372729190421893 0.06995248232611175
0 0.09216861801596352 0.7069826100342075 0.021537313568985177 0.7167974834663626 0.024336429874572407 0.7577495484606613 0.09993716647662486 0.7468137753705816 0.09216861801596352 0.7069826100342075
0 0.07175151881413912 0.5865853534777651 0.03366756670467503 0.5935779543899657 0.05283687799315849 0.710818031927024 0.09126731242873432 0.7040875245153935 0.07175151881413912 0.5865853534777651
0 0.8468361527936146 0.8189492371721778 0.8142563044469784 0.8271575370581528 0.8260450889395667 0.8590939749144813 0.8596116396807297 0.8552659064994299 0.8468361527936146 0.8189492371721778
0 0.6668490205245154 0.6860348962371722 0.6121966009122007 0.7001468118586089 0.6313137149372863 0.739982378563284 0.6779896396807297 0.7285014583808437 0.6668490205245154 0.6860348962371722