0 0 0.23565107183580386 0.032618122006841506 0.23566130216647663 0.036838997719498286 0.16956592018244016 0 0.16592412884834662 0 0.23565107183580386
0 0.1110362417331813 0.5436449771949828 0.10803915051311289 0.47483265564424176 0.059731387685290765 0.4682004686431015 0.05739569783352338 0.5380917468643102 0.1110362417331813 0.5436449771949828
0 0.12026148232611174 0.7738398118586088 0.17022502622576968 0.7768479418472064 0.17254140820980615 0.707254393386545 0.11716234549600912 0.7020604937286202 0.12026148232611174 0.7738398118586088
0 0.30779481071835807 0.7221384971493728 0.27212225883694413 0.7204136510832383 0.2754328209806157 0.7666387730900799 0.3087985450399088 0.7678500638540479 0.30779481071835807 0.7221384971493728
0 0.4632611402508552 0.7719619019384264 0.43044879817559867 0.767166614595211 0.4324955724059293 0.8039300798175599 0.46442154846066136 0.8051916476624856 0.4632611402508552 0.7719619019384264
0 0.19444602964652224 0.46765647662485743 0.17361329190421892 0.4660075245153934 0.1714029874572406 0.504701984036488 0.1945232690992018 0.503894606613455 0.19444602964652224 0.46765647662485743
0 0.0789013945267959 0.06531727023945268 0.0647139566704675 0.06699936602052452 0.06772428620296465 0.11917765564424174 0.08131666590649944 0.11751321208665907 0.0789013945267959 0.06531727023945268
0 0.10895143215507411 0.1100129543899658 0.10832633295324971 0.04111780045610034 0.09352640022805017 0.04222873660205245 0.09158888141391106 0.11537372633979476 0.10895143215507411 0.1100129543899658
0 0.5000308620296465 0.10823839794754847 0.46196564994298744 0.10600455530216649 0.46850846978335237 0.15300797263397947 0.5013985404789053 0.14740358608893955 0.5000308620296465 0.10823839794754847
0 0.274897929304447 0.10303131356898518 0.2829184446978335 0.1627565347776511 0.3492724686431015 0.15925117787913343 0.3447661003420753 0.0982134526795895 0.274897929304447 0.10303131356898518
0 0.3410861254275941 0.09477728848346637 0.33607087115165335 0.03613534435575827 0.28046979247434434 0.04164164994298746 0.28522935005701255 0.10415424857468643 0.3410861254275941 0.09477728848346637
0 0.23977449486887115 0.27001507639680733 0.20512138540478905 0.2635017343215508 0.207255755986317 0.31808549714937284 0.24083883238312428 0.3175068620296465 0.23977449486887115 0.27001507639680733
0 0.1675152645381984 0.8862607240592931 0.15439032839224628 0.8843426088939568 0.15148453363740022 0.9200892337514254 0.16401769897377425 0.9220295769669328 0.1675152645381984 0.8862607240592931
0 0.2517981778791334 0.9712460638540479 0.2387146841505131 0.9705147263397949 0.23700803876852908 0.9916652953249715 0.25135737742303305 0.9926494857468643 0.2517981778791334 0.9712460638540479
0 0.2762694481185861 0.9751444036488027 0.26138662941847207 0.9738817879133409 0.25929415621436713 0.9926693842645382 0.27280422576966934 0.9948711049030787 0.2762694481185861 0.9751444036488027
0 0.3025193215507411 0.9789806328392247 0.2846519623717218 0.9772281277080959 0.2842474002280502 0.9935803329532498 0.2959851117445838 0.9958439464082098 0.3025193215507411 0.9789806328392247