0 1 0.34471872976054735 0.9798626875712656 0.340804433295325 0.9683035621436716 0.4220286670467503 1 0.4233509600912201 1 0.34471872976054735
0 0.3982842269099202 0.07170077765108324 0.33510492018244015 0.07030749828962371 0.32720687685290767 0.11716290877993157 0.39187867844925883 0.12277631698973775 0.3982842269099202 0.07170077765108324
0 0.1495776385404789 0.09836172177879132 0.14056180843785632 0.15407121094640822 0.2094813181299886 0.16323376510832383 0.21277781870011403 0.1024809418472064 0.1495776385404789 0.09836172177879132
0 0.5317903432155074 0.06256968072976055 0.5052335461801596 0.05619942873432155 0.4867340592930445 0.14514753819840365 0.516755149372862 0.1461425496009122 0.5317903432155074 0.06256968072976055
0 0.35390722348916764 0.4181325473204105 0.33922032839224625 0.41285825199543896 0.3146209395667047 0.5363075792474344 0.33296253819840366 0.5377573968072976 0.35390722348916764 0.4181325473204105
0 0.3598394709236032 0.5393525655644242 0.3607014481185861 0.5386112303306727 0.3798038950969213 0.40925290992018243 0.36545658152793614 0.40223162485746866 0.3419868654503991 0.5416269771949829 0.3598394709236032 0.5393525655644242
0 0.45047009692132267 0.4187565781071836 0.42682320296465226 0.4129503614595211 0.40420083238312426 0.49202411744583807 0.4376097958950969 0.4982157309007982 0.45047009692132267 0.4187565781071836
0 0.3914336043329532 0.40848918129988593 0.38137820752565565 0.4881927126567845 0.3970847377423033 0.48822143671607754 0.4078508129988597 0.41107709236031925 0.3914336043329532 0.40848918129988593
0 0.3942635176738883 0.549370669327252 0.39391253819840366 0.5045409885974914 0.38123197263397945 0.5044955883694413 0.37577581755986317 0.5512191995438996 0.3942635176738883 0.549370669327252
0 0.6895435381984036 0.46341156670467504 0.678875614595211 0.5369474036488028 0.6968973637400228 0.5395431824401369 0.704811441277081 0.4688003911060433 0.6895435381984036 0.46341156670467504
0 0.652805228050171 0.5125242177879133 0.6673624526795895 0.5153538551881414 0.6745328449258836 0.4629148278221209 0.6601052896237172 0.4625298472063854 0.652805228050171 0.5125242177879133
0 0.5959998198403649 0.5063212679589509 0.6096343249714937 0.5107861368301027 0.6185371607753706 0.45565795553021665 0.6034316339794755 0.44697713112884835 0.5959998198403649 0.5063212679589509
0 0.6349149156214368 0.5175147753705815 0.6463738688711516 0.4616753181299886 0.6296004047890535 0.45780843329532495 0.619743629418472 0.5085171459521095 0.6349149156214368 0.5175147753705815
0 0.22167710376282782 0.29323207753705816 0.17092055644241733 0.28699518358038767 0.15731057240592933 0.35390892018244013 0.20715453819840365 0.3645048996579247 0.22167710376282782 0.29323207753705816