0 0.7758551459521095 0.11205968871151653 0.6587571311288484 0.11873280843785633 0.6625186408209807 0.15072325199543898 0.7733785450399088 0.149016574686431 0.7758551459521095 0.11205968871151653
0 0.5304475165336374 0.10411066020524515 0.5314954116305587 0.14335506271379703 0.6096325849486888 0.1449633261117446 0.6079050068415052 0.1082403363740023 0.5304475165336374 0.10411066020524515
0 0.45935003762827825 0.381526740022805 0.45350764766248575 0.4198060604332953 0.5074321311288483 0.4247398460661346 0.5095933306727479 0.38772700000000004 0.45935003762827825 0.381526740022805
0 0.7756602063854048 0.5085919623717218 0.7743098962371722 0.5422727765108324 0.848784189281642 0.5495173238312429 0.848087606613455 0.5133611140250856 0.7756602063854048 0.5085919623717218
0 1 0.5060734629418472 0.9923941448118586 0.5074540136830102 0.9928910342075257 0.5426782519954391 1 0.5427146031927024 1 0.5060734629418472
0 0.7929442679589509 0.6585359783352338 0.7913803204104902 0.6740469692132269 0.8462206624857469 0.6775704549600912 0.849538977194983 0.6660219247434436 0.7929442679589509 0.6585359783352338
0 0.8520043272519955 0.6933423033067274 0.7937264743443557 0.6850847537058153 0.7956854937286203 0.7028835838084379 0.8523946659064994 0.7066168540478905 0.8520043272519955 0.6933423033067274
0 0.8008182485746864 0.8013717525655645 0.8880677616875713 0.8143990490307869 0.8916357194982896 0.7711384435575827 0.7995951812998859 0.7670222998859748 0.8008182485746864 0.8013717525655645
0 0.41743857126567846 1 0.4190540250855188 0.9754170558722919 0.3826462394526796 0.972833323831243 0.38227086202964655 1 0.41743857126567846 1
0 0.1506134321550741 1 0.1525531368301026 0.9726032805017104 0.11998912884834664 0.9752295461801596 0.12019378107183581 1 0.1506134321550741 1
0 0.33470353477765113 0.7644378563283923 0.3373683055872292 0.7826936909920182 0.40442173660205244 0.7836212041049031 0.40392484378563287 0.769845354618016 0.33470353477765113 0.7644378563283923
0 0.3672282166476625 0.7344515735461801 0.3701751402508552 0.7568981334093501 0.40547157354618013 0.754253361459521 0.4052403158494869 0.7331448586088939 0.3672282166476625 0.7344515735461801
0 0.20319766476624856 0.48029846180159635 0.20095775370581528 0.5469567468643102 0.22566303078677308 0.5459561790193842 0.22822994184720638 0.47940090763968074 0.20319766476624856 0.48029846180159635
0 0.18067830558722917 0.4887271881413911 0.17846892018244015 0.5383793762827822 0.2005506237172178 0.5421855701254276 0.2012434401368301 0.48968967616875714 0.18067830558722917 0.4887271881413911
0 0.14819708779931587 0.4731653500570125 0.1429773181299886 0.534386874572406 0.1730771242873432 0.5358817525655645 0.1749314298745724 0.4759841904218928 0.14819708779931587 0.4731653500570125