0 0.7804833318129989 0.9578003922462942 0.7901518950969213 0.9252795051311289 0.7287436419612314 0.9142523751425314 0.7157238323831243 0.947165362599772 0.7804833318129989 0.9578003922462942
0 0.5904605655644243 0.9894608905359179 0.6044319190421892 0.9327234743443557 0.579727141391106 0.925057503990878 0.5633212668187001 0.9820523557582668 0.5904605655644243 0.9894608905359179
0 0.5352369007981755 0.8469808221208666 0.5407396567844925 0.8099598095781072 0.4831082485746864 0.7976678802736601 0.47354381984036487 0.8358584367160776 0.5352369007981755 0.8469808221208666
0 0.6726077594070696 0.8294583101482326 0.6788235256556442 0.791630237172178 0.6448966237172178 0.7898553147092361 0.6430365416191562 0.8201443363740022 0.6726077594070696 0.8294583101482326
0 0.562337117445838 0.5027114127708096 0.5728282576966933 0.46644827366020525 0.5221700923603193 0.45573437856328397 0.5088099942987457 0.48680236374002284 0.562337117445838 0.5027114127708096
0 0.2793584811858609 0.8694064241733181 0.294859566704675 0.8359033329532497 0.26124239338654504 0.8233920307867731 0.24361162941847206 0.8592497662485747 0.2793584811858609 0.8694064241733181
0 0.2309155518814139 0.81733269327252 0.1935955290763968 0.8013046408209806 0.1765525188141391 0.837246558722919 0.21008705815279363 0.8503458335233751 0.2309155518814139 0.81733269327252
0 0.2709615461801596 0.3958699977194983 0.29760727594070696 0.37266030330672745 0.2784942212086659 0.3508047708095781 0.2536946054732041 0.3736774903078678 0.2709615461801596 0.3958699977194983
0 0.9523562394526796 0.11243721208665906 0.9606670330672749 0.07888923831242874 0.9058930661345496 0.06759690421892817 0.8966500992018244 0.09924509236031928 0.9523562394526796 0.11243721208665906
0 0.6951599464082098 0.043971413911060436 0.7026378380843786 0.02703796465222349 0.6479662508551881 0.017139064994298746 0.6419762041049031 0.029907801596351195 0.6951599464082098 0.043971413911060436
0 0.8944759646522235 0.8357144675028507 0.9054640216647662 0.7959268118586089 0.8780653033067275 0.7860866339794754 0.8585995062713797 0.8264799988597491 0.8944759646522235 0.8357144675028507
0 0.7943805667046749 0.5197479794754847 0.7982097046750285 0.5053122805017104 0.741319802736602 0.4877330307867731 0.7362438198403649 0.5067854458380844 0.7943805667046749 0.5197479794754847