0 0.3199387263397947 0.8409517673888255 0.3028411630558723 0.8123926978335233 0.2729594606613455 0.8259950125427593 0.28634453705815277 0.8596754355758266 0.3199387263397947 0.8409517673888255
0 0.3818631527936146 0.9391288563283922 0.3604208437856329 0.9038717149372862 0.32972957468643105 0.9224555917901939 0.352154259977195 0.9560648711516534 0.3818631527936146 0.9391288563283922
0 0.5236928677309007 0.9309337651083238 0.504873669327252 0.8942870501710377 0.4710638962371722 0.9114752770809579 0.48553356898517674 0.9519417286202965 0.5236928677309007 0.9309337651083238
0 0.5037382291904219 0.8862938312428734 0.4913855963511973 0.8657016795895097 0.461497937286203 0.8723898118586089 0.4630700889395667 0.8993900433295325 0.5037382291904219 0.8862938312428734
0 0.45523943671607753 0.820901865450399 0.391665905359179 0.6990171071835803 0.3590916408209806 0.7112912348916761 0.41909236830102625 0.8302039281641961 0.45523943671607753 0.820901865450399
0 0.4733530022805017 0.7558391083238313 0.4880910513112885 0.8068666294184721 0.5269111961231471 0.7976873637400228 0.5047543876852908 0.7433792143671608 0.4733530022805017 0.7558391083238313
0 0.5666423261117446 0.7014822998859749 0.5523297080957811 0.6553297867730902 0.5199151539338654 0.6628200011402509 0.5385303534777651 0.7129603067274801 0.5666423261117446 0.7014822998859749
0 0.7709752633979475 0.8522738198403648 0.8025125176738883 0.8692902725199544 0.8161964549600913 0.836290251995439 0.7868802371721779 0.8163176636259977 0.7709752633979475 0.8522738198403648
0 0 0.5087968255416191 0.017537393386545037 0.49788771493728623 0.0002484732041049031 0.45908034777651086 0 0.4609081163055872 0 0.5087968255416191
0 0.7875225758266818 0.57715965336374 0.7741412291904219 0.5744391049030787 0.7662998677309008 0.628202488027366 0.779162865450399 0.6299407924743443 0.7875225758266818 0.57715965336374
0 0.6472280843785633 0.6439111448118585 0.6083469646522236 0.6353467924743443 0.6000631984036487 0.6713077274800456 0.6414969395667046 0.683881700114025 0.6472280843785633 0.6439111448118585