0 0.6386988825541619 0.0381922212086659 0.619517188141391 0.016307695553021667 0.5895925952109464 0.04406270581527936 0.607280874572406 0.06566949486887115 0.6386988825541619 0.0381922212086659
0 0.29531925313568985 0.2258700125427594 0.3333872896237172 0.19308398403648802 0.3018601619156214 0.15798006955530217 0.2571835849486887 0.18862198859749144 0.29531925313568985 0.2258700125427594
0 0.3866337103762828 0.25473201596351197 0.3715420638540479 0.23092389053591791 0.3291164891676169 0.2579287856328392 0.35463794982896235 0.28276729190421895 0.3866337103762828 0.25473201596351197
0 0.41451495324971493 0.38967868072976053 0.4302828209806157 0.41583807525655647 0.46297435005701254 0.3992651870011403 0.4539659737742303 0.37097640478905364 0.41451495324971493 0.38967868072976053
0 0.5262379977194983 0.033217142531356894 0.5134800752565565 0.008140862029646522 0.48270950285062714 0.020176759407069558 0.5040825689851768 0.04526800912200684 0.5262379977194983 0.033217142531356894
0 0.5944802554161915 0.8475393979475485 0.6230801767388826 0.832890164196123 0.6100277958950969 0.8078882668187001 0.5781412816419612 0.8219940581527936 0.5944802554161915 0.8475393979475485
0 0.6000827742303307 0.7868037491448119 0.6297452519954391 0.7685558654503991 0.6149769236031927 0.7454102987457241 0.581411637400228 0.762526511972634 0.6000827742303307 0.7868037491448119
0 0.2728137069555302 0.7893283762827822 0.2771606921322691 0.8117309407069555 0.31828387913340933 0.798425156214367 0.31219811630558725 0.7772699714937286 0.3094684310148233 0.7756611311288484 0.2728137069555302 0.7893283762827822
0 0.14963518129988598 0.5965770125427594 0.17784871265678448 0.5878761368301026 0.167117149372862 0.5527745929304447 0.14307325883694413 0.5617863888255417 0.14963518129988598 0.5965770125427594
0 0.15844066020524517 0.5084253819840364 0.18345953021664768 0.4933070889395667 0.17322004903078678 0.47229695553021667 0.1422880182440137 0.4882158517673888 0.15844066020524517 0.5084253819840364
0 0.9305412177879133 0.8245267080957811 0.9194047901938426 0.8118576465222349 0.8705538814139111 0.8420543511972635 0.8789166921322691 0.8519013044469783 0.9305412177879133 0.8245267080957811
0 0.9243644709236032 0.8858765210946409 0.9576923922462941 0.8704696328392246 0.9489087958950969 0.8571242976054732 0.9186943181299886 0.876578117445838 0.9243644709236032 0.8858765210946409
0 0.10369505815279362 0.33583865336374 0.08731464310148232 0.3091065370581528 0.06356694184720639 0.3265553238312429 0.08056141277080958 0.35385854503990877 0.10369505815279362 0.33583865336374
0 0.06464929532497149 0.5277260353477765 0.09598838540478906 0.506450606613455 0.08354302622576967 0.48181837514253134 0.048186102622576964 0.4986234891676169 0.06464929532497149 0.5277260353477765