0 0 0.6026552428734321 0.039292381984036485 0.614216881413911 0.06476712542759408 0.5694752941847206 0.009487820980615735 0.5575123557582669 0 0.583722361459521 0 0.6026552428734321
0 0 0.493316409350057 0.04808288483466362 0.5004739692132268 0.06220509464082098 0.44691819954389966 0.00817418015963512 0.43033876168757124 0 0.47260651539338655 0 0.493316409350057
0 0.3519106522234892 0.3139212269099202 0.3972972269099202 0.3322805518814139 0.41021579589509694 0.29156661915621435 0.364309236031927 0.2790290843785633 0.3519106522234892 0.3139212269099202
0 0.4359620592930445 0.2790120011402509 0.5319881938426454 0.29969630444697837 0.5396336248574687 0.266627582668187 0.4441981322690992 0.2417518779931585 0.4359620592930445 0.2790120011402509
0 0.7390933238312428 0.07182873888255416 0.7641463740022806 0.03220956556442418 0.7062327126567844 0.02407033181299886 0.6937690125427595 0.04449385518814139 0.7390933238312428 0.07182873888255416
0 0.5979511117445838 0.598285542759407 0.585558251995439 0.6480576693272521 0.6380525108323831 0.6606390250855187 0.6500430912200684 0.61159613340935 0.5979511117445838 0.598285542759407
0 0.3038717388825542 0.9031794994298746 0.22110244469783352 0.8777707765108325 0.20311940820980615 0.9417326818700114 0.27416819498289624 0.9652117594070696 0.3038717388825542 0.9031794994298746
0 0.36474251539338653 0.9350960581527936 0.3762647023945268 0.9085617194982897 0.343907637400228 0.897761189281642 0.3348284082098062 0.9260999578107183 0.36474251539338653 0.9350960581527936
0 0.14418418700114025 0.42249921550741165 0.21006735347776512 0.4443371550741163 0.21834106499429876 0.42812933751425314 0.1495080718358039 0.40168288597491447 0.14418418700114025 0.42249921550741165
0 0.20814655644241734 0.48360195438996584 0.20709355530216647 0.49962698403648803 0.23980985290763968 0.5121489498289624 0.24226906727480046 0.49678386316989737 0.20814655644241734 0.48360195438996584
0 0.17150710832383123 0.47126390535917906 0.16910292816419611 0.4841042690992018 0.20465903420752565 0.4998844196123147 0.2013582063854048 0.4977621915621437 0.2025145245153934 0.4810132462941847 0.17150710832383123 0.47126390535917906
0 0.1357132850627138 0.4614414640820981 0.13137859179019384 0.47520810490307863 0.1622907685290764 0.48777946750285067 0.16276995096921323 0.46943797149372857 0.1357132850627138 0.4614414640820981