0 0.6183844367160776 0.47522690763968073 0.6339994218928163 0.42599949714937285 0.56509269327252 0.4054673238312429 0.5496926157354618 0.4571333774230331 0.6183844367160776 0.47522690763968073
0 0.48362828962371723 0.4376525496009122 0.4484019475484607 0.42846633865450395 0.44066351995438996 0.4735293318129989 0.4733426522234892 0.4808092269099202 0.48362828962371723 0.4376525496009122
0 0.4565239384264538 0.7074861573546181 0.40339352109464083 0.6936607651083239 0.3817216157354618 0.7545514469783352 0.43148499087799314 0.773554488027366 0.4565239384264538 0.7074861573546181
0 0.15042041163055872 0.5634195028506271 0.09806219954389966 0.5485141151653363 0.06260536830102623 0.6432921311288483 0.11483706955530217 0.6548711505131128 0.15042041163055872 0.5634195028506271
0 0.11046948118586089 0.34488553477765105 0.0749951755986317 0.34107041049030784 0.06574147776510833 0.391904921322691 0.10598044697833522 0.3919660604332953 0.11046948118586089 0.34488553477765105
0 0 0.587256716077537 0.038653571265678456 0.5950133534777652 0.06134478221208666 0.4879938905359179 0 0.4747250729760547 0 0.587256716077537
0 0.12080406385404789 0.8605097856328393 0.08703821322690992 0.940825841505131 0.12891156898517675 0.947457929304447 0.15235359863169898 0.8739228574686431 0.12080406385404789 0.8605097856328393
0 0.061924271379703535 0.860201409350057 0.02651370695553022 0.852188322690992 0.021161093500570122 0.878392354618016 0.051388267958950976 0.8846827468643101 0.061924271379703535 0.860201409350057
0 0.13172598631698973 0.8105390649942987 0.10267467616875713 0.8041359179019385 0.09278016647662486 0.8362332474344356 0.12326653135689852 0.8464705917901938 0.13172598631698973 0.8105390649942987
0 0.44049510832383126 0.15188361915621437 0.4063794492588369 0.1470813797035348 0.40018467730900803 0.26212398175598633 0.43464864994298746 0.2582646966932725 0.44049510832383126 0.15188361915621437
0 0.931966496009122 0.7467197913340935 0.8981279418472063 0.7401579874572406 0.8924620809578108 0.7759308244013684 0.9208903854047891 0.7807340011402508 0.931966496009122 0.7467197913340935
0 0.9617506123147093 0.20558712428734321 0.9773344230330673 0.15275103192702397 0.9414888301026225 0.15128012314709235 0.933657274800456 0.19693110034207525 0.9617506123147093 0.20558712428734321
0 0.6791738426453819 0.13317840592930444 0.6084692816419612 0.131598322690992 0.603921929304447 0.14891262827822122 0.6781531767388825 0.14985056328392246 0.6791738426453819 0.13317840592930444
0 0.6740569293044469 0.04399874572405929 0.6408646431014823 0.04475311516533638 0.6400773660205246 0.0800979236031927 0.6756865039908779 0.08002533865450398 0.6740569293044469 0.04399874572405929
0 0.4921963329532497 0.049460474344355757 0.43695566362599775 0.05273423489167617 0.43487372633979476 0.08486665108323832 0.4939026465222349 0.08910771037628279 0.4921963329532497 0.049460474344355757
0 0.04585640592930445 0.17955324515393387 0.10328621208665907 0.1814354196123147 0.09445750057012543 0.08896268757126567 0.06027515735461802 0.08805736944127708 0.04585640592930445 0.17955324515393387