0 0.13835220296465223 0.14605584606613456 0.18973632383124286 0.08952387799315849 0.1524221904218928 0.0438417582668187 0.09725245724059293 0.11583941619156214 0.13835220296465223 0.14605584606613456
0 0.07431176966932726 0.2700439749144812 0.045321501710376286 0.29215430672748005 0.0758634401368301 0.3362735393386545 0.10234143557582669 0.31806250285062715 0.07431176966932726 0.2700439749144812
0 0.39170770695553025 0.5286107708095782 0.4016291790193843 0.49493500912200683 0.36880250285062716 0.48580029760547316 0.3563651664766248 0.5160508859749144 0.39170770695553025 0.5286107708095782
0 0.3524247274800456 0.4571624720638541 0.3665067251995439 0.42325450171037626 0.3326770741163056 0.4010791949828963 0.31383959407069556 0.4279250102622577 0.3524247274800456 0.4571624720638541
0 0.6342029384264538 0.31847452565564427 0.5867696716077537 0.29269112542759407 0.571457692132269 0.32388973660205245 0.6116872964652224 0.34946826339794756 0.6342029384264538 0.31847452565564427
0 0.618960770809578 0.2674045347776511 0.6494558996579247 0.21857413911060433 0.6217265074116305 0.2022332622576967 0.5903980980615735 0.2491619726339795 0.618960770809578 0.2674045347776511
0 0.6288746807297606 0.7354853363740023 0.6050952326111744 0.7099020034207526 0.5809743432155074 0.727822047890536 0.6029347035347776 0.7556421824401368 0.6288746807297606 0.7354853363740023
0 0.7807942930444697 0.8765537457240592 0.7567202930444697 0.8534434925883694 0.7366422497149373 0.8750577502850627 0.7572790513112885 0.9018424059293044 0.7807942930444697 0.8765537457240592
0 0.15859204446978337 1 0.1924418449258837 0.9739191197263398 0.16815655872291904 0.9466520684150512 0.1401073511972634 0.9764267183580387 0.156049251995439 1 0.15859204446978337 1
0 0.9570860980615735 0.6314752132269099 0.9893472417331812 0.5897198301026226 0.9604492645381983 0.5687336180159636 0.9272184184720639 0.6099122542759408 0.9570860980615735 0.6314752132269099
0 0.8901515450399088 0.627131354618016 0.9160522109464082 0.5969231277080957 0.8910521687571266 0.5784509281641962 0.8698473283922462 0.6103762383124288 0.8901515450399088 0.627131354618016
0 0.8609461664766249 0.6962227799315849 0.8382105222348917 0.6645244709236032 0.8087754595210946 0.6878842611174458 0.8304361265678448 0.7181356031927024 0.8609461664766249 0.6962227799315849
0 0.5777022805017104 0.1603660809578107 0.5983887970353478 0.12910419612314708 0.558758771949829 0.09866480273660205 0.5367386339794755 0.13368126567844926 0.5777022805017104 0.1603660809578107
0 0.08651107981755986 0.6154364435575826 0.10773126339794754 0.5860721014823261 0.08228661801596351 0.5688509099201824 0.06425573318129989 0.5973938893956671 0.08651107981755986 0.6154364435575826
0 0.6373925575826682 0.41751938654503995 0.6866205644241733 0.44573972633979475 0.690390534777651 0.4301594629418472 0.6485481231470923 0.40118970809578103 0.6373925575826682 0.41751938654503995
0 0.6526866624857469 0.5055397183580388 0.6771053956670467 0.47786535575826683 0.647463118586089 0.46056135917901936 0.6205184583808439 0.48960060433295327 0.6526866624857469 0.5055397183580388
0 0.6732299623717218 0.760547849486887 0.6621685678449258 0.7459763432155074 0.6401139851767389 0.761249842645382 0.6499465701254277 0.7779935438996579 0.6732299623717218 0.760547849486887
0 0.6086317651083237 0.7776809099201825 0.6211230820980617 0.7917053238312428 0.658548457240593 0.7506098745724059 0.6487069783352337 0.7386529350057013 0.6086317651083237 0.7776809099201825