0 0.6316626339794754 0.7465536636259977 0.6347939429874573 0.8009358141391106 0.6865426328392247 0.7948323147092361 0.6897317035347778 0.7492264925883695 0.6316626339794754 0.7465536636259977
0 1 0.11957184606613455 0.9738550820980616 0.11774361459521095 0.9774976168757127 0.18466071151653363 1 0.18234375256556443 1 0.11957184606613455
0 0.6663590866590651 0.11151767502850628 0.6716725496009122 0.17438521550741162 0.7754862428734322 0.17747817673888255 0.7791322086659065 0.10551502052451539 0.6663590866590651 0.11151767502850628
0 0.6308709475484606 0.04376147206385405 0.6360377753705815 0.009541657924743444 0.5725428244013683 0.005101659064994299 0.5735046864310148 0.05086147434435576 0.6308709475484606 0.04376147206385405
0 0.29039155758266816 0.6282502405929304 0.29476495210946413 0.7243848038768529 0.3508483397947548 0.7158073397947549 0.34451398289623714 0.627870015963512 0.29039155758266816 0.6282502405929304
0 0.33833272405929304 0.4385589304446978 0.35275506499429876 0.529840465222349 0.3736540011402509 0.5285247833523375 0.3664219236031927 0.43357964310148234 0.33833272405929304 0.4385589304446978
0 0.30196062599771956 0.44295902166476625 0.31108337628278215 0.5505355689851767 0.33188563397947546 0.550602449258837 0.32176848460661345 0.43740064652223487 0.30196062599771956 0.44295902166476625
0 0.2662228198403649 0.47795758380843784 0.2723373249714937 0.5492155028506271 0.29323626111744583 0.5478998221208666 0.2815993033067275 0.4762557354618016 0.2662228198403649 0.47795758380843784
0 0.17166024173318128 0.32274407753705814 0.17617099315849485 0.37722268871151654 0.19559391676168758 0.3771915496009122 0.18694015621436716 0.3224232314709236 0.17166024173318128 0.32274407753705814
0 0.20103231470923602 0.319242251995439 0.20958939794754847 0.3753931322690992 0.22496599087799315 0.3736897251995439 0.21769323261117446 0.3190179749144812 0.20103231470923602 0.319242251995439
0 0.36493391106043327 0.2168212702394527 0.3738914675028507 0.346606015963512 0.3991235416191562 0.34281625997719495 0.3915469874572406 0.21312808209806158 0.36493391106043327 0.2168212702394527
0 0.8949833797035348 0.17382998859749146 0.8853546020524516 0.09042389623717217 0.8718698996579247 0.08769535461801597 0.876692874572406 0.18029015621436714 0.8949833797035348 0.17382998859749146
0 0.9189833797035348 0.1707482006841505 0.9156453819840364 0.14194519042189283 0.9023786636259977 0.1445886898517674 0.9089775496009123 0.17778455644241734 0.9189833797035348 0.1707482006841505
0 0.34118922234891674 0.21069688027366018 0.32090393044469784 0.2116591938426454 0.32682756784492584 0.24599980843785632 0.34553078563283923 0.24492686431014823 0.34118922234891674 0.21069688027366018