0 0.6379614846066134 0.4476688985176739 0.6075517742303307 0.44225132155074115 0.5779595838084379 0.5767308745724059 0.6080149247434437 0.5835967844925884 0.6379614846066134 0.4476688985176739
0 0.7735084925883694 0.16134645496009123 0.7647485952109464 0.21285874458380843 0.809976401368301 0.22723752109464082 0.8166056909920182 0.17779079931584948 0.7735084925883694 0.16134645496009123
0 0.8142170421892817 0.0447969441277081 0.7895803911060433 0.04089488255416192 0.779048023945268 0.09279087001140252 0.8046596510832383 0.10135440592930445 0.8142170421892817 0.0447969441277081
0 0.8509661550741163 0.11650359977194984 0.8640783272519954 0.05269419612314709 0.8329892941847207 0.04777017673888255 0.8134424321550741 0.10905754846066133 0.8509661550741163 0.11650359977194984
0 0.9076698631698974 0.2938084948688712 0.8960688620296465 0.344271228050171 0.9287621356898518 0.35425854389965794 0.9411061995438996 0.29910429076396805 0.9076698631698974 0.2938084948688712
0 0.8948286921322691 0.7811148688711517 0.8610554230330674 0.7703553477765108 0.8459255518814139 0.8319816111744583 0.8835661687571266 0.8370415724059294 0.8948286921322691 0.7811148688711517
0 0.7594129019384265 1 0.7684447981755987 0.945049882554162 0.7344720228050171 0.9378672531356899 0.7229490205245154 1 0.7594129019384265 1
0 0.26198962257696695 0.44102210832383126 0.24007836830102625 0.556581220068415 0.25394110604332953 0.5563722565564424 0.27736371607753707 0.4464628814139111 0.26198962257696695 0.44102210832383126
0 0.4342294116305587 0.405181338654504 0.42228416077537057 0.4008847913340935 0.4097068118586089 0.46622166590649944 0.42009297149372865 0.4678666716077537 0.4342294116305587 0.405181338654504
0 0.12789693842645383 0.365079157354618 0.11882797377423032 0.34260248346636263 0.09220721550741164 0.43096344925883695 0.10628485974914481 0.4331931288483466 0.12789693842645383 0.365079157354618
0 0.3035728015963512 0.10254588369441277 0.27174486202964654 0.09089058950969213 0.2520539395667047 0.14307934207525655 0.2960149281641961 0.1578554629418472 0.3035728015963512 0.10254588369441277
0 0.0634607685290764 0.14927818928164194 0.058288465222348915 0.18573034891676168 0.09487190992018243 0.19392920296465221 0.10149728620296465 0.15590373318129988 0.0634607685290764 0.14927818928164194
0 0.5321418540478905 0.18563587457240593 0.537343054732041 0.1527967810718358 0.5006945701254276 0.14879410262257695 0.49721936259977195 0.16988670695553024 0.5321418540478905 0.18563587457240593
0 0.662367283922463 0.13412499885974913 0.6337171368301027 0.12898452793614595 0.6243702348916761 0.15846340820980614 0.6544485461801596 0.16893986316989737 0.662367283922463 0.13412499885974913
0 1 0.14268857126567847 0.9944983010262258 0.14043916191562142 0.9832451482326112 0.17352360433295327 1 0.17934935233751423 1 0.14268857126567847
0 0.6384720205245155 0.8354938449258837 0.6513150980615736 0.7695979064994298 0.5867590421892817 0.7557663249714937 0.5683448905359179 0.8367103979475485 0.6384720205245155 0.8354938449258837