0 0.2267446499429875 0.8198370285062714 0.27231628392246293 0.8044702656784494 0.26720292702394527 0.7855571391106044 0.218206015963512 0.7957590912200684 0.2267446499429875 0.8198370285062714
0 0.6701629407069555 0.31593410490307866 0.7155424618015964 0.31036220068415055 0.7130098643101482 0.2897358517673888 0.6676303443557582 0.295307755986317 0.6701629407069555 0.31593410490307866
0 1 0.657817865450399 0.9899029281641961 0.6577356522234892 0.9924092120866591 0.6895328494868872 1 0.691077969213227 1 0.657817865450399
0 1 0.5992677548460661 0.9912295473204105 0.600344630558723 0.9914708392246295 0.6477734389965792 1 0.6487382052451539 1 0.5992677548460661
0 0.8527551550741163 0.5866385644241734 0.8544436168757126 0.6003899806157355 0.9627152257696693 0.5954708244013682 0.9627384367160775 0.5843003580387686 0.8527551550741163 0.5866385644241734
0 0.8678324663625998 0.6071209623717218 0.8698585438996579 0.6236220421892816 0.9640411197263398 0.617641684150513 0.9625215610034207 0.6052658745724059 0.8678324663625998 0.6071209623717218
0 0.8732851812998859 0.6287851117445837 0.8739354606613455 0.6454535438996579 0.9538601003420752 0.637036378563284 0.9499286852907639 0.6277493990877993 0.8732851812998859 0.6287851117445837
0 0.8457341847206385 0.6545016088939567 0.8474224561003421 0.6682514743443558 0.956730503990878 0.6604139418472065 0.9524612827822121 0.648375748004561 0.8457341847206385 0.6545016088939567
0 0.9532806567844926 0.6664213375142531 0.860642401368301 0.6736068494868871 0.8609554458380844 0.6875287194982895 0.9570199578107184 0.6855031778791334 0.9532806567844926 0.6664213375142531
0 0.8990957240592929 0.6912190330672747 0.9007841858608895 0.7049704503990878 0.9427123090079818 0.70540613340935 0.946526274800456 0.6909791037628278 0.8990957240592929 0.6912190330672747
0 0.6664960285062714 0.3429054663625998 0.6672920022805018 0.3721199726339795 0.701499314709236 0.3665234971493728 0.6987980045610035 0.3445230912200684 0.6664960285062714 0.3429054663625998
0 0.3569235438996579 0.7944060923603193 0.35417310490307863 0.7720055655644242 0.2834896385404789 0.7858494675028506 0.28833440364880275 0.8058188244013683 0.3569235438996579 0.7944060923603193