0 0.028790726339794754 0.24446526909920183 0.020371698973774232 0.2771057092360319 0.07538891562143671 0.2999988278221209 0.08518718472063853 0.26747748688711515 0.028790726339794754 0.24446526909920183
0 0.811979637400228 0.5758309384264538 0.7246334104903079 0.636334385404789 0.7542552656784492 0.6792559920182439 0.8446027115165337 0.6162342246294185 0.811979637400228 0.5758309384264538
0 0.5967550980615736 1 0.606531425313569 0.9848062212086659 0.5539815974914482 0.9496125929304448 0.5380585404789053 0.9885511049030787 0.5662499167616876 1 0.5967550980615736 1
0 0.8881574675028506 1 0.910716677309008 0.9891671208665906 0.8875121288483466 0.9523687445838085 0.856234850627138 0.9760563261117445 0.8676951003420753 1 0.8881574675028506 1
0 0.8416734127708096 0.9358419977194983 0.8278888118586089 0.9026502234891676 0.7859331356898518 0.9212314401368301 0.8071008380843786 0.9495073625997719 0.8416734127708096 0.9358419977194983
0 0.7458745895096922 0.9816998950969213 0.7528272862029646 0.9976054515393387 0.7858982690992019 0.985201513112885 0.7779288415051312 0.9650333112884835 0.7458745895096922 0.9816998950969213
0 0.7824488836944128 0.9292708597491448 0.7333499965792475 0.9500080216647662 0.7443223340935006 0.9676564811858609 0.7900562041049031 0.9535779395667047 0.7824488836944128 0.9292708597491448
0 0.8033646761687572 0.07024525199543899 0.6975070889395667 0.0721106282782212 0.6989385530216647 0.08753470695553021 0.8090587856328392 0.08465260091220068 0.8033646761687572 0.07024525199543899
0 0.656470150513113 0.5093792132269099 0.6984084629418472 0.5227822554161915 0.7154182428734321 0.4714224401368301 0.6722200604332954 0.45651794298745724 0.656470150513113 0.5093792132269099
0 0.13097508893956672 0.37996025997719496 0.0787192006841505 0.35730872633979477 0.06874778335233751 0.3759073078677309 0.12562713911060433 0.3933999851767389 0.13097508893956672 0.37996025997719496
0 0.12315975256556443 0.405700496009122 0.0745612645381984 0.38893229988597494 0.06519367388825542 0.40062912086659064 0.12009009578107183 0.4249029030786773 0.12315975256556443 0.405700496009122
0 0.7520524663625998 0.687402818700114 0.7009266362599772 0.5905219988597491 0.6364536088939566 0.632575330672748 0.6908653591790194 0.7259604846066134 0.7520524663625998 0.687402818700114
0 0.9131186271379703 0.5631804561003421 0.8678614937286202 0.5013899692132269 0.8001707309007982 0.5495658403648803 0.8368363477765108 0.6107583785632839 0.9131186271379703 0.5631804561003421
0 0.8512197981755987 0.5076853797035348 0.8544351265678449 0.45729103534777654 0.749452779931585 0.4582417149372862 0.7493095096921323 0.5075669247434436 0.8512197981755987 0.5076853797035348
0 0.9109568015963513 0.09737105815279362 0.9235856522234891 0.04839787799315849 0.9069123454960091 0.04483583580387685 0.8929327776510833 0.0922164834663626 0.9109568015963513 0.09737105815279362