0 1 0.4912724606613455 0.9991955872291904 0.4682371014823261 0.9523127411630559 0.4754120353477765 0.9591071163055872 0.5111732622576967 1 0.5042679315849486 1 0.4912724606613455
0 1 0.9548348893956671 0.9045263557582669 0.9727483443557582 0.9076812736602052 0.9837136681870012 1 0.9814493443557583 1 0.9548348893956671
0 0.6219914789053592 0.900927417331813 0.6853925689851768 0.8904052166476625 0.6849909167616876 0.8391911607753706 0.611848984036488 0.8486683010262258 0.6219914789053592 0.900927417331813
0 0.6445138038768529 0.9901348050171037 0.7218094561003421 0.980512614595211 0.7144356408209807 0.9281583762827823 0.6386699692132269 0.9418812326111745 0.6445138038768529 0.9901348050171037
0 0.4014235518814139 0.936320125427594 0.4897469521094641 0.9249276180159635 0.47768823603192706 0.8575073899657926 0.38249075370581526 0.8705236009122007 0.4014235518814139 0.936320125427594
0 0.5096785496009122 0.9796137662485747 0.6086434572405929 0.9553904971493729 0.6102063386545039 0.9207210832383125 0.5012109236031927 0.9356043477765108 0.5096785496009122 0.9796137662485747
0 0.12586230444697835 0.6274973842645382 0.11948723375142532 0.5640312109464082 0.06434526567844927 0.5728797765108324 0.0734407023945268 0.634867299885975 0.12586230444697835 0.6274973842645382
0 0.0029825074116305588 0.5584078027366021 0.1118888221208666 0.5449128688711516 0.11478546978335233 0.5088147879133409 0.001678629418472064 0.5210696248574687 0.0029825074116305588 0.5584078027366021
0 0.03665423603192702 0.33570482440136834 0.050436133409350055 0.4127582816419612 0.095644165336374 0.39733521208665906 0.08067188369441276 0.32586107297605477 0.03665423603192702 0.33570482440136834
0 0.08663067730900799 0.17889014481185864 0.17327931698973773 0.15925106157354618 0.15553684834663625 0.08787366020524516 0.060870546180159635 0.1161009110604333 0.08663067730900799 0.17889014481185864
0 0.4675824139110604 0.17112632839224629 0.4524323432155074 0.1342732337514253 0.3987719874572406 0.14583737286202966 0.4069016351197263 0.18016831584948687 0.4675824139110604 0.17112632839224629
0 0.4743284743443557 0.20550402394526796 0.5472289475484606 0.18911234891676168 0.5435412326111745 0.1629344766248575 0.47350757354618017 0.1819964777651083 0.4743284743443557 0.20550402394526796
0 0.6874742725199544 0.1163735473204105 0.6802935473204105 0.06954875256556442 0.5910196636259978 0.09343516647662485 0.6012104184720638 0.14707625313568984 0.6874742725199544 0.1163735473204105
0 0.5945441071835803 0.3134540068415051 0.6634840638540479 0.3027399475484606 0.6653850342075257 0.27775213340935007 0.5938680387685291 0.29409393272519957 0.5945441071835803 0.3134540068415051
0 0.38387804446978335 0.5132622394526796 0.46275042987457243 0.5091242998859749 0.4588228141391106 0.4760318369441277 0.3801903283922463 0.4870843671607754 0.38387804446978335 0.5132622394526796
0 0.39067242075256553 0.5490234663625998 0.46529445838084377 0.5422635142531357 0.46461838996579247 0.5229034401368301 0.39429339566704674 0.5336674298745724 0.39067242075256553 0.5490234663625998
0 0.33364707867730903 0.5039392827822121 0.37227080273660207 0.4984379828962372 0.3712567001140251 0.4693978722919042 0.33124793728620294 0.47494910148232616 0.33364707867730903 0.5039392827822121
0 0.33490264196123143 0.5398939304446979 0.3679392405929304 0.5332025176738883 0.37165835119726337 0.5206119281641961 0.33842860547320414 0.5217723363740022 0.33490264196123143 0.5398939304446979
0 0.2049584754846066 0.17323368072976056 0.28244390307867734 0.16340474002280503 0.27747251767388825 0.11457036602052452 0.20295582212086657 0.13294309122006842 0.2049584754846066 0.17323368072976056
0 0.8656894914481186 0.8558747229190422 0.8576302964652223 0.8122340877993158 0.784131417331813 0.8171756088939567 0.7948333283922463 0.8684411596351197 0.8656894914481186 0.8558747229190422