0 0.8908979635119726 0.7980244458380844 0.8624189247434436 0.817202976054732 0.9200301516533638 0.8896465575826681 0.9469494675028507 0.8634507012542759 0.8908979635119726 0.7980244458380844
0 1 0.815776078677309 0.9729920342075257 0.8271976761687572 1 0.8544733124287344 1 0.815776078677309
0 0.849968473204105 0.28932311060433297 0.7949661436716077 0.3051615245153934 0.8132103625997719 0.36376475142531356 0.8629523990877993 0.34629892246294186 0.849968473204105 0.28932311060433297
0 0.6086225313568986 0.7905338038768529 0.5461580433295325 0.8275876944127708 0.5669104139110605 0.8603411425313569 0.6288627685290764 0.8257161311288483 0.6086225313568986 0.7905338038768529
0 0.5607332269099202 0.6534673021664766 0.5966972052451539 0.7033664663625998 0.6390013683010262 0.6758230421892817 0.6073123728620295 0.6338941174458381 0.5607332269099202 0.6534673021664766
0 0.3473428711516534 0.6551500262257696 0.31277274458380844 0.6608566009122007 0.3306751505131129 0.7087582713797036 0.3629061163055872 0.7023638871151653 0.3473428711516534 0.6551500262257696
0 0.21186658608893957 0.230714330672748 0.1403113694412771 0.2569412052451539 0.16961783010262257 0.3193431870011403 0.23342901140250855 0.2923037833523375 0.21186658608893957 0.230714330672748
0 0.47816953021664765 0 0.4777749395667047 0.00003452223489167617 0.5061746499429874 0.05029746408209806 0.554809401368301 0.02696989851767389 0.5394151824401369 0 0.47816953021664765 0
0 0.7528405404789054 0.08861680843785634 0.6991400342075257 0.10255484150513113 0.7086271596351197 0.14285006841505132 0.7608935176738882 0.1269514446978335 0.7528405404789054 0.08861680843785634
0 0.7445442565564424 0.15729026225769668 0.7326107411630559 0.15803629988597492 0.7454781037628279 0.21651235461801596 0.7616600148232611 0.21748069327251995 0.7445442565564424 0.15729026225769668
0 0.17056708209806157 0.11631599999999999 0.13715888255416192 0.1254970285062714 0.16209410376282782 0.19245357012542758 0.19357819612314708 0.18433490649942985 0.17056708209806157 0.11631599999999999
0 0.0618479236031927 0.10287943101482326 0.02041043101482326 0.11306094070695552 0.04531771379703534 0.1728677103762828 0.08194217559863169 0.15536062029646522 0.0618479236031927 0.10287943101482326
0 0.32862846408209806 0.06314866248574687 0.3033910581527936 0.015291134549600913 0.2649332725199544 0.018655754846066134 0.2965280729760547 0.0799635062713797 0.32862846408209806 0.06314866248574687
0 0.4444047092360319 0.8040069749144811 0.40898388597491453 0.8133640843785632 0.42289399885974915 0.849696242873432 0.455790322690992 0.8372818996579248 0.4444047092360319 0.8040069749144811
0 0.48637193500570125 0.8647068335233752 0.44377794070695553 0.8907840011402509 0.4694692303306727 0.9254894230330672 0.5096663101482326 0.9011120034207525 0.48637193500570125 0.8647068335233752
0 0.47172830102622576 1 0.46254692930444696 0.9704983888255416 0.4134374652223489 0.9733048654503991 0.4267101163055872 1 0.47172830102622576 1
0 0.5332083648802737 0.8567334914481186 0.49717566704675026 0.874191945267959 0.5100730615735461 0.8921361459521095 0.5422447662485747 0.8714393774230331 0.5332083648802737 0.8567334914481186
0 0.8328620558722919 0.9223055359179019 0.8061704321550741 0.9443093454960092 0.8412784903078677 0.9708002827822121 0.8767477742303307 0.9673395108323831 0.8328620558722919 0.9223055359179019
0 0.7235602850627137 0.3203489977194983 0.6908415986316989 0.32798122576966937 0.7010180285062714 0.35569976852907637 0.7328864811858609 0.34516183808437856 0.7235602850627137 0.3203489977194983