0 0.7542783432155075 0.12355011402508552 0.7421687423033068 0.013092955530216647 0.6947103078677309 0.019982773090079817 0.7073964082098062 0.13337561687571264 0.7542783432155075 0.12355011402508552
0 0 0.14762453249714935 0.03613236716077537 0.14281737856328391 0.026060871151653366 0.03281290307867731 0 0.034319690992018245 0 0.14762453249714935
0 0.1488430809578107 0.5301501619156215 0.14120488141391105 0.39616753819840367 0.09822601710376283 0.40155528050171035 0.10750362827822121 0.5342312987457241 0.1488430809578107 0.5301501619156215
0 0.24823504446978337 0.44641921550741165 0.2423005347776511 0.38820700912200684 0.197720677309008 0.3957867685290764 0.20479190421892815 0.44588429076396807 0.24823504446978337 0.44641921550741165
0 0.4056296795895097 0.469337937286203 0.4363460912200684 0.4749292006841505 0.4424240558722919 0.3917698380843786 0.40785466932725195 0.3906159669327252 0.4056296795895097 0.469337937286203
0 0.6444408198403648 0.38954744811858605 0.6872103785632839 0.3889390752565564 0.680075496009122 0.29539484834663626 0.6372107571265678 0.30315384150513114 0.6444408198403648 0.38954744811858605
0 0.7148141870011402 0.5030728050171037 0.709271755986317 0.4225131858608894 0.6590925096921323 0.4289980604332953 0.6685768688711516 0.5051156328392246 0.7148141870011402 0.5030728050171037
0 0.8568466670467503 0.808003228050171 0.8513022850627138 0.754227740022805 0.8059456362599772 0.760375385404789 0.809466267958951 0.8107227548460662 0.8568466670467503 0.808003228050171
0 0.2964635860889395 0.9459937765108324 0.2980381915621437 0.9970708574686431 0.32834187571265677 0.9967374184720639 0.3217801163055872 0.9454138711516534 0.2964635860889395 0.9459937765108324
0 0.7059308460661345 0.8352218859749145 0.6996128574686431 0.7562044994298746 0.6417176202964652 0.758764929304447 0.6441005712656785 0.8353790820980617 0.7059308460661345 0.8352218859749145
0 0.7476792873432155 0.6329090262257696 0.7411879110604332 0.591103755986317 0.6984184606613454 0.5917136875712656 0.7011107331812998 0.630214984036488 0.7476792873432155 0.6329090262257696
0 0.3866248517673888 0.6923804047890536 0.46247054047890535 0.6784479258836944 0.45874976396807293 0.5912137263397947 0.37138008209806156 0.6002992086659065 0.3866248517673888 0.6923804047890536
0 0.21941248802736604 0.8004969783352337 0.20639761459521094 0.8005142668187001 0.21486053819840364 0.8534904709236031 0.22301929304446977 0.8511359224629418 0.21941248802736604 0.8004969783352337
0 0.1945047810718358 0.8013458950969213 0.17795367844925883 0.8019080615735462 0.18020842417331814 0.8511535496009123 0.19520907639680732 0.8530806020524516 0.1945047810718358 0.8013458950969213
0 0.15983653363740022 0.8028773352337514 0.14168088027366021 0.8103965005701254 0.15171050741163056 0.8602871505131128 0.16566336830102624 0.8557418392246294 0.15983653363740022 0.8028773352337514
0 0.09267669441277081 0.6075864503990878 0.08152703648802737 0.6134237423033068 0.08219544925883694 0.6484953625997719 0.09398908551881413 0.6470739042189282 0.09267669441277081 0.6075864503990878