0 0.369803338654504 0.8335474629418472 0.24717336488027367 0.8936760969213227 0.2657280399087799 0.9299919863169898 0.39490017331813 0.8661706408209806 0.369803338654504 0.8335474629418472
0 0.2662444424173318 0.8143611767388825 0.22031297833523375 0.8426449657924744 0.23174493728620296 0.8609881607753707 0.27647489737742303 0.838986550741163 0.2662444424173318 0.8143611767388825
0 0.13254449828962372 0.1078558985176739 0.09259190535917902 0.10775867730900798 0.09566248574686431 0.17521049942987457 0.13988803990877993 0.17054553249714938 0.13254449828962372 0.1078558985176739
0 0.17366546408209804 0.06417587343215507 0.114293244013683 0.06688566248574687 0.11979927594070695 0.09521174344355758 0.17510263740022805 0.09958343329532497 0.17366546408209804 0.06417587343215507
0 0.4852823728620297 0.26974501026225767 0.4653642565564424 0.2699875222348917 0.4694472086659065 0.3057896818700114 0.48378742987457235 0.3087468323831243 0.4852823728620297 0.26974501026225767
0 0.5058012405929304 0.266361409350057 0.4891208312428735 0.2708134789053592 0.4897003033067275 0.30729505473204105 0.5066394937286203 0.30491129646522236 0.5058012405929304 0.266361409350057
0 0.5275827058152794 0.26636156214367157 0.5110483443557583 0.2653414754846066 0.5131108654503991 0.30637368072976057 0.5297160136830102 0.3022386716077537 0.5275827058152794 0.26636156214367157
0 0.5766544697833523 0.6651071208665906 0.5616259669327252 0.6656105051311288 0.5703503705815279 0.703533181299886 0.5808764766248575 0.702394409350057 0.5766544697833523 0.6651071208665906
0 0.604671267958951 0.6536125769669326 0.5880239099201824 0.6520111824401368 0.5903633831242874 0.6851247411630558 0.6058985302166476 0.6848284903078677 0.604671267958951 0.6536125769669326
0 0.632008307867731 0.6386209851767389 0.6151176909920182 0.638879873432155 0.6208159338654503 0.6737631904218928 0.6344994047890535 0.6732188209806158 0.632008307867731 0.6386209851767389
0 0.6439785005701254 0.6223839578107184 0.6469048586088939 0.6623409543899658 0.6634555974914481 0.6603335427594071 0.6614355815279362 0.6250392748004561 0.6439785005701254 0.6223839578107184
0 0.6553018061573547 0.4471905096921323 0.6887017696693273 0.5163060935005701 0.734323527936146 0.5019959464082098 0.6990599156214368 0.43263616419612316 0.6553018061573547 0.4471905096921323
0 0.5219620649942988 0.8475209407069555 0.505864794754846 0.8518612519954389 0.5310173101482326 0.9679447058152794 0.543811503990878 0.9630383135689852 0.5219620649942988 0.8475209407069555
0 0.4548078608893957 0.8164193956670468 0.4375773648802737 0.8149297605473204 0.43959204903078675 0.8523420843785633 0.45206852793614594 0.8490112006841505 0.4548078608893957 0.8164193956670468
0 0.4647670125427594 0.8271856556442417 0.4639219521094641 0.8539638916761687 0.4787226328392246 0.8522966579247434 0.4811883797035348 0.8276244344355759 0.4647670125427594 0.8271856556442417
0 0.5528098380843786 0.8723727571265679 0.5388498015963512 0.8690376818700114 0.5516672234891676 0.9536480969213227 0.5683312554161916 0.9522235267958952 0.5528098380843786 0.8723727571265679
0 0.6617718688711516 0.7979647366020525 0.6440718244013683 0.7971712348916762 0.6520810182440137 0.8999548711516533 0.6691451755986317 0.8981485017103763 0.6617718688711516 0.7979647366020525
0 0.6051567787913341 0.79929178677309 0.5916842029646523 0.7922327810718358 0.5891072941847206 0.8163249315849487 0.6056741117445839 0.811288488027366 0.6051567787913341 0.79929178677309
0 0.702952771949829 0.8075010068415052 0.6866613740022806 0.8046191049030786 0.6892381505131129 0.8764009543899659 0.7022331562143671 0.8753855461801596 0.702952771949829 0.8075010068415052
0 0.6709286989737742 0.7423520182440138 0.679295992018244 0.7885097616875713 0.6919918962371722 0.7884613797035348 0.6810830285062713 0.7385636282782212 0.6709286989737742 0.7423520182440138
0 0.737024755986317 0.8178142497149373 0.7210896111744584 0.8136533717217789 0.726056937286203 0.8510982155074116 0.7376688791334094 0.8491419224629418 0.737024755986317 0.8178142497149373
0 0.5255675450399088 0.763349007981756 0.5105387434435575 0.7638508586088939 0.5160438460661345 0.7975604002280502 0.5328495074116305 0.794596141391106 0.5255675450399088 0.763349007981756
0 0.4801961527936146 0.7104722827822121 0.4885499486887115 0.7378818950969214 0.5370214515393387 0.7133384150513113 0.5231954994298745 0.6857827548460661 0.4801961527936146 0.7104722827822121
0 0.608661118586089 0.755060473204105 0.5584572805017104 0.7551413021664766 0.56308403990878 0.7875094184720639 0.6149234446978336 0.7810620364880273 0.608661118586089 0.755060473204105
0 0.4193336248574686 0.8922692736602053 0.38176201482326116 0.9044129509692133 0.4081604675028506 0.9473682234891677 0.4362366921322691 0.9325353808437856 0.4193336248574686 0.8922692736602053
0 0.31097657012542756 0.9199852451539339 0.2932261584948688 0.9282760718358039 0.3138361482326112 0.9802181356898517 0.33352924857468647 0.9706455769669328 0.31097657012542756 0.9199852451539339
0 0.2847700763968073 0.08794405131128848 0.2489004401368301 0.08705318472063854 0.25154897263397946 0.12766904789053593 0.28837648802736604 0.13139962941847208 0.2847700763968073 0.08794405131128848
0 0.2817974675028506 0.03529392132269099 0.24313794754846066 0.041840790193842646 0.24739487799315849 0.08553124515393387 0.28389802166476624 0.07722602736602052 0.2817974675028506 0.03529392132269099