0 0.51931182668187 0.19515908437856327 0.48492821436716077 0.1824189977194983 0.4525533283922463 0.29301096351197264 0.48832920980615735 0.3048119543899658 0.51931182668187 0.19515908437856327
0 0.47999858836944126 0.564517354618016 0.40515307411630563 0.5399758859749145 0.3956087685290764 0.5859653272519953 0.46285925541619155 0.6099377662485748 0.47999858836944126 0.564517354618016
0 0.3211004275940707 0.5993394982896236 0.30783679475484604 0.6458172941847206 0.3748585655644242 0.6709581847206386 0.38720041619156215 0.6261189863169898 0.3211004275940707 0.5993394982896236
0 0.8728204196123147 0.5482139407069556 0.8203177502850627 0.5274090262257697 0.8131713568985177 0.564174031927024 0.8616584275940707 0.5820781881413911 0.8728204196123147 0.5482139407069556
0 0.21082536259977194 0.25268525883694415 0.1720244526795895 0.2409043101482326 0.15168250741163056 0.3144698015963512 0.1878288905359179 0.3305800353477765 0.21082536259977194 0.25268525883694415
0 0.3130074766248575 0.09964416761687571 0.25708447776510834 0.07999218129988597 0.23801873660205247 0.1531992873432155 0.28987224629418473 0.16933517787913338 0.3130074766248575 0.09964416761687571
0 0.4559797263397948 0.21010242645381985 0.4446570034207526 0.26149874344355756 0.4594047571265678 0.2670904834663626 0.47403092930444696 0.21361122462941845 0.4559797263397948 0.21010242645381985
0 0.588470669327252 0.09504712428734322 0.5570397377423033 0.08500118472063853 0.5482156716077538 0.11175113340935007 0.5777145712656785 0.12475145381984037 0.588470669327252 0.09504712428734322
0 0.9352662417331813 0.22695803876852907 0.9512488015963512 0.2330922337514253 0.9603690684150512 0.19549959179019386 0.9473161687571265 0.19114618472063852 0.9352662417331813 0.22695803876852907
0 0.9545209692132268 0.2397848677309008 0.9671447582668188 0.2476888175598632 0.9805814412770809 0.21275138312428735 0.9653150729760548 0.20736285860889395 0.9545209692132268 0.2397848677309008
0 0.8177783135689852 0.2513589110604333 0.8555658700114025 0.26869704218928164 0.8638008551881414 0.24153015621436716 0.8291590957810717 0.22389462029646523 0.8177783135689852 0.2513589110604333
0 0.7797716476624857 0.23549193956670467 0.7969140809578107 0.2436677708095781 0.8222258380843785 0.16319713340935005 0.8043040057012543 0.1621345267958951 0.7797716476624857 0.23549193956670467
0 0.8008615302166476 0.24201403192702395 0.8172927662485747 0.2558057787913341 0.8343771254275941 0.19705018472063854 0.8185263808437856 0.19154806727480045 0.8008615302166476 0.24201403192702395
0 0.3431928244013683 0.10641889965792474 0.30725136145952114 0.2411488141391106 0.3325293819840365 0.2545399954389966 0.3698796328392246 0.115240244013683 0.3431928244013683 0.10641889965792474
0 0.20086521208665908 0.425169417331813 0.18850757924743444 0.46697805017103766 0.20343654161915622 0.47411876282782217 0.21288150285062715 0.4317439657924743 0.20086521208665908 0.425169417331813
0 0.2611119589509692 0.44475296921322693 0.24131529874572408 0.4409048882554162 0.2279071094640821 0.4819028586088939 0.24375755530216647 0.48740650855188145 0.2611119589509692 0.44475296921322693