0 0.8679389042189282 0.20401943899657926 0.8235528563283923 0.17628829646522234 0.7965321584948689 0.22189338084378563 0.8402987913340936 0.2520091345496009 0.8679389042189282 0.20401943899657926
0 0.7836168574686431 0.19955288141391106 0.7559102189281642 0.17568904446978337 0.729517385404789 0.20524791448118587 0.7616288711516535 0.23141022576966933 0.7836168574686431 0.19955288141391106
0 0.633283583808438 0.08400270923603194 0.6229520205245155 0.06992931470923604 0.5860994059293044 0.0928415952109464 0.5981854104903079 0.11252585176738882 0.633283583808438 0.08400270923603194
0 0.5561368369441277 0.2866612223489168 0.533830622576967 0.2662661619156214 0.4965062850627138 0.31175261573546176 0.5453004549600913 0.34564057582668184 0.5810041208665907 0.28385336259977195 0.5660435165336374 0.2763930125427594 0.5561368369441277 0.2866612223489168
0 0.7585792907639681 0.3965526636259977 0.7296601607753707 0.4392201208665907 0.7672216659064994 0.4498474503990878 0.7892614640820981 0.4209584036488027 0.7585792907639681 0.3965526636259977
0 0.9256555632839225 0.48568160433295327 0.9029214868871152 0.4747954618015964 0.8859963762827822 0.5053767537058153 0.9077563329532498 0.5139045381984036 0.9256555632839225 0.48568160433295327
0 0.9561926647662485 0.5017761117445838 0.9393889350057013 0.4907864526795895 0.9219312702394526 0.5252370022805017 0.9401764754846066 0.5359045792474344 0.9561926647662485 0.5017761117445838
0 0.7857899361459522 0.6639013033067275 0.7617131060433295 0.6441309908779932 0.7299836442417331 0.690707464082098 0.7544785689851766 0.7054228369441278 0.7857899361459522 0.6639013033067275
0 0.8959237502850628 0.5497430661345496 0.8724421128848348 0.5299608015963512 0.8567069509692132 0.5602244025085519 0.8786596009122007 0.5803287126567845 0.8959237502850628 0.5497430661345496
0 0.5216765758266819 0.8615095644241734 0.4987603295324971 0.9082291231470924 0.5286120992018244 0.9189925895096921 0.542577038768529 0.861443228050171 0.5216765758266819 0.8615095644241734
0 0.13601724287343214 0.8254847605473205 0.104335834663626 0.8117855917901938 0.08421019156214367 0.8483627149372862 0.11916682554161916 0.865269274800456 0.13601724287343214 0.8254847605473205
0 0.11486429646522235 0.5313075632839225 0.10178222006841506 0.563604858608894 0.12753458038768528 0.5800782394526796 0.14537031128848346 0.5456210900798176 0.11486429646522235 0.5313075632839225
0 0.19630109007981758 0.5744256750285063 0.18974299201824402 0.6066075302166477 0.22196778335233752 0.6173264503990878 0.22623996351197265 0.5774661322690992 0.19630109007981758 0.5744256750285063
0 0.3900835267958951 0.15416407183580386 0.36714061345496013 0.13140320182440135 0.33719158380843783 0.15508730444697832 0.35372703420752566 0.17855073204104902 0.3900835267958951 0.15416407183580386
0 0.01758605929304447 0.5662606259977195 0.006845970353477765 0.5967355210946408 0.027717732041049034 0.6029034469783352 0.03836341163055872 0.5682733169897377 0.01758605929304447 0.5662606259977195
0 0.4028042976054732 0.20323078677309006 0.3898836374002281 0.17673349828962373 0.36454339224629423 0.1929125849486887 0.3858747753705815 0.21896614367160777 0.4028042976054732 0.20323078677309006
0 0.4326116795895097 0.10947754732041048 0.4217382690992018 0.09838281299885976 0.3950992690992018 0.108646165336374 0.40503672063854046 0.12717868072976055 0.4326116795895097 0.10947754732041048
0 0.2657380034207526 0.6777295678449259 0.2610525849486887 0.715223299885975 0.2753158779931585 0.7167558540478906 0.28058456898517675 0.6786565370581528 0.2657380034207526 0.6777295678449259
0 0.30798928392246294 0.719154740022805 0.31452509464082096 0.6857855917901938 0.2983990114025086 0.684879393386545 0.29375395210946403 0.7194032189281642 0.30798928392246294 0.719154740022805
0 0.6335453511972634 0.7787945872291904 0.6095633432155074 0.7643671835803877 0.5903443363740023 0.7946915952109463 0.6127016716077538 0.8082565952109465 0.6335453511972634 0.7787945872291904
0 0.5623335598631699 0.6416712063854048 0.5520952850627138 0.6329423090079818 0.5275640421892817 0.6639548494868871 0.539128755986317 0.6717698323831244 0.5623335598631699 0.6416712063854048
0 0.589760441277081 0.6495077970353478 0.5765880820980616 0.6426116362599773 0.558616314709236 0.6666789521094642 0.5579897080957811 0.6741128962371722 0.568937488027366 0.6801571265678449 0.589760441277081 0.6495077970353478
0 0.7709950102622578 0.6320906031927025 0.7891311596351197 0.6513723329532498 0.8133874127708096 0.6268984002280502 0.7943154161915621 0.608525329532497 0.7709950102622578 0.6320906031927025