0 0.3369002919042189 0.39401754389965793 0.33168843443557583 0.3609483854047891 0.24644268643101483 0.38530358266818704 0.25219063169897377 0.4213146887115165 0.3369002919042189 0.39401754389965793
0 0.35263443443557585 0.41689306385404784 0.2476722189281642 0.44349813568985175 0.254536897377423 0.48503024059293043 0.3601402873432155 0.44833119498289625 0.35263443443557585 0.41689306385404784
0 0.36907437286202965 0.4925102269099202 0.36158747890535914 0.4706489156214367 0.2764347651083238 0.49669524287343214 0.28751815963511973 0.5136126944127708 0.36907437286202965 0.4925102269099202
0 0.22468798745724058 0.5088891641961232 0.18736398631698975 0.515675472063854 0.1996668574686431 0.5518932143671608 0.2317592998859749 0.5438663420752565 0.22468798745724058 0.5088891641961232
0 0.38831377194982897 0.5428787970353478 0.3746984948688712 0.5051696841505131 0.29794993500570127 0.5358371664766248 0.3019922018244014 0.5662518129988597 0.38831377194982897 0.5428787970353478
0 0.7952920410490308 0.5047537309007981 0.9175115803876852 0.46428439338654504 0.8995933477765108 0.41045100684150515 0.782286275940707 0.4499004834663626 0.7952920410490308 0.5047537309007981
0 0.9674805051311288 0.48118599315849486 0.9546382850627138 0.42498796579247433 0.9118759007981756 0.4370901881413911 0.9237666727480046 0.48642107639680726 0.9674805051311288 0.48118599315849486
0 0.954791315849487 0.7355637890535918 0.975402189281642 0.7309144036488028 0.9825679156214366 0.6725542417331812 0.9459934367160776 0.6854162417331813 0.954791315849487 0.7355637890535918
0 0.7543502565564424 0.4386920809578107 0.738928165336374 0.3840301596351197 0.6593125233751426 0.42343208779931585 0.6737676077537058 0.46649438540478905 0.7543502565564424 0.4386920809578107
0 0.6538025553021666 0.3611227092360319 0.6486212565564423 0.4106290307867731 0.6971447844925884 0.41251914937286205 0.7008569885974915 0.3579255575826682 0.6538025553021666 0.3611227092360319
0 0.5231129247434436 0.5046923580387686 0.516602212086659 0.46514946750285063 0.46899095781071837 0.4826384127708096 0.47001405359179016 0.5132821345496009 0.5231129247434436 0.5046923580387686
0 0.5038789099201825 0.3470954925883694 0.5003820615735461 0.3195468027366021 0.4267058825541619 0.3398206157354618 0.42793425313568983 0.36390767046750283 0.5038789099201825 0.3470954925883694
0 0.5863203204104902 0.2603066009122007 0.5718466271379704 0.22958873432155075 0.5318135940706956 0.24382227936145953 0.5546416887115165 0.27714331927023944 0.5863203204104902 0.2603066009122007
0 0.6889170809578108 0.21643926909920183 0.7264864823261118 0.20034631128848346 0.7038782987457242 0.1530541835803877 0.6698110592930445 0.16742045267958952 0.6889170809578108 0.21643926909920183
0 0.6449413306727481 0.14098315963511973 0.681660038768529 0.12938251311288484 0.6551808791334093 0.07706397833523375 0.6220852725199545 0.09813299657924744 0.6449413306727481 0.14098315963511973
0 0.5996999885974914 0.06364157240592931 0.6261078084378563 0.05075601596351198 0.6141769897377424 0.01638015849486887 0.5748781915621437 0.029505863169897378 0.5996999885974914 0.06364157240592931
0 0.4480269464082098 0.06386204675028506 0.43278738540478906 0.017444761687571267 0.39997096351197264 0.031367977194982896 0.4135472827822121 0.07671521322690991 0.4480269464082098 0.06386204675028506
0 0.39302392474344355 0 0.4035589498289624 0.021634251995438995 0.4435886659064994 0.004991720638540479 0.43929275028506276 0 0.39302392474344355 0
0 0.22473262485746864 0 0.2290255165336374 0.025336888255416194 0.28583625883694413 0.0035684298745724064 0.2847806510832383 0 0.22473262485746864 0
0 0.8440135153933865 0.03974087457240593 0.8607138221208666 0.06938931242873432 0.9201928164196123 0.05754500570125428 0.9129644549600913 0.04820698517673888 0.8440135153933865 0.03974087457240593
0 0.22526376168757126 0.7770330376282782 0.2565741185860889 0.7680805165336374 0.2529316259977195 0.7319611299885974 0.220032590649943 0.7416851653363741 0.22526376168757126 0.7770330376282782
0 0.17985463968072976 0.791203117445838 0.14563223603192701 0.8019610798175599 0.15077034663626 0.8283228175598631 0.187215582668187 0.8238214469783353 0.17985463968072976 0.791203117445838
0 0.4522641311288484 0.9428568871151654 0.44442041847206387 0.9068623683010263 0.39812208779931585 0.9185304298745725 0.40276393500570123 0.9538059429874572 0.4522641311288484 0.9428568871151654