0 0.8722017320410491 0.8908745883694412 0.8405788301026226 0.8368940330672747 0.8115254469783352 0.8585594378563284 0.841837298745724 0.9035512474344356 0.8722017320410491 0.8908745883694412
0 0.6191531436716077 0.9590682565564423 0.6392971356898518 0.9940141527936146 0.6884269589509693 0.96329330672748 0.6632318529076396 0.9340283409350058 0.6191531436716077 0.9590682565564423
0 0.46246250855188137 0.4353656100342075 0.5286440980615735 0.3992954789053592 0.5124558950969212 0.3654471790193843 0.44465294640820985 0.4011366202964652 0.46246250855188137 0.4353656100342075
0 0.585661401368301 0.2631538939566705 0.6323422223489168 0.24270958608893956 0.6193646921322691 0.20695013797035347 0.565464023945268 0.2267187867730901 0.585661401368301 0.2631538939566705
0 0.5638221208665907 0.2807381391106043 0.543612858608894 0.24697794982896237 0.4739705929304447 0.2837585621436716 0.4969860433295325 0.32063863968072975 0.5638221208665907 0.2807381391106043
0 0.43632778107183584 0.20865431128848347 0.46628580843785633 0.19238740136830101 0.44539194640820984 0.1603750285062714 0.4181468848346636 0.18154063854047892 0.43632778107183584 0.20865431128848347
0 0.4988135929304447 0.08469218129988597 0.48524818700114025 0.05722426681870011 0.45329443101482325 0.06625180729760548 0.4627158221208666 0.10182645153933866 0.4988135929304447 0.08469218129988597
0 0.3437021014823261 0.2192586921322691 0.3294813124287343 0.18462165222348914 0.2972151687571266 0.19958003420752565 0.31617640935005703 0.2344639464082098 0.3437021014823261 0.2192586921322691
0 0.2161031322690992 0.06987595324971493 0.24784885404789056 0.12148312200684151 0.27662168757126565 0.0938558015963512 0.25039511972633977 0.050267221208665905 0.2161031322690992 0.06987595324971493
0 0.18567175142531356 0.4125357137970353 0.21745984720638542 0.38833808779931583 0.19439157468643103 0.3594818654503991 0.16608502166476624 0.37821202166476625 0.18567175142531356 0.4125357137970353
0 0.2085636864310148 0.6444281482326112 0.2357294686431015 0.6176100171037628 0.215009070695553 0.6007681391106043 0.19344017673888253 0.6269861778791335 0.2085636864310148 0.6444281482326112
0 0.8899012006841505 0.655163810718358 0.9073969783352337 0.69532044013683 0.9375725256556443 0.6749029749144811 0.9202953101482326 0.6418910136830102 0.8899012006841505 0.655163810718358
0 0.9203231778791334 0.25601833409350055 0.9007379258836945 0.2216962850627138 0.8543797354618016 0.2335363101482326 0.8694135838084379 0.2753491744583808 0.9203231778791334 0.25601833409350055
0 0.694846763968073 0.39879003648802736 0.7043624207525656 0.44388109350057015 0.758014574686431 0.42885437514253133 0.7446957423033067 0.38832208551881414 0.694846763968073 0.39879003648802736
0 0.7466905940706956 0.3842631117445838 0.7660570125427594 0.4242236248574687 0.8032790741163055 0.40387816875712657 0.7843178335233751 0.36899425769669325 0.7466905940706956 0.3842631117445838
0 0.23656600570125427 0.132772157354618 0.2122721402508552 0.08631047776510832 0.18421410148232611 0.1002987046750285 0.2026780684150513 0.14467115735461802 0.23656600570125427 0.132772157354618
0 0.7341322280501711 0.23852018472063852 0.7553275701254276 0.2720347696693272 0.8004460444697833 0.2425901094640821 0.7795211071835804 0.21117067388825542 0.7341322280501711 0.23852018472063852
0 0.625187237172178 0.15254436830102622 0.6576717822120867 0.14473377423033068 0.641013534777651 0.08856622234891677 0.6085600649942987 0.09578388027366021 0.625187237172178 0.15254436830102622
0 0.6696378791334093 0.10909243557582668 0.7073274310148232 0.09263458608893957 0.6946025792474345 0.0634285929304447 0.6610253854047891 0.06939823033067274 0.6696378791334093 0.10909243557582668
0 0.9979330581527935 0.3168556841505131 0.978560220068415 0.25549206727480045 0.9412125678449259 0.2654260558722919 0.9606474903078677 0.3253065165336374 0.9979330581527935 0.3168556841505131
0 0.24487981071835804 0.23904040478905358 0.22984443329532497 0.20436223831242875 0.21484862257696694 0.20714373090079818 0.22785566704675028 0.24231016077537057 0.24487981071835804 0.23904040478905358
0 0.19439232497149372 0.17812711402508552 0.21087950741163056 0.17393736944127708 0.20495755074116306 0.15787104561003423 0.191707913340935 0.16133861459521096 0.19439232497149372 0.17812711402508552
0 0.20428931927023944 0.2612918700114025 0.2230479030786773 0.2477065621436716 0.21114379589509694 0.23251585632839225 0.19683510604332954 0.24484639566704675 0.20428931927023944 0.2612918700114025
0 0.19611682896237173 0.23589184606613456 0.20981344127708093 0.22828418244013685 0.21036093044469784 0.2134487537058153 0.18791430558722919 0.22237997833523376 0.19611682896237173 0.23589184606613456