0 0.7630937502850627 0.013654687571265678 0.7642828129988597 0.050432812998859745 0.842160937286203 0.03975468757126568 0.8368109372862029 0.0038546875712656787 0.7630937502850627 0.013654687571265678
0 0.7672546875712656 0.057550000000000004 0.7737953124287342 0.07237968757126567 0.8469171870011402 0.061109375142531355 0.8412703124287344 0.044771874572405924 0.7672546875712656 0.057550000000000004
0 0.40580312542759406 0.25033281299885973 0.4063968745724059 0.26278906271379704 0.4408781254275941 0.2663484378563284 0.4408781254275941 0.25114218700114027 0.40580312542759406 0.25033281299885973
0 0.403425 0.27524531242873435 0.40461250057012543 0.29007499999999997 0.44028281299885974 0.2924484378563284 0.4382015621436716 0.27782656214367163 0.403425 0.27524531242873435
0 0.3653765621436716 0.2983796875712657 0.361810937286203 0.3185484378563284 0.4408781254275941 0.3262593751425314 0.4382015621436716 0.30807031242873434 0.3653765621436716 0.2983796875712657
0 0.5663156248574687 0.4893828129988597 0.5419406248574686 0.5522593751425314 0.5663156248574687 0.5641218745724059 0.5906906248574686 0.4957593751425314 0.5663156248574687 0.4893828129988597
0 0.42542031242873435 0.6560640627137971 0.4182875005701254 0.6720796875712657 0.5193515621436716 0.7094499999999999 0.5247015621436716 0.6923437502850627 0.42542031242873435 0.6560640627137971
0 0.4176921870011403 0.6791984378563284 0.41353124971493727 0.695214062713797 0.5110281254275941 0.7325843751425314 0.5175671870011402 0.7145828129988597 0.4176921870011403 0.6791984378563284
0 0.3980734378563284 0.7420749999999999 0.3909406248574686 0.7723265621436716 0.44147187457240594 0.7877500000000001 0.450685937286203 0.7519421870011402 0.3980734378563284 0.7420749999999999
0 0.43136562485746865 0.9164687502850628 0.4200703124287343 0.9657031254275941 0.46109062485746866 0.9751937502850627 0.47357499999999997 0.9283312497149373 0.43136562485746865 0.9164687502850628
0 0.944414062713797 0.7047046875712657 0.998514062713797 0.695214062713797 0.9955421870011403 0.6809781254275941 0.937875 0.6922484378563285 0.944414062713797 0.7047046875712657
0 0.8962609372862029 0.27168593728620294 0.8956671870011402 0.28948124971493727 0.9289578129988598 0.2859234378563284 0.9206359372862029 0.2663484378563284 0.8962609372862029 0.27168593728620294
0 0.9604656248574687 0.023739062713797037 0.9676 0.05517812542759407 0.9943515621436716 0.05339843785632839 0.9839484378563284 0.019865624857468647 0.9604656248574687 0.023739062713797037