0 0.49410472177879133 1 0.5031111630558723 0.9544731653363739 0.4664465541619156 0.948686984036488 0.46204351197263394 0.9986969578107183 0.48690703192702395 1 0.49410472177879133 1
0 0.31053604789053596 0.6349081721778792 0.34966862941847204 0.638146589509692 0.3827220957810718 0.49480502964652223 0.3357985598631699 0.4834273990877993 0.31053604789053596 0.6349081721778792
0 0.43390075712656784 0.5414849863169897 0.47685171949828964 0.5461142098061573 0.48279799087799313 0.4893476168757127 0.44987336145952106 0.4828655929304447 0.43390075712656784 0.5414849863169897
0 0.6485495290763967 0.592867378563284 0.6840949144811859 0.6039475518814139 0.7037538985176739 0.5348176214367161 0.6644701448118586 0.525029503990878 0.6485495290763967 0.592867378563284
0 0.7596293078677309 0.5680687331812999 0.7448684002280502 0.6585608494868871 0.7785093318129989 0.6725124743443558 0.7978530478905359 0.5754230387685291 0.7596293078677309 0.5680687331812999
0 0.8652243557582667 0.5706299122006842 0.8343159338654503 0.7194365370581528 0.8801258050171037 0.7396742748004561 0.9178534914481186 0.5864685142531357 0.8652243557582667 0.5706299122006842
0 0.7581017947548461 0.39318505587229186 0.7949562531356898 0.40403655302166475 0.8021475062713798 0.34614451197263396 0.7723102964652224 0.337446031927024 0.7581017947548461 0.39318505587229186
0 0.7003290171037628 0.19216722462941846 0.706494811858609 0.1538420809578107 0.673166732041049 0.14377308779931586 0.6646292736602052 0.18197237172177877 0.7003290171037628 0.19216722462941846
0 0.5857818209806157 0.530418661345496 0.5487693842645383 0.5252088152793615 0.5266590820980616 0.6498005245153934 0.563449913340935 0.6618362531356898 0.5857818209806157 0.530418661345496
0 0.6940264492588369 0.8904537251995439 0.6853948232611174 0.9265686624857469 0.7592585792474345 0.9491684903078677 0.7619008711516533 0.9100656875712657 0.6940264492588369 0.8904537251995439
0 0.6964015678449259 1 0.6988738893956671 0.9792994937286202 0.6483041949828963 0.9695144697833523 0.63655044013683 0.9917892280501711 0.6709954834663626 1 0.6964015678449259 1