0 0.9444226750285063 0.5169845461801597 0.9090161596351197 0.5330070421892816 0.9345944697833524 0.6076961482326112 0.9734848289623717 0.5936647046750285 0.9444226750285063 0.5169845461801597
0 0.9246817936145951 0.6152678825541619 0.8948823956670467 0.623422984036488 0.9084236385404789 0.6842812508551881 0.9447938950969214 0.6726049179019384 0.9246817936145951 0.6152678825541619
0 1 0.4669201516533637 0.9920482588369441 0.44433730102622576 0.9374966818700113 0.46443240022805016 0.9559766316989738 0.5199902109464082 1 0.5010667445838085 1 0.4669201516533637
0 0.972433023945268 0.37202279247434433 0.9359902588369442 0.38887416191562146 0.9503113078677309 0.42771414595210944 0.9875252166476625 0.41585848916761686 0.972433023945268 0.37202279247434433
0 0.9478791550741164 0.3335368175598632 0.9129808141391106 0.343382748004561 0.9261767742303306 0.3854969498289624 0.9613656123147093 0.37407173546180156 0.9478791550741164 0.3335368175598632
0 0.7148054538198403 0.4352814287343215 0.6838809692132268 0.446710748004561 0.7055598779931586 0.5258707867730901 0.7458303671607753 0.5109373762827822 0.7148054538198403 0.4352814287343215
0 0.678376298745724 0.21539256442417332 0.6152453876852908 0.23791667502850627 0.6317125108323832 0.2811566134549601 0.6952400729760547 0.2558166259977195 0.678376298745724 0.21539256442417332
0 0.5110167172177879 0.03001098289623717 0.4604512029646522 0.04318707297605473 0.48168378791334093 0.1145507890535918 0.5296920980615736 0.10161633979475485 0.5110167172177879 0.03001098289623717
0 0.7121273158494869 0.710829953249715 0.6755611037628279 0.7271005484606614 0.6932137069555303 0.7816217856328392 0.7324209407069555 0.7687354196123147 0.7121273158494869 0.710829953249715
0 0.8876343842645382 0.7348332622576966 0.8496247913340935 0.7471615530216648 0.865426007981756 0.7929726921322691 0.9031467423033068 0.7761515917901938 0.8876343842645382 0.7348332622576966
0 0.7908254857468643 0.6673934925883694 0.7693456716077537 0.6804573751425314 0.783085945267959 0.7194208061573546 0.8009714378563284 0.7104595017103763 0.7908254857468643 0.6673934925883694
0 0.7938747537058153 0.5362371847206385 0.7197559509692132 0.5641303204104904 0.738113102622577 0.6191104127708096 0.811331006841505 0.5880685917901939 0.7938747537058153 0.5362371847206385
0 0.49305291676168755 0.8156690684150513 0.4594745085518814 0.8288765267958951 0.48884323033067273 0.9185423397947549 0.5203676134549601 0.9048625530216649 0.49305291676168755 0.8156690684150513
0 0.4592902063854048 0.6710918722919041 0.387700677309008 0.6966279475484607 0.40676172633979474 0.7520638392246294 0.4745196465222349 0.7233966020524515 0.4592902063854048 0.6710918722919041
0 0.10718672063854047 0.6008556613454961 0.07634922120866591 0.6098384332953249 0.08827424287343215 0.6431175598631699 0.12212703534777652 0.6271202143671607 0.10718672063854047 0.6008556613454961
0 0.10783043557582668 0.2729292850627138 0.09047258950969213 0.24262598403648802 0.0657216134549601 0.2545641288483466 0.0862636362599772 0.2884397137970353 0.10783043557582668 0.2729292850627138
0 0.25996952451539335 0.21266684834663627 0.22707020296465222 0.21480529418472064 0.25004358380843783 0.285798992018244 0.2795584675028506 0.27679384492588366 0.25996952451539335 0.21266684834663627
0 0.2582278700114025 0.041858895096921325 0.22556411630558723 0.05365790877993158 0.24351413797035348 0.10386682326111746 0.2752179749144812 0.0937893842645382 0.2582278700114025 0.041858895096921325
0 0.015551451539338656 0.6197263238312429 0.04690713340935005 0.7672432098061573 0.10941525883694413 0.7427285210946408 0.06496737970353478 0.6019384675028506 0.015551451539338656 0.6197263238312429
0 0.4203694914481186 1 0.4054657776510832 0.9599399361459522 0.369814220068415 0.9748020855188142 0.379612669327252 1 0.4203694914481186 1
0 0.8768824823261118 0.12220953591790194 0.8620824982896237 0.12960447206385406 0.8819446271379703 0.20308053135689852 0.8974313238312429 0.1973606738882554 0.8768824823261118 0.12220953591790194