0 0.5438996579247435 0.9561003420752565 0.04789053591790194 0.04903078677309008
0 0.21106117673888256 0.5511587286202965 0.16551793614595212 0.5322280672748004 0.1469073352337514 0.5894303591790194 0.19929529874572408 0.5945406077537058 0.21106117673888256 0.5511587286202965
0 0.4290648722919042 0.38971255416191564 0.43148759521094643 0.3555827183580388 0.3721338540478905 0.33012449486887113 0.37514044925883694 0.38068458950969214 0.4290648722919042 0.38971255416191564
0 0.6772577742303306 0 0.7126723568985176 0.023493122006841505 0.72432265336374 0 0.6772577742303306 0
0 1 0.471321511972634 0.9973703705815279 0.449323590649943 0.9594091847206385 0.45742131698973776 0.9675787890535917 0.5037534435575827 1 0.4993114218928164 1 0.471321511972634
0 0.012838028506271379 0.4346472462941847 0.049272145952109464 0.43384267958950967 0.05571789395667047 0.36666848460661344 0.013505646522234892 0.3586565324971494 0.012838028506271379 0.4346472462941847
0 0 0.5365638654503991 0.011551145952109463 0.6020736693272519 0.054911578107183584 0.6014535381984036 0.0583874401368301 0.5333988700114025 0 0.5312484196123147 0 0.5365638654503991
0 0.33942441847206384 0.7789036431014823 0.3429686442417332 0.7431528722919042 0.30083614367160777 0.7435564857468643 0.3006643842645382 0.7744985792474345 0.33942441847206384 0.7789036431014823
0 0.7071075724059293 0.31163540364880277 0.7085621596351197 0.2788535370581528 0.6708518084378563 0.27185333523375144 0.6659402713797036 0.30383584948688713 0.7071075724059293 0.31163540364880277
0 1 0.6494971220068415 0.939234102622577 0.6501701584948688 0.9382654994298746 0.6600636590649942 1 0.6630136761687571 1 0.6494971220068415
0 0.770860732041049 0.6937131527936146 0.7769442576966933 0.7076989224629419 0.8277944218928165 0.7003176841505132 0.8262371858608893 0.6863572542759406 0.770860732041049 0.6937131527936146
0 0.804541873432155 0.6624758563283922 0.8054990148232611 0.6815811527936145 0.8261520718358039 0.680736645381984 0.8225987377423033 0.6623033192702394 0.804541873432155 0.6624758563283922