0 0.43072108779931584 0.6365003740022805 0.47937355644241736 0.6191768882554163 0.4588937388825542 0.5511583683010262 0.4077966134549601 0.5683521835803876 0.43072108779931584 0.6365003740022805
0 0.4267091687571266 0.45092986773090077 0.43711916533637396 0.485814157354618 0.47989058950969216 0.4740286396807298 0.4714746442417332 0.4416234789053592 0.4267091687571266 0.45092986773090077
0 0.6901712748004561 0.39669370809578103 0.7058424697833524 0.44930925997719495 0.7709967069555302 0.4219798141391106 0.7502685256556443 0.3729099498289624 0.6901712748004561 0.39669370809578103
0 0.5344571345496009 0.09661393044469783 0.5511807183580387 0.14842005701254277 0.6413348152793615 0.10966677537058153 0.6279399885974913 0.057870994298745725 0.5344571345496009 0.09661393044469783
0 0.3263347708095781 0.08080063968072976 0.33138560775370585 0.11612018928164196 0.37828078677309007 0.10999080273660206 0.3768153660205245 0.06977848118586089 0.3263347708095781 0.08080063968072976
0 0.4583901470923603 0 0.45705598289623717 0.0002593352337514253 0.4726923580387685 0.06203100684150513 0.5788547149372861 0.03561869327251996 0.5704040387685291 0 0.4583901470923603 0
0 0.8615623899657925 0.1395156567844926 0.9342345507411631 0.1135215701254276 0.9261451436716077 0.07190517901938427 0.847056425313569 0.10845344925883695 0.8615623899657925 0.1395156567844926
0 0.8354493454960091 0.014510946408209806 0.844693361459521 0.04962028734321551 0.8687920843785633 0.038236315849486884 0.8614506111744583 0.008247085518814139 0.8354493454960091 0.014510946408209806
0 0.7900841927023945 0.09230252565564424 0.797497314709236 0.1211126716077537 0.8331117229190421 0.11140437856328392 0.8218166556442418 0.08129386316989738 0.7900841927023945 0.09230252565564424
0 0.14402905815279363 0.41875316191562145 0.150018992018244 0.45268044355758263 0.25613122576966935 0.4431249007981756 0.25878538540478907 0.40854723603192705 0.14402905815279363 0.41875316191562145
0 0.7539061539338655 0.8895040205245154 0.7616449087799316 0.9230929578107183 0.7952518483466363 0.9108365153933866 0.7894594640820981 0.8825931562143671 0.7539061539338655 0.8895040205245154
0 0.1696212976054732 0.989162457240593 0.22188133637400229 0.9717441870011403 0.21225014253135688 0.943970054732041 0.16690029190421893 0.9533900342075257 0.1696212976054732 0.989162457240593
0 0.1356082668187001 0.6212602383124287 0.13965494070695553 0.6918665838084378 0.1562813204104903 0.6902646887115165 0.15275332497149371 0.6161113945267959 0.1356082668187001 0.6212602383124287
0 0.04994654389965793 0.6566667194982896 0.05035102850627138 0.6898651128848347 0.08641254618015964 0.6902363842645381 0.08524234663625997 0.6546464059293045 0.04994654389965793 0.6566667194982896
0 0.05080648118586089 0.45260341847206387 0.04946258608893956 0.5079246898517674 0.08914522006841505 0.5082462953249716 0.08284666476624858 0.44940134435575824 0.05080648118586089 0.45260341847206387
0 0.16778436830102625 0.11464562257696694 0.16389906955530217 0.05731648802736602 0.07296213797035347 0.07491961573546181 0.07505985062713796 0.10904954161915621 0.16778436830102625 0.11464562257696694