0 0.07628653477765107 0.21535737742303304 0.05475535005701255 0.18660517901938425 0.025942015963511974 0.20215844583808437 0.04430071949828963 0.23482306499429875 0.07628653477765107 0.21535737742303304
0 0.21761667844925883 0.3842077730900798 0.18283923375142533 0.3884584789053592 0.18733599315849486 0.4255620091220068 0.22027988141391106 0.42090699657924746 0.21761667844925883 0.3842077730900798
0 0.5060495872291905 0.3962382907639681 0.5400180935005702 0.3956515883694413 0.5430486670467503 0.33926654846066134 0.5066843671607754 0.34547510262257697 0.5060495872291905 0.3962382907639681
0 0.8768051425313569 0.1860935245153934 0.9174872326111745 0.18121907297605472 0.9168789532497149 0.12998951425313568 0.8708201584948689 0.1348304891676169 0.8768051425313569 0.1860935245153934
0 0.8104762257696693 0.33322811630558724 0.7588253740022806 0.33030640706955533 0.7529057685290764 0.38759054503990875 0.809436976054732 0.38582330672748 0.8104762257696693 0.33322811630558724
0 0.5447778004561004 0.49773987685290766 0.5481170353477766 0.5635922029646522 0.586637047890536 0.5608680285062714 0.5825696328392246 0.4937677958950969 0.5447778004561004 0.49773987685290766
0 0.3956330433295325 0.623756015963512 0.4068083740022805 0.6732794834663626 0.4621291003420752 0.6656755496009122 0.44501930786773086 0.6108118996579248 0.3956330433295325 0.623756015963512
0 0.3776448415051311 0.5946314355758267 0.4343694834663626 0.5719685712656785 0.4291683192702394 0.5452188278221208 0.37044385062713797 0.5602002132269099 0.3776448415051311 0.5946314355758267
0 0.41340478677309006 0.8837272006841506 0.4118784606613455 0.897606526795895 0.4653640752565565 0.8895984515393387 0.46710884264538194 0.8721171835803877 0.41340478677309006 0.8837272006841506
0 0.4143939007981756 0.9044985347776511 0.4202633717217788 0.9205809201824401 0.4520922497149373 0.9166778289623717 0.44858068529076395 0.9003083375142532 0.4143939007981756 0.9044985347776511
0 0.5954493751425314 0.9230449954389965 0.5919772326111745 0.8900097765108325 0.5659007080957811 0.8975204082098062 0.5724998882554162 0.9290659167616875 0.5954493751425314 0.9230449954389965
0 0.6595317115165337 0.930624023945268 0.6574531527936146 0.9165281356898517 0.6138182485746865 0.9217097981755986 0.6176344948688711 0.9409930912200685 0.6595317115165337 0.930624023945268
0 0.6510092497149373 0.9517980456100342 0.6489308540478905 0.9377037115165336 0.6204183101482326 0.9419181083238313 0.6212674937286202 0.9585030102622577 0.6510092497149373 0.9517980456100342
0 0.7304708540478905 0.8557691140250855 0.7255875724059293 0.8717907616875713 0.746631282782212 0.8731988084378562 0.7490540159635121 0.8621679475484607 0.7304708540478905 0.8557691140250855
0 0.6966324914481186 0.8348729635119726 0.6872421185860889 0.8477893454960092 0.7472414754846066 0.853458134549601 0.7503351767388825 0.8345954857468644 0.6966324914481186 0.8348729635119726