0 0.1111354481185861 0.9693761117445837 0.1148606488027366 0.9270074595210946 0.07916388711516532 0.9208985621436715 0.0799301938426454 0.9638829897377423 0.1111354481185861 0.9693761117445837
0 0.22829004104903078 0.9584844743443557 0.23687977423033066 0.9295217924743443 0.20325672976054732 0.9233042166476625 0.19508714367160773 0.9489387856328393 0.22829004104903078 0.9584844743443557
0 0.3986847685290764 0.9424275108323831 0.37147321778791337 0.9337538301026226 0.36109211630558724 0.9568976009122007 0.3958364732041049 0.9675234720638541 0.3986847685290764 0.9424275108323831
0 0.4033159486887115 0.4408571242873432 0.39531907183580384 0.4697871710376283 0.43238267274800457 0.4792869931584949 0.43751531584948694 0.44678633067274803 0.4033159486887115 0.4408571242873432
0 0.08858949258836943 0.5731787263397948 0.10126615051311288 0.5428142919042189 0.07454985632839224 0.5265433420752565 0.06303425883694412 0.5620446750285063 0.08858949258836943 0.5731787263397948
0 0.569350677309008 0.613915646522235 0.5392692280501711 0.607176063854048 0.5290558962371722 0.6391935290763968 0.5627881037628278 0.6475239144811858 0.569350677309008 0.613915646522235
0 0.5399646488027365 0 0.5370521687571266 0.04300329190421893 0.5739680102622576 0.049653816419612314 0.5759778871151654 0.00294711858608894 0.5523881493728621 0 0.5399646488027365 0
0 0.18818362143671608 0.0684136716077537 0.1944917377423033 0.05264003876852908 0.15754649828962372 0.03972621778791334 0.15236226795895097 0.054254949828962375 0.18818362143671608 0.0684136716077537
0 0.18805639338654503 0.07733098859749145 0.14739832725199545 0.06164205359179019 0.1458011470923603 0.07657579817559863 0.18182575028506273 0.08891044469783352 0.18805639338654503 0.07733098859749145
0 0.18262063740022805 0.09840529304446978 0.14171112770809577 0.08926349030786773 0.14198745838084378 0.10588117787913341 0.1795700661345496 0.11396909007981755 0.18262063740022805 0.09840529304446978
0 0.6367965290763968 0.6982920627137971 0.6400468232611174 0.6808965530216649 0.6047288301026226 0.6706700011402509 0.6000996408209806 0.6901170513112885 0.6367965290763968 0.6982920627137971
0 0.6884409600912201 0.7080588369441276 0.6976251892816419 0.6790649988597491 0.6707309589509692 0.6707736716077537 0.6629477936145952 0.6981090980615735 0.6884409600912201 0.7080588369441276