0 0.14451406841505132 0.049977302166476625 0.09060927137970354 0.12292683922462942 0.1322301071835804 0.15242137742303308 0.18261978221208663 0.09500124401368301 0.14451406841505132 0.049977302166476625
0 0.07307061687571266 0.3437006795895097 0.09922675370581527 0.3250303124287343 0.0703633181299886 0.27750828278221207 0.041763344355758264 0.30012119612314714 0.07307061687571266 0.3437006795895097
0 0.36857466590649945 0.4880921721778791 0.35666716875712656 0.5185552143671608 0.39222352679589506 0.5304963740022804 0.4015557651083238 0.4966525872291904 0.36857466590649945 0.4880921721778791
0 0.3309761516533637 0.4040144481185861 0.3126100649942987 0.4311849350057012 0.3516995860889396 0.4597445393386545 0.36518766362599775 0.4255959692132269 0.3309761516533637 0.4040144481185861
0 0.5683732611174458 0.3226694503990878 0.6090431448118586 0.34754197833523376 0.6310144424173318 0.31616000912200687 0.5831384184720638 0.2912083603192703 0.5683732611174458 0.3226694503990878
0 0.6165112212086659 0.2001541927023945 0.5860066031927024 0.24762251197263396 0.6148833021664766 0.26536380843785634 0.6445215781071836 0.21600863625997718 0.6165112212086659 0.2001541927023945
0 0.5849380535917902 0.7263741527936146 0.6073805974914481 0.7538067890535919 0.6329648380843785 0.7332002976054732 0.6087425210946409 0.7080358688711517 0.5849380535917902 0.7263741527936146
0 0.7431518677309008 0.8708706499429875 0.764252984036488 0.8972910638540479 0.7873232953249715 0.871595858608894 0.7628496328392247 0.8489092748004561 0.7431518677309008 0.8708706499429875
0 0.1747351505131129 1 0.2007597172177879 0.9792145689851767 0.17600225313568985 0.9523755085518815 0.14847695781071835 0.982635149372862 0.1606672873432155 1 0.1747351505131129 1
0 0.9615787035347777 0.5606872018244013 0.9290715838084379 0.6024395245153934 0.9593110410490308 0.623477937286203 0.9908385393386545 0.5811658791334093 0.9615787035347777 0.5606872018244013
0 0.8923617673888256 0.5716141778791334 0.8717173295324971 0.6039047023945268 0.8923108711516534 0.6203029087799315 0.917680385404789 0.5896472542759407 0.8923617673888256 0.5716141778791334
0 0.812007464082098 0.6824667708095782 0.8341927901938426 0.7123354743443557 0.8643157525655644 0.6898935153933865 0.8410303591790194 0.6585968255416191 0.812007464082098 0.6824667708095782
0 0.5517455575826682 0.09770044583808438 0.5303398950969214 0.1330958802736602 0.5717630171037629 0.15906171721778792 0.5919007879133409 0.12744356442417332 0.5517455575826682 0.09770044583808438
0 0.08355185176738883 0.5761305267958952 0.06602185632839225 0.604983842645382 0.08858870011402509 0.6226352394526796 0.10929317331812997 0.5929050262257697 0.08355185176738883 0.5761305267958952
0 0.6891426522234891 0.4268473272519954 0.6468010205245154 0.39861223603192697 0.6359321470923603 0.41513411858608895 0.6856451687571267 0.4424910125427594 0.6891426522234891 0.4268473272519954
0 0.6467523603192702 0.45799377993158497 0.6203186077537057 0.487498850627138 0.6527600889395667 0.502874125427594 0.6766921185860889 0.47477781185860884 0.6467523603192702 0.45799377993158497
0 0.6446520832383124 0.7587647274800455 0.6547753888255416 0.7753342759407069 0.6777507662485747 0.7574848871151654 0.666436748004561 0.7431086476624857 0.6446520832383124 0.7587647274800455
0 0.662898054732041 0.7478046533637401 0.6528493979475484 0.7360212930444698 0.6134614196123147 0.775742732041049 0.6261955940706956 0.7895470068415051 0.662898054732041 0.7478046533637401