0 0.9143693603192702 0.30940659064994297 0.9900380501710376 0.3088745267958951 0.9935729977194983 0.24123774002280501 0.9096415758266819 0.22733849486887114 0.9143693603192702 0.30940659064994297
0 0.7239801402508551 0.4369876237172178 0.7307431870011402 0.3869177822120866 0.7028971425313569 0.3785213888255416 0.695646102622577 0.4273565005701254 0.7239801402508551 0.4369876237172178
0 0.2995570798175599 0.3402520467502851 0.4131854629418472 0.3209899270239453 0.40006825541619156 0.26202700228050174 0.28893407525655646 0.2779327981755986 0.2995570798175599 0.3402520467502851
0 0.3052783078677309 0.3973758711516534 0.4184929714937286 0.3828425621436716 0.41181264766248576 0.33189458608893957 0.3009677548460661 0.34454759064994295 0.3052783078677309 0.3973758711516534
0 0.1984361505131129 0.5364368814139111 0.1886690615735462 0.45750401026225773 0.14020628848346636 0.46697248232611177 0.14635354389965793 0.5396284789053591 0.1984361505131129 0.5364368814139111
0 0.1903510148232611 0.31579730330672745 0.1117708015963512 0.32918860661345495 0.11659018244013683 0.3898080695553022 0.1998322748004561 0.3768246271379703 0.1903510148232611 0.31579730330672745
0 0.6049921071835804 0.31333252565564423 0.6208210353477766 0.3093532166476625 0.6214146499429875 0.27334605929304445 0.6034215233751425 0.27683801938426456 0.6049921071835804 0.31333252565564423
0 0.4563714618015964 0.5828440182440137 0.5022865074116306 0.5820944891676169 0.5066548745724059 0.5440319407069556 0.4527676624857469 0.549151717217788 0.4563714618015964 0.5828440182440137
0 0.5257970695553021 0.7897776157354618 0.5225555131128848 0.751944881413911 0.4677995644241733 0.7584786989737743 0.4748648369441277 0.8002220741163056 0.5257970695553021 0.7897776157354618
0 0.5351661641961232 0.6350366009122007 0.5505293557582669 0.6363807058152793 0.5442580410490307 0.558348125427594 0.5273496282782212 0.5610409566704675 0.5351661641961232 0.6350366009122007
0 0.5487471527936146 0.7792691106043329 0.5625149281641961 0.7852417787913342 0.5603792428734322 0.7075725860889396 0.5433155849486887 0.7120398905359179 0.5487471527936146 0.7792691106043329
0 0.5212483363740023 0.7464663557582668 0.533555244013683 0.7487351071835804 0.5312055518814139 0.7124688757126567 0.5183928301026226 0.7110514675028506 0.5212483363740023 0.7464663557582668
0 0.5100157172177879 0.6298561322690992 0.5270483249714938 0.6325383272519954 0.5212270798175599 0.5917962485746865 0.5028160330672747 0.5964436807297605 0.5100157172177879 0.6298561322690992
0 0.7144136704675029 0.9546894880273661 0.7308563443557582 0.9573200718358039 0.7223523968072977 0.8954842246294185 0.7040184948688711 0.8965607286202965 0.7144136704675029 0.9546894880273661
0 0.679764204104903 0.9355655655644242 0.6956671368301027 0.9375529110604334 0.6916803717217789 0.89905896009122 0.674773542759407 0.9041360022805017 0.679764204104903 0.9355655655644242
0 0.6611584367160775 0.9440700786773091 0.6774220535917902 0.9419168529076396 0.6716287525655644 0.9241254823261117 0.6591134549600912 0.9266050752565564 0.6611584367160775 0.9440700786773091
0 0.5564400239452679 0.9295442428734321 0.5572566305587229 0.9814692542759407 0.6056381607753706 0.9797419099201824 0.6030192805017103 0.93480986659065 0.5564400239452679 0.9295442428734321
0 0.17481494754846066 0.13265257468643102 0.20901484720638538 0.12968293044469784 0.19864023261117444 0.07811373660205245 0.1647214675028506 0.08468251767388826 0.17481494754846066 0.13265257468643102