0 0.3640693215507412 0.10952405815279362 0.37935371835803877 0.1406545290763968 0.41128462941847205 0.11638062257696692 0.39288871835803874 0.08778757354618015 0.3640693215507412 0.10952405815279362
0 0.19031813683010262 0.11955473090079817 0.2300874811858609 0.15263717673888258 0.26567033523375144 0.10746412884834665 0.22564283580387687 0.0741165952109464 0.19031813683010262 0.11955473090079817
0 0.3372576259977195 0.41728500912200683 0.3113959156214367 0.4583937058152794 0.33953814595210946 0.47962114823261115 0.36749309122006846 0.4313230376282782 0.3372576259977195 0.41728500912200683
0 0.09273267274800456 0.598848897377423 0.1177238015963512 0.5635586123147093 0.0915076590649943 0.543259645381984 0.07206106955530217 0.5753723557582668 0.09273267274800456 0.598848897377423
0 0.3494165051311288 0.7978132827822121 0.3722944629418472 0.814983889395667 0.4045513420752565 0.7546890638540479 0.38126552565564426 0.7381753637400228 0.3494165051311288 0.7978132827822121
0 0.4043480193842645 0.6389961334093501 0.4503573249714937 0.6757016545039909 0.48017457468643104 0.619345629418472 0.43484266932725196 0.5951393500570126 0.4043480193842645 0.6389961334093501
0 0.5371449407069555 0.24169316077537056 0.5557367217787913 0.2363821242873432 0.5425438050171038 0.16808480843785634 0.5263535062713797 0.1679618654503991 0.5371449407069555 0.24169316077537056
0 0.8213559669327252 0.2889911197263398 0.8727013295324971 0.300961724059293 0.8748738449258837 0.26528087343215506 0.8289264800456101 0.2537492234891676 0.8213559669327252 0.2889911197263398
0 0.8579110957810718 0.234086488027366 0.8685473945267959 0.20321198289623715 0.8377909509692132 0.18894738084378562 0.8339466875712658 0.22126566818700114 0.8541400057012543 0.23281772519954388 0.8579110957810718 0.234086488027366
0 0.6418928312428734 0.32230584036488025 0.6724152531356898 0.32071432611174455 0.67961765336374 0.28672649144811857 0.6453918380843786 0.28613877194982895 0.6418928312428734 0.32230584036488025
0 0.6370730410490308 0.28161184378563286 0.6398553580387685 0.24674467046750284 0.6157907970353478 0.2417325313568985 0.6122024207525656 0.2716165165336374 0.6370730410490308 0.28161184378563286
0 0.7537023158494869 0.2427362269099202 0.7205599908779932 0.2428971881413911 0.720248952109464 0.27321994982896236 0.7535480558722919 0.2757350877993158 0.7537023158494869 0.2427362269099202
0 0.902966465222349 0.38844476054732036 0.8932555370581527 0.4362773888255416 0.9224922006841505 0.4378645017103763 0.9342282462941848 0.402038755986317 0.902966465222349 0.38844476054732036
0 0.8734721938426454 0.13596432155074117 0.8673848244013683 0.17549466362599772 0.8993023625997719 0.17910334549600912 0.904503810718358 0.13939929646522237 0.8734721938426454 0.13596432155074117