0 0.4363222269099202 0.3084462189281642 0.3768940684150513 0.3059189350057013 0.37607550057012545 0.36117601254275944 0.42657960319270244 0.3626713842645382 0.4363222269099202 0.3084462189281642
0 0.5317666795895097 0.29905874116305586 0.5344268380843785 0.24733256100342074 0.49247918700114024 0.24264049714937286 0.4824825450399088 0.2993235952109464 0.5317666795895097 0.29905874116305586
0 0.6049008198403649 0.3043159863169897 0.6098734161915621 0.24898483808437855 0.5504387126567845 0.24608261231470924 0.5461492474344356 0.306529181299886 0.6049008198403649 0.3043159863169897
0 0.42064966362599776 0.15902979703534778 0.4164450490307868 0.12227414367160776 0.35322834207525655 0.12392767844925884 0.34990932497149374 0.1549184481185861 0.42064966362599776 0.15902979703534778
0 0.6191943648802737 0.646807755986317 0.6289976009122007 0.596144574686431 0.5662961345496009 0.5932056066134549 0.559162157354618 0.6436956134549602 0.6191943648802737 0.646807755986317
0 0.5588891151653363 0.9003113375142531 0.5688434446978335 0.8241041288483466 0.49541202964652226 0.8189161436716077 0.48044315393386544 0.8969298939566706 0.5588891151653363 0.9003113375142531
0 0.6319818061573547 0.9031939452679589 0.6357790342075257 0.848478716077537 0.5724603933865451 0.8442925165336373 0.5677525598631699 0.8977812645381984 0.6319818061573547 0.9031939452679589
0 0.6366543990877993 0.9666705028506272 0.7258899384264538 0.9758067069555302 0.7357004184720638 0.8574268358038769 0.6436505370581529 0.8572520513112886 0.6366543990877993 0.9666705028506272
0 0.826548244013683 0.8908886066134549 0.8294986316989738 0.8557895815279362 0.7828661676168757 0.8548736031927024 0.7801080330672748 0.8839761721778792 0.826548244013683 0.8908886066134549
0 0.9567148757126568 0.795357023945268 0.9579879612314709 0.7662288061573547 0.925252197263398 0.7620479247434435 0.9181062782212087 0.7948432576966933 0.9567148757126568 0.795357023945268
0 0.18314848232611175 0.943698961231471 0.18855802166476626 0.9133108620296465 0.1549531755986317 0.9103718996579248 0.1527386408209806 0.936506716077537 0.18314848232611175 0.943698961231471
0 0.9211718460661346 0.2560264424173318 0.9235596875712657 0.22272032041049028 0.894765889395667 0.2231479064994299 0.8962795940706956 0.2588362998859749 0.9211718460661346 0.2560264424173318
0 0 0.07790989053591792 0.05347157924743444 0.08049628962371722 0.053421046750285056 0.04366968871151653 0 0.04253698175598632 0 0.07790989053591792
0 0 0.23997865450399086 0.015142681870011403 0.24919091448118588 0.019941372862029644 0.23492843101482325 0 0.2276542485746864 0 0.23997865450399086
0 0 0.27197929418472067 0.023624865450399088 0.2758500661345496 0.027593931584948685 0.265090094640821 0.006439855188141391 0.2609227115165336 0 0.2685158198403649 0 0.27197929418472067
0 0 0.297795165336374 0.02057082668187001 0.3050109327251996 0.026310483466362597 0.29362465222348916 0.0015476818700114027 0.286840165336374 0 0.28973556670467504 0 0.297795165336374
0 0.7317201790193844 0.629399070695553 0.6984130421892817 0.6264158437856329 0.6923567514253135 0.6877043135689851 0.7356731755986318 0.6857605404789054 0.7317201790193844 0.629399070695553
0 0.8919979007981755 0.6260075724059293 0.9490011436716077 0.625606417331813 0.9524726533637401 0.5863414139110604 0.8900761984036487 0.5838659418472064 0.8919979007981755 0.6260075724059293