0 0.6096730501710377 0.7570906077537058 0.6080527274800456 0.8115387297605473 0.6601364526795895 0.8099686510832382 0.667288196123147 0.7648143181299886 0.6096730501710377 0.7570906077537058
0 0.6995845062713797 0.12749511744583808 0.6993984823261118 0.1905865267958951 0.8025475632839224 0.20271567730900797 0.8124516567844925 0.13134412998859749 0.6995845062713797 0.12749511744583808
0 0.6701367525655644 0.05690375256556443 0.6782663717217788 0.023264473204104904 0.6154000091220069 0.01330741961231471 0.6123699806157354 0.058976937286202964 0.6701367525655644 0.05690375256556443
0 0.2800114355758267 0.6094936305587229 0.2759895085518814 0.7056435393386545 0.3326070581527936 0.7019867035347777 0.33396104789053593 0.6138319327251995 0.2800114355758267 0.6094936305587229
0 0.3443028586088939 0.42470250057012543 0.35071460889395667 0.5168936716077537 0.3716486875712657 0.5174044595210946 0.37271914367160774 0.42219029532497154 0.3443028586088939 0.42470250057012543
0 0.30768567502850624 0.4259158118586089 0.3073977958950969 0.5338780980615736 0.32811506499429877 0.5357577594070696 0.32790260205245153 0.4221049555302166 0.30768567502850624 0.4259158118586089
0 0.2690335347776511 0.4576664389965793 0.2689142371721779 0.5291861140250855 0.289848314709236 0.5296969019384264 0.28449983238312426 0.45731121436716077 0.2690335347776511 0.4576664389965793
0 0.1883585450399088 0.2948018939566705 0.188104007981756 0.3494663352337514 0.2074557354618016 0.3511281345496009 0.20360827822120867 0.29581400114025086 0.1883585450399088 0.2948018939566705
0 0.21792405359179018 0.2938733397947549 0.22155470125427593 0.35055634663625995 0.237021244013683 0.3501995803876853 0.23454111744583808 0.29510200912200685 0.21792405359179018 0.2938733397947549
0 0.3901285302166477 0.20612706499429875 0.38774051539338655 0.3361986431014823 0.4132068722919042 0.3346224287343215 0.41696221892816415 0.20476741277080956 0.3901285302166477 0.20612706499429875
0 0.9219079384264539 0.20949623375142531 0.9195851208665906 0.12556832383124286 0.9063895404789054 0.12167489509692132 0.9031239931584949 0.21433769669327254 0.9219079384264539 0.20949623375142531
0 0.9460852063854048 0.20851790992018243 0.9452702588369442 0.17953357924743443 0.9318236282782213 0.18101074800456102 0.9355041927023946 0.21465542531356896 0.9460852063854048 0.20851790992018243
0 0.36700797377423033 0.19795649486887115 0.3467160022805017 0.19714716647662486 0.3496241174458381 0.23187338312428735 0.36834967616875713 0.23243461573546179 0.36700797377423033 0.19795649486887115