0 0.6104144264538198 0.9481432029646522 0.6614647833523375 0.9307635074116305 0.650024755986317 0.9021824914481187 0.6027437297605474 0.9186899201824401 0.6104144264538198 0.9481432029646522
0 0.13834950741163055 0.5429122976054732 0.12910747206385406 0.5054357354618015 0.06392440022805017 0.5265851858608894 0.07187350285062714 0.5577962451539339 0.13834950741163055 0.5429122976054732
0 0.09927145724059294 0.44991171037628275 0.09859417331812999 0.41526136944127706 0.03920687001140251 0.41985660433295324 0.038330474344355756 0.4560739726339795 0.09927145724059294 0.44991171037628275
0 0.9498553990877994 0.5938275974914481 0.9439234868871152 0.5525694709236032 0.9011466704675027 0.5671612018244013 0.9053916111744584 0.5977582200684151 0.9498553990877994 0.5938275974914481
0 0.8788995062713797 0.6411349771949829 0.8694967491448118 0.6064491641961232 0.8461335769669328 0.6107506784492588 0.857944197263398 0.6473648084378563 0.8788995062713797 0.6411349771949829
0 0.12230803762827823 0.4985632257696694 0.11449262143671607 0.47768503192702394 0.08270154047890536 0.48572758152793616 0.08484582554161917 0.5106426362599772 0.12230803762827823 0.4985632257696694
0 0.37118637856328396 0.6124398996579247 0.36841147206385405 0.596817590649943 0.3326097377423033 0.6060965176738883 0.33530407753705815 0.6231079064994299 0.37118637856328396 0.6124398996579247
0 0.3669642314709236 0.5914655974914481 0.36204162485746866 0.5755775541619156 0.3297585302166477 0.5842991835803877 0.3316806636259977 0.6002305746864309 0.3669642314709236 0.5914655974914481
0 0.3524622155074116 0.5739260843785633 0.347740511972634 0.5573987434435576 0.33592037400228053 0.5586697172177879 0.3325630045610034 0.5754372998859749 0.3524622155074116 0.5739260843785633
0 0.2529210148232611 0.2984309566704675 0.2507668460661346 0.2829223181299886 0.19968104104903078 0.28680387571265675 0.20030826909920182 0.3059461151653364 0.2529210148232611 0.2984309566704675
0 0.22793543557582666 0.23746395781071836 0.22069916761687572 0.22214011060433295 0.16838423033067274 0.2334333204104903 0.17079992132269098 0.24868538768529075 0.22793543557582666 0.23746395781071836
0 0 0.2852023557582668 0.03626363968072976 0.2741338757126568 0.014329045610034208 0.24761211288483467 0 0.25196100342075256 0 0.2852023557582668
0 0.009818759407069557 0.35956949486887113 0.022443332953249715 0.35576650513112884 0.01582813683010262 0.3405784218928164 0.005643749144811859 0.34459607525655644 0.009818759407069557 0.35956949486887113
0 0.030660527936145952 0.36970262941847204 0.05112525313568985 0.36986416761687574 0.0476311094640821 0.3553840615735462 0.03491365222348917 0.3586006100342075 0.030660527936145952 0.36970262941847204
0 0 0.3160999680729761 0.016431583808437854 0.31402428392246295 0.0116992748004561 0.29553222462941847 0 0.2973852075256556 0 0.3160999680729761
0 0.8078253808437856 0.9078559475484607 0.7989279669327252 0.916203709236032 0.8104908221208665 0.9284804013683011 0.818880802736602 0.9169288255416191 0.8078253808437856 0.9078559475484607
0 0.8231427502850628 0.921064590649943 0.813568251995439 0.93462621322691 0.8295123523375143 0.9423030843785632 0.8357425838084378 0.9322974618015963 0.8231427502850628 0.921064590649943
0 0.8465593158494868 0.8981126054732042 0.8353084446978336 0.8897034743443558 0.8250179053591791 0.9063352212086659 0.8380473101482326 0.9126892645381984 0.8465593158494868 0.8981126054732042
0 0.8632174948688711 0.878036078677309 0.8518389464082099 0.8915939327251995 0.8681997981755986 0.9019020684150513 0.8739669122006841 0.8889624595210947 0.8632174948688711 0.878036078677309
0 0.8111695610034207 0.8682419635119727 0.8032661835803876 0.88666134663626 0.8211506864310147 0.889509598631699 0.8329026818700114 0.8726163215507411 0.8111695610034207 0.8682419635119727