0 0.6910044789053592 0.49260596579247434 0.6903310148232611 0.5421528631698973 0.7426026316989738 0.5411971185860889 0.7465140205245154 0.4910361687571265 0.6910044789053592 0.49260596579247434
0 0.9004939965792474 0.17311208779931583 0.7640930752565565 0.20249102280501713 0.7746802155074116 0.2570210410490308 0.9110929122006842 0.22786679817559863 0.9004939965792474 0.17311208779931583
0 0.23245785404789052 0.030577497149372863 0.2275683557582668 0.062074996579247435 0.2880478574686431 0.058905400228050166 0.2916762576966933 0.026004790193842647 0.23245785404789052 0.030577497149372863
0 0.05232924743443557 0.5642892576966932 0.018407581527936145 0.5636887571265679 0.013116799315849486 0.6442541927023946 0.05231430444697833 0.6433890695553022 0.05232924743443557 0.5642892576966932
0 0 0.07136337856328392 0.0858550228050171 0.06950187799315849 0.08659018700114025 0.05516719498289624 0 0.05518214139110604 0 0.07136337856328392
0 0.5046810296465222 0.6868861345496009 0.5558911527936146 0.6883658449258837 0.5594558449258837 0.6542794435575827 0.5059672816419613 0.654704401368301 0.5046810296465222 0.6868861345496009
0 0.5830477765108324 0.5144718859749144 0.5885301448118586 0.5623568358038769 0.6247287719498289 0.5610543112884835 0.614785023945268 0.5074559600912201 0.5830477765108324 0.5144718859749144
0 0.27270669783352336 0.6964664253135691 0.27024496009122007 0.7289084732041049 0.3024500478905359 0.730789629418472 0.30604581299885975 0.697296165336374 0.27270669783352336 0.6964664253135691
0 0.22412067958950968 0.26289627822120865 0.22346151197263397 0.3013710045610034 0.26340584606613454 0.30344112998859746 0.2636018061573546 0.26180036830102626 0.22412067958950968 0.26289627822120865
0 0.007249364880273661 0.4642270501710376 0.008057343215507412 0.5136790992018244 0.03832816761687571 0.5126872371721779 0.046951891676168755 0.4616831938426454 0.007249364880273661 0.4642270501710376
0 1 0.7585053352337514 0.8456347286202965 0.7600109623717218 0.8439357924743444 0.8183829988597492 1 0.8139832508551881 1 0.7585053352337514
0 0.8621959555302167 0.883183330672748 0.8608276989737742 0.9251452588369441 0.9260522497149373 0.9217269851767389 0.9266833329532497 0.8883888939566705 0.8621959555302167 0.883183330672748
0 0.6881359338654505 0.13155659977194983 0.6884962816419612 0.21217478791334093 0.7355581277080958 0.2025704732041049 0.7366362063854047 0.12103668643101483 0.6881359338654505 0.13155659977194983