0 0.4176177616875713 0.13467174458380843 0.42351077765108325 0.10435480159635119 0.3455247856328392 0.09791862143671606 0.34701314595210947 0.1276026818700114 0.4176177616875713 0.13467174458380843
0 0.4212273432155074 0.06942579475484607 0.4260534264538199 0.0352706921322691 0.36846406499429873 0.04525302736602053 0.36305850741163054 0.0792939007981756 0.4212273432155074 0.06942579475484607
0 0.625839330672748 0.18059127594070695 0.6580572679589509 0.17354363854047888 0.6465116488027366 0.10380304903078677 0.6100857844925884 0.10916047206385404 0.625839330672748 0.18059127594070695
0 0.7073386590649943 0.06937688369441278 0.7145372257696693 0.03234346522234892 0.6517043489167617 0.030412662485746863 0.6535568358038769 0.07223451881413911 0.7073386590649943 0.06937688369441278
0 0.45735107639680733 0.29123281071835805 0.4561210877993158 0.3224545621436716 0.5187873261117446 0.32213089737742306 0.5207025575826681 0.2920515096921322 0.45735107639680733 0.29123281071835805
0 0.24869301938426455 0.2942350729760547 0.2447914891676169 0.3267537115165336 0.29677734435575825 0.3362554663625998 0.3088913044469783 0.30038442873432153 0.24869301938426455 0.2942350729760547
0 0.3531027274800456 0.3514380524515393 0.36390267046750285 0.32389110148232614 0.3236083797035348 0.30868890535917903 0.31482934207525654 0.336738511972634 0.3531027274800456 0.3514380524515393
0 0.16286977651083237 0.29388880273660206 0.15873967502850628 0.3057928905359179 0.21351219726339793 0.3134136841505131 0.2150775849486887 0.29757289737742304 0.16286977651083237 0.29388880273660206
0 0.6047099521094641 1 0.5695376191562144 0.9089952998859749 0.5391252896237172 0.9176450216647662 0.5732117810718358 1 0.6047099521094641 1
0 0.902450952109464 0.4285742827822121 0.8974954982896237 0.4602831938426454 0.9637933432155074 0.4739581037628278 0.9710804583808438 0.4364691482326111 0.902450952109464 0.4285742827822121
0 0.7618055883694413 0.30261585974914484 0.8387083078677309 0.28973098289623717 0.8366514595210947 0.25363629418472067 0.7558776670467503 0.2693214834663626 0.7618055883694413 0.30261585974914484
0 0.9644054389965793 0.10361438996579247 0.933806354618016 0.10855724857468643 0.9371415826681869 0.14429875028506273 0.963239370581528 0.14540660889395668 0.9644054389965793 0.10361438996579247
0 0.9335656830102623 0.17203859521094642 0.932934614595211 0.2064026716077537 0.96392286659065 0.20723708893956672 0.9626752850627137 0.17164670581527938 0.9335656830102623 0.17203859521094642
0 0.9392651835803876 0.23606973090079816 0.9725515883694412 0.2328605518814139 0.969217567844926 0.21733922006841505 0.9330156054732041 0.22154476510832383 0.9392651835803876 0.23606973090079816
0 0.882858188141391 0.29286908209806156 0.8726593204104903 0.23643462485746863 0.8527621824401368 0.2392205062713797 0.8639462405929303 0.29214247548460665 0.882858188141391 0.29286908209806156
0 0.5117028722919043 0.48149139566704674 0.5121232816419612 0.4295405678449259 0.48327272291904216 0.4348233055872292 0.4782903352337514 0.4884612257696693 0.5117028722919043 0.48149139566704674
0 0.4777033523375142 0.43858122576966935 0.45406590763968074 0.4388270672748005 0.4581932474344356 0.470485314709236 0.4792362736602052 0.46959191220068414 0.4777033523375142 0.43858122576966935
0 0.44704315393386546 0.801689810718358 0.43977379475484607 0.814193417331813 0.5266873819840365 0.8462713603192702 0.5351183135689852 0.8309119236031927 0.44704315393386546 0.801689810718358
0 0.38320590193842646 0.8189289464082098 0.37828428392246294 0.8349132212086658 0.49103196351197265 0.8616680535917901 0.49489834891676165 0.8464448517673888 0.38320590193842646 0.8189289464082098
0 0.35140713911060434 0.7740239236031927 0.34626017103762824 0.7911757126567844 0.40502991220068413 0.8062301630558723 0.40953399657924744 0.7908380364880274 0.35140713911060434 0.7740239236031927
0 0.3363198677309008 0.8049731356898518 0.33070181755986316 0.8214284925883695 0.3718569532497149 0.8306379669327253 0.37577998403648805 0.8151233443557582 0.3363198677309008 0.8049731356898518
0 0.3863797537058153 0.8679476567844926 0.39083182326111743 0.8512672485746864 0.35494326453819836 0.8382935245153933 0.351959669327252 0.8552068494868871 0.3863797537058153 0.8679476567844926
0 0.06854839224629418 0.6422050467502851 0.06009772291904219 0.6732329669327252 0.09040546180159635 0.6791241938426453 0.09591038654503992 0.6445885017103763 0.06854839224629418 0.6422050467502851
0 0.6529776374002281 0.4206185496009122 0.6283690912200685 0.4351955233751425 0.6384232930444699 0.4643766590649943 0.6650394036488028 0.455030409350057 0.6529776374002281 0.4206185496009122
0 0.5343799657924744 0.12832663283922463 0.5366638791334094 0.09791460661345497 0.5128970615735462 0.09571425769669328 0.5135790729760548 0.13421424515393388 0.5343799657924744 0.12832663283922463
0 0.45476080501710375 0.43835568757126564 0.4322887434435576 0.43882964994298745 0.43224081413911064 0.4733054846066135 0.45359193614595206 0.4754946921322691 0.45476080501710375 0.43835568757126564
0 0.3591912428734321 0.46636762713797036 0.3415279578107184 0.473220086659065 0.3482149350057013 0.5259475872291904 0.3698367890535918 0.5236322542759407 0.3591912428734321 0.46636762713797036
0 0.3385696259977195 0.9209727115165337 0.3718446088939567 0.9831772508551881 0.42987117901938426 0.9662698551881415 0.3845341687571266 0.8930011185860889 0.3385696259977195 0.9209727115165337