0 1 0.08045018472063854 0.95841051995439 0.0731168369441277 0.9775173614595212 0.1443132132269099 1 0.13743932383124288 1 0.08045018472063854
0 0.728525598631699 0.6219291824401367 0.802303283922463 0.6168508916761688 0.7971149908779931 0.5779527537058153 0.7242105108323831 0.5871039258836944 0.728525598631699 0.6219291824401367
0 0.7424489988597492 0.4199979156214367 0.7074666374002281 0.42709359179019385 0.7140138221208666 0.522000472063854 0.7515512611174459 0.5186713272519954 0.7424489988597492 0.4199979156214367
0 0.5849929213226909 0.5990321368301026 0.6126214789053592 0.5960659726339795 0.6105953945267959 0.552902141391106 0.5779696955530217 0.5558915393386545 0.5849929213226909 0.5990321368301026
0 0.4818435689851768 0.31978270125427594 0.44263555986316994 0.3201057719498289 0.4400893021664766 0.35432409692132266 0.4798502143671608 0.3550044686431015 0.4818435689851768 0.31978270125427594
0 0.3060662850627138 0.7940297993158495 0.38022084150513114 0.800473244013683 0.37819520182440136 0.7163116408209806 0.3132977457240593 0.7199412075256556 0.3060662850627138 0.7940297993158495
0 0.2760275450399088 0.9575494196123148 0.3291534891676169 0.9500354903078677 0.3304941710376283 0.9116856773090081 0.2686060775370582 0.911925377423033 0.2760275450399088 0.9575494196123148
0 0.1453873888255416 0.7488163078677309 0.22332123717217786 0.747485409350057 0.22677860661345497 0.698354998859749 0.1476900057012543 0.6913430045610034 0.1453873888255416 0.7488163078677309
0 0.006360522234891677 0.5808080604332954 0.04350602736602053 0.5819332166476625 0.049761678449258835 0.5293773055872292 0.01175575370581528 0.5262932930444698 0.006360522234891677 0.5808080604332954
0 0.21900457468643103 0.2698196362599772 0.25670102850627136 0.26440993386545036 0.24670312314709236 0.1981341254275941 0.20914026339794756 0.2041718802736602 0.21900457468643103 0.2698196362599772
0 0.34742131014823263 0.21107018244013684 0.36333061801596356 0.20965505701254275 0.3708447468643101 0.17842288369441275 0.34999912314709236 0.1759530581527936 0.34742131014823263 0.21107018244013684
0 0.3785537423033067 0.19847238312428736 0.41408386316989737 0.1950907502850627 0.41270995895096924 0.17555538768529078 0.37594650285062714 0.18022682554161917 0.3785537423033067 0.19847238312428736
0 0.5990581995438997 1 0.6024736704675029 0.9644646909920183 0.5670148472063854 0.9663532086659065 0.563735338654504 1 0.5990581995438997 1
0 0.6559480102622577 0.756846221208666 0.6578372109464082 0.7939568221208665 0.7108500079817559 0.7909447616875712 0.7067703557582667 0.7555581094640821 0.6559480102622577 0.756846221208666
0 0.7098434823261117 0.21890440136830103 0.7102538015963512 0.26781242645381986 0.7484037160775371 0.26037090992018247 0.7452029874572406 0.22332892246294184 0.7098434823261117 0.21890440136830103
0 0.7155114184720639 0.2994878722919042 0.7517648038768528 0.29201340364880274 0.7489460205245153 0.2704145416191562 0.7131565940706955 0.2758606362599772 0.7155114184720639 0.2994878722919042
0 0.8205173033067275 0.5067155188141391 0.8345723956670468 0.505576354618016 0.8303121459521094 0.4511662075256556 0.815276062713797 0.45484549030786775 0.8205173033067275 0.5067155188141391
0 0.40419060205245155 0.1282304834663626 0.4802346442417332 0.12053885176738884 0.48387776738882554 0.06571196807297605 0.41068718244013686 0.06516613797035348 0.40419060205245155 0.1282304834663626