0 0.5824160912200684 0.9159312941847206 0.5857571801596352 0.904166109464082 0.5060035450399087 0.9026036738882555 0.5029614982896238 0.9143683477765108 0.5824160912200684 0.9159312941847206
0 0.5884586157354619 0.8823193568985177 0.5892978779931586 0.8696665142531357 0.5087866168757127 0.8765625838084379 0.5103895781071836 0.884732818700114 0.5884586157354619 0.8823193568985177
0 1 0.9221036214367161 0.9489190592930444 0.9288999840364881 0.9479675575826683 0.943074724059293 1 0.9373968608893957 1 0.9221036214367161
0 1 0.8970318027366021 0.9986439407069555 0.8905227377423033 0.9569448950969214 0.8968375792474345 0.9590928415051311 0.9094463580387686 1 0.9046889771949829 1 0.8970318027366021
0 0.6078734925883694 0.6701672417331813 0.746795274800456 0.690760748004561 0.75190282668187 0.6154299156214367 0.6257310307867731 0.5914794275940707 0.6078734925883694 0.6701672417331813
0 0.4863879965792474 0.6259193443557584 0.4872931641961232 0.5845711413911061 0.40378669555302166 0.5816764435575826 0.40521556442417334 0.6225586009122006 0.4863879965792474 0.6259193443557584
0 0.23943429760547322 0.7632169498289624 0.2967212497149373 0.7669397388825541 0.29882728848346635 0.715883763968073 0.2331340615735462 0.7167776670467503 0.23943429760547322 0.7632169498289624
0 0.3919748928164196 0.7534510091220068 0.3891053842645382 0.7203366978335234 0.31317675484606616 0.7206942976054732 0.31409703762827823 0.757421527936146 0.3919748928164196 0.7534510091220068
0 0.8068407423033067 0.20050280045610036 0.8149830034207526 0.1499005142531357 0.7901102474344356 0.14219618928164196 0.7804824332953251 0.19290531470923605 0.8068407423033067 0.20050280045610036
0 0.9528847012542759 0.29373067616875714 0.9685700444697833 0.22367348004561002 0.8973687753705816 0.192375251995439 0.8885068380843786 0.2663740136830102 0.9528847012542759 0.29373067616875714
0 0.6735091094640822 0.054916662485746864 0.7145842303306728 0.0630212748004561 0.7265199988597492 0.02868573888255416 0.675281834663626 0.020634148232611175 0.6735091094640822 0.054916662485746864
0 0.3889911824401368 0.06654296123147092 0.38935754503990877 0.035422596351197266 0.3512888369441277 0.032327999999999996 0.34962122348916763 0.06746658722919043 0.3889911824401368 0.06654296123147092
0 0 0.16134917901938425 0.03410489395667047 0.157928582668187 0.03124621094640821 0.12003041847206386 0 0.1246236921322691 0 0.16134917901938425
0 0.07230224743443557 0.05001443215507412 0.016316441277080956 0.05688862485746864 0.007258549600912201 0.07813524857468643 0.06562663055872292 0.09309913226909919 0.07230224743443557 0.05001443215507412
0 0.15480609578107185 0.039884233751425316 0.15315319270239452 0.04589768301026226 0.24808453819840365 0.04440011174458381 0.2470368950969213 0.0285597149372862 0.15480609578107185 0.039884233751425316
0 0.868873338654504 0.6375222805017103 0.8790145792474345 0.5836866556442417 0.8357975005701255 0.577638094640821 0.8310424127708096 0.633902606613455 0.868873338654504 0.6375222805017103
0 0.9103932554161915 0.6443774355758267 0.9512530376282783 0.6507154355758268 0.950479873432155 0.6346744686431015 0.9147684618015963 0.6312904344355759 0.9103932554161915 0.6443774355758267
0 0.4217302063854048 0.6888384481185861 0.4249206932725199 0.646614582668187 0.39745016761687574 0.6469980695553023 0.39600809350057015 0.6864223648802737 0.4217302063854048 0.6888384481185861