0 0.7617945438996578 0.15144894754846067 0.8551026556442417 0.15519492702394527 0.8524522018244014 0.0976679589509692 0.7680697548460661 0.09373710262257696 0.7617945438996578 0.15144894754846067
0 0.8230920410490308 0.22192470011402507 0.8150334469783351 0.2694532269099202 0.861916314709236 0.267137992018244 0.8607133272519955 0.2261556385404789 0.8230920410490308 0.22192470011402507
0 0.9476427263397947 0.3681806282782212 0.9399793443557583 0.40321309578107184 0.9930346659064994 0.41286167274800456 0.9898293774230331 0.3762250558722919 0.9476427263397947 0.3681806282782212
0 0.7008592109464082 0.5415693375142531 0.7006065883694412 0.6033828244013684 0.7670603945267959 0.5999513728620297 0.7684485701254276 0.5408806031927024 0.7008592109464082 0.5415693375142531
0 0.7863742542759407 0.6572093808437856 0.8258262143671607 0.6585212200684151 0.825578378563284 0.6216258608893956 0.7915531938426453 0.6210297069555303 0.7863742542759407 0.6572093808437856
0 0.3755349156214367 0.6244981619156215 0.3684914903078677 0.6836480581527936 0.42347873888255416 0.68538565336374 0.43109217559863167 0.6293447833523376 0.3755349156214367 0.6244981619156215
0 0.12144849144811859 0.9494281482326112 0.11920939566704675 0.9817415724059293 0.16787288483466364 0.9929664218928164 0.17241014367160776 0.9562468700114025 0.12144849144811859 0.9494281482326112
0 0.46768004903078675 0.768232889395667 0.4635132177879134 0.7819184424173319 0.5434738244013684 0.7898075621436716 0.5454719395667047 0.7717710296465223 0.46768004903078675 0.768232889395667
0 0.4732862006841505 0.8016730923603194 0.47633746636259977 0.8194999942987458 0.5087432884834664 0.8220243090079817 0.5128258232611175 0.8073752497149372 0.4732862006841505 0.8016730923603194
0 0.9233780877993158 0.9185553979475485 0.921632669327252 0.9633420102622577 0.9926504116305587 0.9575585233751425 0.9955811870011402 0.9229322633979475 0.9233780877993158 0.9185553979475485
0 0.8884899258836944 0.7957067502850628 0.8847213876852907 0.8343823728620297 0.9202397730900799 0.8384208586088939 0.9251617993158495 0.7992867092360318 0.8884899258836944 0.7957067502850628
0 0.18228993614595213 0.776235165336374 0.17854550171037628 0.8151862964652223 0.22714953591790193 0.8121244618015964 0.23114705245153935 0.776048149372862 0.18228993614595213 0.776235165336374
0 0.12525794298745724 0.5876256134549601 0.18410435461801597 0.5925985473204105 0.18923783238312428 0.569524267958951 0.13103608209806158 0.5650893842645383 0.12525794298745724 0.5876256134549601