0 0.9578107183580388 0.4880273660205245 0.04446978335233751 0.043329532497149374
0 0.4912247343215508 0.16408350171037628 0.515564614595211 0.20698020296465222 0.5571892326111745 0.19001510376282782 0.5457325872291905 0.13864041505131128 0.4912247343215508 0.16408350171037628
0 0.34830962143671607 0.44959831470923606 0.38188980273660206 0.44303427023945263 0.3663573968072976 0.390612023945268 0.3158077582668187 0.3937895655644242 0.34830962143671607 0.44959831470923606
0 0 0.7584859931584949 0.023118249714937287 0.7888205689851768 0.05296317217787913 0.7691587103762828 0.02424698175598632 0.7356067149372861 0 0.7519123204104903 0 0.7584859931584949
0 0.5602047457240593 0.9996794161915621 0.5607089863169897 0.9636360980615736 0.5137265872291904 0.9611738551881414 0.5103155245153934 0.9998389475484606 0.5602047457240593 0.9996794161915621
0 0.37940589851767387 0.06069435233751425 0.3757642656784492 0.024433757126567847 0.300421338654504 0.034357337514253135 0.31351794982896236 0.07527853021664767 0.37940589851767387 0.06069435233751425
0 0.4700938620296465 0 0.47933088711516536 0.057608855188141385 0.546454685290764 0.04586512428734322 0.5417858871151654 0.0027523181299885977 0.48926852565564427 0 0.4700938620296465 0
0 0.7222031391106044 0.31450625085518813 0.7572554971493729 0.3066315210946408 0.7481596077537058 0.26869724059293043 0.7174690843785633 0.2726386123147092 0.7222031391106044 0.31450625085518813
0 0.3059192622576967 0.733958543899658 0.33827950855188144 0.7285196944127709 0.3255210592930445 0.6886097742303307 0.2943755028506272 0.6973823888255417 0.3059192622576967 0.733958543899658
0 0.7267813318129989 1 0.7122816966932726 0.9154918825541619 0.702579984036488 0.9176589794754846 0.7117656978335234 1 0.7267813318129989 1
0 0.7399017810718358 0.7495678255416192 0.7252788643101482 0.7452340820980615 0.7247264880273661 0.8010942269099202 0.738772637400228 0.8009385074116306 0.7399017810718358 0.7495678255416192
0 0.7174586385404789 0.7810926955530216 0.6983791049030786 0.782471038768529 0.7004084310148233 0.8004143375142532 0.7191374002280502 0.8016947274800456 0.7174586385404789 0.7810926955530216