0 0.8627280022805016 0.33685964994298745 0.8765412405929305 0.3831694629418472 0.9189228905359178 0.3721477468643102 0.907052149372862 0.32413964538198403 0.8627280022805016 0.33685964994298745
0 1 0.8650565290763969 0.993818188141391 0.8407014675028507 0.9812120604332953 0.8456085473204105 1 0.9194293318129988 1 0.8650565290763969
0 0.9482371858608895 0.8496697958950968 0.9728226784492588 0.9530584743443558 0.9928793876852907 0.9509504287343216 0.9658897856328392 0.8499055758266819 0.9482371858608895 0.8496697958950968
0 0.7836728506271379 0.4132274515393386 0.7997520148232611 0.4981070125427594 0.8142999578107184 0.49687647206385405 0.7990117970353477 0.4116152633979475 0.7836728506271379 0.4132274515393386
0 0.7361995005701255 0.4212022041049031 0.7563469737742303 0.5050571482326112 0.7724403318129989 0.498589503990878 0.7552646773090079 0.4209910057012543 0.7361995005701255 0.4212022041049031
0 0.8208388369441277 0.39797932953249715 0.838413928164196 0.3949365005701254 0.8297830387685291 0.35823135005701257 0.814395802736602 0.36164124515393387 0.8208388369441277 0.39797932953249715
0 0.8354602303306727 0.4633088597491448 0.8520089874572405 0.456196330672748 0.8445271687571265 0.42474359179019383 0.8286423683010261 0.4290997445838084 0.8354602303306727 0.4633088597491448
0 0.8485282462941847 0.5252195324971494 0.8630905028506272 0.5218979167616876 0.8564157434435575 0.4867782291904219 0.8421426134549601 0.48947243785632844 0.8485282462941847 0.5252195324971494
0 0.09194386202964652 0.40891701824401366 0.10805547206385406 0.454388244013683 0.16571635803876852 0.4360889179019384 0.1513406385404789 0.38953971379703534 0.09194386202964652 0.40891701824401366
0 0 0.29155589737742305 0.0004487434435575827 0.2931576590649943 0.046572377423033065 0.2811456237172178 0.03358220410490308 0.22818207525655643 0 0.2354394070695553 0 0.29155589737742305
0 0.06740017217787914 0.6634393329532496 0.07857590535917902 0.7130114618015964 0.12869262485746866 0.7050589612314709 0.11928407525655645 0.6520159099201824 0.06740017217787914 0.6634393329532496
0 0.043550783352337516 0.7429632257696693 0.05506743329532497 0.7787680513112886 0.12762043329532496 0.7544258483466363 0.12160826795895098 0.7252067251995439 0.043550783352337516 0.7429632257696693
0 0.18429442417331812 0.7371257810718358 0.2544970228050171 0.7184038004561003 0.23171295895096922 0.5924375142531356 0.1581213580387685 0.6106201630558723 0.18429442417331812 0.7371257810718358