0 0.13507406499429875 0.3507963067274801 0.152870905359179 0.3058666191562144 0.10982404675028506 0.28933191448118584 0.0938142953249715 0.3361227274800456 0.13507406499429875 0.3507963067274801
0 0 0.8784870684150513 0.02299276054732041 0.8092727525655644 0.005386785632839225 0.8079691083238312 0 0.8228055302166477 0 0.8784870684150513
0 0.20155361687571263 0.4719891060433295 0.2249693352337514 0.388833929304447 0.20982927137970353 0.38589099885974915 0.18716828164196123 0.4694953112884835 0.20155361687571263 0.4719891060433295
0 0.24418774344355756 0.4826957936145952 0.2715669908779932 0.4009159110604333 0.25259276852907636 0.39904387571265676 0.22871931812998858 0.47485013226909917 0.24418774344355756 0.4826957936145952
0 0.17203072633979474 0.36584158152793617 0.18927373888255417 0.3704046020524515 0.1988593283922463 0.3347663432155074 0.18382783694412771 0.33002833637400225 0.17203072633979474 0.36584158152793617
0 0.15314825541619156 0.4256834116305587 0.1690141402508552 0.43421119498289623 0.17878758038768527 0.4007264709236032 0.16334288939566705 0.3950024446978335 0.15314825541619156 0.4256834116305587
0 0.13638263740022805 0.490169165336374 0.15059998175598632 0.49474732611174455 0.1600768802736602 0.4596928050171038 0.14609287913340935 0.4557648631698974 0.13638263740022805 0.490169165336374
0 0.8944283865450399 0.48872202622576966 0.9144417662485747 0.44482805245153934 0.8569598563283923 0.42034771493728623 0.8385818095781071 0.4654668586088939 0.8944283865450399 0.48872202622576966
0 1 0.2734775860889396 0.9883334275940707 0.26986741391106045 0.9707766088939567 0.321497251995439 1 0.3319017149372862 1 0.2734775860889396
0 0.901255275940707 0.7489304196123147 0.9167089783352337 0.7005209566704675 0.8660181265678449 0.6846190228050171 0.8520223728620296 0.736640220068415 0.901255275940707 0.7489304196123147
0 0.9189432269099203 0.8164856830102623 0.9335366488027366 0.7818208472063854 0.8573237776510833 0.7573287571265679 0.8487878757126568 0.7859126989737742 0.9189432269099203 0.8164856830102623
0 0.7255336180159636 0.7389697023945268 0.7938373466362599 0.763738998859749 0.8309365074116305 0.6399959076396808 0.7592096670467502 0.6154685176738882 0.7255336180159636 0.7389697023945268