0 0.2390799418472064 0.4677255222348917 0.20163316077537058 0.43165639794754845 0.06369120182440137 0.5636560068415052 0.09848144583808438 0.5957436020524515 0.2390799418472064 0.4677255222348917
0 0.18994761687571265 0.8561955473204106 0.1592060228050171 0.8251736088939566 0.09296288597491449 0.8913904150513113 0.12942911402508553 0.9162162748004561 0.18994761687571265 0.8561955473204106
0 0.2892684344355758 1 0.3011439418472064 0.9861266784492588 0.27500333181299885 0.9622448323831243 0.250083007981756 0.9897084686431015 0.261273842645382 1 0.2892684344355758 1
0 0.5582036624857468 0.9721618494868872 0.6049194640820981 0.9248640296465223 0.5723319897377424 0.8956399224629419 0.5273594971493729 0.9489426225769669 0.5582036624857468 0.9721618494868872
0 0.5661142679589509 0.7212660809578106 0.5255709988597491 0.680240606613455 0.4861786966932725 0.7199200501710376 0.5271950957810718 0.7600569680729761 0.5661142679589509 0.7212660809578106
0 0.6738899019384265 0.7372660729760547 0.6438915792474345 0.7115327856328393 0.6161237822120866 0.7358006761687571 0.6489830182440136 0.762703433295325 0.6738899019384265 0.7372660729760547
0 0.8838771995438996 0.8491206761687572 0.8553833728620296 0.8255711299885975 0.8270174184720638 0.854115449258837 0.8586607080957811 0.878754465222349 0.8838771995438996 0.8491206761687572
0 0.5067095416191563 1 0.5206257708095781 0.9906213272519955 0.48299051425313566 0.963888038768529 0.4536896031927024 0.9964342383124287 0.4726241026225769 1 0.5067095416191563 1
0 0.010229075256556442 0.41363178449258836 0.04640709350057013 0.45347199885974915 0.07821957468643102 0.4238421402508552 0.04283714709236032 0.378997181299886 0.010229075256556442 0.41363178449258836
0 0.20505737286202966 0.2299086316989738 0.13712708551881414 0.16038768985176738 0.0353602417331813 0.24261519270239454 0.1143181630558723 0.32233028050171036 0.20505737286202966 0.2299086316989738
0 0.1814542896237172 0.19848460433295326 0.20905681755986316 0.17304076966932724 0.18006917103762826 0.14596627137970353 0.15086777765108322 0.17283240364880273 0.1814542896237172 0.19848460433295326
0 0.4231265895096921 0.43766551425313566 0.39682114595210943 0.4126108175598632 0.3603669395667047 0.45187576168757126 0.37961693842645383 0.4779236134549601 0.4231265895096921 0.43766551425313566
0 0.5071175336374002 0.4977421448118586 0.48198781755986314 0.47252063397947547 0.44218278107183584 0.5092633135689851 0.4647566624857469 0.5397748232611175 0.5071175336374002 0.4977421448118586
0 0.3178829007981756 0.345834535917902 0.36107087115165337 0.29903252109464085 0.33485803192702396 0.2703704549600912 0.2861204458380844 0.3203476031927024 0.3178829007981756 0.345834535917902
0 0.254428905359179 0.03085653135689852 0.20696737172177881 0.06431564766248575 0.23612006955530218 0.09256454161915621 0.28396290307867733 0.04688657126567845 0.254428905359179 0.03085653135689852
0 0.4151715689851767 0.009897125427594071 0.34145025883694413 0.018626477765108323 0.3991346647662486 0.0792382291904219 0.44342886202964654 0.04244055644241733 0.4151715689851767 0.009897125427594071
0 0.6502542075256555 0.09126714595210945 0.60509134663626 0.05149049714937286 0.5688143557582668 0.087738921322691 0.6116059874572406 0.13198596123147094 0.6502542075256555 0.09126714595210945
0 0.4444733751425314 0.3250470570125427 0.4755315028506272 0.2943272006841505 0.43422566932725204 0.252130834663626 0.40074432725199544 0.2826737149372862 0.4444733751425314 0.3250470570125427
0 0.7349155416191563 0.1518475678449259 0.769634409350057 0.10024626681870011 0.734922126567845 0.07936784606613455 0.7002858928164196 0.1315571174458381 0.7349155416191563 0.1518475678449259
0 0.7930716887115166 0.30540760661345495 0.8184264492588369 0.27249137970353476 0.7754302690992018 0.23959893500570126 0.7437643728620296 0.272404929304447 0.7930716887115166 0.30540760661345495
0 0.7379544469783352 0.4593105929304447 0.7700571904218928 0.4829525245153934 0.8046730524515393 0.43915083922462944 0.7754088335233752 0.4143746989737742 0.7379544469783352 0.4593105929304447
0 0.7108674435575827 0.4798900285062714 0.6464079395667047 0.5374667023945268 0.6968640923603193 0.5764994264538198 0.752419622576967 0.51957296009122 0.7108674435575827 0.4798900285062714
0 0.6413317035347776 0.4842711060433295 0.6140676966932725 0.5078686088939567 0.6424673740022805 0.5350257411630559 0.6673054971493728 0.5069772269099202 0.6413317035347776 0.4842711060433295
0 0.5874421231470923 0.476269779931585 0.6099398757126568 0.4443562428734322 0.5576792451539339 0.38820650855188144 0.5265473409350057 0.4141463648802737 0.5874421231470923 0.476269779931585
0 0.5524887423033067 0.38114926909920177 0.5813396624857469 0.3603219315849487 0.5540231094640821 0.3366053534777651 0.5308042212086659 0.35484398289623714 0.5524887423033067 0.38114926909920177
0 0.6497402098061574 0 0.6156834743443557 0.045809508551881414 0.6438454344355758 0.06700893272519955 0.6873652713797035 0.02255703990877993 0.6548722337514253 0 0.6497402098061574 0
0 0.5916747206385404 0 0.5902639657924744 0.0014609361459521095 0.6232965142531357 0.023175013683010264 0.6465990889395667 0 0.5916747206385404 0
0 0.943321 0.7814642702394526 0.9802688118586089 0.7457227309007982 0.9698067183580388 0.731020062713797 0.9284854503990878 0.7697730136830102 0.943321 0.7814642702394526
0 0.275862488027366 0.43080804218928165 0.2507044469783352 0.4523139714937286 0.276577 0.4828210376282782 0.3021781151653363 0.45166894412770814 0.275862488027366 0.43080804218928165
0 0.3111287662485747 0.3617591949828962 0.36418272748004565 0.40222242075256553 0.40535330558722915 0.36667476168757124 0.3559778643101482 0.32251044127708095 0.3111287662485747 0.3617591949828962
0 0.305059669327252 0.12660440364880274 0.2808597582668187 0.09945503876852908 0.2542765427594071 0.11936408551881414 0.284606732041049 0.14744749486887115 0.305059669327252 0.12660440364880274