0 0.5642189589509692 0.4365818141391106 0.5553032029646522 0.4025987309007982 0.49728549486887114 0.4187072189281642 0.501209409350057 0.4482000900798176 0.5642189589509692 0.4365818141391106
0 0.26447204218928166 0.3215163500570125 0.26714065678449256 0.28167677423033066 0.214713913340935 0.2796725188141391 0.2016600330672748 0.3142139817559863 0.26447204218928166 0.3215163500570125
0 0.2774110399087799 0.09191827023945269 0.28471428848346636 0.038408026225769665 0.24817260889395668 0.033194574686431014 0.24151070695553023 0.08759747662485746 0.2774110399087799 0.09191827023945269
0 0.8101651664766248 0.2341294047890536 0.7965613021664766 0.18443420866590648 0.7718442622576968 0.18929383352337514 0.7820359372862029 0.23627795781071836 0.8101651664766248 0.2341294047890536
0 0.8801432417331813 0.4121735393386545 0.8548135895096921 0.3429465051311289 0.8190433819840366 0.3638284401368301 0.8331326339794756 0.4284280353477765 0.8801432417331813 0.4121735393386545
0 0.9143520171037628 0.2821127582668187 0.9016244264538198 0.22644789509692134 0.8627994880273661 0.23442201482326114 0.8816648403648802 0.2880800889395667 0.9143520171037628 0.2821127582668187
0 0.8153066647662486 0 0.8222265689851768 0.02746336944127708 0.8500622725199544 0.025386527936145955 0.8426968711516534 0 0.8153066647662486 0
0 0.6345073055872291 0.972240433295325 0.6385902576966933 0.9934229657924744 0.7121127970353478 0.9895698118586088 0.7053492417331813 0.9625883740022806 0.6345073055872291 0.972240433295325
0 0.7392291117445838 0.7865442896237173 0.7321149600912201 0.7699203956670467 0.6975663534777651 0.7800470957810719 0.6985597548460661 0.7990023329532497 0.7392291117445838 0.7865442896237173
0 0.71302065336374 0.7629758221208667 0.7085279122006841 0.7509616761687571 0.6926738403648803 0.7547622474344357 0.6939497616875713 0.7677632884834663 0.71302065336374 0.7629758221208667
0 0.48896878107183583 0.3621196191562144 0.4642237582668187 0.3551003660205245 0.45329636716077537 0.373492779931585 0.4792272622576967 0.38044988369441274 0.48896878107183583 0.3621196191562144