0 0.4329655393386545 0.7347884846066134 0.4861982725199544 0.7255455370581528 0.4752569190421893 0.6764477628278222 0.4181300604332953 0.6908063261117445 0.4329655393386545 0.7347884846066134
0 0.3731495644241733 0.8427254196123147 0.38751359635119725 0.9178924298745724 0.42999885632839224 0.904680197263398 0.41040019840364883 0.8355429623717218 0.3731495644241733 0.8427254196123147
0 0.2276171094640821 0.6623612782212087 0.23070675142531358 0.703282338654504 0.2908483409350057 0.6820419885974914 0.28133985176738885 0.647169810718358 0.2276171094640821 0.6623612782212087
0 0.051479424173318133 0.6998785188141391 0.06589526909920182 0.7780138278221209 0.09596606385404789 0.7673936522234892 0.0798951505131129 0.6964133169897376 0.051479424173318133 0.6998785188141391
0 0.3571572770809578 0.26638080615735465 0.3754399156214367 0.26012327594070694 0.36617579703534775 0.1712089156214367 0.34849812998859747 0.16736059635119724 0.3571572770809578 0.26638080615735465
0 0.2998875997719498 0.28222646180159633 0.30643968871151656 0.3177425210946408 0.3619817616875713 0.3048962223489167 0.35725053819840363 0.27172374116305587 0.2998875997719498 0.28222646180159633
0 0.3828327981755987 0.30987683010262257 0.38656637628278223 0.35375741619156215 0.44101595438996577 0.3462747502850627 0.43893900570125427 0.29523916305587233 0.3828327981755987 0.30987683010262257
0 0.9430887331812998 0.3220696237172178 0.9779678825541619 0.31493012314709234 0.9701248232611175 0.2734966305587229 0.9394314971493729 0.2808615496009122 0.9430887331812998 0.3220696237172178
0 0.8741863614595211 0.35118438312428735 0.8809456989737743 0.39857363283922465 0.912816606613455 0.38910815507411634 0.9030180262257697 0.3376166339794755 0.8741863614595211 0.35118438312428735
0 0.5020189931584949 0.6462870444697834 0.5593612348916761 0.6345985667046751 0.5486271014823261 0.5973724196123147 0.49858723603192706 0.6110134389965792 0.5020189931584949 0.6462870444697834
0 0.8272969749144812 0.24807919954389968 0.8633722155074116 0.24151109806157353 0.8513678916761688 0.19955796351197264 0.8154846704675028 0.21354571721778792 0.8272969749144812 0.24807919954389968
0 0.7580511220068415 0.12161063055872293 0.8158937343215508 0.10456729304446978 0.8080507035347777 0.06313536259977194 0.7526126499429875 0.07746444811858609 0.7580511220068415 0.12161063055872293
0 0.876387645381984 0.10351136716077537 0.9176234116305587 0.08675790307867731 0.9054636522234892 0.035899873432155074 0.8695145598631698 0.046919575826681874 0.876387645381984 0.10351136716077537
0 0.9797973466362601 0.8956772702394526 0.9981939429874572 0.8959484344355758 0.9921851448118587 0.8236047833523374 0.9764528301026226 0.8218009509692132 0.9797973466362601 0.8956772702394526
0 0.2589358620296465 0.8251207297605474 0.2627226944127708 0.8381206830102622 0.28452112542759406 0.8294248608893957 0.2794760273660205 0.8122915496009122 0.2589358620296465 0.8251207297605474
0 0.2661334492588369 0.8635962862029647 0.2914803785632839 0.8542462485746863 0.28766245952109465 0.8394653158494869 0.26285737742303306 0.8458366944127708 0.2661334492588369 0.8635962862029647