0 0.5388483591790194 0.7943651847206386 0.482321834663626 0.7952886932725199 0.47418583010262255 0.8859539030786774 0.5339114207525656 0.8826575849486886 0.5388483591790194 0.7943651847206386
0 0.9535978517673888 0.39324927594070697 0.9216375530216647 0.37959163283922465 0.8982349657924744 0.4247159897377423 0.9311230843785634 0.433386755986317 0.9535978517673888 0.39324927594070697
0 0.8360788836944127 0.3560917251995439 0.8042440490307868 0.41837856214367164 0.8363412326111744 0.42598297377423033 0.8648485952109464 0.3736279566704675 0.8360788836944127 0.3560917251995439
0 0.46047886202964655 0.40121672177879136 0.439006015963512 0.4333412998859749 0.46762690193842643 0.4451745450399088 0.48589176624857466 0.4196463033067275 0.46047886202964655 0.40121672177879136
0 0.4277633283922463 0.3901054709236032 0.4025824914481186 0.37042756442417335 0.3806262086659065 0.40323870695553027 0.40480963055872293 0.42067926111744586 0.4277633283922463 0.3901054709236032
0 0.05503520638540479 0.34549346180159635 0.015193610034207525 0.355533157354618 0.014012507411630558 0.41723819156214365 0.05984020524515394 0.41036493842645383 0.05503520638540479 0.34549346180159635
0 0.19349315393386546 0.45010382098061574 0.1654154732041049 0.4653041345496009 0.1739451128848347 0.4897252394526796 0.20238110034207527 0.47868052679589507 0.19349315393386546 0.45010382098061574
0 0.07793794070695553 0.5814146795895097 0.06335051311288484 0.5876042941847207 0.08353217673888255 0.6576006875712658 0.09963455644241734 0.6550628574686431 0.07793794070695553 0.5814146795895097
0 0.07999639224629418 0.8017182006841505 0.0471376259977195 0.8038946305587229 0.05239590992018244 0.8337158403648803 0.0784063534777651 0.8270193135689852 0.07999639224629418 0.8017182006841505
0 0.07705604446978336 0.7063724583808438 0.03198112542759407 0.7179378403648803 0.03950768871151653 0.7606231014823261 0.08992310490307867 0.743595810718358 0.07705604446978336 0.7063724583808438
0 0.637900802736602 0.9662147514253135 0.6412624150513113 0.9828049304446979 0.7139504606613455 0.9699880672748005 0.7034104116305587 0.9444141778791334 0.637900802736602 0.9662147514253135
0 0.7882546043329534 0.9228218529076396 0.7189257685290763 0.9434871299885975 0.7244786704675028 0.9681316602052452 0.7949631094640821 0.946659708095781 0.7882546043329534 0.9228218529076396
0 0.9523871505131128 0.7968124184720639 0.9399040935005701 0.7670577251995438 0.8894623808437856 0.7922321037628278 0.8995723557582668 0.8187861927023946 0.9523871505131128 0.7968124184720639