0 1 0.2815812234891676 0.9318467822120867 0.264078669327252 0.9294038700114025 0.34624652565564423 1 0.35192299771949825 1 0.2815812234891676
0 0.7127126168757126 0.39666730216647667 0.7012329087799316 0.44468461231470924 0.7286197183580388 0.45674856100342076 0.7397209042189281 0.4074586887115165 0.7127126168757126 0.39666730216647667
0 0.4211892394526796 0.2542229361459521 0.309091677309008 0.2603822234891676 0.3142427776510832 0.3233901847206386 0.429117574686431 0.3141047286202965 0.4211892394526796 0.2542229361459521
0 0.4267995792474344 0.324848244013683 0.31527370239452684 0.32779233067274804 0.31496356442417334 0.3807952725199544 0.4290140741163056 0.3761845758266819 0.4267995792474344 0.324848244013683
0 0.14445394982896237 0.4357400729760547 0.14424542645381982 0.5086553614595211 0.19640800798175598 0.5100152075256557 0.19355753933865452 0.430531441277081 0.14445394982896237 0.4357400729760547
0 0.12765303192702393 0.35681101482326116 0.21170994526795894 0.3511320057012543 0.20758364538198404 0.2895105632839225 0.1281353249714937 0.2960021915621437 0.12765303192702393 0.35681101482326116
0 0.6407068232611175 0.28479053021664763 0.6224778221208666 0.2867009977194983 0.6208617229190422 0.32319351767388826 0.636977236031927 0.3206089315849487 0.6407068232611175 0.28479053021664763
0 0.5027919144811859 0.5444443956670467 0.4486635404789054 0.5448481106043329 0.449317149372862 0.5787262941847207 0.4951228004561003 0.5819813774230331 0.5027919144811859 0.5444443956670467
0 0.4453941938426454 0.7546886567844926 0.4487944059293044 0.7968889646522235 0.5004431208665907 0.7909232873432155 0.5005112394526796 0.7529519977194983 0.4453941938426454 0.7546886567844926
0 0.539004251995439 0.5619834355758266 0.5219254846066135 0.563192354618016 0.5232631311288484 0.6375876795895097 0.5384507137970354 0.6402656602052451 0.539004251995439 0.5619834355758266
0 0.5420583386545039 0.7120451083238313 0.5246702611174459 0.7150082166476625 0.5242217491448119 0.7824550011402508 0.5374165815279361 0.789604882554162 0.5420583386545039 0.7120451083238313
0 0.5125689224629418 0.7143801106043329 0.49992849258836947 0.711851393386545 0.4996865210946408 0.7473803911060433 0.5117488631698973 0.7507131277080957 0.5125689224629418 0.7143801106043329
0 0.5131457343215508 0.5932969988597491 0.49439969555302166 0.5963221163055873 0.498659897377423 0.6302349179019384 0.515393921322691 0.6343913956670468 0.5131457343215508 0.5932969988597491
0 0.6870375575826682 0.9133585769669328 0.6686795974914481 0.9128330798175599 0.6739689623717218 0.9716466396807297 0.6901197958950969 0.9757002873432156 0.6870375575826682 0.9133585769669328
0 0.6561706898517673 0.9142464652223489 0.6388857023945268 0.9178306602052452 0.6411181060433295 0.949575590649943 0.656787314709236 0.9529414047890535 0.6561706898517673 0.9142464652223489
0 0.6340106818700114 0.9374699885974914 0.6213268985176739 0.9388493660205245 0.6218419224629419 0.956426141391106 0.6382313169897378 0.9556985758266818 0.6340106818700114 0.9374699885974914
0 0.563423913340935 0.9871233192702394 0.5647310843785632 0.9421340057012543 0.5187880057012543 0.9328287696693273 0.5150759407069555 0.9846273625997719 0.563423913340935 0.9871233192702394
0 0.23655680843785631 0.053453906499429875 0.20219460775370582 0.057041476624857465 0.20806881299885974 0.10570869783352338 0.24239739338654503 0.10573107069555303 0.23655680843785631 0.053453906499429875