0 0.5552033911060433 0.4308536054732041 0.5572610216647662 0.40751785632839227 0.464429511972634 0.3934574218928164 0.46259406727480046 0.4181959965792474 0.5552033911060433 0.4308536054732041
0 0.5964990661345496 0.46458223147092365 0.6052789293044469 0.4473718700114025 0.5665802622576968 0.4391193865450399 0.5589113272519954 0.46334387799315846 0.5964990661345496 0.46458223147092365
0 0.6655930832383125 0.4104935621436716 0.6720116670467503 0.3965332246294185 0.6340492679589509 0.38385007639680735 0.6259359612314709 0.40526891562143674 0.6655930832383125 0.4104935621436716
0 0.7250282428734321 0.5405818323831243 0.7412666088939567 0.5250661938426454 0.6837192713797036 0.479531409350057 0.6709531151653364 0.49881115393386544 0.7250282428734321 0.5405818323831243
0 0.7004543854047891 0.5761134834663626 0.7162483797035347 0.5577921938426454 0.6912046111744584 0.5358712690992019 0.6726034218928164 0.5546371755986317 0.7004543854047891 0.5761134834663626
0 0.726178007981756 0.6295646830102622 0.7779347286202964 0.6113011060433295 0.7694347651083239 0.5939515667046751 0.7232893477765108 0.6113264002280502 0.726178007981756 0.6295646830102622
0 0.8007579384264538 0.6191919817559863 0.8475696670467502 0.6060240820980616 0.8435003671607754 0.5894108118586089 0.7955079977194983 0.6042037229190422 0.8007579384264538 0.6191919817559863
0 0.86897117331813 0.7320685906499429 0.9570668244013684 0.7253072770809578 0.9587480057012543 0.6905254355758267 0.8680688882554162 0.6991339464082098 0.86897117331813 0.7320685906499429
0 0.40705229076396804 0.6808749087799316 0.3644004857468643 0.6857683044469783 0.37089741391106046 0.7424498038768529 0.4194083557582668 0.737343465222349 0.40705229076396804 0.6808749087799316
0 0.36067337172177877 0.6857384857468644 0.2821530296465222 0.6913486567844925 0.28573709350057014 0.7218083067274801 0.36798455074116304 0.7162279543899659 0.36067337172177877 0.6857384857468644
0 0.4471749783352338 0.44796362485746866 0.44945479475484607 0.4260307023945268 0.33270268871151654 0.4243886009122007 0.32806313568985174 0.44957130330672745 0.4471749783352338 0.44796362485746866