0 0 0.2371731630558723 0.044053412770809576 0.2472388061573546 0.04542306955530217 0.20351235005701254 0 0.1991509304446978 0 0.2371731630558723
0 0.19442188027366022 0.24218081299885974 0.13810240478905358 0.22839855074116305 0.1295304218928164 0.27168796123147093 0.1871019464082098 0.2781743819840365 0.19442188027366022 0.24218081299885974
0 0.14133242075256555 0.20238717901938427 0.1776590330672748 0.2075244070695553 0.19172679247434435 0.176791818700114 0.15111398517673888 0.164940842645382 0.14133242075256555 0.20238717901938427
0 0.06458628050171038 0.658222070695553 0.1021846031927024 0.6584479007981756 0.09923947776510833 0.6020404948688711 0.06901594640820981 0.6013364823261117 0.06458628050171038 0.658222070695553
0 0.06221030900798176 0.8769828848346636 0.03633825655644242 0.8719393090079818 0.04049669327251995 0.9115041881413911 0.05975877651083238 0.9130617844925883 0.06221030900798176 0.8769828848346636
0 0.3318969304446978 0.9656537046750284 0.36884440935005697 0.9653524925883695 0.3718829977194983 0.9214506237172179 0.33801627366020526 0.9160548517673888 0.3318969304446978 0.9656537046750284
0 0.39952051881413914 0.97347169327252 0.43553525883694416 0.9756565974914482 0.4392635678449259 0.9430256271379703 0.4061499407069555 0.9411328244013683 0.39952051881413914 0.97347169327252
0 0.37822845724059295 0.8163035233751426 0.4103643477765108 0.821285763968073 0.4264074139110604 0.7679557217787913 0.3886025290763968 0.7561081311288484 0.37822845724059295 0.8163035233751426
0 0.5096326202964653 0.7045810205245154 0.5617326259977196 0.7122395416191563 0.5705614834663626 0.6757888688711516 0.5175216727480045 0.6661395541619156 0.5096326202964653 0.7045810205245154
0 0.3633982508551881 0.07934311858608895 0.3297427856328392 0.06556842531356899 0.31362428848346635 0.12218686659064995 0.3478774971493729 0.13142422234891676 0.3633982508551881 0.07934311858608895
0 0.33882728506271376 0.27118271379703535 0.36605750513112884 0.27488792816419616 0.38633480045610036 0.22380101482326112 0.35243849714937286 0.20885602166476624 0.33882728506271376 0.27118271379703535
0 0.38189858950969213 0.15322183352337515 0.41468532497149374 0.15873111858608893 0.4276663717217788 0.10064823261117446 0.3931828745724059 0.09442175484606613 0.38189858950969213 0.15322183352337515
0 0.5067482770809578 0.12099494526795895 0.5311818323831243 0.1321583489167617 0.5450618472063854 0.09965443215507411 0.5167080273660205 0.08681349486887115 0.5067482770809578 0.12099494526795895
0 0.5976536499429874 0.19144115963511973 0.6341345313568986 0.20372641847206385 0.6527657856328393 0.1653499418472064 0.6188591744583809 0.15667474914481186 0.5976536499429874 0.19144115963511973
0 1 0.7352645393386545 0.9617607251995439 0.7275088654503991 0.9539336716077537 0.7778857993158494 0.9850140877993159 0.7841714446978335 1 0.7470975895096921 1 0.7352645393386545
0 0.7794449612314709 0.6953272576966932 0.8095307377423032 0.7035100775370582 0.8221738392246295 0.6699405530216648 0.7896625256556442 0.6620142394526797 0.7794449612314709 0.6953272576966932
0 0.7088301242873432 0.8860360535917903 0.7383873021664766 0.8948698802736602 0.7498593660205245 0.8584399064994299 0.719015993158495 0.8467561607753705 0.7088301242873432 0.8860360535917903
0 0.6483184401368302 0.8607539988597491 0.6816941197263398 0.8662013831242873 0.689737275940707 0.834906393386545 0.6508657548460661 0.828247157354618 0.6483184401368302 0.8607539988597491
0 0.05889786088939567 0.2182156465222349 0.05588262257696693 0.25196571151653363 0.07112131927023944 0.25543873546180157 0.075819 0.2146461014823261 0.05889786088939567 0.2182156465222349
0 0.9965501721778792 0.4569825940706955 0.992197205245154 0.41147109920182445 0.9625547058152794 0.4116015484606613 0.9594485895096921 0.4501373295324972 0.9965501721778792 0.4569825940706955
0 0.7380599897377422 0.09728012542759408 0.7563465336374002 0.10670152223489168 0.7869902405929304 0.06288177194982897 0.7705085735461802 0.048494510832383125 0.7380599897377422 0.09728012542759408
0 0.7273801459521094 0.07511724971493727 0.7374092120866591 0.08540811402508552 0.7710213683010262 0.03858977423033067 0.7571279327251996 0.029006724059293044 0.7273801459521094 0.07511724971493727