0 0.5052618141391106 0.08950361231470924 0.5300332006841505 0.13426574458380844 0.5801072303306727 0.11036573660205246 0.5541061060433295 0.06387906271379704 0.5052618141391106 0.08950361231470924
0 0.5164012405929305 0 0.475928913340935 0.02420000228050171 0.4940674401368301 0.05770309692132269 0.5427534355758267 0.03118022462941847 0.5193372120866591 0 0.5164012405929305 0
0 0.16927403762827822 0.27891773318129987 0.19935301482326112 0.3281242485746865 0.23405334663625996 0.3101974937286203 0.2097148061573546 0.25699920980615737 0.16927403762827822 0.27891773318129987
0 0.30868336488027365 0.328624062713797 0.3607907970353478 0.40954675256556444 0.417937023945268 0.3789598175598632 0.365228677309008 0.2942401242873432 0.30868336488027365 0.328624062713797
0 0.27965792246294185 0.36006273204104905 0.30553918129988594 0.40920396351197263 0.33597854161915625 0.3954068004561004 0.311041472063854 0.345997472063854 0.27965792246294185 0.36006273204104905
0 0.23107662257696696 0.256876929304447 0.24986484036488027 0.2862780307867731 0.2860759623717218 0.2739945929304447 0.2680123808437856 0.24191607411630558 0.23107662257696696 0.256876929304447
0 0.5277159863169897 0.5170614150513113 0.47974667844925883 0.5238772132269099 0.4893040034207526 0.5584226191562144 0.5399901128848347 0.5496356795895097 0.5277159863169897 0.5170614150513113
0 0.502001189281642 0.6186899498289624 0.5118371630558722 0.6514760364880273 0.568851598631699 0.6406888129988597 0.5518668859749145 0.6074918597491448 0.502001189281642 0.6186899498289624
0 0.8377849612314708 0.48749664766248574 0.8384826784492587 0.5248421425313569 0.872716637400228 0.5212564937286204 0.8677154367160775 0.4864012565564424 0.8377849612314708 0.48749664766248574
0 0.7487192462941847 0.8145132554161916 0.7671377206385405 0.8462588164196123 0.7957881299885975 0.8285745689851768 0.7806750045610034 0.7968352166476624 0.7487192462941847 0.8145132554161916
0 0.31888804332953247 0 0.3323349737742303 0.02367740250855188 0.3721969464082098 0 0.31888804332953247 0
0 0.40632620410490305 0.10686542645381984 0.38587154846066135 0.07659923603192703 0.34278262485746863 0.09435221208665906 0.35437058608893957 0.127463244013683 0.40632620410490305 0.10686542645381984
0 0.7486011425313569 0.6103008996579247 0.7440356385404789 0.6011711698973774 0.7211311037628277 0.6053505028506271 0.7241474572405929 0.618567905359179 0.7486011425313569 0.6103008996579247
0 0.7205817856328393 0.5860456453819841 0.7240670490307868 0.5944047126567844 0.7456131824401369 0.5912109498289623 0.74110448004561 0.57982482668187 0.7205817856328393 0.5860456453819841
0 0.7137673945267959 0.564546196123147 0.7171597753705815 0.5734917023945268 0.7431820296465221 0.568605448118586 0.739722716077537 0.5543892668187002 0.7137673945267959 0.564546196123147
0 0.7124164846066134 0.5427113568985177 0.7175681835803877 0.5519355119726339 0.7397007571265679 0.5488346328392246 0.735468503990878 0.535703078677309 0.7124164846066134 0.5427113568985177