0 0.21544660661345497 0.1894262166476625 0.2022997229190422 0.07608587229190422 0.15450777309007982 0.08004846636259977 0.16755599543899657 0.1903986818700114 0.21544660661345497 0.1894262166476625
0 0.8651327685290764 0 0.8716301288483467 0.04762443329532497 0.914248630558723 0.04357950513112885 0.9107923762827822 0 0.8651327685290764 0
0 0.8901370820980615 0.44506148004561 0.869331298745724 0.3136989304446979 0.8262420011402508 0.318117417331813 0.8489391003420752 0.4503842964652224 0.8901370820980615 0.44506148004561
0 0.7754685450399088 0.3808638996579247 0.7710890467502851 0.3304596955530217 0.7259466944127708 0.3331024903078677 0.7332591824401369 0.39115769555302166 0.7754685450399088 0.3808638996579247
0 0.5651775986316989 0.3726912827822121 0.53175378677309 0.3815920011402508 0.5563827605473204 0.46125275028506274 0.5850541527936146 0.44889510034207525 0.5651775986316989 0.3726912827822121
0 0.3220251938426454 0.33906470011402506 0.27851368301026225 0.3411470376282782 0.2926045393386545 0.433898732041049 0.3344147708095781 0.4248704549600912 0.3220251938426454 0.33906470011402506
0 0.3368945131128848 0.5429060638540479 0.3290130604332953 0.4666058631698974 0.2786611254275941 0.47157507069555304 0.2913827172177879 0.5513167274800456 0.3368945131128848 0.5429060638540479
0 0.26836274458380843 0.8723737137970353 0.2604674481185861 0.8225247753705816 0.21489036830102623 0.8267377194982897 0.22158494070695553 0.8803821584948689 0.26836274458380843 0.8723737137970353
0 0.7738484389965792 0.8939071915621436 0.7790001436716077 0.9453913945267959 0.8086021539338655 0.9388994424173318 0.7986465587229191 0.8887772531356899 0.7738484389965792 0.8939071915621436
0 0.4350365952109464 0.8591989133409349 0.4201240364880274 0.7840123295324971 0.3631366795895097 0.794541117445838 0.37475566476624855 0.8729545324971494 0.4350365952109464 0.8591989133409349
0 0.3333357194982896 0.6721176533637401 0.3272980832383124 0.6339975131128848 0.28548760547320406 0.6430242474344356 0.28856674230330676 0.6852182930444698 0.3333357194982896 0.6721176533637401
0 0.647885810718358 0.5687953603192702 0.5607116191562144 0.5795966396807298 0.5767096305587229 0.6654320250855188 0.6537455245153934 0.6619458483466363 0.647885810718358 0.5687953603192702
0 0.8488701060433295 0.7798292291904219 0.8573494104903079 0.780288110604333 0.8536783762827822 0.7267659395667047 0.8409931847206386 0.7296768027366021 0.8488701060433295 0.7798292291904219
0 0.8764050045610033 0.7754681288483467 0.8905877001140251 0.770216054732041 0.8817068323831243 0.7217255176738882 0.8654534732041049 0.7249009475484606 0.8764050045610033 0.7754681288483467
0 0.9057921071835804 0.7714148209806158 0.9204098301026226 0.7727049258836944 0.9189594446978334 0.7218367947548461 0.8995776750285063 0.7185944777651083 0.9057921071835804 0.7714148209806158
0 0.9286893112884834 0.5519718266818701 0.9405004355758267 0.5507038608893957 0.9332623192702394 0.5163807651083239 0.9210853204104903 0.5132012098061574 0.9286893112884834 0.5519718266818701