0 0.1150747810718358 0.4773831767388826 0.1076915929304447 0.5648065963511972 0.18925207297605473 0.5752597616875713 0.19254181870011403 0.49147083580387685 0.1150747810718358 0.4773831767388826
0 0.24334409122006842 0.5772847844925884 0.19330719042189282 0.569250574686431 0.18768087685290763 0.6759431425313569 0.23505027023945266 0.6807593534777651 0.24334409122006842 0.5772847844925884
0 0.3750716419612315 0.6373402805017103 0.3428714754846066 0.6301808483466362 0.3378582269099202 0.7062814937286203 0.3721595085518814 0.7086519657924742 0.3750716419612315 0.6373402805017103
0 0.14725090992018244 0.7553342713797034 0.08830911630558723 0.7474554982896237 0.08504349714937286 0.8175856716077538 0.1449324355758267 0.8266355940706956 0.14725090992018244 0.7553342713797034
0 0.11133598175598632 0.9097674070695553 0.06972742645381984 0.9081183249714937 0.07179544811858608 0.9772646396807299 0.10663250741163056 0.98051651995439 0.11133598175598632 0.9097674070695553
0 0.06189865678449259 0.9700143831242873 0.060869778791334095 0.9450910433295324 0.0305749669327252 0.9450260011402509 0.030739676168757127 0.9726367069555302 0.06189865678449259 0.9700143831242873
0 0.3555157685290764 0.8781870102622578 0.30614665450399087 0.874299590649943 0.30365516419612315 0.9411501288483466 0.35729076396807297 0.9458554002280501 0.3555157685290764 0.8781870102622578
0 0.4463708916761687 0.7744605712656785 0.3945825381984036 0.7682384549600912 0.3945661938426454 0.8353442736602052 0.44804223831242873 0.8361908050171037 0.4463708916761687 0.7744605712656785
0 0.5537417616875713 0.8343458118586089 0.557183937286203 0.7933107377423033 0.5215135404789053 0.7915580057012542 0.5198992177879134 0.8269212531356898 0.5537417616875713 0.8343458118586089
0 0.5207657936145952 0.884804007981756 0.48629154389965795 0.8836257993158495 0.4831498757126568 0.941877 0.5241145210946409 0.9405681185860889 0.5207657936145952 0.884804007981756
0 0.6579094047890536 0.6424970535917902 0.6612063204104902 0.6952928677309008 0.6897408779931584 0.6965763181299885 0.6923613956670468 0.6424895324971494 0.6579094047890536 0.6424970535917902
0 0.2945568802736602 0.2444324903078677 0.25648075712656787 0.240940228050171 0.2604371984036488 0.30233365450399086 0.2950616305587229 0.30737076738882557 0.2945568802736602 0.2444324903078677
0 0.34783189851767393 0.06356735461801596 0.3502346202964652 0.09915584150513113 0.37336253249714935 0.09697218358038769 0.37455282782212085 0.06310093842645383 0.34783189851767393 0.06356735461801596
0 0.5860975074116306 0 0.5859550011402508 0.05941089965792474 0.6275428312428734 0.059872662485746866 0.6259751094640822 0.004079025085518814 0.5890992588369441 0 0.5860975074116306 0
0 0.7671918244013682 0.5396366465222349 0.7684901527936147 0.5799966966932725 0.781586409350057 0.5815480592930444 0.7832978563283922 0.5435123979475485 0.7671918244013682 0.5396366465222349
0 0.7530134070695552 0.5440410148232611 0.7392317639680729 0.5371554891676169 0.7373580992018244 0.5781631847206385 0.7524685541619157 0.5808686328392246 0.7530134070695552 0.5440410148232611
0 0.8451246738882554 0.9207111322690992 0.8272273283922463 0.9162743705815279 0.8237437023945268 0.9549348072976055 0.8409956043329532 0.9564151949828962 0.8451246738882554 0.9207111322690992
0 0.6255825005701254 0.18580261687571265 0.6267639977194982 0.15133768529076397 0.5900110330672748 0.14871308779931586 0.5905368232611174 0.18581893728620297 0.6255825005701254 0.18580261687571265
0 0.28028082668187 0.005006112884834664 0.24703273432155073 0.005942765108323831 0.25104187457240595 0.019234194982896236 0.2811293990877993 0.019599776510832383 0.28028082668187 0.005006112884834664