0 0.46705758266818703 0 0.42900231698973773 0.005064287343215507 0.43521589281641965 0.040743628278221214 0.5190500957810719 0.025045262257696693 0.5123694059293045 0 0.46705758266818703 0
0 0.25315388711516534 0.15318541277080958 0.2591180364880274 0.18709000798175598 0.29271505587229185 0.18296784036488026 0.2822212645381984 0.14456392474344357 0.25315388711516534 0.15318541277080958
0 0.16577903762827823 0.2780782782212087 0.1416282919042189 0.22995861459521097 0.10884677423033066 0.24414965108323833 0.1369265701254276 0.2989058335233752 0.16577903762827823 0.2780782782212087
0 0.9507732063854047 0.9403041927023946 0.9571407502850626 0.9216063477765108 0.9218187947548461 0.9091999133409351 0.9093227514253135 0.9461296738882554 0.9507732063854047 0.9403041927023946
0 0.578026212086659 0.7113240034207525 0.5845683660205245 0.7493413055872292 0.6108640570125426 0.748717771949829 0.6106949737742303 0.7091294709236032 0.578026212086659 0.7113240034207525
0 0.5466078608893956 0.7522795438996579 0.5755835222348916 0.7494048722919042 0.5713936909920182 0.7110601288483467 0.5399006567844926 0.7130878449258837 0.5466078608893956 0.7522795438996579
0 0.4209304207525656 0.847812685290764 0.45051420866590647 0.836466245153934 0.44534562371721775 0.8210212006841504 0.40769351767388823 0.8346975838084378 0.4209304207525656 0.847812685290764
0 0.4368543500570125 0.7904665381984036 0.402802740022805 0.8084304298745724 0.4130725849486887 0.8196320330672747 0.4422708358038769 0.8076754982896237 0.4368543500570125 0.7904665381984036
0 0.38602814709236033 0.9407716887115166 0.3952186009122007 0.9592474287343216 0.4276713454960091 0.9427058358038769 0.4238419908779932 0.9282685883694413 0.38602814709236033 0.9407716887115166
0 0.3614748848346636 0.919663102622577 0.36664368871151654 0.9351096944127708 0.41459051653363743 0.9200243511972634 0.4118971003420753 0.9029928278221209 0.3614748848346636 0.919663102622577
0 0.08920333637400228 0.7997925313568985 0.09495989281641962 0.8151549407069556 0.12504150285062715 0.8116057251995439 0.12196448232611175 0.7939890820980616 0.08920333637400228 0.7997925313568985
0 0.0867787833523375 0.7953397537058153 0.12130406157354619 0.7892899498289623 0.11974705359179019 0.7739337605473204 0.08379681755986317 0.7783882303306727 0.0867787833523375 0.7953397537058153
0 0.11812202394526795 0.47226472519954393 0.10280283694412772 0.4528547217787913 0.07437462143671608 0.47242348118586086 0.08828691448118585 0.4924998335233751 0.11812202394526795 0.47226472519954393
0 0.14446259179019383 0.3781138061573546 0.1581206510832383 0.3899705473204105 0.20461072063854047 0.366664189281642 0.20128846750285065 0.3515576670467503 0.14446259179019383 0.3781138061573546
0 0.09905409806157356 0.40486093500570125 0.10448210148232612 0.4178743363740023 0.12388516647662486 0.4151474139110604 0.11854134435575826 0.40272176624857464 0.09905409806157356 0.40486093500570125