0 0.669150259977195 0.12872663625997718 0.7750223477765109 0.12041866704675028 0.7736961368301026 0.06630947890535918 0.6595953124287344 0.07280148802736602 0.669150259977195 0.12872663625997718
0 0.7636878791334094 0.20434517217787912 0.8014048814139111 0.19939515735461802 0.7970208654503991 0.15066925085518815 0.7610499179019384 0.14878409350057015 0.7636878791334094 0.20434517217787912
0 0.697655740022805 0.24660974002280503 0.7865635108323831 0.24434095324971494 0.783201433295325 0.20259685062713798 0.6956761391106043 0.20493808779931585 0.697655740022805 0.24660974002280503
0 0.9425586545039908 0.5767465963511973 0.9965158563283922 0.5795743740022805 0.9992677468643101 0.5270651847206386 0.9407254378563285 0.5323116316989738 0.9425586545039908 0.5767465963511973
0 0.8077628882554162 0.5281143454960091 0.846645174458381 0.5273810935005702 0.839864834663626 0.4979280615735462 0.8020753785632839 0.5042605553021665 0.8077628882554162 0.5281143454960091
0 0.7058965302166476 0.5394032303306727 0.742372841505131 0.5316156431014823 0.7441042702394527 0.4721262930444698 0.7011423226909921 0.47125946294184723 0.7058965302166476 0.5394032303306727
0 0.5456459179019384 0.605826141391106 0.6448181299885974 0.5930113511972634 0.6399848540478905 0.49992457582668187 0.5439413397947549 0.5059735233751426 0.5456459179019384 0.605826141391106
0 0.8604579851767389 0.9520985610034208 0.8620349384264538 0.8690453956670467 0.7720328563283922 0.8657132976054731 0.779849842645382 0.954800748004561 0.8604579851767389 0.9520985610034208
0 0.3187332177879133 0.54128230672748 0.4511083010262258 0.5302076043329532 0.43965585860889395 0.4575555370581528 0.3103369395667047 0.4632484355758267 0.3187332177879133 0.54128230672748
0 0.19530934777651082 0.5403574697833523 0.2509403158494869 0.5377294310148233 0.25406075712656784 0.5046395803876853 0.19136797605473202 0.5096669464082099 0.19530934777651082 0.5403574697833523
0 0.19291963968072978 0.5859558301026226 0.2626019418472064 0.5799084948688712 0.25706081755986315 0.5532913922462942 0.1930563694412771 0.5568653055872292 0.19291963968072978 0.5859558301026226
0 0.08313707411630558 0.668880149372862 0.07473261915621437 0.5645207115165336 0.018956909920182438 0.5699105849486887 0.022188790193842643 0.667072259977195 0.08313707411630558 0.668880149372862
0 0.09960661117445838 0.46051904675028504 0.09128931698973775 0.40742974572405927 0.035585977194982896 0.41143870239452685 0.04099045267958951 0.4671447696693273 0.09960661117445838 0.46051904675028504
0 0.2055202565564424 0.3455217263397948 0.21125585632839225 0.28901321208665903 0.15001948460661346 0.2927321949828962 0.14879497833523375 0.3425488802736602 0.2055202565564424 0.3455217263397948
0 0.19264875028506273 0.4058135245153934 0.27718869099201826 0.40747308893956674 0.2708428221208666 0.3697298711516534 0.20013858152793615 0.36879540478905354 0.19264875028506273 0.4058135245153934
0 0.5092591767388825 0.4265636339794755 0.5336474846066135 0.41121429532497145 0.5326913842645382 0.37652452907639683 0.5050215438996579 0.37507441391106044 0.5092591767388825 0.4265636339794755
0 0.5441748015963512 0.5544819087799316 0.5104633660205246 0.5624159623717218 0.5184105496009122 0.5960858403648803 0.5436759726339795 0.590481700114025 0.5441748015963512 0.5544819087799316
0 0.5437964355758267 0.5087384789053592 0.5144544697833524 0.5127427023945268 0.5139540798175599 0.5487424127708096 0.5475946237172178 0.5421909179019384 0.5437964355758267 0.5087384789053592
0 0.5578799863169898 0.4347835781071836 0.5101967331812999 0.4370364287343216 0.5112025085518814 0.4632249578107184 0.5694034070695553 0.46449300798175597 0.5578799863169898 0.4347835781071836
0 0.5619312109464082 0.41420646522234894 0.5190224401368301 0.416116535917902 0.5174671778791334 0.43444776168757127 0.5709866522234892 0.4342829042189282 0.5619312109464082 0.41420646522234894
0 0.5358574834663626 0.46926889509692127 0.5095510102622577 0.47204749030786775 0.5143969236031927 0.504376661345496 0.5375214378563283 0.505588566704675 0.5358574834663626 0.46926889509692127
0 0.5942834047890536 0.48896303648802736 0.5889097981755986 0.46670285860889393 0.5374573683010263 0.47277618358038764 0.5334609327251996 0.49230785518814135 0.5942834047890536 0.48896303648802736