0 0.8003973660205245 0.27654299087799317 0.762782401368301 0.28228754618015967 0.7699516590649943 0.34481820296465227 0.8076112645381984 0.34175554960091226 0.8003973660205245 0.27654299087799317
0 0.8890392269099202 0.20513622006841503 0.8534138700114026 0.2070895347776511 0.8517276784492589 0.24786415735461803 0.8950357639680729 0.2448048449258837 0.8890392269099202 0.20513622006841503
0 0 0.10499597491448118 0.008829525655644242 0.1316782770809578 0.04665928620296465 0.12262596351197264 0.034827702394526795 0.08357062713797035 0 0.09919438426453821 0 0.10499597491448118
0 0.15390933523375142 0.3188197377423033 0.18642816647662486 0.29868529646522235 0.15022099771949832 0.2553262006841505 0.12168816419612313 0.2741461664766249 0.15390933523375142 0.3188197377423033
0 0 0.2778056294184721 0.020295519954389968 0.2722655313568985 0 0.2437034834663626 0 0.2778056294184721
0 0.11363596807297606 0.5606683865450399 0.15688038996579248 0.5573172565564424 0.15458425883694413 0.5241254378563284 0.11323856442417332 0.5284710456100342 0.11363596807297606 0.5606683865450399
0 0.22033141961231473 0.7064722166476625 0.24228342873432154 0.6767004515393387 0.20622557126567845 0.6631782588369441 0.19195141847206387 0.6921414789053592 0.22033141961231473 0.7064722166476625
0 0.4420824298745724 0.8276442166476625 0.454055102622577 0.799519913340935 0.4314293899657925 0.7842858654503991 0.4159101516533637 0.8059171915621436 0.4420824298745724 0.8276442166476625
0 0.6891237719498289 0.6894392633979476 0.6622350843785633 0.6779368848346636 0.636280385404789 0.7054411858608894 0.6686613603192703 0.7220379965792474 0.6891237719498289 0.6894392633979476
0 0.18968007981755988 0.6989474321550742 0.17616076966932726 0.6896204275940706 0.16545656784492588 0.7355235963511974 0.18315018700114025 0.7396325564424173 0.18968007981755988 0.6989474321550742
0 0.16363169783352338 0.6897448164196123 0.15138419612314707 0.686852937286203 0.14083882782212087 0.7285571254275941 0.15274425085518814 0.7338746123147092 0.16363169783352338 0.6897448164196123
0 0.23199931698973775 0.3118061915621437 0.20890342303306728 0.30229325769669324 0.18661776966932725 0.33806872405929306 0.21676050171037628 0.34863206727480045 0.23199931698973775 0.3118061915621437
0 0.31061008437856324 0.18473677879133407 0.29193102394526793 0.16042955302166478 0.2584778985176739 0.1830502748004561 0.2785862098061574 0.2095953637400228 0.31061008437856324 0.18473677879133407
0 0.13701706841505132 0.03879992132269099 0.12097476168757126 0.056605589509692134 0.1591715370581528 0.09617344697833523 0.1716000410490308 0.08441929874572406 0.13701706841505132 0.03879992132269099