0 0.9230896328392246 0.5280431094640822 0.9125900741163055 0.521770811858609 0.8904391185860889 0.5984025188141391 0.9010155803876853 0.6043858323831243 0.9230896328392246 0.5280431094640822
0 0.8921869156214368 0.5135070695553022 0.8801824253135689 0.5094216077537058 0.8660056681870012 0.5889743489167616 0.87431238654504 0.5895406191562144 0.8921869156214368 0.5135070695553022
0 0.6922886476624858 0.4398447309007982 0.7481360513112885 0.3109865849486887 0.676693985176739 0.28655601482326115 0.6209039270239453 0.40222976852907644 0.6922886476624858 0.4398447309007982
0 0.618105701254276 0.5457385108323831 0.5784006784492588 0.5341624823261117 0.5539915496009122 0.6140743352337514 0.5938505005701253 0.6232752337514254 0.618105701254276 0.5457385108323831
0 0.6868086841505131 0.819812701254276 0.705231574686431 0.7654412839224629 0.6564603740022804 0.7501927468643101 0.6403211596351197 0.8138788916761688 0.6868086841505131 0.819812701254276
0 0.7168559201824402 0.669942189281642 0.684127267958951 0.66414330672748 0.6648209076396808 0.7375772850627138 0.7005348745724059 0.7461940672748004 0.7168559201824402 0.669942189281642
0 0.2901241482326112 0.1260990228050171 0.2433534652223489 0.10513736830102623 0.22947411630558723 0.12716857810718357 0.2759635085518814 0.14959282098061574 0.2901241482326112 0.1260990228050171
0 0.3350181003420753 0 0.30570391904218924 0.03655209464082098 0.37488759521094644 0.06426435575826682 0.4179743181299886 0.009160541619156214 0.4004667206385405 0 0.3350181003420753 0
0 0.11498997149372862 0.21720702622576968 0.13344944925883695 0.17962913340935005 0.10337307297605473 0.15921337628278223 0.08233442075256556 0.20662173660205246 0.11498997149372862 0.21720702622576968
0 0.05258145496009122 0.49503934663626004 0.022616312428734322 0.4866309247434436 0.009774256556442417 0.5226015324971494 0.043283914481185855 0.5333068586088939 0.05258145496009122 0.49503934663626004
0 0.04900185632839225 0.8614855176738883 0.011655159635119726 0.8544380262257696 0.003005639680729761 0.9287701402508552 0.03794901482326112 0.9291842223489167 0.04900185632839225 0.8614855176738883
0 0.7283077685290764 0.17928910034207524 0.6789312930444698 0.15555972862029646 0.6619034287343216 0.19573874002280503 0.7150200661345496 0.21489412884834663 0.7283077685290764 0.17928910034207524
0 0.7456754846066135 0.1409581858608894 0.762372811858609 0.10313106157354618 0.7466783181299886 0.09972617445838085 0.7341667981755986 0.13334489509692132 0.7456754846066135 0.1409581858608894
0 0.6621462212086658 0.6244778015963511 0.622186858608894 0.6104676875712657 0.6154473819840365 0.6371014321550742 0.6531550900798175 0.648698126567845 0.6621462212086658 0.6244778015963511