0 0.26408528392246294 0.5807434150513113 0.26756129076396806 0.6470695815279361 0.3573461767388826 0.6395931687571266 0.35270332611174454 0.5774838517673888 0.26408528392246294 0.5807434150513113
0 0.13034732155074116 0.4907600250855188 0.06241115621436716 0.4915494241733181 0.0682192086659065 0.549440417331813 0.14132942645381985 0.5414516134549601 0.13034732155074116 0.4907600250855188
0 0.03173977651083238 0.5416529931584949 0.0027523181299885977 0.5417858871151654 0.004128263397947548 0.5680404811858608 0.03304326909920183 0.5665251094640821 0.03173977651083238 0.5416529931584949
0 0.9486172782212087 0.11533307525655645 0.9805116031927024 0.11504627480045611 0.9789909167616875 0.08602984606613456 0.9417083021664767 0.08936845496009123 0.9486172782212087 0.11533307525655645
0 0.9633842611174459 0 0.9640127331812999 0.01199196465222349 0.9709298038768529 0.011629456100342075 0.9712215860889396 0 0.9633842611174459 0
0 0.8373221277080958 0.48003575028506273 0.8342740581527937 0.448326818700114 0.7968466202964651 0.4489020330672748 0.7976350969213227 0.49042861573546176 0.8373221277080958 0.48003575028506273
0 0.011630579247434436 0.5815022269099203 0.011913774230330673 0.6133576248574686 0.045118206385404785 0.6116174549600912 0.043524985176738876 0.5812169863169898 0.011630579247434436 0.5815022269099203
0 0.2773847537058153 0.6700103375142531 0.2786770581527936 0.7740837696693273 0.3741723534777651 0.7696720729760547 0.37282502964652225 0.6758937548460662 0.2773847537058153 0.6700103375142531
0 0.9699236647662486 0.043483581527936147 0.9395564766248575 0.04830917787913341 0.940112361459521 0.07593356784492589 0.9762224196123147 0.061566210946408205 0.9699236647662486 0.043483581527936147
0 0.6519918985176738 0.13736400342075256 0.6183823728620296 0.14268966362599772 0.6209356659064994 0.1574043261117446 0.6556395632839225 0.15024074686431013 0.6519918985176738 0.13736400342075256
0 0.6484658323831243 0.1268075142531357 0.6460702018244013 0.11510122348916761 0.614175857468643 0.1191494298745724 0.6159826476624857 0.13093508437856327 0.6484658323831243 0.1268075142531357
0 0.6419205324971493 0.10399067388825542 0.6431722953249714 0.09387066704675028 0.6093439338654504 0.09505053705815279 0.6129604435575827 0.10733278335233752 0.6419205324971493 0.10399067388825542
0 0.6407567115165336 0.08178364994298745 0.6388416453819841 0.06796180843785633 0.607009369441277 0.07319432725199543 0.607630205245154 0.0850405701254276 0.6407567115165336 0.08178364994298745
0 0.057836686431014826 0.7011135336374003 0.05425983124287343 0.6896177901938426 0.010851348916761688 0.6895176031927024 0.011720616875712657 0.7061042143671608 0.057836686431014826 0.7011135336374003
0 0.0373690535917902 0.7360341470923603 0.03995801254275941 0.7230370889395666 0.012234039908779932 0.7227079110604333 0.014551800456100342 0.7374364811858609 0.0373690535917902 0.7360341470923603
0 0.05692617787913341 0.7688571516533638 0.05427234435575826 0.7579263751425314 0.013910425313568986 0.7546952633979476 0.014624402508551883 0.7683187548460662 0.05692617787913341 0.7688571516533638
0 0.05860207411630559 0.800835141391106 0.05345285062713797 0.7876694002280502 0.016097865450399085 0.7896270923603192 0.016393930444697835 0.8020833557582668 0.05860207411630559 0.800835141391106