0 0 0.7021061299885974 0.010682153933865452 0.7031787297605473 0.009034173318129989 0.6692959623717218 0 0.6687757183580387 0 0.7021061299885974
0 0 0.6730601698973775 0.037268165336374004 0.6681644264538198 0.03994207297605473 0.6335629657924744 0.0019140250855188142 0.6345449076396807 0 0.6568353181299886 0 0.6730601698973775
0 0.23696439908779932 0.7446232599771949 0.19742113683010262 0.755171889395667 0.20123223717217786 0.7753872748004561 0.23969446750285064 0.7716740011402509 0.23696439908779932 0.7446232599771949
0 0.2961670490307868 0.742793314709236 0.24654343329532497 0.7461404298745724 0.24790462599771948 0.7729743625997719 0.296592496009122 0.7666757776510832 0.2961670490307868 0.742793314709236
0 0.7012729771949828 0.31942535689851764 0.6333555176738883 0.31427164994298745 0.631175740022805 0.3811714937286203 0.711986362599772 0.3757573397947549 0.7012729771949828 0.31942535689851764
0 0.869581244013683 0.34608276738882554 0.8071377388825541 0.34179604903078675 0.8008603169897378 0.3814301311288484 0.8720170877993159 0.3927002565564424 0.869581244013683 0.34608276738882554
0 0.34906046066134544 0.6802270604332953 0.3449591254275941 0.6681666750285062 0.30984870695553024 0.6678072690992019 0.31278877765108326 0.6852918369441278 0.34906046066134544 0.6802270604332953
0 0.3479714287343216 0.7022750193842645 0.3462158551881414 0.6905861664766249 0.3155033785632839 0.6947311459521095 0.31928172633979474 0.7107285393386545 0.3479714287343216 0.7022750193842645
0 0.43845559635119724 0.6661586476624858 0.4341388654503991 0.6516627058152794 0.40095681641961234 0.6524123694412771 0.4026801812998859 0.6681001049030787 0.43845559635119724 0.6661586476624858
0 0.40649819954389965 0.6971313591790194 0.43829197149372867 0.6937603751425314 0.4376796465222349 0.678648850627138 0.40313919498289624 0.6803840843785632 0.40649819954389965 0.6971313591790194
0 0.44007367616875714 0.7204663261117445 0.4353562702394527 0.7047046214367161 0.4066799749144812 0.707370228050171 0.4073868004561004 0.7237828665906499 0.44007367616875714 0.7204663261117445
0 0.441146181299886 0.7440589418472063 0.4425083283922463 0.7316631664766249 0.40756696009122007 0.7321341812998859 0.4058511790193843 0.7505582291904218 0.441146181299886 0.7440589418472063
0 0.44141335005701254 0.7765317810718358 0.44391874572405926 0.7607133352337514 0.4085749144811859 0.7599198848346637 0.40991661459521095 0.7818228734321552 0.44141335005701254 0.7765317810718358
0 0.44189941619156214 0.8000315142531358 0.4428312576966933 0.7827615404789053 0.41146779019384266 0.7910067240592931 0.413037598631699 0.8038684583808439 0.44189941619156214 0.8000315142531358