0 0.006238620296465222 0.8380484982896237 0.029576418472063853 0.8501274127708096 0.03572383694412771 0.726823220068415 0.0038636795895096924 0.7257134629418471 0.006238620296465222 0.8380484982896237
0 0.279761669327252 0.21520187457240594 0.3875993797035348 0.25285995781071835 0.401603401368301 0.19934021550741163 0.29303106499429876 0.15961495096921324 0.279761669327252 0.21520187457240594
0 0.35524000114025084 0.015352596351197262 0.32607566362599777 0.13323266362599773 0.41260718700114024 0.16418656784492588 0.4338013397947549 0.04727856100342075 0.35524000114025084 0.015352596351197262
0 0.46497118129988596 0.21654785404789054 0.4591755336374002 0.2661784355758267 0.5672556408209807 0.2763609156214367 0.5794247001140251 0.21288574344355757 0.46497118129988596 0.21654785404789054
0 0.4345534583808438 0.185447417331813 0.5449557537058153 0.18560034207525655 0.5431871220068415 0.13360610262257697 0.4336238175598632 0.13218834207525657 0.4345534583808438 0.185447417331813
0 0.5815190444697834 0.4409323625997719 0.588657283922463 0.37421324629418473 0.5471284811858609 0.37355198631698977 0.545475314709236 0.4373983740022805 0.5815190444697834 0.4409323625997719
0 0.454898992018244 0.3224413272519954 0.45615785632839223 0.3945615929304447 0.49358574914481185 0.3980714196123147 0.499242992018244 0.3258288711516533 0.454898992018244 0.3224413272519954
0 0.21869404104903076 0.2531328038768529 0.2438400102622577 0.1858040045610034 0.1911885245153934 0.17274903648802736 0.1709368631698974 0.23612775484606616 0.21869404104903076 0.2531328038768529
0 0 0.2841256522234892 0.05060864082098061 0.1401225245153934 0 0.11742110832383125 0 0.2841256522234892
0 0 0.3981514344355758 0.14549587685290763 0.4640017799315849 0.19856848232611174 0.32364634663626 0.06006078335233751 0.27374041163055873 0 0.3935771368301026 0 0.3981514344355758
0 0.10687125541619155 0.2898681014823261 0.19257585176738884 0.3201816545039909 0.21406513568985178 0.259753661345496 0.12922420980615737 0.22556038084378563 0.10687125541619155 0.2898681014823261
0 0.19152279817559864 0.1578784378563284 0.15768107867730902 0.14271205929304445 0.13160764880273662 0.2261126191562144 0.16440249486887118 0.23564797149372863 0.19152279817559864 0.1578784378563284