0 0.7854679087799317 0.2210501425313569 0.7821513500570125 0.27377845610034207 0.8271550433295325 0.27909198859749146 0.8315210741163055 0.22713785176738882 0.7854679087799317 0.2210501425313569
0 0.7188140957810718 0.21477682326111744 0.7202786830102622 0.24787491220068417 0.7817036659064994 0.25303840706955527 0.7823535997719498 0.21856712998859748 0.7188140957810718 0.21477682326111744
0 0.8093499828962372 0.11440537286202965 0.8743466009122006 0.12275610034207525 0.8781048540478905 0.07223344469783352 0.8140381984036489 0.06379125541619156 0.8093499828962372 0.11440537286202965
0 0.9258433067274799 0.1689169042189282 0.8700888928164195 0.1570659384264538 0.8648426305587229 0.1960265621436716 0.9229584606613455 0.20534279247434437 0.9258433067274799 0.1689169042189282
0 0.8898758380843785 0.4466501721778791 0.7983743215507411 0.4344851014823261 0.7959627742303307 0.5086576875712656 0.882818740022805 0.5198321208665906 0.8898758380843785 0.4466501721778791
0 0.517015534777651 0.4445079064994299 0.4420590798175599 0.4316104925883694 0.43561480387685286 0.4733515450399088 0.5090761539338654 0.4847155370581528 0.517015534777651 0.4445079064994299
0 0.7585536795895097 0.8959813500570126 0.7506872234891676 0.9301343340935005 0.8670040136830103 0.9512145450399088 0.8698903876852907 0.9147889828962372 0.7585536795895097 0.8959813500570126
0 0.6167022953249715 1 0.6218210843785633 0.9738132337514254 0.5137283033067275 0.9568787970353478 0.5077662611174458 0.9877912941847207 0.5684390524515394 1 0.6167022953249715 1
0 0.322590417331813 0.7480617810718357 0.3145562622576967 0.8058574868871152 0.37566109920182444 0.8182387058152794 0.38000170011402506 0.75783686659065 0.322590417331813 0.7480617810718357
0 0.23334621322690993 0.2797752462941847 0.2214455678449259 0.3586096202964652 0.2712185849486887 0.3643314857468643 0.28155375940706956 0.29143418472063853 0.23334621322690993 0.2797752462941847
0 0.36226605473204104 0.48144075142531356 0.36814040250855184 0.41954227822120865 0.3343684583808438 0.40993577194982894 0.3268889692132269 0.47938584948688706 0.36226605473204104 0.48144075142531356
0 0.3738964275940707 0.4153010296465222 0.4205554618015963 0.41853835689851765 0.4261554446978335 0.34079598973774233 0.37708512200684147 0.33461646978335235 0.3738964275940707 0.4153010296465222
0 0.555791748004561 0.3677440216647662 0.5060919817559864 0.3559659794754846 0.5011977491448119 0.43325134549600913 0.5494385484606613 0.4404701698973775 0.555791748004561 0.3677440216647662
0 0.6692125210946408 0.4452856214367161 0.60708178677309 0.4405791299885975 0.5949261128848347 0.5091902018244013 0.6599193078677309 0.5204203272519955 0.6692125210946408 0.4452856214367161
0 0.9133474435575827 0.653224015963512 0.89780665336374 0.7634628232611175 0.9459243306727481 0.7712608950969213 0.9579598859749144 0.6646619099201825 0.9133474435575827 0.653224015963512
0 0.2409427913340935 0.7780669703534777 0.23195598973774229 0.8374812280501711 0.2687062622576967 0.8416506522234891 0.27696376738882555 0.7885157331812999 0.2409427913340935 0.7780669703534777
0 0.35837911858608895 0.8509957753705816 0.37027388825541624 0.8207373044469783 0.29459295667046753 0.8041013169897377 0.2922194218928164 0.8423978278221209 0.35837911858608895 0.8509957753705816
0 0.21848367160775373 0.5553141482326112 0.20949687001140252 0.6147284070695552 0.24666647890535917 0.6226290513112884 0.2543800558722919 0.5606375051311289 0.21848367160775373 0.5553141482326112
0 0.8275528905359179 0.5542309007981756 0.8224805974914481 0.5980846214367161 0.8728861163055872 0.6094056590649943 0.8847653956670468 0.5635132668187002 0.8275528905359179 0.5542309007981756