0 0.5333565324971493 0.9279550513112885 0.4833570285062714 0.9307905929304447 0.48261215165336374 0.9612172360319271 0.5364753968072976 0.9585821847206385 0.5333565324971493 0.9279550513112885
0 0.07348935917901939 0.40535659521094636 0.0725275929304447 0.4375496602052451 0.14053100228050172 0.44156556328392244 0.14197692702394527 0.4029933283922463 0.07348935917901939 0.40535659521094636
0 0.07914772748004562 0.29594942303306726 0.06832242303306728 0.33052222576966933 0.12860120410490308 0.3413962896237172 0.13750108551881415 0.3079015598631699 0.07914772748004562 0.29594942303306726
0 0.8670947924743444 0.6751304982896237 0.8627416100342075 0.7057123044469783 0.9065663728620297 0.7141898278221208 0.9122365336374002 0.6728949156214367 0.8670947924743444 0.6751304982896237
0 0.8021979247434435 0.7018677297605473 0.8034587993158495 0.7403189384264539 0.8253195096921323 0.7401065051311289 0.8258417046750286 0.7041726111744584 0.8021979247434435 0.7018677297605473
0 0.10280098631698974 0.37125742759407065 0.09799468529076397 0.39579836031927024 0.13733521208665908 0.39451287001140256 0.13557736259977196 0.3722892417331813 0.10280098631698974 0.37125742759407065
0 0.3098499897377423 0.5558475096921323 0.30775098061573547 0.572942566704675 0.345183763968073 0.572578322690992 0.3468224435575826 0.5567963283922464 0.3098499897377423 0.5558475096921323
0 0.3131173911060433 0.5341086670467503 0.3105737787913341 0.549952716077537 0.3469064754846066 0.551252748004561 0.3465539007981756 0.5346233261117446 0.3131173911060433 0.5341086670467503
0 0.32610497491448115 0.5111704777651084 0.31825589167616875 0.5263630957810718 0.3378007879133409 0.5303953888255416 0.3378175484606613 0.513206810718358 0.32610497491448115 0.5111704777651084
0 0.2700797046750285 0.2122836077537058 0.2654063181299886 0.2308571984036488 0.318052393386545 0.23813520182440137 0.320256433295325 0.2226335724059293 0.2700797046750285 0.2122836077537058
0 0.25470619840364883 0.1523539669327252 0.25282426909920186 0.16768105017103765 0.31083949600912203 0.17264300114025086 0.3081073740022805 0.1559181881413911 0.25470619840364883 0.1523539669327252
0 0.03309499543899658 0.21011281870011403 0.030489277080957812 0.23133469555302166 0.05721774458380844 0.23581295781071834 0.054808985176738885 0.21158254275940705 0.03309499543899658 0.21011281870011403
0 0.06375332725199544 0.12412065564424173 0.06463189281641961 0.1559414777651083 0.11648514025085518 0.1550604811858609 0.10271064424173318 0.12352013340935006 0.06375332725199544 0.12412065564424173
0 0.07852667616875714 0.21329829190421892 0.06762939908779932 0.21435311060433293 0.0675154424173318 0.22989727366020526 0.08069920752565565 0.22972140935005703 0.07852667616875714 0.21329829190421892
0 0.10501666818700114 0.23629647206385407 0.0919052622576967 0.23588301140250856 0.08475676510832383 0.24538263740022803 0.10438419612314709 0.2511787605473204 0.10501666818700114 0.23629647206385407
0 0.08697417445838085 0.1688590387685291 0.07459836488027366 0.16733948004561003 0.06529226567844926 0.18466732383124285 0.08642605929304446 0.18793914823261118 0.08697417445838085 0.1688590387685291
0 0.6803577297605473 0.9974646659064994 0.6916067423033068 0.9886731710376283 0.6834804127708096 0.9769044743443558 0.6726267137970354 0.9824763968072976 0.6803577297605473 0.9974646659064994
0 0.7004260969213227 0.9801815598631699 0.7111993523375142 0.9898808483466363 0.7233994891676169 0.9782150923603192 0.7149023295324971 0.9670305553021664 0.7004260969213227 0.9801815598631699
0 0.7431571391106044 0.9878226830102623 0.7522674846066134 0.9769739646522234 0.7449461995438996 0.9635079122006842 0.7302713865450399 0.9734042052451539 0.7431571391106044 0.9878226830102623
0 0.7013464572405929 0.9629417833523376 0.7172996191562144 0.9499422120866591 0.6976141391106043 0.9397468494868871 0.6849398540478906 0.9552742303306727 0.7013464572405929 0.9629417833523376