0 0.4721253648802737 0.6538761311288485 0.5440125929304447 0.6685881755986316 0.5439093375142531 0.6298086944127708 0.4704692212086659 0.6185108460661346 0.4721253648802737 0.6538761311288485
0 0.5096429315849487 0.5582127936145952 0.5741636864310149 0.569168629418472 0.5800598802736602 0.5357911664766248 0.5141396898517674 0.5211092633979476 0.5096429315849487 0.5582127936145952
0 0.6541125324971494 0.6264801425313569 0.6577088015963511 0.5922639281641962 0.5724232348916761 0.5630217787913341 0.5650084070695554 0.6023276647662485 0.6541125324971494 0.6264801425313569
0 0.9872996659064994 0.5010565359179019 0.9937863580387686 0.46774113683010266 0.9389616522234892 0.4554178871151653 0.9339505062713798 0.49173521664766245 0.9872996659064994 0.5010565359179019
0 0.9801578722919042 0.40427829076396804 0.9740875803876853 0.365468669327252 0.9389706556442418 0.37012816419612315 0.9435763021664767 0.40867229646522235 0.9801578722919042 0.40427829076396804
0 0.6606293226909921 0.3486267229190422 0.6897321641961232 0.2819017092360319 0.6446035096921322 0.2682110433295325 0.6246034743443557 0.3420531106043329 0.6606293226909921 0.3486267229190422
0 0.4199765655644242 0.292317881413911 0.4221378962371722 0.23767257468643102 0.379715007981756 0.23798520068415052 0.3765376419612315 0.2909369007981756 0.4199765655644242 0.292317881413911
0 0.2903499635119726 0.5315851927023946 0.28838211060433294 0.4991706761687571 0.22243535803876852 0.5017822953249714 0.22859822690992018 0.5311907183580388 0.2903499635119726 0.5315851927023946
0 0.383257157354618 0.596222605473204 0.3842109315849487 0.5587466921322691 0.34782009007981757 0.5585008426453819 0.349167181299886 0.5939514789053592 0.383257157354618 0.596222605473204
0 0.2600700387685291 0.74014069327252 0.25117138540478906 0.6998397582668187 0.14280622576966934 0.7140968654503992 0.14633589623717216 0.7515176875712657 0.2600700387685291 0.74014069327252
0 0 0.8431033500570126 0.020172874572405932 0.8413707217787914 0.010181688711516534 0.7830631938426454 0 0.7849269635119727 0 0.8431033500570126
0 0.20204690193842645 0.5026213432155074 0.1944871755986317 0.4666371368301026 0.14274029304446978 0.4647773010262258 0.14463186431014824 0.5035829179019384 0.20204690193842645 0.5026213432155074
0 0.09300554618015965 0.5460331071835804 0.09206525541619157 0.5095521607753706 0.037708456100342076 0.5098029509692132 0.03649230558722919 0.5440949350057013 0.09300554618015965 0.5460331071835804
0 0.23549090307867732 0.6331792782212087 0.22864424857468643 0.596075977194983 0.19430384948688711 0.5990275974914482 0.20140410604332953 0.6365581847206385 0.23549090307867732 0.6331792782212087
0 0.11158539338654504 0.6475909498289624 0.11008701824401369 0.6164198175598632 0.057374657924743444 0.606705094640821 0.06118051083238312 0.6414982018244014 0.11158539338654504 0.6475909498289624
0 0.6096101619156215 0.3909804743443558 0.6114704424173318 0.3732810923603193 0.5390532257696693 0.35791632383124283 0.5340842451539338 0.37111139566704676 0.6096101619156215 0.3909804743443558
0 0.8036820798175599 0.8336587388825542 0.7974540353477766 0.7793241425313568 0.7639505096921323 0.7799787822120866 0.767065763968073 0.8355431767388825 0.8036820798175599 0.8336587388825542
0 0.5975746978335233 0.8406262565564424 0.5973179908779932 0.8089870376282782 0.5607676636259977 0.8045484241733182 0.5586904675028507 0.8413673717217788 0.5975746978335233 0.8406262565564424
0 0.5010375758266818 1 0.5169257970353478 0.9603834435575827 0.4820540387685291 0.9513498027366021 0.4727728574686431 0.9998924515393386 0.47379611288483464 1 0.5010375758266818 1
0 0.3322953740022805 0.7346099988597492 0.32827568643101485 0.6989962941847206 0.3009607468643101 0.7032833397947549 0.3044098574686431 0.7386155496009122 0.3322953740022805 0.7346099988597492
0 0.23955183808437858 0.1117190228050171 0.23821154047890536 0.09606975712656783 0.2082525518814139 0.09709694298745725 0.21215944697833525 0.10819267046750286 0.23955183808437858 0.1117190228050171
0 0.212477748004561 0.0909785165336374 0.2968862953249715 0.09448331128848346 0.29271731128848344 0.07734584036488028 0.2158612645381984 0.07582731470923604 0.212477748004561 0.0909785165336374
0 0.75959886659065 0.060210633979475486 0.7603090285062714 0.036428020524515395 0.7268987708095781 0.030529948688711516 0.7212970205245154 0.05258554161915621 0.75959886659065 0.060210633979475486
0 0.7463011904218928 0.5502818711516534 0.819304259977195 0.5543773945267959 0.8199540570125428 0.5425147069555302 0.7479133785632839 0.5349429258836944 0.7463011904218928 0.5502818711516534
0 0.9954690262257697 0.5573846624857468 0.9970812143671608 0.542045716077537 0.9694399087799316 0.5403345393386545 0.9705155450399087 0.552821629418472 0.9954690262257697 0.5573846624857468
0 0.8786774116305588 0.6029638015963512 0.9295812234891677 0.5957891459521094 0.9207430798175599 0.5548975496009122 0.8684101824401368 0.5643085131128849 0.8786774116305588 0.6029638015963512
0 0.9551849760547321 0.6986822508551881 0.9811461767388825 0.693657472063854 0.9829442291904219 0.6765501402508551 0.9531921151653363 0.6835614196123148 0.9551849760547321 0.6986822508551881
0 0.977860062713797 0.7249227537058153 0.977998858608894 0.7088334982896237 0.9575823044469783 0.7156350843785634 0.9582125963511973 0.7295192132269099 0.977860062713797 0.7249227537058153
0 0.779415251995439 0.9736578437856328 0.7758383192702395 0.9565826009122007 0.7014666727480046 0.954132725199544 0.7001159236031927 0.9698243705815279 0.779415251995439 0.9736578437856328
0 0.7804959167616875 0.9463351904218928 0.7772599988597492 0.9316807286202964 0.7485737183580388 0.9262791676168757 0.7442076043329533 0.9422587605473205 0.7804959167616875 0.9463351904218928
0 0.36312734891676174 0.5094116567844926 0.4081306670467503 0.5129492269099202 0.4135767206385405 0.4270369201824401 0.36590281071835806 0.4262021927023945 0.36312734891676174 0.5094116567844926