0 0.10745827137970354 0.30009457012542756 0.15261577651083236 0.32657810148232613 0.1730797833523375 0.2961877001140251 0.12543102622576968 0.2750828392246294 0.10745827137970354 0.30009457012542756
0 0.0033744732041049033 0.49070730672748003 0.053902242873432156 0.5172504424173319 0.08278724629418473 0.46695826795895096 0.03254964424173318 0.44762926909920187 0.0033744732041049033 0.49070730672748003
0 0.11136347092360319 0.40944967274800453 0.15695532497149373 0.43239570809578104 0.17821510034207527 0.3955242896237172 0.13235751995438996 0.37194741733181297 0.11136347092360319 0.40944967274800453
0 0.36589268072976056 0.6387106693272521 0.4117194025085519 0.6694622611174458 0.4496431516533637 0.613699606613455 0.40520938540478907 0.5876040421892816 0.36589268072976056 0.6387106693272521
0 0.5071474469783352 0.5980267309007982 0.538599031927024 0.6144508882554162 0.562855157354618 0.5677793968072976 0.5335614709236032 0.5495248905359179 0.5071474469783352 0.5980267309007982
0 0.3283715632839224 0.9248332109464081 0.30357720296465224 0.9612722098061574 0.348207488027366 0.9823055541619157 0.3685281345496009 0.9530955404789053 0.3283715632839224 0.9248332109464081
0 0.5962668950969213 0.5000951938426453 0.6292573762827821 0.5137172588369441 0.6455901311288483 0.4780355028506272 0.6127086202964652 0.4596411459521094 0.5962668950969213 0.5000951938426453
0 0.14136354618015964 0.25759731584948686 0.1735476237172178 0.2729149931584949 0.2159448950969213 0.2099249030786773 0.1839613489167617 0.1925381151653364 0.14136354618015964 0.25759731584948686
0 0.9717803762827822 0.7501932805017103 0.949459566704675 0.7289081516533636 0.9312775860889396 0.7601753865450399 0.9566132736602052 0.7827280091220068 0.9717803762827822 0.7501932805017103
0 0.8627577947548462 0.07219211402508552 0.8807470000000001 0.04299494070695553 0.8212221448118586 0.03568620752565565 0.8123128301026227 0.04984660889395667 0.8627577947548462 0.07219211402508552
0 0.43503341961231473 0.23622738198403648 0.46198014595210946 0.24551811402508553 0.47180595553021665 0.22877830216647663 0.4405265165336374 0.21237528164196123 0.43503341961231473 0.23622738198403648
0 0.42050811402508553 0.25717583922462944 0.4534985940706956 0.2707979042189282 0.45743581413911055 0.25333506499429875 0.42400227936145957 0.23846218244013684 0.42050811402508553 0.25717583922462944