0 0.23593608323831242 0.3295843888255416 0.1400931163055872 0.31602329988597494 0.13559830900798175 0.37211864652223486 0.23532321778791335 0.3832959954389966 0.23593608323831242 0.3295843888255416
0 0.0712936385404789 0.9494303854047891 0.13897172976054734 0.9487749475484607 0.13703225085518814 0.9061064777651083 0.060897938426453815 0.9122960490307868 0.0712936385404789 0.9494303854047891
0 0.16519558608893958 0.7595588802736603 0.14659189965792474 0.8038892816419613 0.17910995324971493 0.8216282086659066 0.19726903420752565 0.7760468004561003 0.16519558608893958 0.7595588802736603
0 0.32678059977194984 0.8272085153933866 0.2755172006841505 0.791630258836944 0.26124498745724056 0.8177229042189281 0.3113073762827822 0.8557873888255416 0.32678059977194984 0.8272085153933866
0 0.38646872976054736 0.6821419897377423 0.39966803306727483 0.6574666545039909 0.34195356442417335 0.6354391527936145 0.3353314412770809 0.6601270763968073 0.38646872976054736 0.6821419897377423
0 0.27939551197263396 0.5895103979475484 0.27165722462941844 0.6184423683010263 0.31837711060433294 0.6374323249714937 0.3307939749144812 0.6191294458380844 0.27939551197263396 0.5895103979475484
0 0.43142673318129987 0.3452205678449259 0.40001341733181295 0.32821549486887114 0.3873218038768529 0.34876885404789054 0.4171658095781072 0.36636206043329533 0.43142673318129987 0.3452205678449259
0 0.44362496579247435 0.3335703192702395 0.4523578700114025 0.3208979475484607 0.4226307023945268 0.2999171676168757 0.41324712884834663 0.3178888061573546 0.44362496579247435 0.3335703192702395
0 0.42077954389965794 0.29550555986316984 0.4549949509692132 0.31404953021664767 0.46542520980615737 0.3021822018244014 0.43105580729760545 0.28003321778791335 0.42077954389965794 0.29550555986316984
0 0.0522349566704675 0.05423034321550742 0.08290485404789052 0.07532845153933865 0.10542812656784492 0.038051742303306726 0.05780114937286203 0.008897350057012542 0.0522349566704675 0.05423034321550742
0 0.3085869897377423 0 0.3082529407069555 0.008572007981755987 0.33869192930444697 0.018883446978335234 0.3449859030786773 0.0017272976054732042 0.33657550171037626 0 0.3085869897377423 0