0 0.3050888323831243 0.9605249350057012 0.3221246476624857 0.9851688711516534 0.3550871402508552 0.9707351482326112 0.3267635267958951 0.9338175917901939 0.3050888323831243 0.9605249350057012
0 0.8453707069555303 0.6753507194982897 0.8151523261117446 0.6883488323831243 0.8197611288483466 0.7145973956670467 0.8582329931584949 0.6986829201824402 0.8453707069555303 0.6753507194982897
0 0.8298428118586089 0.5786288620296466 0.7774645541619156 0.5906276282782211 0.7746692200684151 0.6682726145952109 0.8367802611174457 0.65887313340935 0.8298428118586089 0.5786288620296466
0 0.1380375598631699 0.42858436374002284 0.1077450535917902 0.4374253249714937 0.1300698141391106 0.5271040501710377 0.15351554275940707 0.5225363568985176 0.1380375598631699 0.42858436374002284
0 0.4390142314709236 0.30832265450399093 0.4087716636259977 0.31993504218928165 0.4246666750285063 0.35845569099201824 0.45066314937286206 0.34137438768529077 0.4390142314709236 0.30832265450399093
0 0.539427929304447 0.2733148631698974 0.5093304344355758 0.29323848346636255 0.5293038403648803 0.3275310604332953 0.5566119418472063 0.30626997833523373 0.539427929304447 0.2733148631698974
0 0.3543667890535918 0.13659567730900798 0.32985117673888253 0.15919259977194983 0.3652102748004561 0.20291653249714936 0.3937816556442418 0.17470578449258836 0.3543667890535918 0.13659567730900798
0 0.43403336830102623 0.022969247434435576 0.4069202497149373 0.05531142531356898 0.4293702748004561 0.07293323945267959 0.45660427936145953 0.04751657012542759 0.43403336830102623 0.022969247434435576
0 0.6332743375142531 0.09985684834663626 0.6840040353477765 0.0726454732041049 0.6695898848346636 0.039640445838084376 0.6160692611174459 0.06551595096921323 0.6332743375142531 0.09985684834663626
0 0.27695861231470925 0.9346869395667047 0.2597520011402509 0.9003476305587229 0.22965450741163057 0.920271251995439 0.2426618677309008 0.9519146864310147 0.27695861231470925 0.9346869395667047
0 0.23759650285062714 0.8203658665906499 0.24254692474344355 0.8660067331812998 0.27422044127708095 0.8571401037628278 0.26917644697833526 0.8059594002280502 0.23759650285062714 0.8203658665906499
0 0.05636065450399088 0.10992691448118587 0.02334978677309008 0.12158918472063854 0.04101427137970353 0.18224950969213227 0.07533676738882554 0.16640746180159635 0.05636065450399088 0.10992691448118587
0 0.8208472519954391 0.4596192930444698 0.8524014458380843 0.4438271288483467 0.8407525267958951 0.4107753968072976 0.8021597514253136 0.41976280273660205 0.8208472519954391 0.4596192930444698
0 0.4842744561003421 0.7606360193842646 0.49796477537058154 0.7520832884834664 0.45811468871151656 0.6890394789053592 0.44311430444697836 0.701771961231471 0.4842744561003421 0.7606360193842646
0 0.49473860205245157 0.7258121539338654 0.5139624526795895 0.7171628346636261 0.48993484150513117 0.6884840558722919 0.4749102690992018 0.6998308118586088 0.49473860205245157 0.7258121539338654