0 0.238716417331813 0.9221664629418472 0.2292082748004561 0.8880728358038769 0.16698377309007983 0.8926206476624857 0.1732000148232611 0.9259740216647662 0.238716417331813 0.9221664629418472
0 0.3866374207525655 0.9727927468643102 0.37627900456100344 0.9143952383124287 0.3509082497149373 0.9194368620296466 0.35887239110604335 0.9773238688711516 0.3866374207525655 0.9727927468643102
0 0.49120448346636264 0.8367839931584948 0.4856844503990878 0.7978028939566705 0.42708389623717213 0.8040033637400228 0.4286867582668187 0.8413967662485746 0.49120448346636264 0.8367839931584948
0 0.32428283238312433 0.8034391619156214 0.3255990045610034 0.7731216351197264 0.2916724275940707 0.7713405085518814 0.2939000330672748 0.8096110798175599 0.32428283238312433 0.8034391619156214
0 0.4926177958950969 0.48595376624857467 0.4825783751425313 0.45365946408209806 0.4310778141391106 0.4590194481185861 0.4377209521094641 0.4961805564424173 0.4926177958950969 0.48595376624857467
0 0.7174320216647663 0.8840816408209806 0.7036459954389965 0.8465774207525656 0.6689051938426454 0.8555062337514253 0.6808193352337515 0.8904460957810719 0.7174320216647663 0.8840816408209806
0 0.7517036567844926 0.8787307571265679 0.7864237366020524 0.8692085553021665 0.7732310444697833 0.8316820501710377 0.7344400763968072 0.8437212953249715 0.7517036567844926 0.8787307571265679
0 0.7581604059293043 0.40011542189281646 0.7358874948688712 0.37477573660205243 0.7145946180159635 0.39451368301026224 0.7386683055872292 0.42038146978335234 0.7581604059293043 0.40011542189281646
0 0.14741308551881413 0.05997924401368301 0.14152889053591788 0.027538274800456102 0.08587461003420753 0.03304331014823261 0.09063315735461802 0.0672762189281642 0.14741308551881413 0.05997924401368301
0 0.4079395712656785 0.01764246180159635 0.4033170353477765 0.004317542759407069 0.3479102280501711 0.00844747890535918 0.35357712770809574 0.026069816419612316 0.4079395712656785 0.01764246180159635
0 0.10923848688711517 0.7872076522234892 0.09410158152793614 0.7450008358038769 0.06582437856328392 0.7519231619156214 0.07259329874572407 0.7926414230330673 0.10923848688711517 0.7872076522234892
0 0.2643410763968073 0.482054070695553 0.2612844196123147 0.4625754424173318 0.20286863511972636 0.4741117776510832 0.2051678551881414 0.48886864994298745 0.2643410763968073 0.482054070695553