0 0.44811858608893956 0.9549600912200684 0.04789053591790194 0.04903078677309008
0 0.8338686624857469 0.5380606761687571 0.7880019726339794 0.5561936145952109 0.7990089418472065 0.5997742303306727 0.8514781128848347 0.595579054732041 0.8338686624857469 0.5380606761687571
0 0.5710224002280502 0.3568004207525656 0.5728491049030787 0.39096733979475484 0.6269228757126568 0.3828818608893957 0.6308114082098061 0.3323819395667047 0.5710224002280502 0.3568004207525656
0 0.2862586259977195 0 0.2956762257696693 0.019854051311288482 0.3267698175598632 0 0.2862586259977195 0
0 0 0.49057167274800456 0.03242691904218928 0.49559249714937287 0.041403885974914484 0.4494100057012542 0.0035898072976054732 0.4406509988597491 0 0.4668002554161916 0 0.49057167274800456
0 0.951813810718358 0.4417190410490308 0.9882283363740022 0.44315934777651084 0.9888870410490307 0.3671685575826682 0.9465413956670468 0.37444258380843787 0.951813810718358 0.4417190410490308
0 1 0.5399578289623718 0.9409624093500569 0.5411009851767389 0.943250023945268 0.6092059509692133 0.9865930296465222 0.6105827309007982 1 0.5416098517673889 1 0.5399578289623718
0 0.6527638369441277 0.7458564139110605 0.6556835849486887 0.7816635952109464 0.6945145952109464 0.7779356579247434 0.6948828757126568 0.7469952793614596 0.6527638369441277 0.7458564139110605
0 0.2953291425313569 0.27524730672748005 0.29621138654503987 0.30804956670467504 0.33750853819840365 0.300969669327252 0.333155921322691 0.2689063078677309 0.2953291425313569 0.27524730672748005
0 0 0.6541787354618016 0.05900775370581528 0.6523904925883695 0.05821196465222349 0.6424815940706956 0 0.6408204298745723 0 0.6541787354618016
0 0.2194730763968073 0.702833945267959 0.2257997605473204 0.6889564777651084 0.17056011858608894 0.6806352474344356 0.16875947662485746 0.6945663728620297 0.2194730763968073 0.702833945267959
0 0.1913784857468643 0.6762218038768529 0.19266891448118587 0.6571361220068415 0.17461781185860892 0.6566484754846066 0.17074331356898517 0.6750169794754846 0.1913784857468643 0.6762218038768529