0 1 0.6215334663625998 0.9779661128848347 0.6173891710376282 0.9660157137970353 0.6664767616875713 1 0.6667985929304447 1 0.6215334663625998
0 0 0.35279184036488026 0.05923823717217788 0.3727736111744584 0.0697451220068415 0.33334384378563287 0 0.3144977343215507 0 0.35279184036488026
0 0.24853517673888256 0.5704501619156214 0.21554120980615735 0.5613492155074117 0.20379654275940706 0.5993150387685291 0.23563945153933866 0.6094802428734322 0.24853517673888256 0.5704501619156214
0 0.2763759007981756 0.5000340763968073 0.23521665222348914 0.4867874446978335 0.23232721664766248 0.5146302451539339 0.26243134777651084 0.5260428278221209 0.2763759007981756 0.5000340763968073
0 0.20100058608893956 0.621372929304447 0.1849738722919042 0.6557641402508552 0.2245722166476625 0.6668451778791334 0.23401116647662484 0.6309048072976055 0.20100058608893956 0.621372929304447
0 0.7530280627137971 0.8452016100342075 0.7635036248574686 0.8219327822120867 0.6961746465222349 0.7993547126567845 0.686811645381984 0.8204568312428735 0.7530280627137971 0.8452016100342075
0 0.961334526795895 0.04755059977194983 0.9504751619156215 0.03430901938426453 0.8926252508551882 0.07906302736602051 0.9014311299885975 0.09300169783352337 0.961334526795895 0.04755059977194983
0 0.8841955815279362 0.10987911630558723 0.8482797993158494 0.06814776282782212 0.8149949361459521 0.08474293500570125 0.845092275940707 0.12998730102622577 0.8841955815279362 0.10987911630558723
0 1 0.5276632417331814 0.9714950980615736 0.5171492554161916 0.967519433295325 0.5394062497149373 1 0.5416501379703534 1 0.5276632417331814
0 1 0.5550187696693273 0.9672722041049031 0.5493396784492588 0.9625792588369441 0.5680695575826682 1 0.5712805883694413 1 0.5550187696693273
0 1 0.5815719372862029 0.9639083112884834 0.5806089384264538 0.9606680820980615 0.5984062998859749 1 0.5954023614595211 1 0.5815719372862029
0 0.7520144184720639 0.5439644184720639 0.7367189110604333 0.5057671425313569 0.6895430387685291 0.5413977616875713 0.7077641128848347 0.5698448095781071 0.7520144184720639 0.5439644184720639
0 0.8318053728620296 0.03872353705815279 0.7772318745724058 0.05816496807297605 0.783076189281642 0.08941910604332953 0.8397309144811859 0.07853681755986318 0.8318053728620296 0.03872353705815279
0 0.49303988711516533 0.4265856818700114 0.46621569555302167 0.41552603420752565 0.4534968061573546 0.4511134697833523 0.4822485518814139 0.4578250741163056 0.49303988711516533 0.4265856818700114
0 0.39397722120866596 0.5161068278221209 0.42174895210946406 0.42670189623717214 0.30946041277080955 0.3926358939566705 0.28545606385404787 0.4878456966932725 0.39397722120866596 0.5161068278221209
0 0.35335805473204107 0.611898394526796 0.3322721220068415 0.6375624173318131 0.3615828597491448 0.6602814526795895 0.3843867936145952 0.6327751003420753 0.35335805473204107 0.611898394526796
0 0.9876829714937285 0.3937560136830103 0.9578246693272521 0.39788963397947547 0.9651869771949829 0.4385871721778791 0.98920534663626 0.4288445712656785 0.9876829714937285 0.3937560136830103