0 0.15941516419612314 0.45405378791334094 0.17659538540478906 0.4625093101482326 0.2596534435575827 0.3330577172177879 0.2442764070695553 0.32251009464082103 0.15941516419612314 0.45405378791334094
0 0.18219796579247435 0.4683204720638541 0.20075231356898518 0.475812472063854 0.2832606909920182 0.3528975473204105 0.2627222109464082 0.33571059407069553 0.18219796579247435 0.4683204720638541
0 0.28999614367160775 0.3522748734321551 0.20587326681870013 0.4809358004561003 0.22291649258836943 0.4935875336374002 0.30542525313568986 0.3604216282782212 0.28999614367160775 0.3522748734321551
0 0.231608992018244 0.4921057080957811 0.24624870353477765 0.5013190900798176 0.328791244013683 0.3747911459521095 0.30868864310148236 0.3658219144811859 0.231608992018244 0.4921057080957811
0 0.251437330672748 0.5094688996579247 0.26772477765108327 0.5195773169897377 0.3517448209806157 0.3914995803876853 0.33269790307867736 0.37427576168757126 0.251437330672748 0.5094688996579247
0 0.2707487229190422 0.519506023945268 0.2875518483466363 0.5369386978335234 0.37263781527936146 0.3994055324971494 0.35403065564424174 0.39160118015963513 0.2707487229190422 0.519506023945268
0 0.2935297126567845 0.5337739760547321 0.31263516875712655 0.5449790205245154 0.3934601083238312 0.4247818084378563 0.3725800045610034 0.40934334663626 0.2935297126567845 0.5337739760547321
0 0.31545417559863176 0.5460789977194983 0.33404357126567846 0.5602107685290764 0.41294408779931585 0.43725941619156217 0.3930476944127708 0.4271207274800456 0.31545417559863176 0.5460789977194983
0 0.335487181299886 0.5622724572405929 0.3494372485746864 0.571968732041049 0.42998731242873434 0.44991114937286203 0.4140086602052452 0.4356399874572406 0.335487181299886 0.5622724572405929
0 0 0.6993384789053592 0.10497641163055872 0.7422936716077536 0.1326055267958951 0.6880802941847206 0.014683546180159636 0.6410609007981757 0 0.6678204469783352 0 0.6993384789053592
0 0 0.8456425678449259 0.021403057012542758 0.8541700262257697 0.05257152451539339 0.8072111505131129 0.0006046202964652223 0.7823723352337514 0 0.7836462109464083 0 0.8456425678449259
0 0.04220459064994299 0.43218058152793615 0.15865756328392247 0.5027558768529077 0.18470623261117447 0.4609249236031927 0.06561347548460661 0.3932001676168757 0.04220459064994299 0.43218058152793615
0 0.4107151151653364 0.23127423147092363 0.4430179441277081 0.15738444469783353 0.3513739179019384 0.11349287799315849 0.31436648688711516 0.1964995370581528 0.4107151151653364 0.23127423147092363
0 0.12794880501710376 0.09278561231470923 0.15787920182440138 0.10409224287343216 0.17990562485746864 0.054317145952109465 0.14939330444697835 0.04290949144811859 0.12794880501710376 0.09278561231470923
0 0.20236450285062713 0 0.20025014823261117 0.007260031927023945 0.2257812041049031 0.019599670467502852 0.23327963169897378 0 0.20236450285062713 0