0 0.8210576898517674 0.7200218449258837 0.8440728403648803 0.6736600672748005 0.7910668563283922 0.6502260193842645 0.7714212827822121 0.7007826362599772 0.8210576898517674 0.7200218449258837
0 0.9321721619156215 0.5011576316989738 0.9799504275940707 0.5219393215507412 0.9973163215507412 0.44939834777651083 0.9609199224629418 0.4359451174458381 0.9321721619156215 0.5011576316989738
0 1 0.8417229361459521 0.9883392759407069 0.8405907685290763 0.9800631459521095 0.915487228050171 1 0.9195383112884835 1 0.8417229361459521
0 0.46916787343215505 0.6901992508551882 0.47974181071835803 0.6544914378563285 0.4226064036488027 0.6467259657924743 0.4124922702394527 0.6777558198403648 0.46916787343215505 0.6901992508551882
0 0.09278244925883695 0.6214908004561003 0.03503062713797035 0.6022523808437856 0.022225161915621437 0.6717044173318131 0.06484157126567845 0.6955832930444699 0.09278244925883695 0.6214908004561003
0 0.29058612656784494 0.9252798232611175 0.2633277388825542 0.9163844572405929 0.24466798289623717 0.9655842166476625 0.2715267491448119 0.9757420148232611 0.29058612656784494 0.9252798232611175
0 0.33018189281641963 0.9057957993158495 0.3080089509692132 0.8967467537058152 0.2872901299885975 0.9462204310148233 0.3122027582668187 0.9554873283922464 0.33018189281641963 0.9057957993158495
0 0.35213731470923604 0.7407653534777651 0.3500095313568985 0.7577052075256556 0.4570617958950969 0.7655852474344356 0.46372428620296463 0.7507177730900798 0.35213731470923604 0.7407653534777651
0 0.32697428164196124 0.6312439532497149 0.279731732041049 0.6157324070695553 0.27330395553021664 0.6529571687571265 0.3130035974914481 0.6682886579247435 0.32697428164196124 0.6312439532497149
0 0.09881355530216647 0.46979374686431014 0.01748017787913341 0.4724656111744584 0.019039327251995437 0.5202648825541619 0.0950330353477765 0.5142338460661345 0.09881355530216647 0.46979374686431014
0 0.1449543432155074 0.44987266476624854 0.10538446180159636 0.4543380467502851 0.11233879589509692 0.48686941277080953 0.14567299087799315 0.48098864538198405 0.1449543432155074 0.44987266476624854
0 0.18390474116305588 0.5325884732041049 0.17470455872291904 0.550411189281642 0.23561557582668188 0.5592318278221209 0.23888169669327253 0.5418981128848347 0.18390474116305588 0.5325884732041049
0 0.20691272976054734 0.38180470695553026 0.14829836488027368 0.38748456784492585 0.14728886659064994 0.41527051653363745 0.2105018677309008 0.4082611539338654 0.20691272976054734 0.38180470695553026
0 0.23843175484606613 0.29993958836944123 0.24897951995438997 0.26215878449258834 0.19686867388825544 0.2500696921322691 0.18051885290763967 0.2796841584948689 0.23843175484606613 0.29993958836944123
0 0.15438157468643102 0.30064031014823256 0.13825177993158494 0.33733724059293047 0.21795471493728621 0.3566330809578107 0.23087478791334096 0.31675060433295327 0.15438157468643102 0.30064031014823256
0 0.8702022953249715 0.5349934287343215 0.8063677046750285 0.5134073489167617 0.7997923797035348 0.5269274104903079 0.8670589327251995 0.5493066921322691 0.8702022953249715 0.5349934287343215
0 0.9817301356898518 0.43069694298745725 0.9884158472063854 0.415976078677309 0.9204985484606614 0.38949813568985175 0.9081885974914481 0.40285863854047893 0.9817301356898518 0.43069694298745725
0 0.9444415393386545 0.37175764994298743 0.9396668437856328 0.38525987343215506 0.9899859007981756 0.40311588825541617 0.9889167286202966 0.3906721277080958 0.9444415393386545 0.37175764994298743
0 0.7979123340935006 0.08425586887115166 0.8128092063854048 0.024592491448118585 0.7759807149372862 0.016012161915621437 0.7627561060433296 0.06915396009122007 0.7979123340935006 0.08425586887115166
0 0.9003513671607754 0 0.8929952189281641 0.024165249714937286 0.9345401094640821 0.04735166020524515 0.9270403420752565 0 0.9003513671607754 0
0 0.5679745222348916 0.21523710034207524 0.5891925974914481 0.16511009007981756 0.5488748529076397 0.153477078677309 0.528149283922463 0.20480590307867733 0.5679745222348916 0.21523710034207524
0 0.309414251995439 0.07249304675028506 0.2690038677309008 0.06027513911060434 0.25608379475484605 0.1001576157354618 0.29507073660205246 0.10719377765108325 0.309414251995439 0.07249304675028506
0 0.563796858608894 0.47542206499429873 0.5337287856328392 0.4639691185860889 0.5187373660205244 0.4945691539338654 0.5472020102622577 0.5110805233751425 0.563796858608894 0.47542206499429873