0 0.8429371493728621 0.25541704789053593 0.957034873432155 0.2561808722919042 0.9589261892816419 0.20826223831242874 0.8478083295324972 0.2077648928164196 0.8429371493728621 0.25541704789053593
0 1 0.9226986214367161 0.9037133078677309 0.9239907673888256 0.902534196123147 0.9667845496009122 1 0.970981047890536 1 0.9226986214367161
0 0.5069832668187001 0.8939243808437857 0.6399022462941847 0.8892827480045611 0.6407679589509692 0.8459761539338655 0.5067208962371722 0.8523847947548461 0.5069832668187001 0.8939243808437857
0 0.5846769064994299 0.7879342827822121 0.6352391334093501 0.7897301562143672 0.6381175062713798 0.7446022109464081 0.5796038665906499 0.7447850444697833 0.5846769064994299 0.7879342827822121
0 0.6184166259977194 0.5802068038768529 0.613655590649943 0.5459474047890536 0.5315871037628278 0.5606845929304447 0.5403584777651084 0.590648291904219 0.6184166259977194 0.5802068038768529
0 0.681425385404789 0.34296487115165336 0.6846612884834663 0.29952391448118587 0.5908837080957811 0.30220615165336373 0.5947493044469784 0.3448050057012542 0.681425385404789 0.34296487115165336
0 0.4772913101482326 0.33288134207525655 0.5539832873432156 0.3343572919042189 0.5551874777651084 0.28377507981755984 0.47448983124287347 0.2866837833523375 0.4772913101482326 0.33288134207525655
0 0.15863138312428735 0.22470839338654505 0.20907095096921322 0.22294700456100341 0.21044385860889397 0.1771962212086659 0.15638341277080958 0.17730328050171038 0.15863138312428735 0.22470839338654505
0 0.07565520296465222 0.7238020034207526 0.023926921322690992 0.7226409623717218 0.02676290535917902 0.7528134937286203 0.07772477309007982 0.7490404640820981 0.07565520296465222 0.7238020034207526
0 0.15139554846066136 0.39174548688711514 0.227839086659065 0.38610702394526797 0.22433379019384264 0.32826130558722916 0.14508885974914482 0.3302374925883695 0.15139554846066136 0.39174548688711514
0 0.3494765518814139 0.3136021448118586 0.3880483523375142 0.31225518814139114 0.3841843181299886 0.2696562770809578 0.34192952793614595 0.26757030216647665 0.3494765518814139 0.3136021448118586
0 0.41369468301026224 0.6383994469783352 0.4135977765108324 0.5505586932725199 0.32645252793614593 0.555976755986317 0.3205244047890536 0.6328632953249715 0.41369468301026224 0.6383994469783352
0 0.17974000456100342 0.8121670763968073 0.17825117673888255 0.8205272542759406 0.23182178791334093 0.8234062953249716 0.2304785575826682 0.8104609122006842 0.17974000456100342 0.8121670763968073
0 0.18071293728620294 0.8400282189281641 0.1841974275940707 0.8547452645381983 0.23340882896237172 0.8518401037628278 0.23223785518814138 0.8353209076396807 0.18071293728620294 0.8400282189281641
0 0.1811546465222349 0.8696902485746865 0.1780927046750285 0.884041787913341 0.22875843101482324 0.8888014789053591 0.23433862257696694 0.8699593181299886 0.1811546465222349 0.8696902485746865
0 0.3961714789053592 0.9191601539338655 0.3959905781071836 0.9310377651083238 0.4309399407069555 0.9280365347776511 0.4355797993158495 0.9163377913340935 0.3961714789053592 0.9191601539338655