0 0.07601916191562144 0.3789194047890536 0.10954731698973774 0.38111085632839226 0.11273216647662486 0.328376228050171 0.0745087023945268 0.3278720136830102 0.07601916191562144 0.3789194047890536
0 0.2743499589509692 0.018190088939566702 0.27786157582668186 0.06023456670467503 0.31497875028506267 0.060004736602052446 0.3129733865450399 0.01787286202964652 0.2743499589509692 0.018190088939566702
0 0.36009707525655643 0.2869448551881414 0.3968508996579247 0.2896614549600912 0.3975853329532497 0.25444785860889396 0.3642227331812999 0.25334406499429873 0.36009707525655643 0.2869448551881414
0 0.4036015347776511 0.1202022770809578 0.40199114253135687 0.1454850992018244 0.46981664538198403 0.14364189737742303 0.4693205781071836 0.11844991562143672 0.4036015347776511 0.1202022770809578
0 0.9386297183580388 0.3059198084378563 0.9297352998859748 0.35888376282782214 0.9696890045610034 0.36478437628278226 0.9820239942987458 0.313044157354618 0.9386297183580388 0.3059198084378563
0 0.8563711881413911 0.4107073352337514 0.8646911858608893 0.3697425062713797 0.7972116237172178 0.36634505473204104 0.7920622907639682 0.40341098061573544 0.8563711881413911 0.4107073352337514
0 0.542592385404789 0.2183979361459521 0.5449642291904219 0.2551090684150513 0.5863260148232611 0.24710577194982897 0.5792547012542759 0.2121285929304447 0.542592385404789 0.2183979361459521
0 0.5667112702394527 0.45070323261117445 0.6078305404789053 0.45199592246294185 0.6053581242873433 0.4331431470923603 0.5670725553021665 0.43801676168757125 0.5667112702394527 0.45070323261117445
0 0.49854571037628276 0.4212246499429875 0.5013276100342076 0.4570321436716077 0.5595264583808438 0.45563941847206385 0.5580469543899658 0.418955992018244 0.49854571037628276 0.4212246499429875
0 0.4535728620296465 0.3416963591790194 0.4578001094640821 0.3779253261117446 0.4970573101482326 0.37975445952109466 0.4947727616875712 0.3447683876852908 0.4535728620296465 0.3416963591790194
0 0.2261873489167617 0 0.22581549942987456 0.001785763968072976 0.30704159749144816 0.015027185860889395 0.3082449863169897 0 0.2261873489167617 0
0 0.202335165336374 0.32699831698973775 0.2037169897377423 0.34254037856328395 0.24325356670467504 0.3372221596351197 0.23703993044469782 0.3244918928164196 0.202335165336374 0.32699831698973775
0 0.20481704675028506 0.35063320182440133 0.20766638768529078 0.3639673409350057 0.24161967160775372 0.36514523489167616 0.24231269783352338 0.34488492588369446 0.20481704675028506 0.35063320182440133
0 0.21193367730900797 0.27074880501710374 0.21500798631698975 0.28468673546180157 0.2558781858608894 0.2831230923603193 0.2526009179019384 0.26596612086659066 0.21193367730900797 0.27074880501710374
0 0.2166929566704675 0.31481194298745724 0.25100803990877996 0.31304321550741165 0.2501604275940707 0.29558636031927027 0.21709480273660206 0.29691029190421897 0.2166929566704675 0.31481194298745724