0 0.5976290239452678 0.3132579327251996 0.6367366259977194 0.3216849897377423 0.644921787913341 0.2688854789053592 0.6082411835803876 0.26079878449258836 0.5976290239452678 0.3132579327251996
0 0.9302981927023946 0.26814364538198404 0.9665439589509692 0.2834387183580388 0.9763080535917902 0.24838230102622577 0.9428948392246294 0.23458057582668188 0.9302981927023946 0.26814364538198404
0 0.9616610034207526 0.10902492018244014 0.9368902428734321 0.09789695895096921 0.921399835803877 0.14370458722919044 0.9657884367160775 0.15694977194982895 0.9616610034207526 0.10902492018244014
0 0.9121129190421893 0.4360282759407069 0.9620052964652223 0.4504860535917902 0.9794583135689853 0.3749196305587229 0.9252466864310148 0.35643817103762826 0.9121129190421893 0.4360282759407069
0 0.9747835313568985 0.6061594093500571 0.9890982930444698 0.5264451767388826 0.932304748004561 0.5145053740022805 0.9195752873432155 0.5922619236031927 0.9747835313568985 0.6061594093500571
0 1 0.8753888574686431 0.993385456100342 0.8740591242873432 0.9844576362599772 0.9084321972633979 1 0.9113833660205246 1 0.8753888574686431
0 0.8319762565564425 0.7417687787913341 0.8867789680729761 0.7575030923603192 0.8995721128848347 0.6689919099201824 0.8424997787913341 0.6600649395667046 0.8319762565564425 0.7417687787913341
0 0.36510532611174457 0.11799202850627138 0.31120359521094637 0.1051496921322691 0.3081990467502851 0.14009267388825541 0.3587255267958951 0.15388678449258836 0.36510532611174457 0.11799202850627138
0 0.20704222348916762 0.051619274800456104 0.2059483135689852 0.08098825541619156 0.24147806271379704 0.09516611516533638 0.24984730786773088 0.05547856670467503 0.20704222348916762 0.051619274800456104
0 0.07647130330672748 0.08205940706955529 0.04227697833523375 0.07490700456100342 0.02784337172177879 0.13075447890535918 0.06899953705815279 0.13598112086659064 0.07647130330672748 0.08205940706955529
0 0.24191992930444697 0.23004631698973774 0.22441674344355758 0.2283022805017104 0.20282191676168757 0.2792307331812999 0.2219823842645382 0.2846796442417332 0.24191992930444697 0.23004631698973774
0 0.023123541619156213 0.2619964811858609 0.039226062713797034 0.2674698551881414 0.04889994868871152 0.21212264766248576 0.027765719498289626 0.20956935233751428 0.023123541619156213 0.2619964811858609
0 0.07866210262257697 0.3415346499429875 0.1184207126567845 0.3504903044469783 0.12421924515393387 0.3152536624857469 0.08482223375142532 0.30924510604332955 0.07866210262257697 0.3415346499429875
0 0.3571422633979476 0.6501819749144813 0.4198407160775371 0.6728461083238313 0.4361881208665907 0.5824703774230331 0.37030779019384263 0.5652137753705815 0.3571422633979476 0.6501819749144813
0 0.3375329258836944 0.7817964561003421 0.39504125997719497 0.7948567445838085 0.4076818700114025 0.7287514344355758 0.351845905359179 0.7134258015963513 0.3375329258836944 0.7817964561003421
0 0.21972902622576967 0.8711937958950969 0.23092679247434436 0.8300164868871152 0.17593805245153935 0.8125122337514252 0.16517317901938425 0.857823188141391 0.21972902622576967 0.8711937958950969
0 0.29351388711516535 0.9482156100342075 0.3323718437856329 0.9542823945267959 0.3434187673888256 0.8841654446978335 0.3026670490307868 0.876209701254276 0.29351388711516535 0.9482156100342075
0 0.13854366590649944 0.9680873318129989 0.20515910604332951 0.9825769350057012 0.20621303648802738 0.9505255632839225 0.1470657867730901 0.9355495313568986 0.13854366590649944 0.9680873318129989
0 0.6552977457240592 0.969894220068415 0.7147724139110605 0.9789269064994299 0.7228896419612314 0.9311463660205245 0.667778873432155 0.9199252269099202 0.6552977457240592 0.969894220068415
0 0.6378326408209807 0.7753085473204105 0.7196513409350057 0.7923809395667047 0.7257980969213227 0.7562121664766249 0.6471044184720639 0.738512811858609 0.6378326408209807 0.7753085473204105
0 0.6385048734321551 0.8385220706955531 0.6964176773090079 0.8497503557582667 0.7056972006841504 0.8120567046750284 0.6429269897377423 0.8010420136830102 0.6385048734321551 0.8385220706955531
0 0.7074841835803877 0.8527663625997719 0.7455952645381985 0.8630876488027366 0.7561795404789053 0.8407825393386545 0.7174686396807298 0.828431582668187 0.7074841835803877 0.8527663625997719
0 0.8414117343215507 0.8201808027366021 0.7895297491448119 0.8095142645381984 0.7780862782212087 0.8617622782212088 0.8303969851767389 0.8744748985176739 0.8414117343215507 0.8201808027366021
0 0.8258169999999999 0.9672556499429874 0.8258134675028507 0.9501812337514253 0.7556852497149372 0.9306860820980616 0.742629905359179 0.9759989669327253 0.8258169999999999 0.9672556499429874
0 0.5330327434435576 0.6418444891676168 0.549601472063854 0.646073251995439 0.5602382132269099 0.5954025792474344 0.541933921322691 0.5901621915621437 0.5330327434435576 0.6418444891676168
0 0.12651062143671607 0.4785980285062714 0.159740511972634 0.4822696727480046 0.1678880741163056 0.46887432725199546 0.1314205701254276 0.46046829532497147 0.12651062143671607 0.4785980285062714