0 0.07008123033067275 0.6521153637400228 0.061598875712656785 0.7660855085518814 0.11567667730900799 0.7683558529076396 0.12583110376282783 0.6626448848346636 0.07008123033067275 0.6521153637400228
0 0.1442816362599772 0.7548805952109465 0.14553872633979476 0.7908789657924744 0.19418070011402508 0.7961126989737742 0.19978821436716077 0.7584878289623717 0.1442816362599772 0.7548805952109465
0 0.201568007981756 0.6904967970353478 0.19769959977194984 0.7779678996579247 0.239378669327252 0.782058 0.24319876396807297 0.6932033660205245 0.201568007981756 0.6904967970353478
0 0.5246149908779932 0.941222229190422 0.5183476385404788 0.9996640581527936 0.570896857468643 0.9978289988597492 0.5690111938426453 0.9438306636259978 0.5246149908779932 0.941222229190422
0 0.4989879635119726 0.8021037286202964 0.4919969179019384 0.8397769110604333 0.5213271311288483 0.8470702451539338 0.5227388597491448 0.808206677309008 0.4989879635119726 0.8021037286202964
0 0.4677534218928164 0.7006100957810719 0.4678703318129988 0.7435806294184721 0.5273808380843785 0.7428876955530217 0.5358038392246294 0.7065528529076397 0.4677534218928164 0.7006100957810719
0 0.505205732041049 0.5440388996579247 0.4974815142531357 0.6399622177879133 0.5904697605473205 0.6464193454960091 0.6050133922462942 0.5474858871151653 0.505205732041049 0.5440388996579247
0 0.9498474264538199 0.7877445872291904 0.8609099692132269 0.7783740011402509 0.8626708072976056 0.8684205290763968 0.9457388449258837 0.8682932930444698 0.9498474264538199 0.7877445872291904
0 0.46656410946408206 0.30972442303306724 0.4586151527936146 0.4389242919042189 0.5310562816419612 0.4516429429874573 0.5444395598631699 0.3194813021664766 0.46656410946408206 0.30972442303306724
0 0.5150518449258837 0.19158369441277082 0.5089311060433296 0.2541791858608894 0.5420703751425313 0.2516367183580388 0.5456689076396807 0.1960600889395667 0.5150518449258837 0.19158369441277082
0 0.5622135496009122 0.19409555530216646 0.5575231493728621 0.25802788141391103 0.5840394925883694 0.2640326944127708 0.5913020296465222 0.19446654503990876 0.5622135496009122 0.19409555530216646
0 0.6753857696693272 0.025177376282782212 0.5782952964652224 0.020250282782212088 0.5719328232611174 0.07592343215507412 0.6761296898517674 0.08614792930444698 0.6753857696693272 0.025177376282782212
0 0.47516059521094645 0.04048696009122007 0.4195573329532497 0.034111102622576966 0.4145768301026226 0.08973599201824402 0.4675128882554162 0.09897855530216647 0.47516059521094645 0.04048696009122007
0 0.34870223375142534 0.14610056670467503 0.29887176510832386 0.14645546636259976 0.2940846259977195 0.20761760661345496 0.3506846339794755 0.20286909007981754 0.34870223375142534 0.14610056670467503
0 0.37404869099201826 0.19789441619156214 0.3737490558722919 0.26860419726339796 0.4113757753705815 0.27560780957810715 0.4111918882554162 0.19105177993158495 0.37404869099201826 0.19789441619156214
0 0.37500580273660206 0.5028405267958951 0.3759727913340935 0.5305314618015964 0.4106405883694413 0.5320928358038769 0.42641322348916766 0.5079761254275941 0.37500580273660206 0.5028405267958951
0 0.5897056681870011 0.5452484435575826 0.5957498985176739 0.5200846750285063 0.5622238449258837 0.5115510809578107 0.5537026545039908 0.5451189144811859 0.5897056681870011 0.5452484435575826
0 0.5413538517673888 0.548323708095781 0.5484914561003421 0.5148026271379703 0.5124884960091219 0.5146746590649943 0.507972794754846 0.5439422725199544 0.5413538517673888 0.548323708095781
0 0.46328715963511974 0.5687731539338654 0.4630350478905359 0.5105589897377424 0.4368680615735462 0.509096314709236 0.43378336602052453 0.5567329863169898 0.46328715963511974 0.5687731539338654
0 0.4330540250855188 0.5698289190421892 0.4341529019384264 0.5163204732041049 0.41579732383124285 0.517555574686431 0.4131386830102623 0.5604244743443557 0.4330540250855188 0.5698289190421892
0 0.5049328757126568 0.5376132576966933 0.5041247343215507 0.5144711140250855 0.4718850592930444 0.5090617172177879 0.4686477765108324 0.5353156898517674 0.5049328757126568 0.5376132576966933
0 0.4917250524515393 0.5333215895096921 0.47212660889395663 0.5369765416191562 0.4651562405929304 0.588315141391106 0.4873192451539339 0.5940764230330673 0.4917250524515393 0.5333215895096921