0 0.8651745108323832 0.10236994754846065 0.9015918688711516 0.11168516989737742 0.9112960729760546 0.0724776054732041 0.8787956590649944 0.0651108551881414 0.8651745108323832 0.10236994754846065
0 0.7549161641961231 0.06168999543899658 0.784504574686431 0.07984079817559864 0.7949968187001141 0.04493950513112885 0.7605288015963512 0.03170114937286203 0.7549161641961231 0.06168999543899658
0 0.7300380570125428 0.04980099087799316 0.7368487400228051 0.031170671607753705 0.6767526499429874 0.021326736602052452 0.6750173352337514 0.03367414139110604 0.7300380570125428 0.04980099087799316
0 0.5171273591790194 0.1429936818700114 0.4480999350057012 0.1668692770809578 0.47920014937286204 0.2537840638540479 0.550776709236032 0.23166470695553024 0.5171273591790194 0.1429936818700114
0 0.24327766932725198 0.2919779509692132 0.13704042417331813 0.3022298551881414 0.15574816191562144 0.3580233215507411 0.24787742645381983 0.3387924583808438 0.24327766932725198 0.2919779509692132
0 0.20908877080957813 0.9627697514253135 0.20821507753705815 0.9292090456100343 0.15087905701254276 0.9295451858608894 0.15016782098061573 0.9544889509692133 0.20908877080957813 0.9627697514253135
0 0.35179581527936143 0.9018219680729761 0.2508446522234892 0.9142163397947549 0.2652679156214367 0.9706652143671608 0.36940543443557583 0.9853007890535918 0.35179581527936143 0.9018219680729761
0 0.688310150513113 0.30695557468643103 0.6533028814139111 0.31742602736602055 0.6645188882554162 0.3469824481185861 0.6989477194982897 0.34062779703534773 0.688310150513113 0.30695557468643103
0 0.6835291630558723 0.36084589737742306 0.6498927970353477 0.37150901824401367 0.662906212086659 0.4181064298745724 0.698491701254276 0.4035217229190422 0.6835291630558723 0.36084589737742306
0 0.8232603272519955 0.27135933979475485 0.7851272474344356 0.2841880250855188 0.8073465667046751 0.33487835917901937 0.8433374196123147 0.3273452565564424 0.8232603272519955 0.27135933979475485
0 0.8928875461801596 0.25316311630558724 0.8987961140250855 0.27078189395667046 0.9285335815279361 0.26796658950969215 0.9271036807297606 0.2383859589509692 0.8928875461801596 0.25316311630558724
0 0.9824331003420753 0.4014561265678449 0.9759069076396807 0.36836014367160774 0.9348406864310148 0.3821761607753706 0.9497624891676169 0.40525876282782214 0.9824331003420753 0.4014561265678449
0 0.9750866944127708 0.44379259407069555 0.9855802679589509 0.4088930649942987 0.9446661984036488 0.4017434104903079 0.9416007149372861 0.433491370581528 0.9750866944127708 0.44379259407069555
0 0.8512983717217788 0.39002097491448123 0.8166768734321551 0.39774652907639685 0.8218746602052451 0.4502417377423033 0.8621891527936146 0.4517104754846066 0.8512983717217788 0.39002097491448123
0 0.9129179885974915 1 0.9190105507411631 0.9521575507411632 0.8563655416191562 0.9405558312428735 0.8562794218928164 1 0.9129179885974915 1
0 0.9342584732041049 1 0.9395434446978336 0.9452510900798174 0.9170414002280503 0.9462857286202966 0.9140168688711516 0.9976253683010262 0.918158984036488 1 0.9342584732041049 1
0 0.8813284424173318 0.7132222884834664 0.860864031927024 0.6599810535917903 0.8250673933865451 0.6661434709236032 0.8459356214367161 0.726436094640821 0.8813284424173318 0.7132222884834664
0 0.7197192793614595 0.5408121311288483 0.6876451539338655 0.5502952531356898 0.6996534082098061 0.5841616898517674 0.7291997548460661 0.582717503990878 0.7197192793614595 0.5408121311288483
0 0.8909095028506271 0.33932636031927027 0.902785590649943 0.38086942417331815 0.9709044253135689 0.36256061573546183 0.9552876009122008 0.3159965153933865 0.8909095028506271 0.33932636031927027
0 0.47246922690992016 0.2607321049030787 0.43017879475484605 0.2730759190421893 0.4558977753705815 0.31896123717217784 0.4887579874572406 0.30679263283922464 0.47246922690992016 0.2607321049030787