0 0.2783923135689852 1 0.2774022052451539 0.988641985176739 0.2111904629418472 0.9901977628278221 0.211079984036488 1 0.2783923135689852 1
0 0.5066934139110604 0.9413647685290765 0.5765223021664766 0.9376001448118585 0.5773793204104903 0.8836797240592931 0.5090900638540479 0.8926627993158495 0.5066934139110604 0.9413647685290765
0 0.7350056248574686 0.808149102622577 0.7346580923603193 0.8637701094640821 0.8058941607753706 0.8544267856328392 0.8045362337514252 0.8043911927023945 0.7350056248574686 0.808149102622577
0 0.7851964515393387 0.7004735324971494 0.783495118586089 0.667129205245154 0.7380449794754846 0.6721131448118586 0.7394357639680731 0.7078002816419613 0.7851964515393387 0.7004735324971494
0 0.8086569315849487 0.5407583010262258 0.8071311676168756 0.5088438597491448 0.774129007981756 0.512896015963512 0.7722117514253135 0.5460014332953249 0.8086569315849487 0.5407583010262258
0 0.5333232086659064 0.8269367970353477 0.5305038380843786 0.8039748620296465 0.4944103363740023 0.8072101698973774 0.4945833511972634 0.8281073477765108 0.5333232086659064 0.8269367970353477
0 0.15830211060433294 0.9638216282782213 0.15545934663626 0.9504260376282783 0.10367253021664767 0.9573812941847206 0.10658474230330672 0.971368141391106 0.15830211060433294 0.9638216282782213
0 0.07939720296465223 0.9448242394526796 0.15243271949828963 0.9403793797035348 0.14557910034207525 0.9235501208665906 0.0770005952109464 0.9301774492588369 0.07939720296465223 0.9448242394526796
0 0.15707305017103762 0.5616140433295325 0.14862343101482325 0.5293375838084379 0.10972647890535918 0.5341135290763969 0.11081873888255417 0.572228582668187 0.15707305017103762 0.5616140433295325
0 0.17368459977194983 0.6798521847206386 0.11327189737742303 0.6896611927023945 0.1241608369441277 0.7588435906499429 0.18295975256556443 0.7456481984036488 0.17368459977194983 0.6798521847206386
0 0.06251915963511973 0.7586433911060433 0.12437905701254276 0.7484536134549601 0.11016954047890536 0.693626645381984 0.05218785518814139 0.7037337981755986 0.06251915963511973 0.7586433911060433
0 0.344292078677309 0.807485157354618 0.3407886875712656 0.7740803067274801 0.2935703854047891 0.7792797753705815 0.29010204675028506 0.8143686944127707 0.344292078677309 0.807485157354618
0 0.9488657913340935 0.810576070695553 0.9497064139110604 0.7979214857468644 0.9137688392246294 0.7975546898517674 0.913001937286203 0.8107968574686432 0.9488657913340935 0.810576070695553
0 1 0.7055902554161915 0.9910850444697834 0.7061855381984036 0.9914967913340935 0.7192829851767389 1 0.719225582668187 1 0.7055902554161915
0 1 0.6820897582668187 0.9928357377423034 0.6814676259977195 0.9928750501710377 0.6964038551881414 1 0.6965724036488028 1 0.6820897582668187
0 1 0.6566170022805017 0.994369542759407 0.6549832930444698 0.9941809486887115 0.6729354013683011 1 0.6725710558722919 1 0.6566170022805017