0 0 0.20422138996579248 0.007717156214367161 0.206489 0.011955546180159635 0.19049500912200684 0 0.1883073762827822 0 0.20422138996579248
0 0 0.17386979931584948 0.010938191562143672 0.17594616077537056 0.009969339794754848 0.1620909315849487 0 0.16105360205245153 0 0.17386979931584948
0 0.07515735005701255 0.21758977537058152 0.06678775940706956 0.29369180159635117 0.15020840820980616 0.2949945952109464 0.15898862599771948 0.22480958836944126 0.07515735005701255 0.21758977537058152
0 0 0.27490961915621437 0.00627585062713797 0.2752507913340935 0.008889935005701254 0.25730754503990877 0 0.25657045952109464 0 0.27490961915621437
0 0.09061066020524515 0.04704167388825541 0.14212807981755987 0.05176419042189282 0.147332244013683 0.024046147092360318 0.09220426453819841 0.027294906499429877 0.09061066020524515 0.04704167388825541
0 0.22028605815279362 0.06294722006841505 0.22641151197263398 0.02712485518814139 0.1853225131128848 0.022580007981755985 0.18128984948688712 0.05853953363740023 0.22028605815279362 0.06294722006841505
0 0.20459282668187 0.17048199885974913 0.24536605473204104 0.1747669897377423 0.245788165336374 0.12122117217787913 0.20958791334093502 0.11423874002280503 0.20459282668187 0.17048199885974913
0 0.4252801094640821 0.2664589270239453 0.4246534310148233 0.2787763968072976 0.47451808437856324 0.28539851995439 0.47707885746864315 0.2709487537058153 0.4252801094640821 0.2664589270239453
0 0.4123269578107184 0.3153158814139111 0.47983813568985173 0.3189200068415051 0.48248163511972636 0.30565328848346635 0.41070018700114025 0.3005637354618016 0.4123269578107184 0.3153158814139111
0 0.7177527343215507 0.2995094526795895 0.7060215929304446 0.35305195210946405 0.7600323728620297 0.35938415051311284 0.7673138380843786 0.3017906134549601 0.7177527343215507 0.2995094526795895
0 0.5022225575826682 0.8050113922462943 0.4832778711516534 0.8788158152793614 0.5324259669327251 0.8837024458380843 0.5511811801596351 0.8199560524515394 0.5022225575826682 0.8050113922462943
0 0.9086546088939567 0.6802891208665907 0.8998786431014824 0.7164879167616877 0.9683398916761689 0.7337011071835804 0.9758023420752565 0.6957192816419612 0.9086546088939567 0.6802891208665907
0 0.670847314709236 0.8288881368301027 0.6677999019384265 0.8534245450399087 0.7063693694412772 0.8602413055872292 0.7114779167616876 0.8396676465222348 0.670847314709236 0.8288881368301027
0 0.89945551995439 0.8806720649942987 0.9025392143671608 0.9077698403648803 0.9351174732041049 0.9054917468643101 0.9370989407069555 0.8827575222348917 0.89945551995439 0.8806720649942987
0 0.8675182189281643 0.13031425085518814 0.862348897377423 0.1797875473204105 0.9067716716077536 0.1766812041049031 0.9085593740022805 0.14266426225769668 0.8675182189281643 0.13031425085518814
0 0.4652588688711517 1 0.4713039156214367 0.9884681835803878 0.4343872155074116 0.9797518175598632 0.42842842759407074 1 0.4652588688711517 1