0 0.6992871391106043 0.7900657377423033 0.7039611037628278 0.8427481870011402 0.760091630558723 0.8370526442417332 0.7515948654503991 0.7849041174458381 0.6992871391106043 0.7900657377423033
0 0.7468140285062714 0.6412188734321551 0.7170274207525655 0.6568435370581528 0.7363366123147093 0.6898677457240593 0.7702426681870012 0.6712531356898517 0.7468140285062714 0.6412188734321551
0 0.3567846738882554 0.9482053500570126 0.3526905564424173 0.9684536624857468 0.401129102622577 0.9780643124287343 0.4053299657924743 0.961121378563284 0.3567846738882554 0.9482053500570126
0 0.3916579281641961 0.7937305005701254 0.384131755986317 0.8347471915621437 0.46710273774230326 0.850345590649943 0.4764486510832383 0.8168286545039909 0.3916579281641961 0.7937305005701254
0 0.37810308095781076 0.7612874697833523 0.3320825758266819 0.7567669509692132 0.3227675416191562 0.8075746305587228 0.3647783352337514 0.8135556339794755 0.37810308095781076 0.7612874697833523
0 0.5300239475484607 0.6636498848346636 0.49756951539338656 0.6526748415051311 0.47617855758266814 0.7025724230330673 0.5127950376282783 0.7182125131128849 0.5300239475484607 0.6636498848346636
0 0.3509796419612315 0.5306535632839224 0.33164589737742306 0.5485856031927024 0.34781840136830106 0.5877188654503991 0.3767655792474344 0.5603983865450399 0.3509796419612315 0.5306535632839224
0 0 0.06260690649942988 0.049364388825541616 0.10095518358038769 0.09996658836944128 0.04536301368301027 0 0.05763736716077537 0 0.06260690649942988
0 0.3260482690992018 0.1716991527936146 0.35739738426453815 0.1492991915621437 0.31698165450399085 0.10758872633979474 0.2905846168757127 0.13621597377423034 0.3260482690992018 0.1716991527936146
0 0.5387864059293044 0.2185801527936146 0.520889795895097 0.2530887354618016 0.5704201094640822 0.2813223329532497 0.5925702770809578 0.24249285176738883 0.5387864059293044 0.2185801527936146
0 0.4589103397947548 0.5132138768529076 0.46414228734321555 0.5460806202964652 0.5024483648802737 0.5413772257696693 0.49446840592930447 0.5104898221208666 0.4589103397947548 0.5132138768529076
0 0 0.21738628164196125 0.08494015051311289 0.1665963694412771 0.05006611858608894 0.11642717901938426 0 0.14782669669327253 0 0.21738628164196125
0 0.9663866659064995 0.7291463477765109 0.8901875735461803 0.6834530285062713 0.8551993968072976 0.7541675461801597 0.940924109464082 0.7921676419612316 0.9663866659064995 0.7291463477765109