0 0.9541631721778792 0.7754934469783352 0.9201321311288483 0.805750526795895 0.9647332166476624 0.8479333443557583 0.9951702725199544 0.8082790421892817 0.9541631721778792 0.7754934469783352
0 0.5622438608893957 0.9441119190421893 0.5212611299885975 0.9133679589509691 0.5003114389965793 0.9407083808437857 0.5365980205245154 0.9721961391106043 0.5622438608893957 0.9441119190421893
0 0.911432937286203 0.6900177673888255 0.9343123740022804 0.6615569863169898 0.8931919361459522 0.6280458118586089 0.8662164401368302 0.6629469623717218 0.911432937286203 0.6900177673888255
0 0.937503810718358 0.5962078665906498 0.9602459737742304 0.5687781277080958 0.9246720912200683 0.5455856966932725 0.9094704595210946 0.5750183078677309 0.937503810718358 0.5962078665906498
0 0.9172350330672748 0.1756112976054732 0.9483664709236032 0.13464787685290766 0.9414906875712656 0.09123588939566704 0.8932494925883695 0.14577899087799315 0.9172350330672748 0.1756112976054732
0 0.6450181904218929 0 0.6685881904218929 0.038425498289623716 0.7072896054732042 0.014852921322690992 0.6979356784492589 0 0.6450181904218929 0
0 0.0988407251995439 0.11605311288483466 0.1372537354618016 0.10396390649942987 0.12114684036488027 0.055466180159635114 0.08349987001140251 0.06099541277080958 0.0988407251995439 0.11605311288483466
0 0.0872517251995439 0.11128229532497148 0.08180443671607754 0.06169740478905359 0.041223721778791335 0.06769129646522236 0.053194996579247436 0.1166763511972634 0.0872517251995439 0.11128229532497148
0 0.4183617103762828 0.10027950741163055 0.38263896009122006 0.11794780159635121 0.3958395393386545 0.15189130330672748 0.43196450741163056 0.132957 0.4183617103762828 0.10027950741163055
0 0.3592572234891676 0.15463373888255416 0.34876954047890535 0.1245144937286203 0.3190712941847207 0.13462384834663627 0.33023081870011406 0.16708716761687573 0.3592572234891676 0.15463373888255416
0 0.45444273546180164 0.824020645381984 0.48011148004561005 0.797968802736602 0.43869290992018245 0.7606875370581528 0.41712739338654503 0.7917308221208667 0.45444273546180164 0.824020645381984
0 0.6253783591790194 0.909488929304447 0.6095880843785633 0.9276039737742303 0.6302042884834663 0.9513651778791334 0.6538738688711516 0.9259954082098062 0.6253783591790194 0.909488929304447
0 0.21787055302166478 0.6813677069555303 0.20198046978335235 0.6456354139110605 0.16984269783352338 0.6669407981755986 0.18229940364880273 0.6961976545039908 0.21787055302166478 0.6813677069555303
0 0.15060842417331813 0.6956231425313569 0.1346090992018244 0.6611088722919042 0.0914375929304447 0.681159237172178 0.11146955758266819 0.7164237753705814 0.15060842417331813 0.6956231425313569
0 0 0.4029883329532497 0.009599185860889396 0.4190612862029647 0.03974323033067275 0.4060733158494869 0.02937225085518814 0.380496425313569 0 0.39869942759407073 0 0.4029883329532497