0 0.6079388369441278 0.44543088369441275 0.6102807628278221 0.3938394002280502 0.5384078563283923 0.3918412189281642 0.5369046830102623 0.44573262713797035 0.6079388369441278 0.44543088369441275
0 0.46804943443557584 0.4440142976054732 0.43164583352337516 0.44425834777651085 0.4358342485746864 0.4897887092360319 0.4692840421892816 0.4883625655644242 0.46804943443557584 0.4440142976054732
0 0.5117067183580388 0.7116686704675028 0.45680840136830103 0.7120655313568985 0.45163461573546176 0.7764905153933865 0.5046206944127708 0.7819663340935006 0.5117067183580388 0.7116686704675028
0 0.17874622234891677 0.6517363911060433 0.12431427480045609 0.6508901938426453 0.11459596123147092 0.7516156305587229 0.1680447810718358 0.7492815461801596 0.17874622234891677 0.6517363911060433
0 0.083595834663626 0.4509888494868871 0.04834285860889396 0.4564851470923603 0.05256141391106043 0.5079825473204105 0.09144509578107184 0.49762699201824406 0.083595834663626 0.4509888494868871
0 0.07318418700114024 0.6019353124287343 0.009540010262257696 0.6050424629418473 0.021084036488027365 0.7148765290763969 0.078964834663626 0.7111810935005701 0.07318418700114024 0.6019353124287343
0 0.2586901607753706 1 0.26097771949828963 0.9511592542759406 0.22703164994298744 0.9463688426453819 0.21968273090079818 1 0.2586901607753706 1
0 0.17007832383124288 0.9613101858608893 0.13380040592930445 0.9627350661345496 0.13541228050171036 0.9894315758266818 0.16623756328392247 0.987684259977195 0.17007832383124288 0.9613101858608893
0 0.2246480433295325 0.8952740319270239 0.1949293762827822 0.8966080992018244 0.19367941391106042 0.9301726248574687 0.22577660091220067 0.9321706898517673 0.2246480433295325 0.8952740319270239
0 0.3524235393386545 0.1791463968072976 0.31822743215507415 0.1833375724059293 0.34201895781071834 0.2960635176738882 0.37430974230330677 0.2834158015963512 0.3524235393386545 0.1791463968072976
0 0.9811033751425313 0.6265118620296466 0.9467195222348916 0.6289317080957811 0.9505054127708096 0.6649520490307869 0.9792081995438996 0.6622337742303306 0.9811033751425313 0.6265118620296466
0 0.8698171824401368 0.09610914709236032 0.8711949999999999 0.04104001368301026 0.8361901174458382 0.048896748004561 0.8404407582668187 0.09501916077537059 0.8698171824401368 0.09610914709236032
0 0.5781282269099202 0.0993039464082098 0.5094239099201825 0.11607738996579246 0.5095127765108324 0.13397866590649943 0.5814574104903079 0.11567218129988598 0.5781282269099202 0.0993039464082098
0 0.5501042736602052 0.014487363740022805 0.5182382326111745 0.023806824401368304 0.5266256909920183 0.05815105017103763 0.5610026909920183 0.048864614595210944 0.5501042736602052 0.014487363740022805
0 0.3758540262257697 0.06683197377423034 0.32334294868871155 0.08429152109464082 0.32964843329532495 0.11586789623717218 0.3877636590649943 0.10468663625997719 0.3758540262257697 0.06683197377423034
0 0 0.3029760672748005 0.03435332611174458 0.2949673283922463 0.0018917423033067275 0.20793056670467502 0 0.20838413568985176 0 0.3029760672748005