0 0.4298745724059293 0.7696693272519954 0.03876852907639681 0.06385404789053592
0 0.5593833283922464 0.027953549600912203 0.5527609224629418 0.08182274002280503 0.6862128859749145 0.08699320980615736 0.6898975108323832 0.03875485632839224 0.5593833283922464 0.027953549600912203
0 0.3113691516533637 0.07476817331812999 0.3808873124287343 0.08024320296465222 0.38055799201824403 0.017727935005701256 0.3195123945267959 0.015241850627137971 0.3113691516533637 0.07476817331812999
0 0.10294881299885975 0.13221917445838083 0.10427680843785633 0.2189024275940707 0.22923295553021666 0.22250563740022802 0.2320909110604333 0.1401554732041049 0.10294881299885975 0.13221917445838083
0 0.4912229030786773 0.4330756887115166 0.4898098586088939 0.5140289817559863 0.528107566704675 0.517538527936146 0.5281996670467503 0.43088006271379703 0.4912229030786773 0.4330756887115166
0 0.7087107696693273 0.3445282006841505 0.7054313922462941 0.45102156328392246 0.7253143010262257 0.45136862029646524 0.732805953249715 0.3477898415051311 0.7087107696693273 0.3445282006841505
0 0.7011463158494868 0.4523672953249715 0.70579621322691 0.348738913340935 0.6830235370581529 0.3511824732041049 0.6883886761687571 0.4507240809578107 0.7011463158494868 0.4523672953249715
0 0.9688521493728621 0.4982385792474345 0.9696276795895097 0.5351905553021665 0.9994280353477765 0.537131251995439 0.9972819851767389 0.49731429532497146 0.9688521493728621 0.4982385792474345
0 0.955833818700114 0.9185300786773091 0.9926602645381983 0.9248565655644242 0.99347834663626 0.8779887046750284 0.955207015963512 0.8730575256556443 0.955833818700114 0.9185300786773091
0 0.24054702850627138 0.795232511972634 0.25258573888255414 0.8380632018244014 0.30550583010262256 0.8176774298745725 0.28771237172177877 0.7790078768529076 0.24054702850627138 0.795232511972634
0 0.21659354846066134 0.7024706499429875 0.21893792816419613 0.7309252736602053 0.257508330672748 0.7188122006841504 0.25077813226909923 0.6973852291904219 0.21659354846066134 0.7024706499429875
0 0.6314863956670468 0.24551536944127708 0.7013155313568985 0.2485735849486887 0.7015664834663626 0.16400570923603194 0.6305296590649943 0.1667491755986317 0.6314863956670468 0.24551536944127708
0 0.605830818700114 0.20523335803876852 0.6235603249714937 0.20799476396807298 0.6240481334093501 0.16939427366020524 0.6040319680729761 0.1678181402508552 0.605830818700114 0.20523335803876852
0 0.6105920798175598 0.880664637400228 0.7081480022805017 0.8756258301026226 0.7036491379703534 0.8173274982896237 0.6127233215507412 0.8181923181299886 0.6105920798175598 0.880664637400228
0 0.19216353021664764 0.3745099623717218 0.31473680045610036 0.37603689395667045 0.3201491630558723 0.2532579646522235 0.19737658152793616 0.25142125769669327 0.19216353021664764 0.3745099623717218
0 0.1886981448118586 0.678417645381984 0.20777010604332952 0.6744608312428735 0.19941095781071835 0.6399956328392246 0.18318963283922463 0.6427770171037629 0.1886981448118586 0.678417645381984