0 0.3162326134549601 0.02181241277080958 0.3192074389965793 0.042979393386545044 0.3677655781071836 0.038553331812998866 0.3624423774230331 0.014418677309007982 0.3162326134549601 0.02181241277080958
0 0 0.3014826191562144 0.02562393158494869 0.2991927080957811 0.026328702394526796 0.29759469555302165 0.015251027366020525 0.2571806031927024 0 0.2599895883694413 0 0.3014826191562144
0 0.15039553591790195 0.9310126225769669 0.14975708209806157 0.9325997366020524 0.1656674275940707 0.9903237730900798 0.2222314298745724 0.9745796145952109 0.20742547206385403 0.911903685290764 0.15039553591790195 0.9310126225769669
0 0.24964293614595212 1 0.24807023717217788 0.987736590649943 0.22773294298745725 0.9923935655644242 0.22908512200684153 1 0.24964293614595212 1
0 0.17434642873432155 0.650936433295325 0.15343047662485745 0.6514760604332953 0.18888498061573547 0.7202422246294184 0.20530223603192702 0.7137394116305588 0.17434642873432155 0.650936433295325
0 0.2286842337514253 0.7260424994298746 0.23946446864310147 0.7131337411630558 0.19878517217787914 0.6157237799315849 0.1873672668187001 0.624521905359179 0.2286842337514253 0.7260424994298746
0 0.26006895210946407 0.7018453557582668 0.27318222348916765 0.69700448004561 0.22771608551881414 0.5996645245153934 0.21577720752565566 0.6043403511972634 0.26006895210946407 0.7018453557582668
0 0.8612941220068415 0.6611183831242874 0.9575473272519954 0.6248050638540479 0.9461599486887116 0.5736435427594071 0.8458988244013682 0.6066212565564424 0.8612941220068415 0.6611183831242874
0 0.8995989532497148 0.4770570456100342 0.915561464082098 0.4754132462941847 0.9118905997719499 0.4279623420752565 0.8920225518814139 0.42925565222348916 0.8995989532497148 0.4770570456100342
0 0.9390038848346636 0.4715190433295325 0.9551396510832383 0.4668529692132269 0.9518008700114026 0.42175373546180156 0.9301930786773089 0.42568988939566704 0.9390038848346636 0.4715190433295325
0 0.9666847457240593 0.5233917468643101 0.9798819828962372 0.5191370775370582 0.9735731949828963 0.4870465370581528 0.9554901391106043 0.490487322690992 0.9666847457240593 0.5233917468643101
0 0.9767229270239453 0.5777408095781073 0.9894963477765107 0.5747480307867731 0.9797802816419612 0.526945976054732 0.9672275564424173 0.535606953249715 0.9767229270239453 0.5777408095781073
0 1 0.6291056818700114 0.983755945267959 0.6340143409350057 0.9997191858608895 0.6944274994298746 1 0.6943254446978335 1 0.6291056818700114
0 0.9782721505131129 0.4522097913340935 0.9972377092360318 0.45434103534777653 0.9901311824401369 0.4037754732041049 0.9707932713797036 0.40739261687571265 0.9782721505131129 0.4522097913340935
0 0.2538242896237172 0.20506418015963512 0.26633030672748004 0.20870126111744583 0.2551177297605473 0.15451724857468643 0.2433402314709236 0.1588706009122007 0.2538242896237172 0.20506418015963512