0 0.4283003888255416 0.581798149372862 0.4500148836944128 0.5730077149372862 0.4108340057012543 0.48814570467502855 0.38771302166476623 0.4971338084378564 0.4283003888255416 0.581798149372862
0 0.48045204903078675 0.6160657172177879 0.49434341619156213 0.602637669327252 0.48216958152793615 0.5670543956670467 0.461245763968073 0.5814707901938426 0.48045204903078675 0.6160657172177879
0 0.451345574686431 0.6947463329532497 0.46281929988597487 0.6845266031927024 0.44622832497149373 0.6481298483466363 0.42811748802736604 0.6621509042189281 0.451345574686431 0.6947463329532497
0 0.5945104503990878 0.7233957594070696 0.6046004903078678 0.7033305997719498 0.5488449555302166 0.6638308620296465 0.5341401060433295 0.6816760490307867 0.5945104503990878 0.7233957594070696
0 0.6184918563283923 0.6899025518814139 0.6313948768529076 0.6694420535917902 0.6027141470923603 0.6490871083238313 0.5902066830102622 0.6723621356898518 0.6184918563283923 0.6899025518814139
0 0.6876980273660206 0.7332490091220069 0.6900313717217788 0.6784140581527935 0.6717454538198404 0.680983976054732 0.6686214310148233 0.7301929669327252 0.6876980273660206 0.7332490091220069
0 0.7030108700114025 0.8013840843785633 0.7019169703534778 0.7527678836944127 0.6860486932725199 0.7521294834663627 0.6859337719498289 0.8023498437856328 0.7030108700114025 0.8013840843785633
0 0.8490958278221209 0.8712217058152794 0.8298050285062714 0.784998598631699 0.798045669327252 0.793764897377423 0.8163253169897376 0.8829986533637401 0.8490958278221209 0.8712217058152794
0 0.6380056510832383 0.31601214367160774 0.6457962554161917 0.3582309589509692 0.7034099680729761 0.3535373135689852 0.6941099566704675 0.3056531197263398 0.6380056510832383 0.31601214367160774
0 0.6192953397947549 0.23572697263397946 0.636887433295325 0.31245660547320414 0.6681822383124287 0.3105340615735462 0.6494719270239452 0.23024889167616877 0.6192953397947549 0.23572697263397946
0 0.4144848209806158 0.47328990992018244 0.4347928255416192 0.46469714481185864 0.401505322690992 0.3503198836944128 0.37877945952109465 0.36211941847206386 0.4144848209806158 0.47328990992018244