0 0.785223244013683 0.21029710604332955 0.7523669566704675 0.23160656214367162 0.7921133318129989 0.2711756020524515 0.8252571208665906 0.24851355074116305 0.785223244013683 0.21029710604332955
0 0.4492319144811858 0 0.4621828643101482 0.024220131128848348 0.49784453249714933 0 0.4492319144811858 0
0 0.5850251208665908 0.20593768643101482 0.5440757685290764 0.2453315644241733 0.561238417331813 0.2645399407069555 0.6100304686431015 0.22822998061573546 0.5850251208665908 0.20593768643101482
0 0.3192165393386545 0 0.2934415290763968 0.02513335347776511 0.31450272633979476 0.05931543215507412 0.3517131448118586 0.03751936716077537 0.3293182976054732 0 0.3192165393386545 0
0 0.19401469441277083 0.04643624629418472 0.15746484948688713 0.05847358950969213 0.16653290535917903 0.09576606043329533 0.21207796351197264 0.0813979977194983 0.19401469441277083 0.04643624629418472
0 0.08363348460661345 0.25921614139110605 0.05472232497149373 0.26863122805017103 0.06625164196123147 0.3276668141391106 0.10724030786773091 0.30808594868871153 0.08363348460661345 0.25921614139110605
0 0.11248538882554163 0.3700300900798176 0.08057542417331813 0.3802214663625998 0.08857685860889396 0.4158735153933865 0.12028368757126567 0.3999793477765108 0.11248538882554163 0.3700300900798176
0 0.08489809236031928 0.5664554857468643 0.06925829874572406 0.5334241630558723 0.030283776510832385 0.5435292246294186 0.05405442189281642 0.5782888118586089 0.08489809236031928 0.5664554857468643
0 0.2049241527936146 0.6414794469783353 0.21777133637400228 0.6809905005701254 0.28294756784492586 0.6608928437856328 0.2611048472063854 0.6237140410490307 0.2049241527936146 0.6414794469783353
0 0.17967570353477766 0.5936744070695553 0.23479010148232612 0.5742670501710376 0.2262130102622577 0.5413232462941847 0.16760884264538198 0.5571582234891677 0.17967570353477766 0.5936744070695553
0 0.648837433295325 0.7386651356898517 0.6964806761687571 0.7077674082098061 0.6761982725199545 0.6765798745724059 0.6242021003420752 0.7079660638540479 0.648837433295325 0.7386651356898517
0 0.07978936716077537 0.4239080034207526 0.0486563409350057 0.4370951299885975 0.058099322690992015 0.46598027023945265 0.09851080501710376 0.4491073261117446 0.07978936716077537 0.4239080034207526
0 0.2109356465222349 0.3837807856328392 0.14645938198403646 0.40296015621436715 0.15110266590649946 0.423959433295325 0.22041854732041047 0.39199916989737743 0.2109356465222349 0.3837807856328392
0 0.22095461915621437 0.43516962941847204 0.24084454960091223 0.42726825199543894 0.21726842645381983 0.392540425313569 0.199120496009122 0.40081367388825545 0.22095461915621437 0.43516962941847204