0 0.3297 0.9872343751425313 0.37478124971493726 0.9777343751425313 0.37062812542759405 0.9213281254275941 0.3227765621436716 0.9403281254275941 0.3297 0.9872343751425313
0 0.43706406271379705 1 0.5005343751425313 0.9967343751425313 0.491635937286203 0.940921874572406 0.4366359372862029 0.9474531254275941 0.43706406271379705 1
0 0.6517937502850627 0.6250453124287344 0.6636578129988598 0.6725453124287343 0.6999359372862028 0.6651234378563284 0.6939093751425314 0.6179187502850627 0.6517937502850627 0.6250453124287344
0 0.7028062497149373 0.4962 0.709925 0.5941703124287343 0.7479687502850628 0.5912 0.7366171870011403 0.49323124971493726 0.7028062497149373 0.4962
0 1 0.30352812542759405 0.9572796875712656 0.3228234378563284 0.9780406248574687 0.37151093728620294 1 0.3620109372862029 1 0.30352812542759405
0 1 0.0012468745724059293 0.9851578129988597 0.0012468745724059293 0.9925875005701255 0.05504062485746865 1 0.05504062485746865 1 0.0012468745724059293
0 0.3652906248574686 0.39466875028506276 0.41630312542759407 0.38932343785632834 0.4103718745724059 0.3358859372862029 0.3601374994298746 0.34093437514253133 0.3652906248574686 0.39466875028506276
0 0.08709062485746864 0.7236078129988598 0.0734484378563284 0.6381078129988598 0.007885937286202965 0.658889062713797 0.021248437856328392 0.732514062713797 0.08709062485746864 0.7236078129988598
0 0.07819375028506272 0.5656703124287343 0.050314062713797035 0.5733875005701254 0.05505937514253136 0.6042625005701254 0.08438593728620297 0.5992156248574687 0.07819375028506272 0.5656703124287343
0 0.5147703124287343 0.7948578129988597 0.5272265621436716 0.8631390627137969 0.5485812497149373 0.860764062713797 0.5319718745724059 0.7889203124287343 0.5147703124287343 0.7948578129988597
0 0.45960468757126566 0.7901078129988597 0.4756203124287343 0.7912953124287344 0.46731562485746864 0.7556703124287343 0.45175781299885975 0.7559671870011402 0.45960468757126566 0.7901078129988597
0 0.46065312542759407 0.796046874572406 0.45901093728620296 0.7924828129988598 0.469689062713797 0.829889062713797 0.4827390627137971 0.8292953124287342 0.4774 0.7972328129988597 0.46065312542759407 0.796046874572406
0 0.4732484378563284 0.8684843751425314 0.48748437514253135 0.8661078129988597 0.4833312497149373 0.8382015621436716 0.4651015621436716 0.8361234378563284 0.4732484378563284 0.8684843751425314