0 0.5264895062713797 0.07492328050171038 0.5138873911060433 0.10650110034207526 0.5498633215507411 0.12423632155074116 0.5589269270239453 0.09076140592930444 0.5264895062713797 0.07492328050171038
0 0.6880540649942988 0.02959145724059293 0.6551249931584949 0.06996390992018243 0.6986735142531357 0.1075174732041049 0.7313997548460661 0.06745449714937286 0.6880540649942988 0.02959145724059293
0 0.6169682018244014 0.40730131698973776 0.6536252497149373 0.44937799885974916 0.6772000410490309 0.42317077423033067 0.6439695735461801 0.387752007981756 0.6169682018244014 0.40730131698973776
0 0.9344582109464082 0.4923329566704675 0.9092415153933865 0.4645208301026226 0.8873802633979475 0.4894491242873433 0.9186459384264538 0.5193224948688712 0.9344582109464082 0.4923329566704675
0 0.6619989885974915 0.7111438061573546 0.6422919612314709 0.7317972462941847 0.6854609863169897 0.7848293831242874 0.7046423055872292 0.7636089293044469 0.6619989885974915 0.7111438061573546
0 0.5821136510832383 0.5809587673888256 0.5422333956670468 0.6133700444697834 0.5822560558722919 0.6630012508551881 0.6204162964652223 0.6181911242873432 0.5821136510832383 0.5809587673888256
0 0.41077481870011406 0.17909082782212088 0.3949054401368301 0.1823007662485747 0.3949866567844926 0.2518605952109464 0.41425024743443556 0.253526574686431 0.41077481870011406 0.17909082782212088
0 0.13012996237172178 0.3210356750285063 0.08722712314709236 0.3411226271379703 0.09616794982896237 0.3757333842645382 0.14428585518814138 0.3541855564424173 0.13012996237172178 0.3210356750285063
0 0.09792604903078678 0.3072647251995439 0.10138576168757127 0.30529971493728625 0.11900383580387686 0.290106834663626 0.10906358266818701 0.2591158449258837 0.08159403648802736 0.2789869726339795 0.09792604903078678 0.3072647251995439
0 0.3164727730900798 0.3178100752565564 0.28298792474344353 0.32491759064994297 0.296543181299886 0.3569066898517674 0.326808496009122 0.35264501140250853 0.3164727730900798 0.3178100752565564
0 0.3462814298745724 0.29722179589509695 0.33705685062713797 0.26857155872291905 0.3143907833523375 0.27808334435575827 0.32377495210946405 0.31177901938426456 0.3462814298745724 0.29722179589509695
0 0.20831857354618016 0.32823471607753707 0.24052596807297605 0.31941201938426456 0.23443478791334094 0.2897057206385405 0.2018706681870011 0.29587157012542764 0.20831857354618016 0.32823471607753707
0 0.05505786316989738 0.48669323603192705 0.07341415963511973 0.5196214184720639 0.10181082782212086 0.5124848460661345 0.0831514196123147 0.46738397035347773 0.05505786316989738 0.48669323603192705
0 0.034122205245153935 0.22320751311288484 0.046803978335233754 0.2611896031927024 0.07744653249714938 0.25155707069555305 0.06392825997719498 0.21391453591790194 0.034122205245153935 0.22320751311288484