0 0.5124802964652223 0.42430229418472065 0.5720113648802737 0.3488615210946408 0.49238429190421895 0.287429590649943 0.4345652953249715 0.35976198517673885 0.5124802964652223 0.42430229418472065
0 0.8830555610034206 0.13915256784492588 0.8962216659064994 0.11482449942987458 0.8657042440136831 0.09526503078677309 0.847475810718358 0.12463512542759407 0.8830555610034206 0.13915256784492588
0 0.5101653306727479 0.566225102622577 0.5348383272519954 0.533313526795895 0.4690273557582668 0.4894002953249715 0.444330094640821 0.5245502622576966 0.5101653306727479 0.566225102622577
0 0.6444997274800456 0.6274225142531357 0.676052818700114 0.6456599737742303 0.6944601379703536 0.615310779931585 0.6561965735461801 0.6008851596351197 0.6444997274800456 0.6274225142531357
0 0.5006272668187002 0.9026655883694413 0.4846479042189281 0.8699645473204104 0.4267778916761688 0.895597251995439 0.44371778905359177 0.928813197263398 0.5006272668187002 0.9026655883694413
0 0.5799991835803877 0.7500865336374002 0.6103832827822121 0.7636881539338655 0.6352731687571266 0.7325429999999999 0.6037377046750285 0.7120002713797035 0.5799991835803877 0.7500865336374002
0 0.06199558722919043 0.9989546921322691 0.1137444526795895 0.9770614663625998 0.09748704789053592 0.9372239270239453 0.05291758038768529 0.9615604173318131 0.06199558722919043 0.9989546921322691
0 0.18379564994298744 0.8752309692132269 0.15532899657924745 0.8285254823261118 0.12133047890535918 0.8488358757126568 0.15160775940706955 0.8956716727480045 0.18379564994298744 0.8752309692132269
0 0.33773329304446975 0.9304352987457241 0.3569485267958951 0.9651302873432155 0.4095491961231471 0.9428664264538199 0.38910991448118587 0.9103824047890535 0.33773329304446975 0.9304352987457241
0 0.8829745336374002 0.9423761117445838 0.886480503990878 0.9563010741163056 0.9380448278221208 0.949969770809578 0.9349292713797035 0.9270316100342075 0.8829745336374002 0.9423761117445838
0 0.41617845724059294 0.3805467651083238 0.42130634891676166 0.3930651425313569 0.437445818700114 0.3880939942987457 0.42844477423033067 0.37325061801596354 0.41617845724059294 0.3805467651083238
0 0.3857864025085519 0.43507582554161917 0.396432 0.4487097673888255 0.424185322690992 0.4213973432155074 0.41190722234891675 0.4066477890535918 0.3857864025085519 0.43507582554161917
0 0.4124679942987457 0.45749911060433296 0.4200238004561004 0.47031601140250856 0.4479829965792474 0.4495523112884835 0.4379093671607754 0.43571748004561006 0.4124679942987457 0.45749911060433296
0 0.37380030672748005 0.4592574344355759 0.3814394903078677 0.4678813580387685 0.39553313568985177 0.45599234435575825 0.38286714937286204 0.44785339794754847 0.37380030672748005 0.4592574344355759
0 0.4508745370581528 0.4731020193842645 0.45887532953249716 0.48467101482326114 0.47230710034207524 0.47226348460661344 0.4615767662485747 0.4628242622576967 0.4508745370581528 0.4731020193842645
0 0.3552719589509692 0.6055622554161915 0.35641129646522235 0.590481307867731 0.3220859589509692 0.5935010843785633 0.3217374925883694 0.607715126567845 0.3552719589509692 0.6055622554161915
0 0.8793884834663626 0.7085452006841505 0.8769934264538198 0.6938982212086658 0.8163024903078677 0.6965691824401368 0.8155037069555302 0.711987708095781 0.8793884834663626 0.7085452006841505
0 0.48829725541619157 0.7242933671607754 0.48000740364880273 0.7103701767388826 0.4673911208665907 0.7196881071835803 0.47411693956670464 0.7306044925883695 0.48829725541619157 0.7242933671607754
0 0.47649349030786775 0.7012397331813 0.4678312041049031 0.6891553249714938 0.4578001242873432 0.6951679361459521 0.46157448004561 0.7088427001140251 0.47649349030786775 0.7012397331813
0 0.4699936442417332 0.6775348608893957 0.46619048118586087 0.6660486704675028 0.45262519726339795 0.6724968004561003 0.4575466453819841 0.6833466499429875 0.4699936442417332 0.6775348608893957
0 0.8519118848346636 0.6796471049030787 0.8450081060433294 0.6721277274800456 0.8181774230330673 0.6825943318129989 0.8240519521094641 0.6939111995438997 0.8519118848346636 0.6796471049030787
0 0.5305813124287343 1 0.5375974310148233 0.9991385290763969 0.5152502120866591 0.948679606613455 0.48258762941847205 0.9652414355758268 0.5010201550741163 1 0.5305813124287343 1