0 0.6906300763968073 0.48594450969213226 0.6916861847206386 0.5354847274800456 0.7438926031927025 0.5327053135689852 0.7460510182440137 0.4824384139110604 0.6906300763968073 0.48594450969213226
0 0.888841803876853 0.1593341801596351 0.7535492839224629 0.1934555416191562 0.7660330444697834 0.24758285632839225 0.90134517331813 0.21368563854047892 0.888841803876853 0.1593341801596351
0 0.21623822462941847 0.04020054275940707 0.2124509509692132 0.07184949600912201 0.27278299315849486 0.06657112656784492 0.27526096807297606 0.03356392930444698 0.21623822462941847 0.04020054275940707
0 0.05484561915621437 0.5798735781071835 0.020923660205245154 0.5804572930444698 0.018447794754846068 0.6611582964652224 0.057591228050171035 0.6589257263397948 0.05484561915621437 0.5798735781071835
0 0 0.08824412200684151 0.07108314139110604 0.08421757696693273 0.07131758380843786 0.06986596921322691 0 0.0723687605473204 0 0.08824412200684151
0 0.5112004104903078 0.6866089236031927 0.5624309794754846 0.6863005245153935 0.5648039007981756 0.6521104823261118 0.5113627514253135 0.6544019042189282 0.5112004104903078 0.6866089236031927
0 0.5835022474344356 0.5115647445838085 0.5906524367160776 0.5592291915621437 0.6267835553021665 0.5566641470923603 0.6149753090079818 0.5034454777651083 0.5835022474344356 0.5115647445838085
0 0.27970173774230334 0.7042791641961231 0.2783737115165336 0.7367873637400227 0.31062483124287343 0.737543433295325 0.3130495017103763 0.703944881413911 0.27970173774230334 0.7042791641961231
0 0.21601393728620297 0.27266876510832383 0.21669792018244013 0.3111430581527936 0.25669016761687574 0.31181788483466366 0.2554327662485747 0.27019565108323834 0.21601393728620297 0.27266876510832383
0 0.006301077537058153 0.4814455917901938 0.008834415051311289 0.5308393169897377 0.039052184720638546 0.5287916225769669 0.04589063968072976 0.47751768643101483 0.006301077537058153 0.4814455917901938
0 1 0.7412876773090079 0.8544984287343216 0.7477900923603192 0.8548376830102622 0.8061858620296465 1 0.7970152508551882 1 0.7412876773090079
0 0.8753482212086658 0.8703094492588369 0.8754452474344356 0.912293566704675 0.9405107696693272 0.9066010706955531 0.9399779863169897 0.8732612645381984 0.8753482212086658 0.8703094492588369
0 0.6751628369441277 0.1252151961231471 0.6783365005701254 0.2057716978335234 0.7250344914481185 0.1945307993158495 0.723266425313569 0.1130090558722919 0.6751628369441277 0.1252151961231471