0 0.9062656248574686 0.09304062485746864 0.9483812497149373 0.08710312542759407 0.9412624994298746 0.056228125427594075 0.8982968745724059 0.05771249942987457 0.9062656248574686 0.09304062485746864
0 0.9151624994298746 0.21476093728620296 0.943635937286203 0.20466718700114025 0.9323656248574687 0.17200937514253137 0.9071937502850628 0.18150937514253135 0.9151624994298746 0.21476093728620296
0 0.9264328129988597 0.3489484378563284 0.9365187502850627 0.37566875028506275 0.9614312497149373 0.37151093728620294 0.9490015621436716 0.33737031242873433 0.9264328129988597 0.3489484378563284
0 0.46435000000000004 0.3970437502850627 0.435878125427594 0.4065437502850627 0.443589062713797 0.44038593728620296 0.4757765621436716 0.4335593751425314 0.46435000000000004 0.3970437502850627
0 0.5218874994298746 0.09957187457240593 0.5515468745724059 0.08532343785632839 0.5390906248574687 0.060385937286202965 0.5042406248574686 0.07374375028506272 0.5218874994298746 0.09957187457240593
0 0.6090843751425314 0.5336062497149373 0.617389062713797 0.5632937502850627 0.6506078129988597 0.5549812497149372 0.6405234378563284 0.5217312497149373 0.6090843751425314 0.5336062497149373
0 0.045568750285062715 0.5609187502850628 0.0012453124287343214 0.5662624994298746 0.007604687571265679 0.6018874994298745 0.05414218700114025 0.597435937286203 0.045568750285062715 0.5609187502850628
0 0.037264062713797036 0.21832343785632838 0.052685937286202966 0.2111984378563284 0.03667187457240593 0.17616718700114026 0.022434375142531358 0.1821046875712657 0.037264062713797036 0.21832343785632838
0 0.04378906271379703 0.1708234378563284 0.06158437514253136 0.2106046875712657 0.07282187457240592 0.2037765621436716 0.058618750285062714 0.16844687457240595 0.04378906271379703 0.1708234378563284
0 0.071075 0.16369843785632837 0.08234531242873432 0.2040734378563284 0.09772812542759407 0.20021250057012543 0.08768437514253136 0.16310468757126567 0.071075 0.16369843785632837
0 0.6879781254275941 0.6303874994298746 0.7051796875712657 0.6262312497149373 0.6950953124287342 0.5900125005701254 0.6759171870011402 0.5956531254275941 0.6879781254275941 0.6303874994298746
0 0.6891624994298746 0.6879828129988597 0.717635937286203 0.6772937502850628 0.7063656248574687 0.6523562497149373 0.679475 0.6615593751425314 0.6891624994298746 0.6879828129988597