0 0.17851951197263397 0 0.18202459749144811 0.017431484606613454 0.19794218244013684 0.01291460661345496 0.1939012006841505 0 0.17851951197263397 0
0 0.151649677309008 0 0.15359018244013684 0.015941299885974914 0.16746020980615736 0.01666819726339795 0.1639937103762828 0 0.151649677309008 0
0 0.21890003192702392 0.1638432976054732 0.2889211140250855 0.15383952109464083 0.28616262713797036 0.07045431470923604 0.21021826111744582 0.08015079361459522 0.21890003192702392 0.1638432976054732
0 0.2474466545039909 0 0.2487734549600912 0.01320030102622577 0.26666834663626 0.010273461801596351 0.2659298289623717 0 0.2474466545039909 0
0 0.020249884834663626 0.10051621436716078 0.01796373660205245 0.15569249714937286 0.04558673204104904 0.15000537856328394 0.03996583238312429 0.09857822462941847 0.020249884834663626 0.10051621436716078
0 0.053044510832383124 0.18904293842645384 0.017160841505131127 0.19370256784492587 0.022422099201824402 0.23470599087799315 0.058132103762827826 0.2279562827822121 0.053044510832383124 0.18904293842645384
0 0.10922910376282782 0.21636460661345494 0.11684225427594071 0.25243748460661347 0.17037254846066135 0.2510809350057013 0.16537662029646522 0.21038870125427592 0.10922910376282782 0.21636460661345494
0 0.27058361003420756 0.48107984378563284 0.28498648460661347 0.4782672782212087 0.27749511060433296 0.42852579133409346 0.26519045381984035 0.4293673432155074 0.27058361003420756 0.48107984378563284
0 0.29903561459521094 0.41419443101482323 0.30537715051311287 0.48587612086659066 0.3185957126567845 0.48300148802736603 0.31381390421892813 0.4155634937286203 0.29903561459521094 0.41419443101482323
0 0.30648607183580384 0.7707323557582668 0.36394375712656785 0.7624468540478905 0.35666990535917903 0.7085548118586089 0.3033402976054732 0.7212186123147093 0.30648607183580384 0.7707323557582668
0 0.8208005564424173 0.5455893819840365 0.8842099179019384 0.5257244971493729 0.8784662782212087 0.4766691710376283 0.8050037263397947 0.4968990364880274 0.8208005564424173 0.5455893819840365
0 0.7039933683010262 0.972314102622577 0.7418391710376282 0.9641899144811859 0.7234337890535917 0.8960395051311288 0.6873936681870011 0.9054458893956671 0.7039933683010262 0.972314102622577
0 0.8433067115165336 0.7055176898517674 0.8637880809578107 0.7000508608893957 0.8562992291904219 0.661606236031927 0.8318197423033067 0.6650814047890535 0.8433067115165336 0.7055176898517674
0 0.8903276545039909 0.9303523295324971 0.9130238358038768 0.9279743956670466 0.9147330125427594 0.8953613409350057 0.8875855461801596 0.8927510376282782 0.8903276545039909 0.9303523295324971
0 0.14984902964652222 0.9147335165336373 0.18382959179019384 0.912352409350057 0.1861601778791334 0.8678821881413912 0.1367846339794755 0.8739141505131129 0.14984902964652222 0.9147335165336373
0 1 0.41929785404789055 0.9785336476624857 0.4260243842645382 0.9878929714937286 0.4627833409350057 1 0.4561648757126568 1 0.41929785404789055