0 0.15398561687571266 0.34269653591790195 0.10163152109464081 0.34981779361459525 0.11259582326111744 0.405160897377423 0.164342834663626 0.3942277753705815 0.15398561687571266 0.34269653591790195
0 0.25721850285062714 0.29163522234891676 0.24933043443557582 0.32950212998859746 0.28655710262257694 0.3383122576966933 0.29279028164196125 0.30525897377423034 0.25721850285062714 0.29163522234891676
0 0.08670627251995439 0.7253522474344356 0.07173187685290763 0.7343231870011403 0.09508464766248574 0.7778353181299885 0.11325120182440136 0.7680000592930445 0.08670627251995439 0.7253522474344356
0 0.20390099885974916 0.6151540011402509 0.1745810741163056 0.633890945267959 0.2137562645381984 0.7086759600912201 0.2507802816419612 0.6894865256556442 0.20390099885974916 0.6151540011402509
0 0.239680244013683 0.7209879167616876 0.25768267388825544 0.7594143614595211 0.30354684720638536 0.7356516225769669 0.2857687594070696 0.6929636659064995 0.239680244013683 0.7209879167616876
0 0.2875814298745724 0.5515632086659065 0.31324374458380844 0.5820070034207525 0.3547069281641961 0.546962086659065 0.33472268301026226 0.5191345518814139 0.2875814298745724 0.5515632086659065
0 0.47827099429874576 0.6355084424173318 0.4606076259977195 0.6711785005701255 0.5027593329532497 0.6752028848346636 0.5142551881413912 0.6514711117445837 0.47827099429874576 0.6355084424173318
0 0.909115526795895 0.593904770809578 0.9287741527936146 0.5602913603192702 0.8770698209806158 0.533836566704675 0.8648142257696694 0.5703649897377423 0.909115526795895 0.593904770809578
0 0.7191903808437856 0.3361867993158495 0.6885336465222349 0.36872175142531355 0.7300148312428735 0.4078331220068415 0.7577830900798176 0.38062917445838085 0.7191903808437856 0.3361867993158495
0 0.49158581527936146 0.5083568164196124 0.45971492930444696 0.5097561470923604 0.4664166636259977 0.5477635712656784 0.49937696009122007 0.5431576009122007 0.49158581527936146 0.5083568164196124
0 0.9983604492588369 0.8181280718358039 0.9401872337514253 0.7994459201824401 0.9130892337514254 0.9091302907639681 0.969916290763968 0.9235882759407069 0.9983604492588369 0.8181280718358039
0 0.09168496123147094 0.16376372862029648 0.15308811402508551 0.2346325267958951 0.2104831904218928 0.1804982417331813 0.14450799315849486 0.1209881220068415 0.09168496123147094 0.16376372862029648