0 0.7454490205245153 0.20966089623717216 0.7501705473204106 0.16180049030786775 0.724788952109464 0.15889705815279362 0.7258703808437855 0.20893312200684153 0.7454490205245153 0.20966089623717216
0 0.3637091094640821 0.7526773443557583 0.3589300353477765 0.7072074925883693 0.33826262713797034 0.709379725199544 0.34304170125427597 0.7548495769669327 0.3637091094640821 0.7526773443557583
0 0.7713482782212087 0.9729805438996579 0.8099264047890536 0.9689258198403649 0.7954431060433296 0.9371531812998859 0.7638970775370582 0.9418639464082098 0.7713482782212087 0.9729805438996579
0 0.7082754093500571 0.9560667354618015 0.7107228449258837 0.9793525336374002 0.7644581071835804 0.9737047297605472 0.7545428996579246 0.9456326818700114 0.7082754093500571 0.9560667354618015
0 0.6775494572405929 0.8227764184720638 0.6637706681870011 0.8242246271379704 0.686233244013683 0.9319150262257697 0.6971121915621437 0.9293796020524516 0.6775494572405929 0.8227764184720638
0 0.7036536864310148 0.8325701847206385 0.6871197605473204 0.8343079703534777 0.706612630558723 0.9269874937286203 0.7190130741163057 0.9256841550741164 0.7036536864310148 0.8325701847206385
0 0.725842755986317 0.831631590649943 0.7094552531356899 0.83474755986317 0.7256871220068415 0.9096596807297606 0.7356204526795895 0.9114012177879133 0.725842755986317 0.831631590649943
0 0.7420922485746864 0.8006696944127708 0.7283150114025085 0.8021177411630559 0.7463545302166477 0.9074874481185861 0.7590445518814138 0.9089392451539339 0.7420922485746864 0.8006696944127708
0 0.7502842052451539 0.8123461163055873 0.7641219315849488 0.904226448118586 0.7835558643101482 0.9035774298745725 0.7639196795895097 0.8095193979475486 0.7502842052451539 0.8123461163055873
0 0.7898738962371722 0.8444037936145953 0.7760951060433295 0.8458520034207525 0.7865308779931586 0.8921208848346636 0.7997301881413911 0.8851592941847207 0.7898738962371722 0.8444037936145953
0 0.4130300410490308 0.6917710661345496 0.38438524629418475 0.6975673272519953 0.3932277753705815 0.728677518814139 0.41527197491448115 0.7263605803876854 0.4130300410490308 0.6917710661345496
0 0.7322301676168756 0.2967227001140251 0.754675283922463 0.2943636237172178 0.7503663090079817 0.2249651117445838 0.7298189293044469 0.2247366465222349 0.7322301676168756 0.2967227001140251