0 0.08531973318129989 0.3392509258836944 0.12401366590649943 0.33562859293044467 0.12414529190421893 0.2566811721778791 0.08280554389965793 0.2572867001140251 0.08531973318129989 0.3392509258836944
0 0.13598302736602053 0.2527492086659065 0.1668139521094641 0.25474014367160774 0.17382397035347777 0.19278892474344356 0.13563377537058152 0.19198811630558724 0.13598302736602053 0.2527492086659065
0 0.016637228050171038 0.39243487229190427 0.07475908209806158 0.39119483922462944 0.07537380045610034 0.33264741391106045 0.016252616875712656 0.33705174458380843 0.016637228050171038 0.39243487229190427
0 0.011640496009122007 0.4671956795895097 0.051584077537058154 0.463127 0.05068832041049031 0.4217405963511973 0.011642054732041048 0.4208346761687571 0.011640496009122007 0.4671956795895097
0 0.02232682896237172 0.5115788403648803 0.05852937856328392 0.5136311197263398 0.0597633968072976 0.4695151755986317 0.02277201140250855 0.46886156214367164 0.02232682896237172 0.5115788403648803
0 0.27582714709236034 0.4912587958950969 0.3087878449258837 0.490520189281642 0.3140620205245154 0.4086149395667047 0.2711236830102623 0.4096239692132269 0.27582714709236034 0.4912587958950969
0 0.2386827787913341 0.7110279749144812 0.3057073603192702 0.7102844241733182 0.30421493728620297 0.6640390877993159 0.2358985541619156 0.6673159657924743 0.2386827787913341 0.7110279749144812
0 0.33657003192702395 0.9407966545039909 0.38867038084378563 0.9448009361459521 0.39182833067274797 0.8704125644241733 0.3422245370581528 0.8670123500570125 0.33657003192702395 0.9407966545039909
0 0.3680692018244014 0.23159446408209808 0.40794042189281643 0.22811510832383125 0.40899993614595215 0.1708171402508552 0.367733377423033 0.1702368118586089 0.3680692018244014 0.23159446408209808
0 0.20993872063854047 0.15175937742303305 0.2498911961231471 0.15247746180159635 0.24986549942987457 0.10401780729760547 0.2087234298745724 0.10764180045610035 0.20993872063854047 0.15175937742303305
0 0.2795170912200684 0.24704282668187 0.30407983808437855 0.24168382668187002 0.30377340706955525 0.20036978221208665 0.28394482554161915 0.2030199156214367 0.2795170912200684 0.24704282668187
0 0.23393363511972634 0.37006080729760543 0.31309545724059296 0.3678180513112885 0.3136381961231471 0.3098568483466363 0.23430307981755985 0.3153700490307868 0.23393363511972634 0.37006080729760543
0 0.6093403922462942 0.2037907810718358 0.6453893283922463 0.20223494412770812 0.6468129897377424 0.10789273204104903 0.6125523968072976 0.11056388939566704 0.6093403922462942 0.2037907810718358
0 0.5941939304446978 0.35148326909920186 0.6701968939566705 0.3506457069555302 0.6702224789053592 0.2920243705815279 0.596822968072976 0.2970699543899658 0.5941939304446978 0.35148326909920186
0 0.9042476442417331 0.5325265940706956 0.9363295769669326 0.5340729236031927 0.9358888711516533 0.4987244834663626 0.8986722006841505 0.5028288802736602 0.9042476442417331 0.5325265940706956
0 0.9120748814139111 0.9749690171037628 0.9466712930444698 0.9546903546180159 0.929547795895097 0.9202829954389965 0.8952541026225769 0.9394039840364881 0.9120748814139111 0.9749690171037628
0 0.7968766145952109 0.8423775005701255 0.8034229897377423 0.8766809965792475 0.8307121778791334 0.8734513888255416 0.8223181254275941 0.8347335644241733 0.7968766145952109 0.8423775005701255
0 0.6334067491448118 0.8498251117445837 0.6652098791334093 0.8585141425313569 0.6666014082098061 0.7839088802736601 0.635762748004561 0.7828143090079818 0.6334067491448118 0.8498251117445837
0 0.6140360057012543 1 0.6135438004561004 0.958054905359179 0.5802863397947549 0.9572615518814139 0.579627298745724 1 0.6140360057012543 1
0 1 0.3954790695553022 0.9483298050171038 0.39765762713797037 0.9445193420752566 0.5452480524515394 0.9970341790193842 0.5445175564424173 1 0.5203628836944127 1 0.3954790695553022
0 0.7391256590649943 0.09589557924743444 0.777673511972634 0.09345015279361459 0.7755016168757126 0.038148253135689855 0.7377477810718358 0.03979385860889396 0.7391256590649943 0.09589557924743444
0 0.02065406727480046 0.7345069669327252 0.03705528392246294 0.7323333215507412 0.04219673660205245 0.6563938654503991 0.02569157354618016 0.6567601220068414 0.02065406727480046 0.7345069669327252