0 0.470054267958951 0.3917418198403649 0.46692662143671604 0.4163504310148232 0.5587465792474344 0.4338374903078677 0.5620226887115165 0.4106414104903079 0.470054267958951 0.3917418198403649
0 0.5696752611174458 0.4426873625997719 0.5607490250855188 0.46647729418472067 0.5982204401368301 0.46968114139110606 0.607888992018244 0.45295386887115163 0.5696752611174458 0.4426873625997719
0 0.6399443751425313 0.3910248517673888 0.63072121322691 0.41198972063854045 0.6700505496009121 0.41928270011402513 0.6771909635119726 0.4056774161915621 0.6399443751425313 0.3910248517673888
0 0.6845387331812999 0.4891745849486887 0.6707810490307868 0.507759778791334 0.722595961231471 0.552303283922463 0.7396240980615736 0.5376587594070695 0.6845387331812999 0.4891745849486887
0 0.6890652155074116 0.545828984036488 0.669507385404789 0.5635956624857469 0.6961961984036489 0.5865001448118586 0.712927409350057 0.5690305564424174 0.6890652155074116 0.545828984036488
0 0.7641484686431014 0.6079239350057012 0.7171569646522234 0.6228598928164195 0.7190871482326111 0.641224361459521 0.7717287787913342 0.6256945518814139 0.7641484686431014 0.6079239350057012
0 0.838350212086659 0.6072656978335234 0.7896494127708095 0.6195266088939567 0.7941077331812999 0.6347690877993158 0.841544464082098 0.6240691710376283 0.838350212086659 0.6072656978335234
0 0.9481479771949829 0.7142733432155074 0.8571425974914482 0.7181242782212086 0.8563199794754845 0.751061007981756 0.9446487582668187 0.7489195313568985 0.9481479771949829 0.7142733432155074
0 0.35838550171037625 0.7353608278221209 0.4070972063854048 0.7328003534777652 0.39771341163055873 0.6757625188141391 0.35486395781071833 0.6784169851767389 0.35838550171037625 0.7353608278221209
0 0.27442218358038767 0.7102906716077537 0.35684897605473204 0.7090224663625998 0.35114351311288483 0.6781921448118585 0.27243716647662486 0.6796851904218929 0.27442218358038767 0.7102906716077537
0 0.3368891584948689 0.4157365598631699 0.3309380034207525 0.44064193386545036 0.44997074686431016 0.44527029076396807 0.45339531927023946 0.4234867434435576 0.3368891584948689 0.4157365598631699