0 0 0.2783923135689852 0.011358014823261117 0.2774022052451539 0.00980223717217788 0.2111904629418472 0 0.211079984036488 0 0.2783923135689852
0 0.11632027594070696 0.5773793204104903 0.10733720068415052 0.5090900638540479 0.05863523147092361 0.5066934139110604 0.062399855188141395 0.5765223021664766 0.11632027594070696 0.5773793204104903
0 0.14557321436716078 0.8058941607753706 0.19560880729760546 0.8045362337514252 0.19185089737742306 0.7350056248574686 0.13622989053591789 0.7346580923603193 0.14557321436716078 0.8058941607753706
0 0.3278868551881414 0.7380449794754846 0.2921997183580388 0.7394357639680731 0.2995264675028506 0.7851964515393387 0.33287079475484604 0.783495118586089 0.3278868551881414 0.7380449794754846
0 0.487103984036488 0.774129007981756 0.45399856670467503 0.7722117514253135 0.45924169897377426 0.8086569315849487 0.4911561402508552 0.8071311676168756 0.487103984036488 0.774129007981756
0 0.19278983010262257 0.4944103363740023 0.17189265222348915 0.4945833511972634 0.17306320296465222 0.5333232086659064 0.19602513797035348 0.5305038380843786 0.19278983010262257 0.4944103363740023
0 0.04261870581527936 0.10367253021664767 0.02863185860889396 0.10658474230330672 0.03617837172177879 0.15830211060433294 0.04957396237172178 0.15545934663626 0.04261870581527936 0.10367253021664767
0 0.07644987913340935 0.14557910034207525 0.06982255074116306 0.0770005952109464 0.05517576054732041 0.07939720296465223 0.05962062029646522 0.15243271949828963 0.07644987913340935 0.14557910034207525
0 0.4658864709236032 0.10972647890535918 0.427771417331813 0.11081873888255417 0.43838595667046754 0.15707305017103762 0.4706624161915621 0.14862343101482325 0.4658864709236032 0.10972647890535918
0 0.241156409350057 0.1241608369441277 0.2543518015963512 0.18295975256556443 0.3201478152793615 0.17368459977194983 0.31033880729760543 0.11327189737742303 0.241156409350057 0.1241608369441277
0 0.30637335461801596 0.11016954047890536 0.2962662018244014 0.05218785518814139 0.2413566088939567 0.06251915963511973 0.2515463865450399 0.12437905701254276 0.30637335461801596 0.11016954047890536
0 0.22072022462941848 0.2935703854047891 0.18563130558722918 0.29010204675028506 0.192514842645382 0.344292078677309 0.22591969327251996 0.3407886875712656 0.22072022462941848 0.2935703854047891
0 0.2024453101482326 0.9137688392246294 0.1892031425313569 0.913001937286203 0.189423929304447 0.9488657913340935 0.2020785142531357 0.9497064139110604 0.2024453101482326 0.9137688392246294
0 0.2944097445838084 1 0.2938144618015963 0.9910850444697834 0.2807170148232611 0.9914967913340935 0.28077441733181296 1 0.2944097445838084 1
0 0.3179102417331813 1 0.3185323740022805 0.9928357377423034 0.30359614481185865 0.9928750501710377 0.30342759635119726 1 0.3179102417331813 1
0 0.34338299771949826 1 0.3450167069555302 0.994369542759407 0.32706459863169896 0.9941809486887115 0.3274289441277081 1 0.34338299771949826 1