0 0.41972980273660204 0.9427217388825542 0.4101234150513113 0.9919975108323831 0.44176030672748007 0.9970083021664765 0.45558873774230335 0.9523087183580388 0.41972980273660204 0.9427217388825542
0 0.3839075792474344 0.4825746088939567 0.3384303819840365 0.4663544606613455 0.2974722075256557 0.614364755986317 0.33605190992018247 0.6216759007981756 0.3839075792474344 0.4825746088939567
0 0.4840057023945268 0.4876078722919043 0.4519389931584949 0.47771979589509694 0.42992649372862024 0.5343484743443557 0.4721582805017104 0.5434419372862029 0.4840057023945268 0.4876078722919043
0 0.6989982816419612 0.5559249680729761 0.6609528654503991 0.5420842006841505 0.6380284743443557 0.6078862941847206 0.672220945267959 0.6226212748004561 0.6989982816419612 0.5559249680729761
0 0.7589511641961232 0.7006795860889395 0.7883375233751426 0.606143984036488 0.7510919110604334 0.5948344982896236 0.7269528631698974 0.6832879543899657 0.7589511641961232 0.7006795860889395
0 0.8529906522234892 0.7780952805017103 0.9065260250855188 0.6296724139110604 0.8558407822120866 0.6084193340935006 0.8095471527936146 0.7531799714937286 0.8529906522234892 0.7780952805017103
0 0.8165745883694412 0.37857036259977195 0.7878100684150514 0.36680069669327253 0.7678530877993158 0.42074918358038765 0.8033713637400228 0.43539357468643103 0.8165745883694412 0.37857036259977195
0 0.7094539589509692 0.16382538882554162 0.6969703568985177 0.20092300570125426 0.7314088802736602 0.2147936488027366 0.7415469669327251 0.17732295553021665 0.7094539589509692 0.16382538882554162
0 0.5108546225769669 0.651766534777651 0.5461858335233751 0.6675820193842645 0.582132283922463 0.5392186659064995 0.545867181299886 0.5301685074116306 0.5108546225769669 0.651766534777651
0 0.7108874424173318 0.9738077993158495 0.7176026145952109 0.9351954002280503 0.6521500250855188 0.9085960661345496 0.6397906442417333 0.9436109110604334 0.7108874424173318 0.9738077993158495
0 0.6471068380843785 1 0.6476839977194983 0.9974618232611174 0.5984141425313569 0.9824444310148231 0.58665313340935 1 0.6471068380843785 1