0 0.2455248745724059 0.7569591049030786 0.19273873660205243 0.7547458848346636 0.1939792314709236 0.8011831060433294 0.24610513112884835 0.8022716784492588 0.2455248745724059 0.7569591049030786
0 0.2262306875712657 0.692717725199544 0.19346700342075254 0.6878014686431015 0.19059486088939567 0.7513890923603194 0.22494523717217788 0.7543459475484606 0.2262306875712657 0.692717725199544
0 0.08569280729760548 0.832863166476625 0.08418182212086658 0.7673497172177879 0.03335492132269099 0.7667216351197264 0.03505407525655644 0.8313197753705815 0.08569280729760548 0.832863166476625
0 0.12025974344355758 0.8322151368301026 0.1262178654503991 0.8889028848346636 0.16274575712656783 0.8898413854047891 0.1595553204104903 0.8310701083238312 0.12025974344355758 0.8322151368301026
0 0.4036553899657925 0.7898916237172178 0.40618930672748005 0.8821634823261117 0.47970802394526796 0.8827946408209807 0.4776737251995439 0.7952464344355757 0.4036553899657925 0.7898916237172178
0 0.43804161231470923 0.43522783580387686 0.4430332896237172 0.511121818700114 0.48385055074116307 0.5074287730900798 0.4802276134549601 0.43318199087799314 0.43804161231470923 0.43522783580387686
0 0.9015740638540479 0.7942752132269099 0.8667859042189282 0.7985286168757127 0.8738526510832384 0.9112213454960091 0.9103803797035348 0.912158290763968 0.9015740638540479 0.7942752132269099
0 0.9843073261117445 0.5587117913340935 0.9529409692132269 0.5614099372862029 0.9584838643101482 0.6706807058152793 0.9945460672748004 0.6674874355758267 0.9843073261117445 0.5587117913340935
0 0.8235661163055872 0.34754295553021664 0.7652472234891676 0.349491802736602 0.7689676476624858 0.407610354618016 0.829492314709236 0.409607244013683 0.8235661163055872 0.34754295553021664
0 0.3885010387685291 0.20819219840364878 0.30885457126567845 0.21178721550741164 0.31541057924743443 0.2609493671607754 0.38898886202964655 0.2582906522234892 0.3885010387685291 0.20819219840364878
0 0.4337661151653364 0.360452621436716 0.4959395381984037 0.3610806054732041 0.4975938061573546 0.32568252337514253 0.4277423637400228 0.32586153021664765 0.4337661151653364 0.360452621436716
0 0.42728882782212085 0.41247560661345495 0.4289464321550741 0.3657337833523375 0.3483705621436716 0.3604711755986317 0.349386984036488 0.40991862257696693 0.42728882782212085 0.41247560661345495
0 0.35611822805017107 0.49100295438996583 0.3626367080957811 0.5416616009122006 0.43562854503990883 0.542945157354618 0.43349180273660204 0.4942140535917902 0.35611822805017107 0.49100295438996583
0 0.42971154846066134 0.6002840091220069 0.42789782668187 0.6625663477765109 0.5035923432155074 0.6611777594070696 0.49921737628278223 0.5953667354618015 0.42971154846066134 0.6002840091220069
0 0.7204374287343216 0.9231667913340934 0.6091780649942987 0.927099354618016 0.6158900319270239 0.9726629897377423 0.7231631151653364 0.9718359954389966 0.7204374287343216 0.9231667913340934
0 0.8636506989737742 0.2687007571265678 0.803622542759407 0.2714278472063854 0.8102488494868871 0.3083436887115165 0.8639558335233751 0.3056855313568985 0.8636506989737742 0.2687007571265678
0 0.8325403432155074 0.4045107194982896 0.8638763968072976 0.3958439817559863 0.8622411208665907 0.3291479851767389 0.8239063010262258 0.32750544241733176 0.8325403432155074 0.4045107194982896
0 0.6444657582668186 0.223080661345496 0.5844376009122006 0.22580775028506272 0.5859796009122006 0.26206393272519957 0.6484378392246294 0.2608724925883695 0.6444657582668186 0.223080661345496
0 0.5638389019384265 0.8309666499429874 0.5196952177879134 0.8314271938426454 0.5229463990877993 0.8892965553021666 0.5698291117445838 0.8822794116305588 0.5638389019384265 0.8309666499429874