0 1 0.7782885712656784 0.9828466738882554 0.7136027069555302 0.9241193420752566 0.7278277206385404 0.969950622576967 0.8948500490307868 1 0.8823219863169898 1 0.7782885712656784
0 0.8062329509692132 0.7729735313568985 0.6908376795895097 0.8149707137970353 0.7197571835803876 0.8968716488027365 0.8304604503990878 0.8549065290763967 0.8062329509692132 0.7729735313568985
0 0.882182502850627 0.4135155621436716 0.8187317616875712 0.4245012348916761 0.8326832964652223 0.47947443671607753 0.8877323283922463 0.46253063740022804 0.882182502850627 0.4135155621436716
0 0.28326942075256556 0.3946852576966933 0.33675429988597494 0.37725719954389964 0.31232527822120865 0.2929574937286203 0.25680207525655646 0.31380481755986317 0.28326942075256556 0.3946852576966933
0 0.4148807594070696 0.5080948358038768 0.36839899087799316 0.5321771550741163 0.3850868836944128 0.5667222155074116 0.43441060433295325 0.5469051687571266 0.4148807594070696 0.5080948358038768
0 0.576634849486887 0.7634350000000001 0.5552798700114024 0.7726658848346636 0.5759782314709235 0.839072865450399 0.596002425313569 0.8302310729760548 0.576634849486887 0.7634350000000001
0 0 0.37494862257696693 0.014654044469783353 0.36287668415051316 0 0.32771668301026224 0 0.37494862257696693
0 0.30234167502850623 0.20824443329532497 0.2758966921322691 0.22973524287343217 0.29093192702394527 0.2661814686431015 0.3254393785632839 0.25097167502850626 0.30234167502850623 0.20824443329532497
0 0 0.041484989737742305 0.029110733181299885 0.09342906271379703 0.09680184264538198 0.05447164652223489 0.08348306271379703 0.029154671607753705 0 0.03499237628278221 0 0.041484989737742305
0 0.14837681984036488 0.62553378677309 0.11199638996579248 0.6495065165336373 0.12716610718358037 0.6799913397947548 0.1655727309007982 0.6588544914481186 0.14837681984036488 0.62553378677309
0 0.33142253933865445 0.5901179543899658 0.3751513283922463 0.5692025769669327 0.3585892474344356 0.5364343169897378 0.32272819156214366 0.556500362599772 0.33142253933865445 0.5901179543899658