0 0.363378763968073 0.42731548004561004 0.2881194868871152 0.48126965336374 0.3452998677309008 0.5640026989737742 0.42375286773090076 0.50850148004561 0.363378763968073 0.42731548004561004
0 0.10696407183580388 0.827354527936146 0.07668022462941848 0.8440208677309009 0.09461572862029646 0.8755201299885974 0.11959951767388827 0.8636453010262257 0.10696407183580388 0.827354527936146
0 0.5274301539338654 0.4456912497149373 0.4910358038768529 0.46851505701254276 0.531444574686431 0.5365340786773091 0.565602330672748 0.513617353477765 0.5274301539338654 0.4456912497149373
0 0.5925722029646523 0.6612624321550741 0.6049754925883694 0.7002285370581528 0.6362464583808438 0.6834347993158494 0.619685354618016 0.6509704743443558 0.5925722029646523 0.6612624321550741
0 0.9311711071835804 0.46623727023945266 0.8988872485746864 0.4475822006841505 0.8702609897377422 0.5040313922462942 0.9020809213226909 0.5217002953249715 0.9311711071835804 0.46623727023945266
0 0.7062805199543899 0.6146907719498289 0.7251446579247435 0.647258141391106 0.757549762827822 0.6240323774230331 0.7455569646522235 0.5929780649942987 0.7062805199543899 0.6146907719498289
0 1 0.08237254503990879 0.9843263511972633 0.07768649714937285 0.9576906271379704 0.12092120980615735 0.9966227240592931 0.13924127023945268 1 0.13229579931584948 1 0.08237254503990879
0 0.9133628597491448 0.1727930741163056 0.8681758403648803 0.14010609122006842 0.8461139361459521 0.17299505131128848 0.8912655849486887 0.20386706955530215 0.9133628597491448 0.1727930741163056
0 0.9156235290763969 0.4107396408209806 0.946993322690992 0.43285099429874574 0.9719795781071836 0.3814876111744584 0.9383377856328392 0.36048291676168753 0.9156235290763969 0.4107396408209806
0 0.9036839384264538 0.9566823238312429 0.9264276077537058 0.9609941003420752 0.9354489019384264 0.9098317993158496 0.921726511972634 0.9056018574686432 0.9036839384264538 0.9566823238312429
0 0.3771692348916762 0.42190928848346637 0.3915211904218928 0.4316748392246294 0.3973301995438997 0.4158176579247434 0.38509735233751424 0.4100416316989738 0.3771692348916762 0.42190928848346637
0 0.4113861448118586 0.40714227251995444 0.4254728985176739 0.42017547890535917 0.4542003888255416 0.3938896134549601 0.4411422805017104 0.38254505929304444 0.4113861448118586 0.40714227251995444
0 0.439055149372862 0.43463017331813 0.4523438072976054 0.44541405587229194 0.47454232383124284 0.4185798654503991 0.4621384275940707 0.4103636294184721 0.439055149372862 0.43463017331813
0 0.4540551220068415 0.38029853363740024 0.4615200285062714 0.39337312086659065 0.4741303534777651 0.37992101368301023 0.4659180524515394 0.37184095781071835 0.4540551220068415 0.38029853363740024
0 0.4648861265678449 0.4596837970353478 0.47375083010262253 0.4708934355758267 0.48684432155074114 0.4581294321550741 0.4757099099201824 0.4495341299885975 0.4648861265678449 0.4596837970353478
0 0.6168970456100341 0.3276191698973774 0.6026842462941847 0.32722325199543895 0.5978721584948689 0.36134350627137973 0.6129920672748005 0.3609950057012543 0.6168970456100341 0.3276191698973774
0 0.6951849977194983 0.826165898517674 0.6797457981755987 0.8261566453819841 0.6739021790193842 0.8866246191562144 0.6884037377423033 0.8897829566704675 0.6951849977194983 0.826165898517674
0 0.7316430718358039 0.4862213181299886 0.7210936488027366 0.47893339794754847 0.7111282029646523 0.49104472748004563 0.7245984549600912 0.5000519007981756 0.7316430718358039 0.4862213181299886
0 0.7105675245153934 0.47255712314709236 0.6971090353477766 0.46807225883694414 0.6905796784492588 0.4777749156214367 0.7021941767388825 0.4870577787913341 0.7105675245153934 0.47255712314709236
0 0.6853172166476624 0.46720044811858613 0.6747398050171037 0.46171790763968074 0.6675905598631698 0.4749271322690992 0.6788619669327252 0.47932622348916765 0.6853172166476624 0.46720044811858613
0 0.6766858814139111 0.8337563785632839 0.6656919726339795 0.8272976214367161 0.6538355028506271 0.8535437537058153 0.6609832588369441 0.8608316043329532 0.6766858814139111 0.8337563785632839
0 1 0.527629441277081 0.9655151311288483 0.5069603477765108 0.9472665724059294 0.5387113876852907 0.9964867787913341 0.5636687970353478 1 0.5437443295324972 1 0.527629441277081