0 0 0.29147974914481184 0.028090645381984036 0.2895179589509692 0.017643717217787912 0.16650342189281644 0 0.1764308164196123 0 0.29147974914481184
0 0.3050364116305587 0.8474008072976055 0.41215621778791334 0.803910622576967 0.39629291448118587 0.7509122155074117 0.28983514367160773 0.7923108403648803 0.3050364116305587 0.8474008072976055
0 0.44964141619156217 0.954755953249715 0.4243801436716077 0.8386588289623716 0.3389816088939567 0.8726137833523375 0.37224213568985176 0.9894042212086659 0.44964141619156217 0.954755953249715
0 0.5893964595210947 0.7841674720638541 0.5750195621436716 0.721155661345496 0.4673606579247434 0.7351038802736602 0.4748848563283922 0.7845019635119727 0.5893964595210947 0.7841674720638541
0 0.4465006932725199 0.8699040923603193 0.5559477765108324 0.8646634914481186 0.5559007571265678 0.8126392006841505 0.44557105359179017 0.8166450171037628 0.4465006932725199 0.8699040923603193
0 0.5476323774230331 0.560976425313569 0.5515127434435576 0.6247262246294185 0.5929931710376283 0.6226160330672749 0.5835308152793615 0.5561866807297605 0.5476323774230331 0.560976425313569
0 0.5053219384264539 0.6740914469783352 0.49714691220068413 0.6020903420752566 0.45986431128848343 0.6069042462941848 0.46112317445838086 0.6790245108323831 0.5053219384264539 0.6740914469783352
0 0.1803463283922463 0.7751956396807298 0.20279753819840365 0.837828976054732 0.25496133751425315 0.8229444503990877 0.2274809464082098 0.7565342474344356 0.1803463283922463 0.7751956396807298
0 0.005690852907639681 0.727702189281642 0.003981973774230331 0.7324905553021666 0.006959709236031927 0.9030848814139111 0.06344194070695552 0.875341779931585 0.005690852907639681 0.727702189281642
0 0.0020210045610034207 0.6201467309007982 0.06822512770809579 0.7414754139110605 0.20490675940706954 0.6867660319270239 0.14696815165336372 0.54834830672748 0.0020210045610034207 0.6201467309007982
0 0.13902788141391106 0.7872123261117446 0.22262379589509693 0.7500789703534777 0.19903869669327254 0.6904377537058153 0.11444423603192702 0.7237238871151652 0.13902788141391106 0.7872123261117446
0 0.17383268415051312 0.7759031767388825 0.1413905952109464 0.786577244013683 0.17035877993158496 0.8690170490307868 0.20365058380843787 0.852678850627138 0.17383268415051312 0.7759031767388825