0 0.17906917331813 0.34122819954389966 0.129857251995439 0.21382431470923602 0.09206241049030786 0.2291432451539339 0.14438280273660206 0.36338623489167615 0.17906917331813 0.34122819954389966
0 0.2072082018244014 0.2397355701254276 0.1830352314709236 0.19151379475484606 0.1637654777651083 0.20130353819840366 0.18178489167616876 0.24778085290763968 0.2072082018244014 0.2397355701254276
0 0.922677732041049 0.16812038768529075 0.9262566818700113 0.1283282998859749 0.8587939156214368 0.1255083819840365 0.8595866191562144 0.16997222348916763 0.922677732041049 0.16812038768529075
0 0.96260761345496 0.21289184150513113 0.9650827651083238 0.15350937628278222 0.9363845917901938 0.15652567502850628 0.9272095313568985 0.21123757354618014 0.96260761345496 0.21289184150513113
0 0.7306615256556442 0.5054064230330673 0.7321559156214367 0.4855429646522235 0.6961341402508552 0.486490015963512 0.6919384104903078 0.5005179361459521 0.7306615256556442 0.5054064230330673
0 0.732243913340935 0.5261421094640821 0.7292625792474344 0.5091371516533637 0.692869322690992 0.5065348392246294 0.693767662485747 0.5236173295324972 0.732243913340935 0.5261421094640821
0 0.7303453819840364 0.547840677309008 0.7328026510832383 0.5314581402508552 0.6917468255416191 0.5299366202964653 0.6944188654503991 0.5468389714937286 0.7303453819840364 0.547840677309008
0 0.3288402850627138 0.5619727423033067 0.3296486362599772 0.5469575553021665 0.29110988483466366 0.5523435803876853 0.291326913340935 0.562928882554162 0.3288402850627138 0.5619727423033067
0 0.3378492633979476 0.5908847445838085 0.3408954766248575 0.5744403055872292 0.30770402622576964 0.5738848392246294 0.3066451721778791 0.5893866898517673 0.3378492633979476 0.5908847445838085
0 0.35040122805017104 0.6194243614595212 0.35161543785632837 0.6025754549600912 0.31636822919042185 0.6052117320410489 0.31571793272519955 0.6188905781071835 0.35040122805017104 0.6194243614595212
0 0.36553319726339795 0.6327641539338654 0.3254731995438997 0.6321968939566706 0.3260304811858609 0.6488596100342076 0.3613664994298746 0.6499233797035348 0.36553319726339795 0.6327641539338654
0 0.5390730900798176 0.6593134857468643 0.4673095131128848 0.6865625336374003 0.47758900798175596 0.7332578985176739 0.5497582816419613 0.7041735769669328 0.5390730900798176 0.6593134857468643
0 0.15188736031927025 0.4915900467502851 0.14896653591790193 0.47517574914481187 0.03113262827822121 0.4901152109464082 0.03490526225769669 0.5032883397947548 0.15188736031927025 0.4915900467502851
0 0.18872343101482325 0.42740206271379705 0.19170913340935006 0.41036696465222344 0.15426358380843785 0.40911328392246293 0.15649439566704676 0.42183259179019383 0.18872343101482325 0.42740206271379705
0 0.1771301425313569 0.4363849749144812 0.15052745610034207 0.4332092531356898 0.1508983819840365 0.4480989236031927 0.17526181527936147 0.45270561231470924 0.1771301425313569 0.4363849749144812
0 0.12444155302166478 0.520154456100342 0.12898063397947548 0.50653821322691 0.0435750763968073 0.5119325769669327 0.04354185860889396 0.5286573568985177 0.12444155302166478 0.520154456100342
0 0.18906976168757125 0.6351869407069555 0.19140290421892817 0.6176234082098061 0.0883123432155074 0.6166439407069555 0.08862460091220069 0.6338005986316989 0.18906976168757125 0.6351869407069555
0 0.1926820912200684 0.5786716271379704 0.20088844811858608 0.565865551881414 0.17711256784492588 0.5611986795895098 0.18068595324971493 0.5781414104903079 0.1926820912200684 0.5786716271379704
0 0.17598062713797036 0.6753799965792474 0.1802714526795895 0.6594017662485747 0.10853817331813 0.6557125370581528 0.10841712770809579 0.6687465917901939 0.17598062713797036 0.6753799965792474
0 0.24367278677309007 0.6491558939566704 0.1969614298745724 0.6534684344355758 0.1959031071835804 0.6661202428734322 0.24656175256556442 0.6596017628278221 0.24367278677309007 0.6491558939566704
0 0.16273706043329533 0.7084234675028506 0.16827094526795897 0.6929116054732042 0.13053565906499429 0.6945964971493728 0.1314724606613455 0.7063347537058152 0.16273706043329533 0.7084234675028506
0 0.23542475598631699 0.5025178745724059 0.236234661345496 0.48750252337514255 0.20217359407069554 0.49004869669327256 0.20366186202964653 0.5070487594070695 0.23542475598631699 0.5025178745724059
0 0.2920546465222349 0.46192764424173316 0.2640212542759407 0.4678607457240593 0.2842467708095781 0.5182869064994299 0.3129025838084379 0.5069151995438996 0.2920546465222349 0.46192764424173316
0 0.23643966818700113 0.5860176442417331 0.2407347001140251 0.535997802736602 0.20808650513112883 0.5377858893956671 0.20999125085518816 0.5899899566704675 0.23643966818700113 0.5860176442417331
0 0.1162539669327252 0.3854520649942988 0.10743108209806158 0.34696503420752567 0.062338490307867735 0.3695192348916762 0.07466788597491447 0.3987813888255416 0.1162539669327252 0.3854520649942988
0 0.09808740364880274 0.2750917354618016 0.09137517559863169 0.2566862770809578 0.03783448916761688 0.2726907890535918 0.045654253135689854 0.2931432554161916 0.09808740364880274 0.2750917354618016
0 0.9292464743443558 0.3215021334093501 0.9332601972633979 0.2858466362599772 0.8925680535917903 0.28494518472063857 0.8856419384264539 0.32130741847206384 0.9292464743443558 0.3215021334093501
0 0.9819553352337514 0.32312959749144815 0.978802778791334 0.2840465917901938 0.9349075621436717 0.28447944925883695 0.9399997183580389 0.3215675347776511 0.9819553352337514 0.32312959749144815