0 0.5368245769669328 0.7015818529076396 0.5718343318129989 0.6623130102622578 0.5424010843785633 0.6353620992018244 0.5113321459521094 0.67467830672748 0.5368245769669328 0.7015818529076396
0 0.3112033124287343 0.9489363945267959 0.29719935347776505 0.9111215222348917 0.23192099315849488 0.945591787913341 0.24781922462941847 0.9775930912200684 0.3112033124287343 0.9489363945267959
0 0.17876119840364882 0.7965865701254276 0.13963810490307868 0.76023848004561 0.10529870581527936 0.8014001265678449 0.14917331242873433 0.8279633728620296 0.17876119840364882 0.7965865701254276
0 0.17848290535917902 0.977192282782212 0.1662363158494869 0.9468624218928163 0.12716988141391106 0.9574820741163056 0.139474149372862 0.9865527947548461 0.17848290535917902 0.977192282782212
0 0.9475008449258837 0.40581677765108326 0.957890724059293 0.35191267502850626 0.9239242622576966 0.34520491562143674 0.9098869372862031 0.400570905359179 0.9475008449258837 0.40581677765108326
0 0.8785248152793614 0.47261625655644246 0.8448994606613455 0.5112196545039909 0.8703806590649943 0.5365177217787913 0.9033293238312429 0.4944166807297605 0.8785248152793614 0.47261625655644246
0 0.8062293204104903 0.495880503990878 0.777580158494869 0.46985161003420756 0.7517084082098062 0.49545227936145947 0.7833755085518814 0.5183366111744584 0.8062293204104903 0.495880503990878
0 0.6189679007981755 0.34155916191562147 0.5759168061573546 0.3783639692132269 0.5973199475484607 0.4044563215507411 0.6415512702394526 0.36439619498289627 0.6189679007981755 0.34155916191562147
0 0.7963523147092361 0.3843885803876853 0.7679158848346636 0.36100997605473206 0.7299173135689851 0.41135256784492585 0.7562258494868871 0.434675228050171 0.7963523147092361 0.3843885803876853
0 0.8627614378563284 0.046108208665906494 0.7942455233751425 0.05458744925883695 0.8179632006841505 0.10503406157354618 0.8711150376282782 0.09530725427594071 0.8627614378563284 0.046108208665906494
0 0.4046176339794755 0.31082889509692135 0.40283042873432157 0.30007864766248576 0.37305699657924746 0.3149421459521095 0.3767317958950969 0.3245121003420752 0.4046176339794755 0.31082889509692135
0 0.5105261277080958 0.26756000570125427 0.4962474424173318 0.22988767274800456 0.46717014367160775 0.24522071949828964 0.4780493922462942 0.27940733979475485 0.5105261277080958 0.26756000570125427
0 0.4815772291904219 0.29133299201824403 0.466651763968073 0.2550008825541619 0.40172965792474347 0.2881921721778791 0.4178705541619156 0.31833012428734325 0.4815772291904219 0.29133299201824403
0 0.2372851755986317 0.40062600912200685 0.20055056328392246 0.3454480923603193 0.15539622462941846 0.38387145381984034 0.19528800456100343 0.4366210912200684 0.2372851755986317 0.40062600912200685
0 0 0.26412559179019385 0.02003284606613455 0.2849433534777651 0.06480101710376283 0.2616561448118586 0.043167214367160776 0.22659776168757126 0 0.25560081071835805 0 0.26412559179019385
0 0.43304598061573546 0.06033186202964652 0.4176953888255416 0.02492442189281642 0.3911924161915621 0.03794248004561003 0.40671831470923603 0.0742517913340935 0.43304598061573546 0.06033186202964652
0 0.23898321094640823 0.09351896237172179 0.2293392497149373 0.057907966932725194 0.1861277172177879 0.0814321984036488 0.1937692576966933 0.11140926111744584 0.23898321094640823 0.09351896237172179
0 0.5618995188141391 0.21289056784492588 0.5385194287343216 0.2295356419612315 0.5593233523375143 0.25876878677309006 0.5824929361459521 0.23792899885974916 0.5618995188141391 0.21289056784492588
0 0.5072551459521094 0.5494603158494868 0.5295151824401368 0.5192818757126568 0.5032871858608894 0.5025970524515394 0.4747441938426454 0.526902370581528 0.5072551459521094 0.5494603158494868