0 0.5220927445838084 0.9408623044469784 0.5917477115165337 0.9346629806157355 0.5907224116305587 0.8807454971493729 0.5227882599771949 0.8921063614595212 0.5220927445838084 0.9408623044469784
0 0.7456167149372862 0.7997598084378563 0.7472105381984037 0.8553590615735462 0.818077134549601 0.8435353261117446 0.814973818700114 0.7935776043329533 0.7456167149372862 0.7997598084378563
0 0.7920191425313569 0.690398196123147 0.7891551459521094 0.6571335575826682 0.743906630558723 0.6637006476624857 0.746542031927024 0.6993175085518815 0.7920191425313569 0.690398196123147
0 0.8098913511972634 0.5299615005701254 0.8072527172177879 0.4981197491448119 0.7744120798175599 0.5033211949828963 0.773651354618016 0.5364733568985177 0.8098913511972634 0.5299615005701254
0 0.5447128392246294 0.8255746727480046 0.5410938255416191 0.8027251197263398 0.5051352223489167 0.8072181014823262 0.5060374321550741 0.828096511972634 0.5447128392246294 0.8255746727480046
0 0.17469740592930444 0.975464165336374 0.1713888734321551 0.9621759464082098 0.11987633979475486 0.970934298745724 0.1232749110604333 0.9848109908779932 0.17469740592930444 0.975464165336374
0 0.09517756442417333 0.9592320900798176 0.16801346750285062 0.9522410364880274 0.16057669099201824 0.9356612166476624 0.092271251995439 0.9446778631698973 0.09517756442417333 0.9592320900798176
0 0.15943225085518814 0.573544488027366 0.14986134777651083 0.5415825781071836 0.1111547685290764 0.5477130980615735 0.11357655872291904 0.5857668129988597 0.15943225085518814 0.573544488027366
0 0.18016013340935005 0.6911308665906499 0.12012656214367161 0.7030422725199544 0.13342329988597493 0.7718025074116306 0.1917258825541619 0.7565631014823262 0.18016013340935005 0.6911308665906499
0 0.07181218472063854 0.7737536944127709 0.1332787810718358 0.761411244013683 0.11716448688711516 0.7071135803876852 0.0595708574686431 0.7192381071835804 0.07181218472063854 0.7737536944127709
0 0.3551180091220068 0.8127319737742303 0.3504509395667047 0.7794697388825542 0.3034428608893957 0.7863139350057012 0.3012012200684151 0.8215025233751425 0.3551180091220068 0.8127319737742303
0 0.9594313033067274 0.7947216852907639 0.9598297742303307 0.7820454732041049 0.923901291904219 0.7829331037628279 0.9235970011402508 0.796193968072976 0.9594313033067274 0.7947216852907639