0 0.6671373261117446 0.447980362599772 0.6415665963511973 0.49107538426453823 0.6772753717217788 0.5088953454960091 0.7013896214367161 0.4621382291904219 0.6671373261117446 0.447980362599772
0 0.8554980535917902 0.09341490763968073 0.8199248472063854 0.09004087115165336 0.8111377548460661 0.16333650855188142 0.8514595496009122 0.16285869327251998 0.8554980535917902 0.09341490763968073
0 0.6804551448118585 0.05494350969213226 0.6399329657924744 0.023502451539338654 0.6138113979475485 0.07031205815279361 0.6617657263397948 0.09381062143671609 0.6804551448118585 0.05494350969213226
0 0.7947046613454961 0 0.797571802736602 0.02826358836944128 0.8302759521094641 0.028827513112884832 0.8264774253135689 0 0.7947046613454961 0
0 0.5540652850627138 0.9182946225769669 0.5074072075256557 0.9512409908779931 0.5258419315849486 0.9805475678449258 0.57244234663626 0.9515302782212087 0.5540652850627138 0.9182946225769669
0 0.6393278255416192 0.878541244013683 0.666824787913341 0.8326933523375142 0.634075362599772 0.8179706202964652 0.6100862348916761 0.8631968141391105 0.6393278255416192 0.878541244013683
0 0.6186714013683011 0.757982574686431 0.5859585632839225 0.7366198004561004 0.5713298859749145 0.7699476191562143 0.6058968928164197 0.7873659954389967 0.6186714013683011 0.757982574686431
0 0.4241303808437856 0.680745551881414 0.44567864196123147 0.6250957901938426 0.4136491322690992 0.6144648996579247 0.39471701824401373 0.6678462223489168 0.4241303808437856 0.680745551881414
0 0.5308372041049031 0.7626177423033067 0.499635488027366 0.7464147023945268 0.46625410034207526 0.7999305963511972 0.4982706123147092 0.8181001482326112 0.5308372041049031 0.7626177423033067
0 0.21286168415051313 1 0.2551825085518814 0.9914946442417332 0.2452153511972634 0.9383873546180159 0.18961972519954393 0.9343234435575827 0.20592800798175598 1 0.21286168415051313 1
0 0.2919925575826682 0.4478084561003421 0.28174130558722915 0.44780729988597495 0.2785348779931585 0.48092979475484604 0.2892115758266819 0.4787457502850627 0.2919925575826682 0.4478084561003421
0 0.2861926157354618 0.5585606807297605 0.25037788255416193 0.560655417331813 0.24648362143671607 0.5932962873432155 0.28677079817559864 0.5931260307867731 0.2861926157354618 0.5585606807297605
0 0.3009639988597491 0.48843021778791335 0.26704341619156213 0.48416186887115165 0.25932268072976056 0.5566665712656784 0.2985904344355758 0.5575804298745725 0.3009639988597491 0.48843021778791335
0 0.33163167844925884 0.2382398141391106 0.26808971379703533 0.219901409350057 0.24840028392246294 0.27582631698973775 0.31307781413911057 0.2903470353477765 0.33163167844925884 0.2382398141391106
0 0.12722248004561004 0.12898146978335234 0.09398934663625998 0.11494376510832384 0.08104279247434436 0.1714884526795895 0.12152547548460661 0.1791215473204105 0.12722248004561004 0.12898146978335234
0 0.06910063968072976 0.5654885575826682 0.029638993158494872 0.564005976054732 0.026983403648802737 0.5934138859749145 0.06554025769669328 0.5950560068415051 0.06910063968072976 0.5654885575826682
0 0 0.4047521938426454 0.0269772086659065 0.4019896100342075 0.02747600912200684 0.35336743899657924 0 0.35659470695553025 0 0.4047521938426454
0 0.28489846750285064 0.6709316374002281 0.29605084834663625 0.6418326556442417 0.2613038985176739 0.6328867411630558 0.25414305815279364 0.6606789977194983 0.28489846750285064 0.6709316374002281
0 0.5160646545039909 0.4667807263397947 0.5036025792474345 0.5021381516533637 0.5285784766248575 0.5206447901938427 0.5487751938426454 0.4890482702394527 0.5160646545039909 0.4667807263397947