0 0.9017131391106044 0.24988954846066133 0.9352624241733182 0.2611689828962372 0.942493629418472 0.19594163968072978 0.9095112976054731 0.18798833751425312 0.9017131391106044 0.24988954846066133
0 0.9203023808437857 0.398136330672748 0.978077740022805 0.4115368415051311 0.9840557605473204 0.38404700342075254 0.9266648973774231 0.37306420410490304 0.9203023808437857 0.398136330672748
0 0.7981439828962371 0.5012898688711517 0.8367827639680729 0.5088424503990878 0.8446611402508553 0.4466518164196123 0.8074028722919042 0.44309413226909916 0.7981439828962371 0.5012898688711517
0 0.7818747742303306 0.3401320980615735 0.8122196351197263 0.34040442531356896 0.8199732075256556 0.31038627708095784 0.7818716681870012 0.3061587981755986 0.7818747742303306 0.3401320980615735
0 0.45463474914481183 0.4801769749144812 0.48635937058152795 0.49189279019384263 0.49944522348916764 0.4376064082098062 0.4626827194982896 0.42902751311288484 0.45463474914481183 0.4801769749144812
0 0.8354444401368301 0.7215053660205245 0.8721757582668187 0.7372353192702394 0.8804476499429875 0.7010058985176738 0.8461792098061574 0.6872794732041049 0.8354444401368301 0.7215053660205245
0 0.8537123078677309 0.8053540855188142 0.8650385678449258 0.7711799418472063 0.8309805917901939 0.7521077673888256 0.8169276841505131 0.7902154880273661 0.8537123078677309 0.8053540855188142
0 0.3626019543899658 0.7290104880273661 0.3867412383124287 0.7525790513112885 0.4079996499429875 0.73417430672748 0.38342723375142534 0.7087797970353478 0.3626019543899658 0.7290104880273661
0 0.04694669555302167 0.11729342645381985 0.07903525085518813 0.1248673865450399 0.08929385632839223 0.06854716761687571 0.05535690649942987 0.062003530216647666 0.04694669555302167 0.11729342645381985
0 0.010056854047890536 0.37750751995438997 0.023121586088939567 0.382821094640821 0.03438250285062714 0.3289742063854048 0.017080898517673887 0.3223927913340935 0.010056854047890536 0.37750751995438997
0 0.7659081527936146 0.10748020410490307 0.8072649213226909 0.12480529874572405 0.8146091060433296 0.08849471379703534 0.77430090649943 0.07960403990877993 0.7659081527936146 0.10748020410490307
0 0.4751201402508552 0.25965292132269097 0.4944121003420752 0.2637248209806157 0.5043142269099201 0.20498934207525657 0.48969791106043326 0.2019209589509692 0.4751201402508552 0.25965292132269097