0 0.09896312770809577 0.08553148916761688 0.06689280045610034 0.09458908323831243 0.0786356716077537 0.13323503648802737 0.11451559977194983 0.12202664310148233 0.09896312770809577 0.08553148916761688
0 0.21531937514253136 0.04597796009122007 0.18159143785632842 0.06100209007981756 0.19389589509692132 0.09530643101482326 0.22249381641961233 0.07563196579247435 0.21531937514253136 0.04597796009122007
0 0.30081690992018245 0.04347292474344355 0.2984377605473204 0.031233259977194984 0.23893922234891676 0.0442088905359179 0.24671560661345496 0.062457234891676164 0.30081690992018245 0.04347292474344355
0 0.43524929418472064 0.23468989851767388 0.5078853979475485 0.25303291448118587 0.5343942223489168 0.16460958152793614 0.4642118472063854 0.14437932269099202 0.43524929418472064 0.23468989851767388
0 0.7433400980615735 0.3258183124287343 0.8363495678449259 0.3402011470923603 0.8521116624857469 0.2835050558722919 0.7454834686431014 0.27882722919042185 0.7433400980615735 0.3258183124287343
0 0.8731388608893957 0.9355572884834664 0.8711231436716078 0.9106849304446979 0.8138481071835804 0.9133499863169897 0.8147320433295324 0.946910424173318 0.8731388608893957 0.9355572884834664
0 0.6558142713797036 0.9778009087799315 0.7590431060433295 0.9577352565564424 0.7704922976054732 0.9006088871151653 0.6690308129988597 0.8935148779931584 0.6558142713797036 0.9778009087799315
0 0.2929840353477765 0.3512583295324972 0.3276982588369441 0.3558024059293044 0.33735203192702395 0.3256994914481186 0.30184475826681867 0.3170755267958951 0.2929840353477765 0.3512583295324972
0 0.29673104104903075 0.4140421961231471 0.3330310672748004 0.42674451425313564 0.3435879270239453 0.3795298928164196 0.3094395940706956 0.37064177765108325 0.29673104104903075 0.4140421961231471
0 0.14809706157354618 0.34555076624857467 0.18443284264538198 0.351189929304447 0.20396878335233753 0.29940619612314706 0.1652165621436716 0.2885908221208666 0.14809706157354618 0.34555076624857467
0 0.05978982896237172 0.26109737058152793 0.05991001938426454 0.29071229760547324 0.08975407411630558 0.2919674059293044 0.0947324481185861 0.2740635427594071 0.05978982896237172 0.26109737058152793
0 0.04589552109464082 0.4289273523375142 0.059588824401368305 0.4050954378563284 0.01785580843785633 0.39344759407069557 0.013070669327251996 0.42683977423033065 0.04589552109464082 0.4289273523375142
0 0.055523690992018246 0.45669411402508553 0.050800849486887116 0.4251500980615735 0.010317034207525656 0.4344312314709236 0.022622726339794754 0.4687337411630559 0.055523690992018246 0.45669411402508553
0 0.1357799361459521 0.47073216989737743 0.17596231128848347 0.4671555484606614 0.1784055883694413 0.4144602508551882 0.14342721322690993 0.4085572337514253 0.1357799361459521 0.47073216989737743
0 0.1694094355758267 1 0.16717975598631699 0.9586027958950969 0.10522778677309008 0.9734672029646522 0.1100292109464082 1 0.1694094355758267 1
0 0.11051599429874573 1 0.10688693158494869 0.9675003705815279 0.08436157582668187 0.9676448152793614 0.0892050228050171 1 0.11051599429874573 1
0 0.16638922120866592 0.7442306431014823 0.1840733774230331 0.6829284903078677 0.14800328164196122 0.6786479692132269 0.13035334777651084 0.7328872633979475 0.16638922120866592 0.7442306431014823
0 0.27544345610034204 0.5945995313568986 0.3050248928164196 0.5944954002280503 0.3152442576966933 0.560046913340935 0.2827177799315849 0.5522554184720638 0.27544345610034204 0.5945995313568986
0 0.03570635689851768 0.340076598631699 0.022547911060433298 0.3873942052451539 0.09153159977194983 0.4021128574686431 0.10121721550741164 0.3600051801596351 0.03570635689851768 0.340076598631699
0 0.501114913340935 0.30646905587229195 0.5345669464082098 0.3169012120866591 0.5578492291904219 0.26973275142531355 0.5149707297605473 0.25961916419612313 0.501114913340935 0.30646905587229195