0 0.6905408768529075 0.19902798289623716 0.6911833135689852 0.23690911174458382 0.76704834663626 0.23921246750285063 0.7620347810718358 0.20051231014823262 0.6905408768529075 0.19902798289623716
0 0.5620321037628279 0.158364590649943 0.5701080957810718 0.21785189395667046 0.635503086659065 0.21898526567844928 0.6308958985176739 0.16032854389965795 0.5620321037628279 0.158364590649943
0 0.48382123033067276 0.06058686659064994 0.43244405131128844 0.053362730900798176 0.4255746396807297 0.10342236031927024 0.4716138871151654 0.1146022645381984 0.48382123033067276 0.06058686659064994
0 0.6612300262257697 0.43336536944127707 0.6667877457240594 0.5059609863169897 0.7133128517673889 0.5062012611174459 0.7102443112884835 0.43573703420752563 0.6612300262257697 0.43336536944127707
0 0.7539291049030787 0.5653770228050171 0.6924253568985176 0.5623501128848346 0.6964776830102622 0.5990270775370582 0.7536775005701255 0.6016070661345495 0.7539291049030787 0.5653770228050171
0 0.706367110604333 0.6961890296465222 0.7117298540478906 0.7266026624857469 0.7467170250855187 0.7264641630558722 0.74930590649943 0.6983515769669327 0.706367110604333 0.6961890296465222
0 0.6700220433295325 0.7399875575826682 0.6711159053591791 0.7633144994298746 0.7454298802736602 0.7670971676168757 0.746037267958951 0.7414330501710377 0.6700220433295325 0.7399875575826682
0 0.12983231356898517 0.6549184401368301 0.1373607765108324 0.697614473204105 0.2102325678449259 0.693209117445838 0.1984736031927024 0.6453536955530217 0.12983231356898517 0.6549184401368301
0 0.1561202873432155 0.7286820296465222 0.15855503762827822 0.7596135336374003 0.21389575256556442 0.7619168358038768 0.20861931356898517 0.7285733945267959 0.1561202873432155 0.7286820296465222
0 0.35808007981755985 0.775090566704675 0.3578330535917902 0.7908129464082099 0.3933033888255416 0.7899863420752566 0.3958031459521094 0.7733447525655645 0.35808007981755985 0.775090566704675
0 0.36182678791334094 0.7997584686431015 0.3621647616875713 0.815379283922463 0.39853094754846063 0.8162050307867731 0.3992548654503991 0.7980583215507412 0.36182678791334094 0.7997584686431015
0 0.36106055074116306 0.8228120729760547 0.3596440638540479 0.8387406590649943 0.399108748004561 0.8366052462941848 0.39888427822120864 0.8216371391106043 0.36106055074116306 0.8228120729760547
0 0.050044828962371724 0.7570357206385405 0.05265558608893957 0.7752703295324971 0.10923651083238313 0.774340402508552 0.10581576510832383 0.7566500273660206 0.050044828962371724 0.7570357206385405
0 0.17166709007981756 0.33756065564424176 0.17069987457240593 0.3491896567844926 0.20830330444697834 0.35703215963511975 0.20813610832383125 0.3389695940706956 0.17166709007981756 0.33756065564424176
0 0.16973112086659067 0.36081892816419614 0.1705535267958951 0.37574982782212085 0.20650702736602053 0.37423511858608893 0.2112304241733181 0.3582279737742303 0.16973112086659067 0.36081892816419614
0 0.17010452565564424 0.3800509521094641 0.1685510433295325 0.39178332725199544 0.2078763078677309 0.3957047685290764 0.20951696807297607 0.3793288962371722 0.17010452565564424 0.3800509521094641
0 0.16572499771949828 0.40313718129988596 0.1669243865450399 0.41679578905359177 0.20535561003420752 0.41906614367160777 0.20444698175598633 0.4019276157354618 0.16572499771949828 0.40313718129988596
0 0.10381674572405929 0.9284779167616876 0.11131285404789054 0.967562197263398 0.14595809007981755 0.9620562177879133 0.14098776966932725 0.9150441470923603 0.10381674572405929 0.9284779167616876
0 0.2097184686431015 0.7964258586088939 0.21066994526795896 0.8360596385404788 0.2550595347776511 0.8378838677309008 0.250850157354618 0.7934776887115166 0.2097184686431015 0.7964258586088939
0 0.6693658312428734 0.8595126750285063 0.6720067890535918 0.8916136385404789 0.6942881037628278 0.891302298745724 0.6936169486887115 0.8601058358038769 0.6693658312428734 0.8595126750285063