0 0.6192012884834663 0.8970654116305588 0.5919594675028507 0.8672018061573546 0.5684517286202965 0.8941372554161915 0.5949618985176738 0.9241855553021664 0.6192012884834663 0.8970654116305588
0 0.4502064127708096 0.8699986773090079 0.4864828323831243 0.8354687514253136 0.43252558152793613 0.7728175746864311 0.39283278677309014 0.8146245290763968 0.4502064127708096 0.8699986773090079
0 0.35196189965792474 0.8676651824401368 0.3771621254275941 0.8424990923603193 0.3466722383124287 0.8175314047890536 0.32578890763968077 0.8430790661345496 0.35196189965792474 0.8676651824401368
0 0.343559393386545 0.9814548050171038 0.36071341049030786 0.9634320193842646 0.33964151995438996 0.9378519657924743 0.313356661345496 0.959538354618016 0.3277208859749145 0.9789462314709236 0.343559393386545 0.9814548050171038
0 1 0.07422207411630559 0.9860933329532497 0.07201947434435577 0.9502336807297604 0.11238804446978334 0.9935057309007982 0.1505015245153934 1 0.14278998631698972 1 0.07422207411630559
0 0.7037774834663626 0.051110623717217786 0.7335393443557582 0.07836760775370581 0.7716773261117447 0.043830366020524515 0.7620099965792475 0.03652816077537058 0.7344396020524515 0.03216143899657925 0.7037774834663626 0.051110623717217786
0 0.5805268916761688 0.10793584606613456 0.6062072212086659 0.08525198403648802 0.5678955838084379 0.04341710376282782 0.5392943511972634 0.06834193956670467 0.5805268916761688 0.10793584606613456
0 0.4296648643101482 0.46818040820980616 0.4494044572405929 0.44605850285062715 0.39091493614595213 0.3977198483466362 0.36895160775370583 0.4224953033067275 0.4296648643101482 0.46818040820980616
0 0.9277241197263398 0.9877122155074116 0.9344581345496009 0.9451953192702395 0.9145232964652223 0.9339208289623718 0.8985770798175599 0.9662619635119727 0.9277241197263398 0.9877122155074116
0 0.652572511972634 0.6477633740022805 0.6685916556442417 0.6307631436716077 0.6229938015963511 0.57635078677309 0.6116571322690992 0.587179409350057 0.652572511972634 0.6477633740022805
0 0.5075352189281642 0.5346174663625998 0.534375401368301 0.5103138529076396 0.5073114515393387 0.4828830250855188 0.4819499646522235 0.5101260205245154 0.5075352189281642 0.5346174663625998
0 0.3515918631698974 0.509317314709236 0.34417763397947554 0.49281366134549603 0.3025225564424173 0.5267938483466362 0.31708984492588366 0.5411241037628278 0.3515918631698974 0.509317314709236
0 0.12077894070695552 0.8614075324971493 0.07637136944127708 0.777725708095781 0.026713833523375145 0.7951106590649943 0.07444400114025086 0.8772115381984037 0.12077894070695552 0.8614075324971493