0 0.29830609007981757 1 0.2703683854047891 0.9665899110604332 0.2455787023945268 0.9916730410490309 0.25222674458380845 1 0.29830609007981757 1
0 0.14292914025085518 0.842565283922463 0.10637356100342076 0.8472515165336374 0.11344886887115166 0.8960814389965792 0.14873169897377425 0.8943628962371722 0.14292914025085518 0.842565283922463
0 0.23028081870011402 0.7790113831242874 0.20969110832383125 0.7787795769669327 0.2075779977194983 0.8269745039908779 0.23560566590649942 0.8284824025085519 0.23028081870011402 0.7790113831242874
0 0.6064114207525656 0.7990479087799315 0.5886872725199543 0.8291086989737743 0.6194713169897378 0.8600199407069555 0.6390872668187001 0.8241492462941847 0.6064114207525656 0.7990479087799315
0 0.6753149418472064 0.9265891003420753 0.6856309019384265 0.9112753021664767 0.6449551174458381 0.8831941140250855 0.6327712189281641 0.8973572542759407 0.6753149418472064 0.9265891003420753
0 0.6425340364880273 0.9662285302166477 0.6665651505131128 0.9313142018244014 0.6445963249714937 0.9186483443557583 0.6225060022805017 0.9471367890535918 0.6425340364880273 0.9662285302166477
0 1 0.6835648494868871 0.9791136510832383 0.6957539190421893 1 0.7243576043329533 1 0.6835648494868871
0 0.4968398836944128 0.10478870923603192 0.5221257502850627 0.14161077537058153 0.5857075724059293 0.0935648015963512 0.5619862531356898 0.0606726590649943 0.4968398836944128 0.10478870923603192
0 0 0.5105890296465223 0.007995802736602052 0.5494243911060434 0.04283561231470923 0.5390230410490308 0.035762136830102625 0.4901943534777651 0 0.4951952280501711 0 0.5105890296465223
0 0.31788590421892815 0.13231707411630558 0.2940728449258837 0.10307194184720639 0.26927165792474345 0.12059492816419612 0.28660576966932727 0.15170430330672746 0.31788590421892815 0.13231707411630558
0 0.1236465621436716 0.14648212770809577 0.07611010946408209 0.15995791106043328 0.08790568529076398 0.1957714549600912 0.13255138084378565 0.17711137856328393 0.1236465621436716 0.14648212770809577
0 0.5042830330672747 0.12753802052451538 0.45155616647662483 0.15472325085518815 0.4830083797035348 0.2139331755986317 0.5356846921322691 0.17405724059293046 0.5042830330672747 0.12753802052451538