0 0.16843485860889398 0.23555663169897378 0.2660941402508552 0.18761842303306728 0.22374596123147095 0.10473638084378564 0.12111176510832383 0.14839533637400226 0.16843485860889398 0.23555663169897378
0 0.9269762679589509 0.7625576898517674 0.9008166830102622 0.7099478688711517 0.7944898323831242 0.7600188985176739 0.817208984036488 0.8102224002280503 0.9269762679589509 0.7625576898517674
0 0.8232005541619155 0.898910598631699 0.846679464082098 0.946584362599772 0.8992029099201825 0.9264675176738882 0.8740823101482327 0.8746121767388826 0.8232005541619155 0.898910598631699
0 0.6365402006841505 0.9071283625997719 0.5774097012542759 0.9308059828962373 0.5956966830102622 0.9661312132269099 0.6543137457240593 0.9395327514253136 0.6365402006841505 0.9071283625997719
0 0.7921498392246294 0.8766803968072976 0.7686397502850628 0.8254105393386545 0.7206191140250856 0.8471291904218928 0.7489170969213227 0.8930694834663626 0.7921498392246294 0.8766803968072976
0 0.9110409680729761 0.6858611972633979 0.8834362348916762 0.6353133352337514 0.8276066602052452 0.6674446237172178 0.8538153911060433 0.7083747206385406 0.9110409680729761 0.6858611972633979
0 0.05239246978335234 0.8408767913340934 0.0753976031927024 0.9115081664766248 0.17233291904218925 0.8697219486887114 0.13223062143671607 0.8012865769669327 0.05239246978335234 0.8408767913340934
0 0.03652997947548461 0.7509161425313569 0.043587050171037624 0.7858098711516533 0.11421079931584949 0.7486615051311288 0.09470232953249716 0.7166756795895097 0.03652997947548461 0.7509161425313569
0 0.33889896921322693 0.6620619863169898 0.31837617217787917 0.6277338996579248 0.25229561687571267 0.6598655701254276 0.26563264538198406 0.6910531151653364 0.33889896921322693 0.6620619863169898
0 0.38004920524515395 0.7313026180159635 0.364402259977195 0.7177973181299886 0.30506276966932727 0.7505474994298745 0.3102325724059293 0.7644801915621436 0.38004920524515395 0.7313026180159635
0 0.7301767616875712 0.6346302485746864 0.7201032326111745 0.6219509338654504 0.6909668004561004 0.6379313238312428 0.6981164104903079 0.6511246180159636 0.7301767616875712 0.6346302485746864
0 0.8744718483466362 0.5947315815279361 0.8697652554161915 0.5817072542759407 0.8019987263397947 0.6111248323831242 0.8044199087799316 0.6231464082098062 0.8744718483466362 0.5947315815279361
0 0.7161860376282781 0.6099932326111744 0.7101009737742303 0.5960077354618016 0.6769758061573545 0.6132927708095781 0.6849363306727481 0.6225368152793614 0.7161860376282781 0.6099932326111744
0 0.7083498403648802 0.5860765644241733 0.7030569806157354 0.5731556111744583 0.6694171083238313 0.5875216157354618 0.6735946510832383 0.5992461904218928 0.7083498403648802 0.5860765644241733
0 0.6987958802736601 0.5660770672748004 0.6895130171037628 0.5544625689851768 0.676509457240593 0.5627781961231472 0.681549046750285 0.5725531459521095 0.6987958802736601 0.5660770672748004
0 0.3529203238312429 0.023534346636259976 0.3516447115165336 0.019710257696693274 0.3036968836944128 0.028164753705815282 0.31762755644241736 0.03879312314709236 0.3529203238312429 0.023534346636259976
0 0.5115397468643101 0 0.49829088369441277 0.005112710376282782 0.5136402565564424 0.03916464538198404 0.5351406088939566 0.031157946408209805 0.519634724059293 0 0.5115397468643101 0