0 0.9425261014823261 0.7165201847206385 0.795749787913341 0.9580281801596351 0.8240874606613454 0.9680242633979476 0.9754488141391107 0.736097748004561 0.9425261014823261 0.7165201847206385
0 0.8908014834663626 0.719180370581528 0.7637953409350057 0.9170892622576967 0.7855271254275941 0.9311253603192703 0.9095856659064995 0.7319788996579248 0.8908014834663626 0.719180370581528
0 0.7917975176738883 0.3676786659064994 0.7514089315849487 0.3675675210946408 0.7557897571265679 0.4228695860889396 0.7971738141391106 0.4209212291904219 0.7917975176738883 0.3676786659064994
0 0.7167688825541619 0.37824428278221206 0.6906504127708096 0.3771945416191562 0.6888413238312429 0.4127949532497149 0.7153109942987457 0.41592770353477765 0.7167688825541619 0.37824428278221206
0 0.7207749794754845 0.31893016419612313 0.6934588278221209 0.31845335917901935 0.6925883888255416 0.3683207628278221 0.7179624116305587 0.36609138654503987 0.7207749794754845 0.31893016419612313
0 0.8012893272519954 0.7087103238312429 0.7383739669327253 0.8079711676168758 0.7589199669327252 0.8219881288483467 0.8249502611174457 0.7144678916761688 0.8012893272519954 0.7087103238312429
0 0.7967042873432155 0.6991288449258837 0.7808174275940707 0.6905377730900798 0.7167027947548461 0.7903730855188141 0.7308206282782213 0.7983378768529077 0.7967042873432155 0.6991288449258837
0 0.7134162964652224 0.8425721163055873 0.721394465222349 0.8278669270239453 0.7025688597491447 0.8174414754846066 0.6965674389965792 0.8262443261117446 0.7134162964652224 0.8425721163055873
0 0.7067218597491448 0.8059356385404789 0.7098808597491448 0.8068799783352337 0.7256760193842645 0.8208140136830102 0.7317903386545039 0.8108254526795895 0.7124228574686431 0.7974229019384265 0.7067218597491448 0.8059356385404789
0 0.7524947776510832 0.8497864777651083 0.7569006545039909 0.8356112120866591 0.7410536818700114 0.8246454743443558 0.7346734937286203 0.8376001607753706 0.7524947776510832 0.8497864777651083
0 0.4129364116305587 0.22507459521094642 0.4400895575826682 0.16675835233751424 0.4259525883694413 0.15997934549600912 0.39635632383124286 0.21528374230330674 0.4129364116305587 0.22507459521094642
0 0.5399651220068415 0.2641099977194983 0.5459387206385404 0.194141094640821 0.5293338529076397 0.19266357582668187 0.5229191231470923 0.26203093728620297 0.5399651220068415 0.2641099977194983