0 0.08925209578107185 0.5547362508551882 0.10047890535917903 0.5500864823261117 0.08783211516533639 0.47132645381984034 0.07664641847206385 0.47627242417331817 0.08925209578107185 0.5547362508551882
0 0.11756542531356898 0.543255992018244 0.1258792371721779 0.5437062770809578 0.12150319156214368 0.4630187981755986 0.10909028848346637 0.4656108278221208 0.11756542531356898 0.543255992018244
0 0 0.11782387343215507 0.012796583808437857 0.11514113112884836 0.01236439566704675 0.0563600330672748 0 0.05372929076396807 0 0.11782387343215507
0 0.03064497149372862 0.10235893728620296 0.04342997833523375 0.10273117787913341 0.04387997947548461 0.060559087799315854 0.02962548574686431 0.05962022120866591 0.03064497149372862 0.10235893728620296
0 0.39191246636259974 0.38822405131128845 0.35063534321550743 0.2666134139110604 0.2767484583808438 0.2821552850627138 0.31647572633979476 0.41685902736602054 0.39191246636259974 0.38822405131128845
0 0.39182557468643103 0.6109188597491448 0.43250873090079817 0.6066441277080957 0.41802034891676165 0.5243532018244014 0.3772005188141391 0.531004118586089 0.39182557468643103 0.6109188597491448
0 0.322472558722919 0.7944384378563285 0.31421503192702394 0.7292601254275941 0.26394903534777653 0.7384512873432154 0.27560839566704676 0.794662614595211 0.322472558722919 0.7944384378563285
0 0.2709563728620296 0.7199199201824401 0.3074542542759407 0.715719803876853 0.2972411516533638 0.640480338654504 0.264049748004561 0.6422473774230331 0.2709563728620296 0.7199199201824401
0 0.7650704503990877 0.17950788369441278 0.8139461459521095 0.1629164196123147 0.8028551801596351 0.13935795895096922 0.7538785347776511 0.15446345610034207 0.7650704503990877 0.17950788369441278
0 0.7018681379703535 0 0.6412325575826682 0.02281559977194983 0.67728265336374 0.08275963055872292 0.7493279201824401 0.0636852998859749 0.7099504675028506 0 0.7018681379703535 0
0 0.9503061801596351 0.25970916419612317 0.9352019726339795 0.2100902109464082 0.902861725199544 0.22668840364880274 0.9166040159635119 0.26623584150513113 0.9503061801596351 0.25970916419612317
0 0.9492527080957811 0.588718283922463 0.9838172417331813 0.5821765541619156 0.9754546225769669 0.5449090125427594 0.9446881060433296 0.5496029270239452 0.9492527080957811 0.588718283922463
0 0.906302527936146 0.9822949988597491 0.9410359042189282 0.9861425290763968 0.9415096624857469 0.9113103637400228 0.9035824686431014 0.9137539064994299 0.906302527936146 0.9822949988597491
0 1 0.8624592177879135 0.9633940250855189 0.8735164218928164 0.9863355484606613 0.9292338985176739 1 0.9209943591790194 1 0.8624592177879135
0 1 0.6850411847206386 0.9862258768529076 0.6860565883694414 0.9979547696693272 0.7802724903078678 1 0.7793887445838084 1 0.6850411847206386
0 0.32132832611174456 0.19081491106043327 0.3763834948688711 0.17827559179019384 0.3643791436716078 0.13632089509692133 0.31247883010262256 0.153855913340935 0.32132832611174456 0.19081491106043327
0 0.31226266248574686 0.1075401322690992 0.30394149258836944 0.0726472291904219 0.287949031927024 0.07411406043329533 0.2999119338654504 0.1136941197263398 0.31226266248574686 0.1075401322690992
0 0.3298647616875713 0.628924842645382 0.36870468415051316 0.6220100022805017 0.3652612793614595 0.5947534458380844 0.32389236374002284 0.6037893101482327 0.3298647616875713 0.628924842645382