0 0.6171217229190421 0.5620872748004561 0.6201867787913341 0.5335575621436716 0.5839512565564424 0.5330023751425313 0.5815730421892816 0.5668599749144811 0.6171217229190421 0.5620872748004561
0 0.780640496009122 0.5402489030786773 0.7824354139110605 0.5069953261117446 0.7188335598631699 0.5035047993158495 0.7158384230330673 0.5360401516533637 0.780640496009122 0.5402489030786773
0 0.9998686989737743 0.5595585974914481 0.9988955906499429 0.5038092759407069 0.9319667046750285 0.5002314891676168 0.9293882189281643 0.5566366431014823 0.9998686989737743 0.5595585974914481
0 0.752491550741163 0.1183352850627138 0.7109250182440137 0.11846699087799316 0.7057648643101482 0.16305290193842648 0.752663969213227 0.1622342748004561 0.752491550741163 0.1183352850627138
0 0.8540901539338654 0.1213079110604333 0.7703737924743443 0.12217534435575828 0.7698697354618016 0.16134010604332952 0.8512321562143672 0.16169987913340933 0.8540901539338654 0.1213079110604333
0 0.9020384275940707 0.1465749464082098 0.9001901060433295 0.10863736259977196 0.8606835678449258 0.10780171949828962 0.858035165336374 0.14319083124287343 0.9020384275940707 0.1465749464082098
0 0.9923322314709235 0.12779467958950969 0.9914315781071836 0.07619628962371722 0.9108220171037629 0.0713383181299886 0.9063958779931585 0.12395482782212086 0.9923322314709235 0.12779467958950969
0 0.16058913797035346 0.1274808620296465 0.166332590649943 0.08229092930444698 0.10934431698973773 0.08354976624857469 0.10534773888255416 0.12666514595210948 0.16058913797035346 0.1274808620296465
0 0.4003252542759407 0.2194046408209806 0.3986323158494869 0.2585901550741163 0.4431790433295325 0.25899870695553023 0.44132793272519955 0.22099084948688713 0.4003252542759407 0.2194046408209806
0 0.6300070034207526 0.34769380501710373 0.6371639942987457 0.3155327502850627 0.6014961254275941 0.31338772748004556 0.5943874298745724 0.3483155473204105 0.6300070034207526 0.34769380501710373
0 0.13131961915621437 0.8321974561003421 0.1366557958950969 0.7976959464082098 0.09065871493728621 0.79915986659065 0.08797213454960091 0.832361810718358 0.13131961915621437 0.8321974561003421
0 0.13492975484606612 0.8689166043329533 0.08687439110604332 0.8715353728620295 0.08682061801596351 0.902386322690992 0.13254120524515392 0.9021821071835804 0.13492975484606612 0.8689166043329533
0 0.3139162987457241 0.8485882006841505 0.3135782451539339 0.7952000307867731 0.2776009498289624 0.7923384241733181 0.2765157457240593 0.8492410296465223 0.3139162987457241 0.8485882006841505
0 0.9622346830102623 0.975502188141391 0.9651133797035348 0.9362959771949829 0.9063503728620297 0.9379436590649943 0.9027859087799316 0.9717938358038769 0.9622346830102623 0.975502188141391
0 0.3377844526795895 0.5829811904218928 0.2992188403648803 0.5848404743443557 0.3006841356898518 0.6008345233751425 0.3357100501710376 0.6002231448118587 0.3377844526795895 0.5829811904218928
0 0.7436691037628278 0.22527742075256557 0.7440039498289623 0.21043962941847205 0.7110080399087799 0.2082760969213227 0.7092368494868871 0.2258784378563284 0.7436691037628278 0.22527742075256557
0 0.7486739874572406 0.17179599087799316 0.7094717309007982 0.17129258836944128 0.7097719657924744 0.18849309236031928 0.7453915404789054 0.18787135005701253 0.7486739874572406 0.17179599087799316
0 0.874843197263398 0.35765827936145955 0.8811265644241734 0.34331049714937284 0.826404778791334 0.33833195324971493 0.8254881984036488 0.35377373888255415 0.874843197263398 0.35765827936145955