0 0.5352613443557582 0.43186382782212085 0.6151912360319269 0.37851150057012545 0.5584448996579248 0.29548014367160774 0.4811038278221209 0.3464052862029647 0.5352613443557582 0.43186382782212085
0 0.9758154754846066 0.27518437628278225 0.9958549726339795 0.2561155575826682 0.9728753888255417 0.22808299657924744 0.9464632599771949 0.2503827206385405 0.9758154754846066 0.27518437628278225
0 0.4892031220068415 0.5661250752565564 0.522838771949829 0.5424486818700114 0.4738187537058153 0.480348007981756 0.4394683261117446 0.506145740022805 0.4892031220068415 0.5661250752565564
0 0.5980516852907639 0.6658388836944128 0.6224247730900798 0.692934180159635 0.649309590649943 0.6697585564424173 0.6173765404789053 0.6442148836944127 0.5980516852907639 0.6658388836944128
0 0.3761660558722919 0.8831515678449259 0.3710739566704675 0.8471131345496009 0.30811536259977196 0.8536084686431016 0.31396187115165336 0.8904334264538198 0.3761660558722919 0.8831515678449259
0 0.498802755986317 0.7625675347776512 0.5234966191562144 0.7848926465222349 0.5567926887115165 0.7629632440136831 0.5331487331812998 0.7336809532497148 0.498802755986317 0.7625675347776512
0 0.08331904675028506 0.7591533409350056 0.07067843899657925 0.7059371037628278 0.03206767046750285 0.7147473158494869 0.04639001824401368 0.7686470000000001 0.08331904675028506 0.7591533409350056
0 0.21266336830102622 0.8592251254275941 0.22021680045610034 0.8981598540478906 0.277122921322691 0.893240165336374 0.2677221242873432 0.8560299395667047 0.21266336830102622 0.8592251254275941
0 0.45719405473204106 0.36049094070695553 0.45820257810718357 0.37398123033067276 0.4750882964652224 0.3742407594070695 0.47111464994298746 0.357342393386545 0.45719405473204106 0.36049094070695553
0 0.41143908665906503 0.40295949828962374 0.4173505324971494 0.41921581755986315 0.4521855131128848 0.4018164070695553 0.44506620866590646 0.3839946054732041 0.41143908665906503 0.40295949828962374
0 0.42988561231470923 0.43253037514253134 0.4331109714937286 0.44705484492588365 0.4661180832383124 0.43594725883694413 0.4608126898517674 0.41967662941847206 0.42988561231470923 0.43253037514253134
0 0.39256710490307867 0.4222536681870011 0.39716746066134545 0.43281614481185865 0.4142452212086659 0.4258641961231471 0.4047142257696693 0.41420959293044474 0.39256710490307867 0.4222536681870011
0 0.4615908415051312 0.45923789737742304 0.46562503078677314 0.4727130467502851 0.48223354275940705 0.46506342873432155 0.474945267958951 0.45277033979475484 0.4615908415051312 0.45923789737742304
0 0.32973492246294184 0.5556722474344356 0.3354787662485747 0.541681488027366 0.3019002668187001 0.5339463534777651 0.29717647662485747 0.5473570285062713 0.32973492246294184 0.5556722474344356
0 0.7963758779931585 0.8155757616875713 0.7986242086659064 0.8009055427594072 0.7400783272519954 0.7846912462941847 0.7345540513112885 0.7991082976054733 0.7963758779931585 0.8155757616875713
0 0.41955956556442414 0.7096993215507411 0.4159779509692132 0.6938958757126569 0.40109975484606614 0.6988591071835805 0.40412303990877996 0.7113195997719498 0.41955956556442414 0.7096993215507411
0 0.41545748346636263 0.6841264492588369 0.41095344697833525 0.6699567001140251 0.39955532383124287 0.6725752588369441 0.3989192155074116 0.686747071835804 0.41545748346636263 0.6841264492588369
0 0.4166009703534778 0.659573212086659 0.41653337628278225 0.6474739543899658 0.40163944241733185 0.6494145872291904 0.4029672291904219 0.6612542189281642 0.4166009703534778 0.659573212086659
0 0.7791740832383125 0.7796013021664766 0.7749318152793614 0.7703165644241733 0.74617996009122 0.7719797605473204 0.7482698643101482 0.7845580695553022 0.7791740832383125 0.7796013021664766
0 0.3396723409350057 0.9370901801596351 0.3471273660205245 0.9796429179019385 0.38151499315849485 0.9863271949828962 0.37585418928164194 0.9314322383124287 0.3396723409350057 0.9370901801596351