0 0.28761351995438994 0.0033108962371721775 0.27795612884834664 0.037930322690992016 0.3000392394526796 0.0470281755986317 0.3133864161915621 0.011729721778791334 0.28761351995438994 0.0033108962371721775
0 0.6565708779931586 0.18977290763968072 0.6453720684150513 0.18550088483466365 0.631831094640821 0.24775343329532498 0.644101007981756 0.2584716339794755 0.6565708779931586 0.18977290763968072
0 0.9142689167616876 0.3375128380843786 0.8485060855188142 0.32137524629418474 0.8386453660205245 0.37875033181299883 0.9041963842645382 0.39395877879133406 0.9142689167616876 0.3375128380843786
0 0.8142008757126568 0.2841763671607754 0.8043133192702395 0.3289548152793615 0.8430903010262257 0.338601661345496 0.84760013340935 0.2894699110604333 0.8142008757126568 0.2841763671607754
0 0.8903593717217788 0.2136359612314709 0.8638682462941847 0.20781275028506271 0.8581106989737742 0.2615674047890536 0.8852948129988597 0.2641887115165336 0.8903593717217788 0.2136359612314709
0 0.8978781368301026 0.4602243397947548 0.9040854401368301 0.4203233534777651 0.8878125085518814 0.42103426795895094 0.8826889806157355 0.4574900581527936 0.8978781368301026 0.4602243397947548
0 0.8784749635119726 0.4260176054732041 0.8671787491448119 0.4229326408209806 0.8631296818700115 0.451743251995439 0.8763929669327252 0.4554044629418472 0.8784749635119726 0.4260176054732041
0 0.7766002371721779 0.07712997035347777 0.8154510718358038 0.08348947662485746 0.8205743819840365 0.04703523375142531 0.7794645803876853 0.045454724059293045 0.7766002371721779 0.07712997035347777
0 0.02326880843785633 0.8994202212086658 0.03954399771949829 0.9032065131128849 0.044998061573546175 0.8643988358038768 0.02947815165336374 0.8640179885974915 0.02326880843785633 0.8994202212086658
0 0.047008114025085514 0.8628841527936146 0.049735036488027365 0.8434810889395667 0.03739846180159635 0.8417472964652224 0.03541524515393387 0.8558586157354617 0.047008114025085514 0.8628841527936146
0 0.02842064652223489 0.83718782668187 0.011967183580387685 0.8351752371721778 0.009901550741163055 0.8498729806157355 0.027018342075256555 0.8516790045610034 0.02842064652223489 0.83718782668187