0 0.13693709578107183 0.6776674389965792 0.23300213911060433 0.6657811049030787 0.23332676396807295 0.612066984036488 0.1334219714937286 0.6215021904218928 0.13693709578107183 0.6776674389965792
0 0.14685891904218928 0.04499259064994299 0.07920257468643101 0.04315610718358039 0.0681603740022805 0.08010335803876853 0.14417506841505132 0.08762071379703536 0.14685891904218928 0.04499259064994299
0 0.15194932497149372 0.18998918015963512 0.16977650513112882 0.23463750855188142 0.2021328221208666 0.2187118597491448 0.1847720125427594 0.1728204732041049 0.15194932497149372 0.18998918015963512
0 0.2806410399087799 0.20449639224629418 0.3325175575826682 0.16981822462941848 0.3175454606613455 0.1409736590649943 0.2668263797035348 0.17815863740022805 0.2806410399087799 0.20449639224629418
0 0.4024314857468643 0.34080629418472064 0.38966483694412773 0.31590435689851765 0.33815112428734323 0.337023449258837 0.3443413751425314 0.36182318472063857 0.4024314857468643 0.34080629418472064
0 0.27375910604332954 0.3775905404789054 0.2809912827822121 0.4066531550741163 0.3328988403648803 0.37793564538198404 0.3208032976054732 0.35941885062713796 0.27375910604332954 0.3775905404789054
0 0.3970305929304447 0.6700133352337514 0.4287359030786773 0.6535590900798176 0.4148461220068415 0.6321719304446979 0.38469961801596353 0.6492416077537059 0.3970305929304447 0.6700133352337514
0 0.44923936374002277 0.6782433044469783 0.44072895324971495 0.6654204526795896 0.41008206271379705 0.6805694116305587 0.419150558722919 0.6987020775370582 0.44923936374002277 0.6782433044469783
0 0.45175652223489166 0.6851367023945267 0.41722268985176736 0.7030807069555302 0.42722735803876855 0.718730038768529 0.4619780798175599 0.6971842565564424 0.45175652223489166 0.6851367023945267
0 0.07555683922462941 0.9173275553021665 0.04452340022805017 0.9378871858608894 0.04929757468643101 0.9833104196123147 0.09742611288483466 0.9549916716077537 0.07555683922462941 0.9173275553021665
0 0.31223571949828965 1 0.33631345381984035 0.9954914435575826 0.3303198563283923 0.978228062713797 0.2997055427594071 0.9880066978335234 0.299963401368301 1 0.31223571949828965 1