0 0.5497115701254276 0.8400556488027365 0.5531040296465222 0.8212103033067274 0.40577326795895097 0.7770514675028507 0.3998727274800456 0.7947401425313569 0.5497115701254276 0.8400556488027365
0 0.5571457958950969 0.8142229840364881 0.5592332964652224 0.7943223249714937 0.41833749714937285 0.7488901265678449 0.40747750969213226 0.7733703477765109 0.5571457958950969 0.8142229840364881
0 0.41588240250855185 0.7425872257696694 0.5627466305587229 0.787987567844926 0.5702105074116306 0.7681172770809579 0.41946072633979475 0.7255102645381984 0.41588240250855185 0.7425872257696694
0 0.5663901071835804 0.7601699578107183 0.5712113272519954 0.7435578118586088 0.4268330535917902 0.6990886567844926 0.42375230216647664 0.720884771949829 0.5663901071835804 0.7601699578107183
0 0.5776152474344356 0.7363237913340934 0.58284265336374 0.7178810342075257 0.4365673683010262 0.6724187936145952 0.42526081299885976 0.6954753945267959 0.5776152474344356 0.7363237913340934
0 0.5819406100342075 0.7149938825541619 0.5940664025085518 0.6940365860889395 0.43840816761687573 0.6501559817559863 0.43603497035347777 0.670193503990878 0.5819406100342075 0.7149938825541619
0 0.5893765541619156 0.6891626088939568 0.5948813557582668 0.6677087366020524 0.457062007981756 0.6231456602052451 0.44797694184720643 0.6474723215507411 0.5893765541619156 0.6891626088939568
0 0.5951616978335234 0.6646957388825542 0.6036220957810718 0.642931221208666 0.4636857423033067 0.6009771619156214 0.4594239977194983 0.6228974047890536 0.5951616978335234 0.6646957388825542
0 0.6052060068415052 0.6409752554161916 0.610681503990878 0.6248929350057013 0.4711496191562144 0.5811068722919042 0.46183561117445837 0.6004002052451539 0.6052060068415052 0.6409752554161916
0 0.8277727844925884 0.9408550262257697 0.8417908836944127 0.8129358574686432 0.7820620239452679 0.8013202793614596 0.7693677856328393 0.9276344640820982 0.8277727844925884 0.9408550262257697
0 0.9674151505131129 0.9118636693272519 0.972369275940707 0.8624344196123148 0.9186383135689852 0.8454169863169897 0.9090857309007981 0.9022172850627138 0.9674151505131129 0.9118636693272519
0 0.56099330672748 0.9587547571265678 0.5967358449258837 0.8273597879133409 0.5493453660205245 0.8138503728620295 0.5170705644241733 0.9469971505131128 0.56099330672748 0.9587547571265678
0 0.2662944618015964 0.659897 0.18636317331813 0.6492123135689851 0.16943240820980615 0.7494043603192703 0.2594241607753706 0.7620984503990877 0.2662944618015964 0.659897
0 0.21111161459521097 0.9698820592930444 0.21373031014823263 0.9379945849486887 0.15981211060433298 0.9305413055872293 0.1572567046750285 0.9630160057012542 0.21111161459521097 0.9698820592930444
0 0.10897019954389967 0.9239555929304446 0.1137945085518814 0.8960123010262258 0.06890906157354618 0.8921359977194984 0.07074424743443557 0.923797299885975 0.10897019954389967 0.9239555929304446