0 0.8837858973774231 0.7493674047890535 0.9214363751425313 0.7130138768529076 0.8844226465222348 0.67181957354618 0.8478738369441278 0.7103768198403648 0.8837858973774231 0.7493674047890535
0 0.8177460068415051 0.7640172565564425 0.8398856180159635 0.7349143671607754 0.8117546066134549 0.7083247423033067 0.785784283922463 0.7405916966932725 0.8177460068415051 0.7640172565564425
0 0.7096819475484607 0.8951094469783353 0.7168617183580388 0.8791955370581528 0.676600229190422 0.8585930136830103 0.6688709201824401 0.8803599429874572 0.7096819475484607 0.8951094469783353
0 0.5764036602052451 0.6415678061573545 0.5357214629418472 0.6848601117445837 0.5816873397947548 0.7215924104903079 0.5992657388825542 0.6970053090079817 0.6110908129988598 0.7049894184720639 0.6241733990877993 0.6945816111744584 0.5764036602052451 0.6415678061573545
0 0.7372783819840364 0.5117026602052451 0.774436622576967 0.5474251071835804 0.7993740798175598 0.5171735085518814 0.7718095324971495 0.49349808779931587 0.7372783819840364 0.5117026602052451
0 0.8993570045610034 0.4408816716077537 0.9193309304446978 0.42550673546180157 0.8959549623717218 0.401622 0.8764435393386545 0.41448758152793613 0.8993570045610034 0.4408816716077537
0 0.9317028369441277 0.4176581128848346 0.9458544857468643 0.40341491220068415 0.9230925815279362 0.37336218700114027 0.907463992018244 0.3875900433295325 0.9317028369441277 0.4176581128848346
0 0.7260275290763968 0.30460540364880273 0.7454677434435576 0.2802612645381984 0.7062077924743444 0.24615707639680728 0.6853076385404789 0.2656436624857469 0.7260275290763968 0.30460540364880273
0 0.8580741584948688 0.39325884378563286 0.8769297012542759 0.3690267628278221 0.853683701254276 0.3426989042189282 0.8363906909920182 0.36692809920182445 0.8580741584948688 0.39325884378563286
0 0.41391181185860887 0.10094940478905359 0.4460408255416191 0.1418834732041049 0.4664983557582668 0.13760290992018243 0.44087339794754843 0.08421461345496009 0.41391181185860887 0.10094940478905359
0 0.048158176738882556 0.2772908779931585 0.07629905245153934 0.2573041322690992 0.05154519156214367 0.2218924047890536 0.020867515393386545 0.24569740820980618 0.048158176738882556 0.2772908779931585
0 0.09726004104903078 0.5205791927023945 0.11677122690992019 0.5494507981755986 0.14363466248574688 0.5291074982896237 0.1190246408209806 0.49911157810718354 0.09726004104903078 0.5205791927023945
0 0.17435789965792475 0.4602281596351197 0.1874636716077537 0.49034325883694413 0.21611616191562144 0.4811446009122007 0.20364991448118586 0.4430435621436716 0.17435789965792475 0.4602281596351197
0 0.44667949372862026 0.8881650935005702 0.46438879817559864 0.8611315028506271 0.42375650969213224 0.8448366898517674 0.41246072063854045 0.871225298745724 0.44667949372862026 0.8881650935005702
0 0 0.5119877525655644 0.014351602052451538 0.53548682668187 0.03425645724059293 0.5291982622576967 0.01664340364880274 0.4975382451539339 0 0.5065610478905359 0 0.5119877525655644
0 0.45950082896237177 0.8390968323831243 0.46663004561003424 0.8104922166476626 0.44679890992018245 0.7986205598631698 0.4313505085518814 0.8285398301026226 0.45950082896237177 0.8390968323831243
0 0.5069493842645382 0.909112417331813 0.5152784595210946 0.8959994196123147 0.4846258072976055 0.8844182554161916 0.4787586396807298 0.9046119030786773 0.5069493842645382 0.909112417331813
0 0.22152671835803878 0.3391598072976055 0.23390513568985177 0.3748600581527936 0.24823453933865453 0.37086657012542756 0.23515968871151655 0.33469523717217786 0.22152671835803878 0.3391598072976055
0 0.27995116989737745 0.35683667046750284 0.2666203454960091 0.3255555895096921 0.2526444287343215 0.32827223261117444 0.264365889395667 0.36107586773090083 0.27995116989737745 0.35683667046750284
0 0.5522040935005701 0.2186303740022805 0.5726624104903079 0.19953210376282782 0.5461487194982896 0.17504755530216648 0.5271002690992018 0.19296448004561004 0.5522040935005701 0.2186303740022805
0 0.5233166168757126 0.3591315803876853 0.5315163215507411 0.3484647742303307 0.5025607434435576 0.3238484241733181 0.49287357240592927 0.3338970706955531 0.5233166168757126 0.3591315803876853
0 0.5205223876852908 0.3176351505131129 0.5226809042189281 0.3247763660205245 0.5452638221208665 0.34458121208665904 0.5567145416191562 0.3350970615735462 0.5299742656784493 0.3094468289623717 0.5205223876852908 0.3176351505131129
0 0.7513408722919042 0.29182176738882554 0.7376099384264538 0.3144528631698974 0.7653202337514253 0.3326545940706956 0.7801554846066134 0.31071772748004556 0.7513408722919042 0.29182176738882554