0 0.35226599543899656 0.3025058472063854 0.2992526476624857 0.2939601550741163 0.2962922816419612 0.34515715735461805 0.3411686750285063 0.3554722782212087 0.35226599543899656 0.3025058472063854
0 0.6829310228050172 0.02925247092360319 0.6753111208665906 0.08298863511972633 0.6891314367160776 0.08785146408209805 0.6961165074116306 0.03294924287343216 0.6829310228050172 0.02925247092360319
0 0.6922549361459521 0.09814090992018244 0.6776284846066134 0.09835462143671607 0.6705175233751425 0.14969656670467502 0.6872825541619156 0.15386401368301025 0.6922549361459521 0.09814090992018244
0 0.6609470193842645 0.0172451984036488 0.6445548791334094 0.018114681870011404 0.642282409350057 0.055028976054732046 0.6561250649942988 0.060486700114025085 0.6609470193842645 0.0172451984036488
0 0.3448865518814139 0.06571132383124287 0.358448574686431 0.06850534435575827 0.3653730410490308 0.011822903078677309 0.35226882554161915 0.010498176738882554 0.3448865518814139 0.06571132383124287
0 0.31435045724059296 0.05786755302166477 0.3298075496009122 0.06415850285062714 0.34143143329532494 0.00612373204104903 0.3265812588369441 0.005751143671607753 0.31435045724059296 0.05786755302166477
0 0.2870597411630559 0.16843421436716077 0.24949506271379704 0.16083432383124288 0.24959302394526794 0.19766584150513114 0.2795451550741163 0.20553156784492588 0.2870597411630559 0.16843421436716077
0 0.11408147776510832 0.057730192702394524 0.0778535849486887 0.055727684150513115 0.07249296807297605 0.08918514823261117 0.10602302736602053 0.09752004332953249 0.11408147776510832 0.057730192702394524
0 0.28148317559863173 0.6204541927023945 0.22842719156214367 0.611314314709236 0.22134045838084376 0.7143447137970353 0.27621219726339796 0.7219343409350057 0.28148317559863173 0.6204541927023945
0 0.1579960205245154 0.47415752451539334 0.1465127628278221 0.4751510763968073 0.14703430900798173 0.5410808494868871 0.16081323717217788 0.5447584629418473 0.1579960205245154 0.47415752451539334
0 0.1670092953249715 0.6048444515393386 0.13909039908779933 0.6025517856328392 0.13799152223489167 0.6560602314709236 0.1594990285062714 0.6600636316989738 0.1670092953249715 0.6048444515393386
0 0.12399652337514253 0.5965436431014823 0.09387089395667048 0.5993795530216648 0.09306620410490309 0.627330913340935 0.12068778677309007 0.6364662497149373 0.12399652337514253 0.5965436431014823
0 0.2167556385404789 0.7869864720638541 0.16059378905359178 0.7779566168757127 0.15638733067274802 0.8259295188141391 0.21411771835803878 0.8304487605473204 0.2167556385404789 0.7869864720638541
0 0.07730208095781071 0.8387911402508552 0.06848948232611174 0.8753412725199544 0.12996357012542759 0.8850767890535918 0.13564819498289624 0.8438845553021666 0.07730208095781071 0.8387911402508552
0 0.26309167388825544 1 0.2715417172177879 0.9621202155074117 0.25835461687571265 0.9584219361459521 0.24781963740022803 1 0.26309167388825544 1
0 0.2334717890535918 1 0.23991459064994297 0.9572835404789053 0.22255773432155074 0.9531367594070695 0.21867260661345497 1 0.2334717890535918 1
0 0.4536083443557583 0.8087180456100342 0.4353544161915621 0.8090584310148233 0.4270997377423033 0.8616301026225769 0.44155493956670466 0.8676605461801596 0.4536083443557583 0.8087180456100342