0 0.2263846887115165 0 0.22770939452679592 0.030529086659064994 0.2714476077537058 0.03144977309007982 0.26597547434435576 0 0.2263846887115165 0
0 0.24771102850627139 0.12438385176738882 0.2585268677309008 0.1813474503990878 0.29485420524515393 0.17592130672748005 0.29138973432155074 0.1180892086659065 0.24771102850627139 0.12438385176738882
0 0.22479525769669328 0.16279380045610034 0.22156625769669325 0.12624811060433297 0.18365931356898518 0.13405648004561002 0.19336853819840363 0.17523386088939566 0.22479525769669328 0.16279380045610034
0 0.679050802736602 0.1110223181299886 0.6807930262257696 0.07346370353477764 0.6237535667046751 0.07491013683010263 0.6228748369441276 0.10512909350057013 0.679050802736602 0.1110223181299886
0 0.9355361425313569 0.08198009464082097 0.9349887810718357 0.06266289167616876 0.8956957605473204 0.05643948802736602 0.8993783854047891 0.08254004446978336 0.9355361425313569 0.08198009464082097
0 0.9715788962371722 0.3933788209806157 0.973813377423033 0.3564977411630559 0.9239622371721778 0.36001289509692136 0.9275781664766248 0.394115598631699 0.9715788962371722 0.3933788209806157
0 0.9783785507411631 0.46051754846066134 0.9780815062713797 0.4244378164196123 0.9454399988597492 0.42936566704675033 0.9455971744583809 0.46253297491448114 0.9783785507411631 0.46051754846066134
0 0.8255366202964652 0.42730198859749147 0.822243070695553 0.39494938768529075 0.7615872371721779 0.40215885974914484 0.7714400364880274 0.4405319885974915 0.8255366202964652 0.42730198859749147
0 0.7087178380843785 0.5727557833523376 0.7037965165336374 0.5203263625997719 0.6649948517673888 0.526192732041049 0.6718550535917902 0.5796648597491448 0.7087178380843785 0.5727557833523376
0 0.07507437286202966 0.3072397251995439 0.08706879703534778 0.3415699783352337 0.13989081870011402 0.32879620980615737 0.13245879817559864 0.2941064982896237 0.07507437286202966 0.3072397251995439
0 0.2822064446978335 0.35445961231470924 0.27993142873432153 0.3270727947548461 0.21697779703534775 0.3374034275940707 0.23012831242873433 0.3720354367160775 0.2822064446978335 0.35445961231470924
0 0.16366384036488027 0.3969416134549601 0.15987803192702393 0.3639114766248575 0.10056796237172179 0.3721029384264538 0.10498117901938427 0.4068650456100342 0.16366384036488027 0.3969416134549601
0 0.13103053249714935 0.5118877537058153 0.12116118129988598 0.48690343671607755 0.08650532155074116 0.49506061915621435 0.09784473774230332 0.5240476237172178 0.13103053249714935 0.5118877537058153
0 0.1971123922462942 0.6184449429874572 0.18675323147092363 0.5813710969213227 0.15092465564424176 0.6007280273660205 0.15781342417331815 0.6350421949828963 0.1971123922462942 0.6184449429874572
0 0.7561394047890536 1 0.7583983215507412 0.9992217765108324 0.753747913340935 0.9678549908779931 0.7030303842645381 0.9730347924743443 0.7070436111744585 1 0.7561394047890536 1
0 0.6870315860889395 0.8197574310148233 0.6804345496009122 0.789284630558723 0.6466324401368301 0.797744724059293 0.6528463797035349 0.8306263124287344 0.6870315860889395 0.8197574310148233
0 0.8818524971493729 0.7587264937286203 0.8745776807297606 0.7287474960091219 0.8348185324971493 0.7368636556442417 0.8448720478905358 0.7682762383124287 0.8818524971493729 0.7587264937286203
0 0.8561903808437856 0.7006106134549601 0.8524972109464082 0.6669955803876852 0.8199016020524516 0.6678381277080958 0.8245173340935006 0.7070048939566704 0.8561903808437856 0.7006106134549601
0 0.27554894184720635 0.04351015849486887 0.24168732497149376 0.04475492246294185 0.23723708779931585 0.06146605587229191 0.2782196738882554 0.058909735461801595 0.27554894184720635 0.04351015849486887
0 0.38583281413911064 0.9868894218928165 0.43105411972633983 0.9936183112884835 0.42615998289623713 0.9562093204104903 0.3875144526795895 0.9572943740022805 0.38583281413911064 0.9868894218928165
0 0.0938243842645382 0.7354115667046751 0.08537294184720638 0.716657007981756 0.034955957810718356 0.7465078802736602 0.048460917901938426 0.7637199304446978 0.0938243842645382 0.7354115667046751
0 0.07355125997719497 0.715385787913341 0.06379937970353478 0.7048318848346636 0.01619516875712657 0.7321256647662485 0.02503795781071836 0.7465015974914482 0.07355125997719497 0.715385787913341