0 0.11432765450399088 0.20464220182440138 0.07249339224629418 0.22181771379703533 0.09444161003420753 0.2570741630558723 0.13063425313568985 0.24079316875712659 0.11432765450399088 0.20464220182440138
0 0.35355001596351193 0.14084277879133408 0.3386223865450399 0.1048140250855188 0.2861094549600912 0.1168862850627138 0.2974328563283922 0.16232578221208666 0.35355001596351193 0.14084277879133408
0 0.11084250057012543 0.3557368494868871 0.08889414709236032 0.3204819566704675 0.049218339794754845 0.3447899190421893 0.06840678677309009 0.3798049201824401 0.11084250057012543 0.3557368494868871
0 0.43840801026225773 0.5538524538198404 0.46185768415051315 0.5878490330672748 0.49403027822120865 0.5698298027366021 0.46290288141391106 0.528214763968073 0.43840801026225773 0.5538524538198404
0 0.7472273979475486 0.6642096556442418 0.7772418084378564 0.6390548608893957 0.7392142075256556 0.59683613340935 0.7068003021664767 0.6176135758266819 0.7472273979475486 0.6642096556442418
0 0.8949574093500571 0.1201508038768529 0.8650637901938426 0.14392493272519954 0.8794546681870011 0.17018692702394528 0.9104879099201824 0.14928869099201825 0.8949574093500571 0.1201508038768529
0 0.2747183090079817 0.8034372645381983 0.2855718985176739 0.82244303990878 0.3257841847206386 0.8079049498289624 0.3056324515393387 0.7839182725199544 0.2747183090079817 0.8034372645381983
0 0.7990701265678449 0.2464931961231471 0.7851616009122007 0.21471788711516535 0.7598906316989738 0.2333424982896237 0.7737992941847206 0.26511625199543903 0.7990701265678449 0.2464931961231471
0 0.9467074230330673 0.641380488027366 0.9480339600912201 0.6262180935005701 0.8863418494868872 0.6319317639680729 0.8958147742303306 0.6508167468643102 0.9467074230330673 0.641380488027366
0 0.5158840433295324 0.6856392371721779 0.4953566545039909 0.6977321117445838 0.5190458118586089 0.7289734515393387 0.5306908791334094 0.72304865336374 0.5158840433295324 0.6856392371721779
0 0.4861774743443557 0.6913735210946408 0.4742910935005701 0.7000565336374002 0.5037982075256556 0.744307574686431 0.5173048711516534 0.7329885610034207 0.4861774743443557 0.6913735210946408
0 0.4603019407069555 0.7168904196123147 0.49688404218928167 0.7756492291904219 0.5073897594070695 0.766845424173318 0.4738087411630559 0.7055698494868872 0.4603019407069555 0.7168904196123147