0 0.6603383785632839 0.6428539703534777 0.6752878517673888 0.6864063010262258 0.7258949486887115 0.6781106088939566 0.7118546681870012 0.6262809418472064 0.6603383785632839 0.6428539703534777
0 0.9439924469783353 0.2561377423033067 0.890121125427594 0.26882339110604336 0.8964019304446978 0.2820596944127708 0.9490472269099203 0.2688645769669327 0.9439924469783353 0.2561377423033067
0 0.8246634595210947 0.27756233751425313 0.8305605005701254 0.29379990992018246 0.8808778905359179 0.2813612086659065 0.879561550741163 0.2667925438996579 0.8246634595210947 0.27756233751425313
0 0.9207860877993158 0.29878855530216647 0.9276608643101483 0.3119848905359179 0.964135401368301 0.305866275940707 0.9632866750285063 0.2894730478905359 0.9207860877993158 0.29878855530216647
0 1 0.5848995324971494 0.9995751607753707 0.5828610570125428 0.9439270364880274 0.5956725188141392 0.9481233683010262 0.6088681915621437 1 0.5963029942987457 1 0.5848995324971494
0 1 0.6084921539338654 0.9512438665906499 0.6237022770809578 0.9591160604332952 0.638417109464082 1 0.6241739726339794 1 0.6084921539338654
0 0.8158991094640821 0.6884668380843786 0.8268525974914481 0.7174326955530217 0.8634925872291904 0.7136801778791334 0.8520077514253135 0.6771156887115165 0.8158991094640821 0.6884668380843786
0 0.9414569372862029 0.8497481140250855 0.9532510182440136 0.8822232588369441 0.9859648620296465 0.8733947502850626 0.9801864766248575 0.8375746374002281 0.9414569372862029 0.8497481140250855
0 0.3026736339794755 0.7457603261117446 0.3159573432155074 0.7995381391106042 0.4176825655644242 0.7817206180159635 0.40304689623717216 0.7299106579247435 0.3026736339794755 0.7457603261117446
0 0.4909413990877993 0.8420071949828962 0.49603915621436717 0.8553262269099201 0.561662275940707 0.848953377423033 0.5614500581527936 0.8374291710376283 0.4909413990877993 0.8420071949828962
0 0.3764052565564424 0.8553668768529076 0.3826348734321551 0.8763380935005701 0.43573532953249716 0.8696520809578108 0.4305369042189282 0.8421257765108324 0.3764052565564424 0.8553668768529076
0 0.4039302497149373 0.8914989087799317 0.4159027833523375 0.9180142748004562 0.44361690992018243 0.9142922805017104 0.44328829874572406 0.8840352497149373 0.4039302497149373 0.8914989087799317
0 0.2012443078677309 0.8188574891676169 0.21177326111744585 0.8757992348916761 0.25904366818700114 0.8666012862029646 0.24419276738882556 0.8116909749144812 0.2012443078677309 0.8188574891676169
0 0.1960844150513113 0.8983015724059293 0.15571204104903077 0.9082608164196122 0.17182001710376285 0.968380503990878 0.20724875712656785 0.9557956522234892 0.1960844150513113 0.8983015724059293
0 0.021839730900798177 0.7897778460661345 0.023507920182440138 0.8051222941847207 0.06934816875712657 0.7882397651083239 0.06429172063854048 0.77551148004561 0.021839730900798177 0.7897778460661345
0 0.072407834663626 0.8064597799315849 0.02236867502850627 0.8194726579247434 0.023717107183580388 0.8336490684150513 0.07834618472063853 0.8232880969213227 0.072407834663626 0.8064597799315849
0 0.14046270809578107 0.5965558836944128 0.1479710969213227 0.6103015461801596 0.19939192702394526 0.5965968517673887 0.1978223922462942 0.5784073397947549 0.14046270809578107 0.5965558836944128