0 0.5868953842645382 0.4122712508551882 0.6941004948688712 0.45428935461801595 0.7144876681870012 0.39262377765108325 0.6080724675028506 0.35810247434435577 0.5868953842645382 0.4122712508551882
0 0.2980988814139111 0.4129101927023945 0.33251727594070696 0.42305456100342076 0.34809418586088936 0.3705742485746864 0.3093371596351197 0.3657824606613455 0.2980988814139111 0.4129101927023945
0 0.29632419498289625 0.30207891904218925 0.31043090877993157 0.31318218700114026 0.336726165336374 0.2691905393386545 0.3200993648802737 0.26296868187001143 0.29632419498289625 0.30207891904218925
0 0.10554014025085519 0.6464546898517674 0.15583365450399086 0.6339011584948689 0.15299900000000002 0.6063221801596351 0.09879271835803878 0.6188997035347776 0.10554014025085519 0.6464546898517674
0 0.01617207753705815 0.2557032132269099 0.09242883922462941 0.31460359407069555 0.1317577833523375 0.27152491790193845 0.04260403990877993 0.2182683238312429 0.01617207753705815 0.2557032132269099
0 0.19713369669327255 0.18800529874572408 0.23227520638540478 0.14522744127708095 0.21465474800456102 0.13328013568985178 0.1764287023945268 0.17257026795895095 0.19713369669327255 0.18800529874572408
0 0.3455226704675029 0.8245366362599773 0.36228997263397944 0.8316611185860889 0.39717313226909917 0.7585084355758267 0.37882420068415046 0.7509757548460662 0.3455226704675029 0.8245366362599773
0 0.5066362611174459 0.11262868072976054 0.5531358392246294 0.13730744355758268 0.5712450273660206 0.10821856784492588 0.5257980216647663 0.07914940820980615 0.5066362611174459 0.11262868072976054
0 0.6155211584948689 0.06250826567844926 0.650134189281642 0.061357445838084376 0.6553322748004561 0.029580137970353478 0.6216593751425314 0.023356700114025086 0.6155211584948689 0.06250826567844926
0 0.45675258950969216 0.05973888483466363 0.4379558095781072 0.08163728050171037 0.46680429874572404 0.10329615963511973 0.48192300342075256 0.08292616647662486 0.45675258950969216 0.05973888483466363
0 0.14263857354618018 0 0.14131531014823262 0.015658965792474343 0.15494141163055875 0.016611795895096922 0.15729345381984036 0 0.14263857354618018 0
0 0 0.707254976054732 0.05171097035347776 0.7048889749144812 0.05301411744583808 0.6653993078677309 0 0.6692254629418473 0 0.707254976054732
0 0.20504085062713798 0.40699814253135685 0.22949470695553023 0.4319209167616876 0.2550967525655644 0.4063319931584949 0.22515762827822122 0.3822160490307868 0.20504085062713798 0.40699814253135685