0 0.7856467331813 0.6602925917901938 0.7642487274800456 0.7101327913340936 0.8131834583808437 0.7310925655644241 0.837802590649943 0.6855622474344356 0.7856467331813 0.6602925917901938
0 0.9987793420752565 0.4667852622576967 0.9628746259977196 0.4520700114025085 0.9318684937286202 0.5162395165336374 0.9788923831242873 0.5386759851767389 0.9987793420752565 0.4667852622576967
0 1 0.8605846020524516 0.97615534663626 0.8574260855188142 0.965270409350057 0.9319880866590651 1 0.9403168734321551 1 0.8605846020524516
0 0.4175328882554162 0.6439355860889395 0.40634198973774227 0.6745935598631699 0.46254879817559863 0.6890073603192702 0.4743624789053592 0.6536903249714938 0.4175328882554162 0.6439355860889395
0 0.016523811858608895 0.6549257183580388 0.058280899657924747 0.6802773386545039 0.08879054732041049 0.6072051037628278 0.031745316989737746 0.5859628950969213 0.016523811858608895 0.6549257183580388
0 0.22857486887115167 0.9563896362599772 0.25506277309007985 0.9674786043329533 0.2758716442417332 0.9177123147092361 0.2489403055872292 0.9078710638540479 0.22857486887115167 0.9563896362599772
0 0.27184683922462943 0.9385251379703535 0.2964208802736602 0.9486558278221209 0.3161232725199544 0.8996220330672748 0.2942796442417332 0.8898046750285062 0.27184683922462943 0.9385251379703535
0 0.4478191607753706 0.7639249384264538 0.4549964606613455 0.7492990387685291 0.3438247993158495 0.7354583523375143 0.3411071197263398 0.7523136282782212 0.4478191607753706 0.7639249384264538
0 0.2681039247434435 0.6449524127708095 0.30724432155074116 0.6616600604332954 0.32249933637400224 0.6251254925883695 0.27582691106043333 0.60797465336374 0.2681039247434435 0.6449524127708095
0 0.01862508095781072 0.503467251995439 0.09478297605473203 0.500092031927024 0.10011213112884834 0.4558109429874572 0.01873505245153934 0.45564268529076396 0.01862508095781072 0.503467251995439
0 0.11303319954389966 0.4733482314709236 0.14655232383124286 0.4686343922462942 0.14692004561003422 0.4375122862029647 0.1072184298745724 0.4405939783352337 0.11303319954389966 0.4733482314709236
0 0.2337094709236032 0.5499688620296466 0.2375785393386545 0.5327596921322691 0.18295997605473202 0.5215370558722919 0.1731433945267959 0.5390278323831244 0.2337094709236032 0.5499688620296466
0 0.15046074458380843 0.4030126898517674 0.21387986088939567 0.39821369897377423 0.21121622690992017 0.37164811060433295 0.15243934435575826 0.3752788985176739 0.15046074458380843 0.4030126898517674
0 0.2057757753705815 0.2396428118586089 0.1884023842645382 0.2686686385404789 0.24557310262257698 0.29093285974914485 0.25743297377423036 0.25354318244013685 0.2057757753705815 0.2396428118586089
0 0.22312996237172178 0.34687717787913336 0.23743404446978336 0.3074698996579247 0.16154966932725198 0.2886998460661345 0.14414899543899656 0.3248114994298746 0.22312996237172178 0.34687717787913336
0 0.7986700011402509 0.5373736100342076 0.865114551881414 0.5620868278221208 0.8687555245153934 0.5478919863169897 0.8057131630558724 0.524091259977195 0.7986700011402509 0.5373736100342076
0 0.924098850627138 0.4042406385404789 0.9113301242873433 0.4171633911060433 0.9838553204104904 0.4475512998859749 0.9910507103762828 0.433072732041049 0.924098850627138 0.4042406385404789
0 0.9930686214367161 0.42027516875712656 0.9924343819840366 0.4078016750285063 0.9486463911060433 0.38734655758266817 0.9434033831242874 0.400673921322691 0.9930686214367161 0.42027516875712656
0 0.7927035267958952 0.025938581527936145 0.7776323523375143 0.07858647548460661 0.8122401151653363 0.0949061197263398 0.829210134549601 0.035798980615735464 0.7927035267958952 0.025938581527936145
0 0.9093622098061573 0.0381704503990878 0.9500725986316989 0.06279263283922464 0.944217157354618 0.015103892816419613 0.9201546670467503 0.006703443557582668 0.9093622098061573 0.0381704503990878
0 0.5609385553021664 0.15539387913340935 0.5384342611174459 0.20596812314709234 0.5778711961231471 0.21778284720638538 0.6008257537058153 0.16842687343215507 0.5609385553021664 0.15539387913340935
0 0.2701866795895097 0.09188863625997719 0.3089043135689852 0.10028113683010262 0.3244501288483466 0.06610212542759407 0.28449076168757126 0.05248135917901939 0.2701866795895097 0.09188863625997719
0 0.5189154857468643 0.49522638768529076 0.5467865518814139 0.5127211003420753 0.5646157525655644 0.4776635153933866 0.5349656989737742 0.46516818472063853 0.5189154857468643 0.49522638768529076