0 0.41500882326111743 0.835324464082098 0.4095214127708096 0.7979411242873432 0.3469806795895097 0.8050219509692131 0.34984488369441274 0.8429650900798176 0.41500882326111743 0.835324464082098
0 0.3402091927023946 0.9423174424173318 0.33344789395667046 0.8994311448118586 0.29409763283922463 0.9102464127708096 0.3002083432155074 0.9453980957810719 0.3402091927023946 0.9423174424173318
0 0 0.14112667388825542 0.030318564424173317 0.14316906727480047 0.030629022805017104 0.10427255302166477 0 0.10142575940706955 0 0.14112667388825542
0 0.19483313911060432 0.182190330672748 0.18291401824401368 0.21422543899657925 0.2333066647662486 0.23975094754846066 0.24560991676168759 0.2035363078677309 0.19483313911060432 0.182190330672748
0 0.17019232269099202 0.08381942417331813 0.17201610490307867 0.03777268415051311 0.125459488027366 0.04348911744583808 0.12829123603192702 0.0665518597491448 0.17019232269099202 0.08381942417331813
0 0.4407389418472064 0.11674664310148233 0.4458054686431015 0.15801019954389967 0.4786631003420752 0.1527809464082098 0.4722004629418472 0.10989103534777651 0.4407389418472064 0.11674664310148233
0 0.6179210513112884 0.15662425541619157 0.5929111436716077 0.17704786887115165 0.614198015963512 0.20913973432155075 0.6382686043329533 0.18105316419612313 0.6179210513112884 0.15662425541619157
0 0.7791604538198403 0.34924897377423036 0.761574606613455 0.36923644583808435 0.7815078836944128 0.3878553477765108 0.8062180980615735 0.36986294184720636 0.7791604538198403 0.34924897377423036
0 0.7542877286202965 0.6143908996579248 0.7308321584948688 0.5865733158494869 0.7098713272519954 0.6180499201824401 0.7271275393386545 0.6416619806157355 0.7542877286202965 0.6143908996579248
0 0.6622150900798176 0.13736543101482326 0.654231244013683 0.1210496134549601 0.6119124914481185 0.14180543329532497 0.6240416282782212 0.15288012428734324 0.6622150900798176 0.13736543101482326
0 0.649764873432155 0.10903405245153934 0.6419055370581528 0.09862993842645383 0.6036424150513113 0.11828643101482327 0.6092152645381984 0.12956949942987459 0.649764873432155 0.10903405245153934
0 0.2887965940706955 0.25807028848346636 0.2717233489167617 0.23107634663625998 0.24187798631698973 0.2608385496009122 0.2563425507411631 0.2812025530216648 0.2887965940706955 0.25807028848346636
0 0.16723114937286204 0.3495878597491448 0.1368430250855188 0.33596626909920185 0.12232738540478905 0.37365054846066137 0.1502134937286203 0.38638292930444695 0.16723114937286204 0.3495878597491448
0 0 0.2639916590649943 0.021196688711516535 0.27350222805017105 0.02985377309007982 0.25874815735461804 0 0.24081735347776512 0 0.2639916590649943