0 1 0.7429988939566705 0.9809214503990877 0.7160907217787914 0.951145574686431 0.7387932029646522 0.9755642326111745 0.7651372725199544 1 0.7484308551881415 1 0.7429988939566705
0 0.8187320900798176 0.5413479224629418 0.7864552531356899 0.5494210091220069 0.7929399806157355 0.585640810718358 0.827082590649943 0.5777781584948689 0.8187320900798176 0.5413479224629418
0 0.47398837856328396 0.6643527480045609 0.5095045005701254 0.6543771003420753 0.5048296043329533 0.603825645381984 0.47110850855188147 0.6079598095781071 0.47398837856328396 0.6643527480045609
0 0.12408138084378564 0.9115592462941847 0.16938184036488027 0.9019303352337513 0.15807119726339797 0.8515737251995439 0.11812148574686432 0.8606739099201824 0.12408138084378564 0.9115592462941847
0 0.26022966248574686 0.6382295153933866 0.20419286659064995 0.6458961927023945 0.20865700456100342 0.6983118928164196 0.26033030900798176 0.6958186123147093 0.26022966248574686 0.6382295153933866
0 0.4074751174458381 0.4485214503990878 0.41853413568985176 0.5148289407069555 0.4557037445838084 0.5069282964652224 0.44549936031927023 0.4417857616875713 0.4074751174458381 0.4485214503990878
0 0.5203456282782212 0.3312734503990878 0.543096503990878 0.3840480923603193 0.590859197263398 0.36601261459521095 0.5745684743443558 0.317928582668187 0.5203456282782212 0.3312734503990878
0 0.5657170034207526 0.4476249589509692 0.6225537913340935 0.4265872645381984 0.6117932052451539 0.39309736830102626 0.5577482223489167 0.42156542303306727 0.5657170034207526 0.4476249589509692
0 0.4937220581527936 0.10891536944127707 0.49381413797035345 0.12648325085518813 0.5460104207525656 0.10932323261117445 0.5460776020524515 0.0953603945267959 0.4937220581527936 0.10891536944127707
0 0.5040906134549601 0.08059705245153934 0.5092940193842646 0.09650981071835804 0.5428555302166477 0.0887690763968073 0.5353371448118586 0.0733883181299886 0.5040906134549601 0.08059705245153934
0 0.3929081060433295 0.11154575028506271 0.3830476727480046 0.08086285404789054 0.3608532633979476 0.08924966590649944 0.3677595051311288 0.12174097719498289 0.3929081060433295 0.11154575028506271
0 0.342724582668187 0.09249761801596351 0.3369135895096921 0.0737188677309008 0.29632975256556443 0.08841058494868871 0.2998703454960091 0.10221198517673888 0.342724582668187 0.09249761801596351
0 0.3340483340935006 0.07308990649942987 0.33147020752565565 0.056684622576966937 0.3025922394526796 0.06646171607753705 0.30613250741163056 0.08026158836944128 0.3340483340935006 0.07308990649942987
0 0.21570989167616875 0.15462560319270238 0.2144534686431015 0.16584928050171036 0.2336036898517674 0.17027059179019385 0.23678550285062713 0.15382626909920183 0.21570989167616875 0.15462560319270238
0 0.217166503990878 0.17432191790193843 0.21606143329532496 0.19340461459521094 0.26944092474344356 0.18751519726339794 0.27742972748004563 0.1736880125427594 0.217166503990878 0.17432191790193843