0 0.6857309657924744 0.6998005381984036 0.7030357525655645 0.6664627844925883 0.6551107343215508 0.6426347981755987 0.6368490307867731 0.6782287582668186 0.6857309657924744 0.6998005381984036
0 0.6390650387685292 1 0.6417458574686431 0.996499165336374 0.6125866738882554 0.9756449771949829 0.5936412166476625 1 0.6390650387685292 1
0 0.4967254161915622 0.9954943500570125 0.5286081368301027 0.947913291904219 0.455129267958951 0.9146276123147092 0.42825102964652223 0.959078 0.4967254161915622 0.9954943500570125
0 0.3741001824401369 0.9138200535917903 0.3022877502850627 0.8813994629418472 0.2745748643101482 0.9311295974914481 0.3478679680729761 0.9655881573546181 0.3741001824401369 0.9138200535917903
0 0.23334947776510834 0.8422186989737742 0.25674367502850626 0.7894015267958951 0.1805475142531357 0.7580900752565565 0.15116535005701254 0.8069530900798175 0.23334947776510834 0.8422186989737742
0 0.8972855210946408 0.40788537628278226 0.8708842189281641 0.4531200296465222 0.903904676168757 0.46857268985176737 0.9302602155074117 0.41983145610034206 0.8972855210946408 0.40788537628278226
0 1 0.33032247548460664 0.9808404424173317 0.32441610148232614 0.957949905359179 0.3550657035347777 0.9941190136830103 0.3734216670467502 1 0.35739605929304447 1 0.33032247548460664
0 1 0.15145155416191564 0.9788669122006841 0.13949949144811857 0.9631663648802737 0.17790054047890536 1 0.19345139224629418 1 0.15145155416191564
0 0.7901620843785633 0.2700873055872292 0.7799397457240593 0.2871846134549601 0.8275512725199544 0.3205829486887115 0.8337660387685291 0.3041275587229191 0.7901620843785633 0.2700873055872292
0 0.8948214538198404 0.1387789521094641 0.9027576887115165 0.11902569555302167 0.8533184561003421 0.10097255644241733 0.8438639429874573 0.11510978449258837 0.8948214538198404 0.1387789521094641
0 0.7757104743443558 0.18483953477765108 0.791710992018244 0.14834007297605473 0.7621160456100342 0.13403269327251996 0.7431752622576967 0.17011866818700114 0.7757104743443558 0.18483953477765108
0 0.4368554629418472 0.41701755302166477 0.4705751436716078 0.35784837856328394 0.39190965564424174 0.3231400672748005 0.35379022919042186 0.37783621322690997 0.4368554629418472 0.41701755302166477
0 0.30293677194982893 0.35162230558722923 0.3321916077537058 0.30165547206385407 0.26985509806157354 0.2701345678449259 0.24235557696693272 0.32230310148232616 0.30293677194982893 0.35162230558722923
0 0.2820097651083238 0.10609607753705816 0.24102889851767387 0.08397067046750285 0.21399379247434433 0.13320700456100343 0.25086982326111745 0.15468068757126568 0.2820097651083238 0.10609607753705816
0 0.1694508802736602 0.24932481071835805 0.1876828597491448 0.2120207708095781 0.12049950513112885 0.18454299429874574 0.10458226225769669 0.22050669897377423 0.1694508802736602 0.24932481071835805
0 0.1408633842645382 0.09961898859749145 0.17063755530216648 0.046363215507411626 0.14141414139110603 0.029710076396807297 0.110176913340935 0.09030546408209805 0.1408633842645382 0.09961898859749145
0 0 0.5918451801596352 0.0258565062713797 0.6037059703534778 0.050959010262257694 0.5533773010262257 0.005923022805017104 0.5283885302166477 0 0.5419227525655644 0 0.5918451801596352
0 0.19407720410490306 0.6517916248574687 0.23154088939566705 0.580360298745724 0.19839865108323831 0.5618810125427595 0.16073174914481186 0.6364931470923603 0.19407720410490306 0.6517916248574687
0 0.14533801596351198 0.6179220205245154 0.17222351653363738 0.5601414640820981 0.13716509007981756 0.5461694754846066 0.1113304629418472 0.5992028540478905 0.14533801596351198 0.6179220205245154
0 0.10452520068415051 0.6592494230330673 0.12647442645381984 0.6250542269099202 0.10555300114025085 0.6091116784492587 0.08571953021664766 0.643252810718358 0.10452520068415051 0.6592494230330673
0 0.07859044697833524 0.6749797514253135 0.052771992018244014 0.7222177457240593 0.10236523489167616 0.7469095222348917 0.12609636488027365 0.6995560763968073 0.07859044697833524 0.6749797514253135
0 0.3922573876852908 0.5334936419612315 0.4020567126567845 0.5171693648802737 0.3544392417331813 0.4951951242873432 0.34606626795895096 0.5101048027366021 0.3922573876852908 0.5334936419612315
0 0.6160219828962371 0.18726043101482326 0.633580070695553 0.1542111676168757 0.617338881413911 0.1447762006841505 0.6051918164196124 0.17592351881413912 0.6160219828962371 0.18726043101482326