0 0.19398371835803876 0 0.21645246750285063 0.049566402508551884 0.24685752679589512 0.041189949828962374 0.23280434549600912 0 0.19398371835803876 0
0 0.27627084606613456 0 0.28372978221208667 0.0364757354618016 0.3490863397947549 0.028269361459521095 0.3371957286202965 0.0010581995438996579 0.3321069498289624 0 0.27627084606613456 0
0 0.5023358084378563 0.15365384150513114 0.500131810718358 0.19570862827822122 0.5750154732041048 0.19630980957810718 0.5723797035347776 0.15130549942987456 0.5023358084378563 0.15365384150513114
0 0.588873740022805 0.6466115929304447 0.5604191904218928 0.728950865450399 0.8233639304446978 0.7942439988597492 0.8424746476624858 0.7154831128848347 0.588873740022805 0.6466115929304447
0 0.9548404367160775 0.49328436830102623 0.9061885461801596 0.48452299201824406 0.9016522725199544 0.5075483876852908 0.9490170946408211 0.5249855427594071 0.9548404367160775 0.49328436830102623
0 0.914449157354618 0.9463366567844925 0.9204704492588369 0.8790924435575826 0.8525734937286203 0.872210810718358 0.8443794834663626 0.9332640775370581 0.914449157354618 0.9463366567844925
0 0.7093601288483466 0.873015141391106 0.6047724925883695 0.8594415952109464 0.5999778859749145 0.9271037058152793 0.705712558722919 0.9426149384264538 0.7093601288483466 0.873015141391106
0 0.038367054732041043 0.3027822189281642 0.032593901938426456 0.2620523808437856 0.012053876852907638 0.26484685404789055 0.009622216647662486 0.3112456784492589 0.038367054732041043 0.3027822189281642
0 0.0758442086659065 0.6280393751425314 0.09246377537058154 0.6047240980615736 0.05348690649942987 0.5860648836944127 0.040302144811858606 0.6152836408209806 0.0758442086659065 0.6280393751425314
0 0 0.8210106453819841 0.045234769669327254 0.841479913340935 0.05163838312428734 0.8251880376282782 0 0.8024309213226909 0 0.8210106453819841
0 0 0.7856838768529076 0.04558869441277081 0.8082450763968072 0.05315915165336374 0.7961700478905359 0 0.7666465553021664 0 0.7856838768529076
0 0 0.7540550319270238 0.052571684150513116 0.7808980592930445 0.06006804789053592 0.7702069874572406 0.0007869965792474345 0.7366162348916762 0 0.7374122976054732 0 0.7540550319270238
0 0.5187549714937286 0.8330426704675029 0.5103156545039909 0.8616965096921323 0.5967546499429874 0.8800830752565564 0.5967465575826681 0.8537559464082098 0.5187549714937286 0.8330426704675029