0 0.16627997491448118 0.2844748301026226 0.1330872006841505 0.2990271824401369 0.15297188369441275 0.3319474606613455 0.18091685860889395 0.31386361573546184 0.16627997491448118 0.2844748301026226
0 0.0718594047890536 0.3445767867730901 0.0390532086659065 0.3681607582668187 0.057015733181299884 0.39726049372862027 0.09150306955530217 0.3746007913340935 0.0718594047890536 0.3445767867730901
0 0.0877655267958951 0.48544180387685293 0.047828710376282786 0.5013149201824402 0.07015561687571266 0.5387178061573547 0.10612322690992018 0.5186311197263398 0.0877655267958951 0.48544180387685293
0 0.12649333523375142 0.47451760775370583 0.09956441847206385 0.4770310969213227 0.11407195096921323 0.5172174127708096 0.1342204583808438 0.5041536476624857 0.12649333523375142 0.47451760775370583
0 0.2839198472063854 0.36655143557582665 0.1671735872291904 0.4306656054732041 0.1777314982896237 0.4664660171037628 0.297323322690992 0.3986774971493729 0.2839198472063854 0.36655143557582665
0 0.20343316647662485 0.5372839418472064 0.2569349714937286 0.5132453033067275 0.2433867753705815 0.48229789167616877 0.19290468871151653 0.4988077970353478 0.20343316647662485 0.5372839418472064
0 0.33797421322690996 0.5255853580387685 0.2885141128848347 0.5459390889395668 0.30096622120866595 0.5736333603192703 0.34659111630558725 0.5577187616875713 0.33797421322690996 0.5255853580387685
0 0.17494970467502852 0.8277401972633979 0.19388700342075257 0.7977448050171038 0.1573976761687571 0.7831043717217788 0.14149222348916762 0.8152162805017104 0.17494970467502852 0.8277401972633979
0 0.4733480661345496 0 0.4852732964652223 0.017757579247434437 0.5216603443557583 0 0.4733480661345496 0
0 0.3811693409350057 0.7706118472063854 0.3798810068415051 0.7835276750285063 0.4329217434435576 0.7900402588369442 0.4351736328392246 0.7765721174458381 0.3811693409350057 0.7706118472063854
0 0.3322887833523375 0.6059807970353478 0.32116848802736603 0.6478281220068415 0.3613147080957811 0.6521608232611174 0.36851691106043327 0.6130044982896238 0.3322887833523375 0.6059807970353478