0 0.8019123637400228 0.9667293888255416 0.834847488027366 0.9831375598631699 0.8658103717217788 0.9155181676168758 0.835688889395667 0.8971772805017104 0.8019123637400228 0.9667293888255416
0 0.9659417958950969 0.7417098084378564 0.9293383717217788 0.7460063717217787 0.9362391505131129 0.7976691391106043 0.9708896830102622 0.790800945267959 0.9659417958950969 0.7417098084378564
0 0.8491283603192702 0.7002665541619156 0.8292063318129989 0.7054725769669327 0.8360077776510833 0.7547622919042188 0.8628381106043329 0.7465186784492588 0.8491283603192702 0.7002665541619156
0 0.4935657183580388 0.840788157354618 0.4690956898517674 0.8159081607753706 0.4434630193842645 0.8481688836944128 0.47117419726339793 0.8782285370581527 0.4935657183580388 0.840788157354618
0 0.41937962941847207 0.9439668483466362 0.433093905359179 0.9563301049030787 0.4673020741163056 0.9176743101482326 0.4520537149372862 0.9068794287343216 0.41937962941847207 0.9439668483466362
0 0.44272689623717215 0.9587980843785633 0.47449072291904215 0.9868616545039909 0.4893051288483466 0.9634918004561003 0.46097900456100344 0.941193716077537 0.44272689623717215 0.9587980843785633
0 0.04447405473204105 0.7947584047890536 0.03408675256556443 0.8232473272519953 0.06616384606613454 0.8459433956670467 0.0824752314709236 0.8058472736602053 0.04447405473204105 0.7947584047890536
0 0.3918292793614595 0.15760916989737742 0.40745598289623713 0.1157636716077537 0.33357210034207524 0.08871839110604332 0.31851273432155075 0.12637220296465224 0.3918292793614595 0.15760916989737742
0 0.9530251790193843 0.4272658141391106 0.9893464116305587 0.42892968757126565 0.987078921322691 0.37404971151653366 0.9480758141391106 0.3781763192702395 0.9530251790193843 0.4272658141391106
0 0.6037846510832383 0.06504411402508552 0.5877539783352338 0.09918144127708095 0.6227951539338655 0.11042543671607753 0.6320883306727479 0.07604664196123147 0.6037846510832383 0.06504411402508552
0 0.8290349224629419 0.06751036830102622 0.7796504184720638 0.06593498175598632 0.7784199977194983 0.09780868415051311 0.8262538050171038 0.10511370467502851 0.8290349224629419 0.06751036830102622
0 0.02037410148232611 0.9018539692132269 0.024936507411630556 0.9093457708095781 0.060745367160775374 0.8506881676168757 0.025824603192702394 0.824276457240593 0.017018058152793614 0.8378168506271381 0.02037410148232611 0.9018539692132269
0 0.46347483922462945 0.15325982212086658 0.4057374834663626 0.1396378928164196 0.3865226054732041 0.19237204218928164 0.44728106727480044 0.21831993728620297 0.46347483922462945 0.15325982212086658