0 0.516147944127708 0.7105543762827823 0.44669053933865455 0.6785550171037629 0.4133014948688712 0.7789071812998859 0.47723775142531355 0.8076316328392247 0.516147944127708 0.7105543762827823
0 0.29649146636259976 0.9665182862029646 0.3247927286202965 0.9165999509692132 0.2815145678449259 0.8962965051311289 0.24845296921322693 0.9461420011402508 0.29649146636259976 0.9665182862029646
0 0.1996221470923603 0.8709398597491448 0.2130008700114025 0.8369243044469783 0.18688369327251994 0.8264127035347777 0.17245774002280503 0.8574633785632838 0.1996221470923603 0.8709398597491448
0 0.28228451881413913 0.23596218129988597 0.3055215416191562 0.18581482326111745 0.2514758255416191 0.16429355074116306 0.22621554161915622 0.2155123283922463 0.28228451881413913 0.23596218129988597
0 0.3572636031927024 0.061334695553021665 0.32462420980615736 0.05116647434435576 0.2918389418472064 0.11762965792474343 0.327191574686431 0.1341896385404789 0.3572636031927024 0.061334695553021665
0 1 0.7500645404789054 0.9262946362599772 0.7482359110604333 0.9236350775370582 0.8733356088939567 1 0.8650838301026227 1 0.7500645404789054
0 0.6790208939566704 0.9253574583808438 0.6302775176738883 0.9142510809578107 0.6126354378563285 0.952004259977195 0.6654673010262258 0.961708803876853 0.6790208939566704 0.9253574583808438
0 0.7497818369441277 0.7156229327251995 0.7591012679589509 0.6835662588369441 0.7252759190421894 0.6734586259977194 0.7156865153933865 0.7060363922462941 0.7497818369441277 0.7156229327251995
0 1 0.4974957776510832 0.993141709236032 0.4978552052451539 0.9634705940706956 0.555670117445838 1 0.5624752314709236 1 0.4974957776510832
0 0.4557492588369441 0.12532742873432154 0.47538060775370583 0.06880691904218929 0.4128475005701254 0.044166192702394524 0.3829384275940707 0.09741073204104904 0.4557492588369441 0.12532742873432154
0 0.2994000399087799 0.5454984458380844 0.26663494982896235 0.5329616818700114 0.24053020296465222 0.5907571049030786 0.2775995769669327 0.6060395496009121 0.2994000399087799 0.5454984458380844
0 0.9043638654503992 0.13126470467502852 0.9640626955530216 0.13585910490307868 0.9696598472063854 0.09517447890535918 0.9108349372862029 0.09588066590649943 0.9043638654503992 0.13126470467502852
0 0.8572260775370582 0.7633635997719498 0.893938953249715 0.7775460079817561 0.911692354618016 0.7248696761687571 0.8784273888255416 0.7141396738882554 0.8572260775370582 0.7633635997719498