0 0.15007812770809578 0.17808198403648803 0.180866 0.15396814823261118 0.15760326339794756 0.12514700912200685 0.13008453249714938 0.14591837058152793 0.15007812770809578 0.17808198403648803
0 0.30283654161915624 0.3822744082098062 0.33403852793614597 0.3660698301026226 0.31266384834663624 0.3128639007981756 0.2813300125427594 0.33446824287343213 0.30283654161915624 0.3822744082098062
0 0.21436432725199542 0.466757354618016 0.24353643443557585 0.44838771265678445 0.23087111858608894 0.424449732041049 0.20003556328392244 0.4467464310148233 0.21436432725199542 0.466757354618016
0 0.17571250969213228 0.569671535917902 0.24788567730900798 0.526327023945268 0.2338770490307868 0.49974054275940705 0.16501734435575827 0.5427665290763968 0.17571250969213228 0.569671535917902
0 0.22760233751425313 0.6071578608893956 0.25701300456100346 0.5840070068415051 0.23880350057012542 0.5367853694412771 0.20366247662485745 0.5595287172177879 0.22760233751425313 0.6071578608893956
0 0.2071671220068415 0.6204376362599773 0.23105430216647663 0.6764998107183581 0.26538741163055873 0.6596431014823261 0.24070929418472062 0.6046472816419612 0.2071671220068415 0.6204376362599773
0 0.05910125655644242 0.854788141391106 0.08875498859749145 0.837106330672748 0.07136116875712657 0.8020851254275941 0.03700824857468643 0.826171669327252 0.05910125655644242 0.854788141391106
0 0.5299236157354619 0.8558095404789055 0.49404252565564427 0.8711874800456101 0.5237812360319269 0.9385324868871151 0.5572264526795895 0.9239308563283923 0.5299236157354619 0.8558095404789055
0 0.51612130672748 0.817804157354618 0.4809630969213227 0.8393402417331813 0.49479941049030784 0.8634847012542759 0.5273436978335233 0.8472169395667047 0.51612130672748 0.817804157354618
0 0.6175681459521094 0.7555050022805018 0.6533784868871151 0.7371000399087799 0.6209927035347776 0.6813480604332953 0.5872745587229191 0.7022305290763968 0.6175681459521094 0.7555050022805018
0 0.708297921322691 0.7950165815279362 0.7469318836944128 0.7777124093500569 0.7360238677309008 0.751069740022805 0.7009983876852908 0.7611723603192703 0.708297921322691 0.7950165815279362
0 0.9288983979475485 0.41609490535917903 0.9093557947548461 0.4174738802736602 0.9210651071835804 0.48103532269099203 0.9378694925883694 0.4782691619156214 0.9288983979475485 0.41609490535917903
0 0.6193749053591789 0.02780554047890536 0.5253088072976055 0.08507556898517674 0.5477112839224629 0.12218575484606614 0.6143463557582668 0.08630546180159636 0.630453803876853 0.1180852976054732 0.6613801003420753 0.10002496579247434 0.6193749053591789 0.02780554047890536
0 0.44494062713797033 0.46219596123147094 0.4634900969213227 0.49380348232611176 0.49985281299885975 0.4791133762827822 0.48064940250855187 0.44437600000000005 0.44494062713797033 0.46219596123147094
0 0.4310944811858609 0.37655140820980615 0.385788393386545 0.3975023808437856 0.40062146750285066 0.42966200798175597 0.44390975028506274 0.40744928962371724 0.4310944811858609 0.37655140820980615
0 0.5748417400228051 0.594227661345496 0.5140129350057013 0.5835019019384264 0.5071076887115166 0.6329303090079818 0.5635333352337514 0.6419753090079817 0.5748417400228051 0.594227661345496