0 0.5387221368301026 0.3083357708095781 0.575792229190422 0.3016286670467503 0.5591238415051312 0.18760726111744583 0.5233017708095781 0.19543808779931585 0.5387221368301026 0.3083357708095781
0 0.521478913340935 0.6140368517673888 0.5914112417331813 0.5996571698973774 0.588360314709236 0.5527869840364881 0.5108276795895097 0.5666731345496009 0.521478913340935 0.6140368517673888
0 0.5941494549600912 0.6405902725199545 0.6001307856328393 0.6867107525655644 0.6699992417331813 0.6711421596351197 0.6633331470923602 0.6232707423033067 0.5941494549600912 0.6405902725199545
0 0.13043813112884833 0.5309462839224629 0.18094510604332956 0.5199644663625999 0.17898496123147092 0.482562669327252 0.12409775940706956 0.4958581516533637 0.13043813112884833 0.5309462839224629
0 0.8327117833523375 0.3756746396807297 0.870748503990878 0.36475179475484604 0.8608428620296465 0.2890711858608894 0.8207799692132269 0.2953374401368301 0.8327117833523375 0.3756746396807297
0 0.7541024538198403 0.2017973158494869 0.8076970102622577 0.19303507297605474 0.7990052759407069 0.11788697491448119 0.7408914868871151 0.12956473204104904 0.7541024538198403 0.2017973158494869
0 0.5655739555302166 0.2200125370581528 0.5726149122006842 0.2750069087799316 0.5879973614595211 0.27152207753705815 0.5839378152793615 0.2190501277080958 0.5655739555302166 0.2200125370581528
0 0.47526624515393384 0.11758756898517674 0.5062873580387685 0.10881922006841505 0.5012720410490308 0.08110152793614596 0.46874886887115164 0.08667536031927024 0.47526624515393384 0.11758756898517674
0 0.10002122462941848 0.13189755074116305 0.08648947776510832 0.1343919771949829 0.09028910148232612 0.1728880661345496 0.10696983580387685 0.16903791220068415 0.10002122462941848 0.13189755074116305
0 0.0799405598631699 0.14545144127708096 0.0640728244013683 0.1486628574686431 0.07251639224629419 0.1851303078677309 0.08611734549600912 0.1790601698973774 0.0799405598631699 0.14545144127708096
0 0.21247070011402508 0.18077156670467504 0.1757116795895097 0.19341427366020522 0.18008562257696692 0.22146286202964652 0.21991843443557585 0.20955247548460662 0.21247070011402508 0.18077156670467504
0 0.24567924515393388 0.12307167844925884 0.22778394184720638 0.12162970695553021 0.2416500182440137 0.20483992474344354 0.25976347776510833 0.19912942531356898 0.24567924515393388 0.12307167844925884
0 0.22750170809578107 0.15021959635119725 0.2110394754846066 0.1534621698973774 0.2197803717217788 0.21402364196123147 0.23797114139110606 0.20265290193842644 0.22750170809578107 0.15021959635119725
0 0.6824022531356898 0.1370939543899658 0.7000022348916762 0.2802362006841505 0.7268979441277081 0.2704933614595211 0.7100570410490308 0.13207254503990878 0.6824022531356898 0.1370939543899658
0 0.7938236841505131 0.4723674002280502 0.7972792953249714 0.5156442930444698 0.8130567651083238 0.5106507833523375 0.806638031927024 0.4675291801596351 0.7938236841505131 0.4723674002280502
0 0.7555013854047891 0.5231911231470924 0.7719635359179019 0.5199469908779931 0.7643916488027367 0.47748194982896236 0.7442520992018243 0.4785374196123147 0.7555013854047891 0.5231911231470924