0 1 0.4458512405929304 0.9640405153933865 0.4515817582668187 0.9726889749144811 0.5107332405929305 1 0.5099205883694413 1 0.4458512405929304
0 0.7864377924743444 0.6022172063854048 0.7134450741163055 0.5966757172177879 0.7137787537058153 0.6400652383124288 0.7868643557582669 0.6450202873432155 0.7864377924743444 0.6022172063854048
0 0.5739823637400229 0.2817599315849487 0.5242845815279361 0.28562526111744585 0.5308301083238313 0.35046309350057014 0.5835692748004561 0.3473816282782212 0.5739823637400229 0.2817599315849487
0 0.5094021687571265 0.5189146305587229 0.47841736259977197 0.5221321527936146 0.48313192816419614 0.5644105017103762 0.5188784709236032 0.5586360877993158 0.5094021687571265 0.5189146305587229
0 0.4462038882554162 0.440286763968073 0.41325653249714933 0.4443989156214367 0.4225843135689852 0.5030568403648803 0.4536424218928164 0.4965398517673888 0.4462038882554162 0.440286763968073
0 0.5151377309007982 0.7328963409350057 0.48074081299885973 0.7349738677309008 0.48669143443557583 0.7732336031927024 0.516516818700114 0.77073417331813 0.5151377309007982 0.7328963409350057
0 0.34808961687571266 0.30918200684150515 0.31526745381984034 0.30849844811858607 0.3183173694412771 0.34991041049030785 0.35122792474344355 0.3430840877993159 0.34808961687571266 0.30918200684150515
0 0.2110186510832383 0.3979209703534778 0.1743512576966933 0.3981328472063854 0.18700679361459518 0.45852330330672747 0.22078292816419615 0.45002745610034206 0.2110186510832383 0.3979209703534778
0 0.3030127879133409 0.40045414823261116 0.24437546636259977 0.4110302098061574 0.2526718472063854 0.44966147662485745 0.30812440935005697 0.44460042189281646 0.3030127879133409 0.40045414823261116
0 0.444583102622577 0.22876180729760545 0.4249369338654504 0.22655188711516533 0.4193297571265679 0.25816867388825543 0.43039683922462946 0.264134330672748 0.444583102622577 0.22876180729760545
0 0.4545925005701254 0.3134104116305587 0.4434891151653364 0.3179718061573546 0.4575874709236032 0.38822027480045607 0.47309861459521096 0.38887038084378567 0.4545925005701254 0.3134104116305587
0 0.28683755872291905 0.06473742987457241 0.22910806499429875 0.07515511858608895 0.23588770923603194 0.11956716305587228 0.29316430900798174 0.11058062029646522 0.28683755872291905 0.06473742987457241
0 0.2635534218928164 0.19136175712656786 0.27114182554161914 0.22687197149372865 0.3253030581527936 0.21859746978335234 0.31527755416191566 0.18330240820980617 0.2635534218928164 0.19136175712656786
0 0.10414145724059294 0.5188309201824401 0.08935179361459522 0.5176907696693273 0.09750669441277082 0.576162929304447 0.11018136488027366 0.5757642143671607 0.10414145724059294 0.5188309201824401
0 0.08060072291904219 0.5196158141391106 0.06572213454960091 0.5265881938426453 0.07548486659064994 0.5786944367160776 0.09242067502850627 0.5741550809578106 0.08060072291904219 0.5196158141391106
0 0.11448951083238312 0.8003563831242874 0.07909199087799315 0.8061844948688712 0.09118054275940707 0.881531330672748 0.122547496009122 0.8768698757126567 0.11448951083238312 0.8003563831242874
0 0.07576222462941848 0.8231126431014822 0.0370021322690992 0.8368369486887116 0.05243862485746865 0.891045709236032 0.08557434321550741 0.8752267069555302 0.07576222462941848 0.8231126431014822
0 0.10512859179019383 0.8765187605473204 0.08525759635119726 0.884807614595211 0.08981480501710376 0.9318749965792474 0.11363023033067275 0.92180469327252 0.10512859179019383 0.8765187605473204
0 0.0792735929304447 0.880548763968073 0.05499726111744584 0.8938587274800456 0.07220072976054732 0.9369112394526796 0.08869849942987457 0.938923078677309 0.0792735929304447 0.880548763968073
0 0.3895897913340935 0.9342129828962372 0.3326997274800456 0.9378424766248574 0.33180655188141395 0.9738159589509693 0.3890455427594071 0.9726479167616875 0.3895897913340935 0.9342129828962372
0 0.10260072177879134 0.10778549486887115 0.09039428392246293 0.1091632622576967 0.09326893386545039 0.1403152394526796 0.1081020535917902 0.14146068985176738 0.10260072177879134 0.10778549486887115