0 0.6830016841505131 0.6811019703534777 0.6514532542759408 0.6628739087799316 0.6265587913340935 0.7354573842645382 0.6652759897377423 0.7411670638540478 0.6830016841505131 0.6811019703534777
0 0.8669733409350057 0.7338001949828963 0.822146465222349 0.7154089247434435 0.8026022428734322 0.7633257023945268 0.8552222941847206 0.7786953397947548 0.8669733409350057 0.7338001949828963
0 0.9176808266818701 0.7624074857468642 0.9022046134549601 0.8077882576966933 0.9451105575826682 0.8239915484606614 0.9540609908779932 0.7779455644241733 0.9176808266818701 0.7624074857468642
0 0.9416605005701255 0.16280571265678448 0.9070592212086659 0.20386408551881413 0.9180721083238312 0.21568258266818702 0.955477070695553 0.17577564538198404 0.9416605005701255 0.16280571265678448
0 0.9764177012542758 0.19254821436716077 0.9656480752565565 0.18259 0.9287514241733181 0.22169163283922463 0.9386740969213226 0.23420550741163057 0.9764177012542758 0.19254821436716077
0 1 0.08910201938426454 0.9704165803876853 0.0833515849486887 0.9471299657924743 0.11910900456100341 0.9705822953249715 0.1478621961231471 1 0.11276727137970353 1 0.08910201938426454
0 0.916779858608894 0.07292566248574686 0.8985287924743444 0.09212086431014822 0.927761638540479 0.11292632155074116 0.9518086100342075 0.07973456214367161 0.916779858608894 0.07292566248574686
0 0.08783180729760548 0 0.07403552907639681 0.07097570011402508 0.1585496431014823 0.07046582326111744 0.1624782497149373 0 0.08783180729760548 0
0 0.09393895895096921 0.2472305005701254 0.05877895438996579 0.22890369099201824 0.046145336374002276 0.2860285644241733 0.08549082896237173 0.3000276157354618 0.09393895895096921 0.2472305005701254
0 0.15668917217787914 0.09248411630558723 0.12245446750285062 0.09429923717217788 0.11935445496009121 0.12877871265678448 0.15573915963511975 0.1316171425313569 0.15668917217787914 0.09248411630558723
0 0.17994344469783355 0.08490702850627138 0.17562452109464083 0.1258046567844926 0.21828140820980615 0.1304655450399088 0.2165759589509692 0.09565843671607753 0.17994344469783355 0.08490702850627138
0 0.1915320433295325 0.7349727126567844 0.17972303762827824 0.7272335062713796 0.1728936488027366 0.7588710433295325 0.1872578369441277 0.7631769076396807 0.1915320433295325 0.7349727126567844
0 0.2174695222348917 0.707351842645382 0.20265246408209808 0.7026571094640821 0.1940704344355758 0.7666165712656784 0.2032587867730901 0.7711244903078677 0.2174695222348917 0.707351842645382
0 0.22554894754846067 0.6938007491448118 0.21145438312428733 0.7787661824401368 0.22146266704675027 0.7770824184720638 0.23839243101482327 0.6993215838084379 0.22554894754846067 0.6938007491448118
0 0.25891129874572405 0.7027051858608895 0.2434129486887115 0.7015071995438996 0.23027960889395668 0.7763768061573547 0.2430339236031927 0.7812754458380844 0.25891129874572405 0.7027051858608895
0 0.2637379851767389 0.71211148004561 0.2510655644241733 0.7804171870011403 0.2670334618015964 0.7823113044469783 0.27735660775370585 0.7105246305587228 0.2637379851767389 0.71211148004561
0 0.10631907297605474 0.8932159988597491 0.1328794401368301 0.915314976054732 0.163624425313569 0.8859067080957811 0.13489657582668188 0.858245078677309 0.10631907297605474 0.8932159988597491