0 0.7443254720638541 0.4660209407069555 0.7317631482326111 0.4173012531356899 0.6801196909920182 0.42543689965792475 0.6893866522234892 0.4741141231470924 0.7443254720638541 0.4660209407069555
0 0.952102921322691 0.6966133523375142 0.8127000592930445 0.6915898426453819 0.8117428004561003 0.747129865450399 0.9511730832383125 0.7523766978335235 0.952102921322691 0.6966133523375142
0 0.3762816875712657 1 0.36786315963511973 0.9711984846066135 0.30775208323831243 0.978579197263398 0.31505427137970354 1 0.3762816875712657 1
0 0 0.46100997149372863 0.014664615735461801 0.5209064640820981 0.047966660205245155 0.5144246510832383 0.03421640478905359 0.4365291379703535 0 0.4417867651083239 0 0.46100997149372863
0 0.479012488027366 0.3466096989737742 0.5317622326111745 0.33774000912200686 0.5223326556442417 0.30479045838084384 0.4721574777651083 0.31514023375142536 0.479012488027366 0.3466096989737742
0 0.6117464675028507 0.472725102622577 0.6122318916761688 0.41821431698973777 0.5763570216647662 0.42321740706955535 0.5792730775370581 0.47132687913340937 0.6117464675028507 0.472725102622577
0 0.27473229418472067 0.3393809977194983 0.2653750763968073 0.307020771949829 0.23398591676168756 0.31446570467502855 0.24204375712656787 0.345987409350057 0.27473229418472067 0.3393809977194983
0 0.308556157354618 0.7756309589509692 0.3011323329532497 0.734656842645382 0.26215431698973773 0.7436317787913341 0.26948453591790195 0.7814075245153934 0.308556157354618 0.7756309589509692
0 0.060488354618015966 0.6164056659064994 0.043138884834663625 0.5676739828962372 0.013155706955530215 0.5719536636259978 0.02094726225769669 0.6207947274800456 0.060488354618015966 0.6164056659064994
0 0.96031834663626 0.1564688015963512 0.9535871607753705 0.10164768529076397 0.783424007981756 0.12673013112884834 0.7952333306727479 0.18392034777651084 0.96031834663626 0.1564688015963512
0 0.852758030786773 0.04341882326111744 0.8463474355758267 0.010696799315849487 0.7815202155074117 0.01865658038768529 0.7901542976054732 0.059743417331812994 0.852758030786773 0.04341882326111744
0 0.7988474595210946 0.8321145632839224 0.7836275655644241 0.7520066647662487 0.7356129236031926 0.7507204652223489 0.7492572508551881 0.8301764549600912 0.7988474595210946 0.8321145632839224