0 0.9374619954389966 0.8442802770809579 0.9339748574686432 0.8107817548460662 0.8966896989737743 0.8150065313568985 0.8983669395667047 0.8485210045610034 0.9374619954389966 0.8442802770809579
0 0.8382374606613454 0.9188234025085519 0.8440460615735461 0.9424825678449259 0.8720224367160776 0.9370445108323832 0.8691280399087798 0.9128188825541619 0.8382374606613454 0.9188234025085519
0 0.34762033751425314 0.9698070900798175 0.3504916670467503 0.9550171698973775 0.2841780433295325 0.9654909635119727 0.28457999657924743 0.9768940877993159 0.34762033751425314 0.9698070900798175
0 0.9487708928164197 0.5430441322690992 0.9457004549600911 0.5257004070695553 0.8832855324971494 0.5468960353477765 0.8842872998859749 0.5551614355758266 0.9487708928164197 0.5430441322690992
0 0.8256049566704675 0.34661127594070695 0.7647953044469784 0.3511794846066134 0.7684572770809579 0.4042479521094641 0.8306591961231471 0.40061883808437854 0.8256049566704675 0.34661127594070695
0 0.4655370433295325 0.4764239327251995 0.37438600342075257 0.49293376624857466 0.3777932611174458 0.5291330900798176 0.47151892588369443 0.5103098027366021 0.4655370433295325 0.4764239327251995
0 0.90301765336374 0.13962958722919042 0.9036295233751426 0.17856251995439 0.945673432155074 0.17703713797035348 0.9396433888255417 0.14134763283922464 0.90301765336374 0.13962958722919042
0 0.8869481755986317 0.20165569441277081 0.895649101482326 0.16863250057012544 0.8316396510832383 0.16294629532497149 0.8259647103762827 0.19909802166476626 0.8869481755986317 0.20165569441277081
0 0.618650732041049 0.23568382782212086 0.6214757263397948 0.20198502736602053 0.5815368950969213 0.2018930889395667 0.5778688802736601 0.23281898631698975 0.618650732041049 0.23568382782212086
0 0.6808035438996579 0.11667549372862031 0.6931007924743443 0.05391345267958951 0.5830336054732042 0.03844671949828962 0.5714571402508551 0.10958448916761689 0.6808035438996579 0.11667549372862031
0 0 0.16115419156214367 0.029358646522234893 0.1617823432155074 0.03027607183580388 0.12292938882554161 0 0.12136342531356897 0 0.16115419156214367
0 0.21331027137970351 0.3815294675028506 0.20981346750285065 0.39621334777651085 0.26942195553021664 0.39792088369441275 0.2690536510832383 0.38046736488027366 0.21331027137970351 0.3815294675028506
0 0.03092140935005701 0.6054671425313569 0.030570570125427597 0.5694329749144812 0.006098091220068415 0.5729818084378563 0.01334197605473204 0.6102483648802737 0.03092140935005701 0.6054671425313569
0 0.21082545724059293 0.5741217423033067 0.21559245724059295 0.5908746408209806 0.29057118244013685 0.5720709863169897 0.2874816088939567 0.5624000102622577 0.21082545724059293 0.5741217423033067
0 0.038663099201824404 0.3792318164196123 0.037034932725199546 0.35063743899657923 0.003020831242873432 0.35301984378563284 0.009715523375142532 0.3843492976054732 0.038663099201824404 0.3792318164196123
0 0.04304524287343216 0.4002283033067275 0.005907323831242874 0.39898706043329535 0.004051738882554162 0.43922891562143673 0.04447768871151653 0.43560335689851765 0.04304524287343216 0.4002283033067275
0 0.2693624857468643 0.2420274047890536 0.16866874344355756 0.24522123033067275 0.16930122690992017 0.2904837092360319 0.26831632725199545 0.2833216499429875 0.2693624857468643 0.2420274047890536
0 0.8674706556442416 0.2726070057012543 0.8626962223489169 0.2589276191562144 0.8295590877993159 0.26426574686431015 0.8340221242873432 0.27789901596351196 0.8674706556442416 0.2726070057012543
0 0.2611737993158495 0.13299763283922464 0.2610889281641961 0.1185499441277081 0.16780438540478906 0.12097210148232612 0.16736326339794755 0.13737323147092362 0.2611737993158495 0.13299763283922464