0 0.8193494230330672 0.23547695210946407 0.810584645381984 0.27671198745724057 0.8251070809578107 0.27979882554161917 0.8367259714937286 0.2397758700114025 0.8193494230330672 0.23547695210946407
0 0.7989295188141392 0.22870691220068415 0.7790548072976056 0.22509102394526798 0.7689321071835804 0.2727145849486887 0.7893367468643102 0.2709815781071836 0.7989295188141392 0.22870691220068415
0 0.20383334435575826 0.9459721767388826 0.29193810262257697 0.965670645381984 0.30202574572405927 0.9219245256556443 0.21943144355758265 0.8982984184720639 0.20383334435575826 0.9459721767388826
0 0.1687786202964652 0.9394922896237172 0.20291868871151653 0.9445637309007981 0.2228914047890536 0.8786988631698974 0.1886859977194983 0.8686967115165337 0.1687786202964652 0.9394922896237172
0 0.12365730558722919 0.851839362599772 0.10023034207525656 0.9249219030786774 0.14612380501710376 0.9346768597491447 0.16426287343215507 0.8589512086659065 0.12365730558722919 0.851839362599772
0 0.01541271835803877 0.9068933603192701 0.10436983694412771 0.9254375701254276 0.11510977537058154 0.8749101334093501 0.02812896009122007 0.8527797023945267 0.01541271835803877 0.9068933603192701
0 0 0.8336789908779931 0.002960283922462942 0.8340740136830102 0.019159709236031927 0.7749963876852908 0 0.7724893124287343 0 0.8336789908779931
0 0.7454482793614595 0.4631816852907639 0.755583614595211 0.4726217913340935 0.7984409726339795 0.3727722611174458 0.7830706727480046 0.3661666214367161 0.7454482793614595 0.4631816852907639
0 0.7430657457240594 0.622928748004561 0.756847496009122 0.6295002383124289 0.776174290763968 0.5246491311288484 0.7642117423033068 0.5205888757126568 0.7430657457240594 0.622928748004561
0 0.7368716351197264 0.5663738095781072 0.7465354800456101 0.5180457001140251 0.7311853740022806 0.5159969635119727 0.7204454355758266 0.5665244013683011 0.7368716351197264 0.5663738095781072
0 0.6516188916761688 1 0.6548270820980616 0.9841674549600913 0.6326006408209806 0.9855132269099203 0.6311458084378563 1 0.6516188916761688 1