0 0.29164038312428736 0.1306058905359179 0.40014646180159635 0.12274216761687572 0.3919300729760547 0.03003136944127708 0.28041437058152796 0.03206380273660205 0.29164038312428736 0.1306058905359179
0 0.7975296602052451 0.9033873762827822 0.7929829019384265 0.8448088460661346 0.6756414241733181 0.851403157354618 0.6778996921322691 0.9064617776510833 0.7975296602052451 0.9033873762827822
0 0.47408490079817556 0.9286317046750284 0.41039026339794754 0.9284345359179019 0.4141125940706955 0.9680379429874573 0.4784253477765108 0.9653346180159635 0.47408490079817556 0.9286317046750284
0 0.62976965336374 0.9586932383124287 0.6271775062713797 0.9023496191562145 0.574517597491448 0.9044979555302166 0.5835454937286203 0.9576936636259977 0.62976965336374 0.9586932383124287
0 0.8114857194982895 0.826306157354618 0.8048266191562143 0.7690980809578107 0.7410257457240593 0.777975566704675 0.7499933740022805 0.8257432542759406 0.8114857194982895 0.826306157354618
0 0 0.7213829144811859 0.05769209236031927 0.7200539726339795 0.04614623261117446 0.6415792155074117 0 0.6451104777651083 0 0.7213829144811859
0 0 0.5909803968072976 0.04915224287343215 0.5860357548460661 0.04304640592930444 0.5490710125427594 0 0.555489921322691 0 0.5909803968072976
0 0.2899202371721779 0.5899117491448119 0.28375135803876855 0.5503953261117446 0.21044579817559864 0.5554330798175598 0.2111286157354618 0.5893458072976054 0.2899202371721779 0.5899117491448119
0 0.3021360741163056 0.6695256944127708 0.29268765336374003 0.6511423489167617 0.22540060205245155 0.6592788244013683 0.2249746818700114 0.6741336339794755 0.3021360741163056 0.6695256944127708
0 0.6629827981755987 0.711052725199544 0.6583925404789054 0.6955230592930444 0.6253913511972634 0.6994251197263398 0.6270780592930445 0.7143360205245153 0.6629827981755987 0.711052725199544
0 0.8117171767388826 0.7281132166476625 0.812232298745724 0.7142741493728619 0.7383802485746864 0.716163865450399 0.7361217685290764 0.7282170672748005 0.8117171767388826 0.7281132166476625
0 0.6592400136830103 0.6829686647662486 0.6588371003420752 0.667722031927024 0.6216488905359179 0.6713395313568985 0.625566881413911 0.6828925256556443 0.6592400136830103 0.6829686647662486
0 0.6609337594070696 0.657858023945268 0.6608665792474344 0.6438951847206384 0.6242946328392246 0.6446133945267959 0.6237758802736603 0.6570491664766249 0.6609337594070696 0.657858023945268
0 0.659567425313569 0.6357358369441277 0.6553113717217788 0.6214896408209807 0.6401395917901939 0.6243285359179019 0.6411504583808438 0.6352795758266818 0.659567425313569 0.6357358369441277
0 0.08800253021664767 0.08483256784492588 0.07716556442417331 0.08441244241733181 0.06520284606613455 0.14069261003420752 0.09485051083238312 0.1397166282782212 0.08800253021664767 0.08483256784492588
0 0.09082711744583809 0.02727934321550741 0.08074997491448119 0.07183278677309009 0.10500339908779932 0.06910480729760547 0.09683103420752566 0.017595704675028506 0.09082711744583809 0.02727934321550741
0 0.5012725792474345 0 0.5036783511972633 0.004058510832383125 0.5421172736602052 0.003131722919042189 0.5423117103762828 0 0.5012725792474345 0
0 0.7082131299885975 0.07846112086659064 0.7052808038768529 0.04084507981755986 0.6838033774230331 0.040508248574686434 0.6852789874572406 0.07783062941847207 0.7082131299885975 0.07846112086659064