0 0.364138992018244 0.04712931698973774 0.35334676852907637 0.016995027366020522 0.2869957183580388 0.027504001140250856 0.31055511060433294 0.07363330330672749 0.364138992018244 0.04712931698973774
0 0.5671486898517674 0.2534017844925884 0.5492765290763968 0.18236205245153936 0.5087001938426454 0.19599461687571265 0.5259859156214367 0.26712723261117444 0.5671486898517674 0.2534017844925884
0 0.3482549236031927 0.5168882690992018 0.3290269771949829 0.467682566704675 0.26957955302166475 0.4970784811858609 0.28861315963511974 0.5431494287343215 0.3482549236031927 0.5168882690992018
0 0.5664705484606614 0.49613854960091225 0.549932465222349 0.46392596009122006 0.5150834526795895 0.4852130638540479 0.5277183295324971 0.5136870969213226 0.5664705484606614 0.49613854960091225
0 0.5268299908779932 0.5726820763968073 0.5110344834663626 0.545157921322691 0.4598332508551881 0.5696155473204105 0.47392543215507416 0.5996796202964653 0.5268299908779932 0.5726820763968073
0 0.7639731710376283 0.42822337058152793 0.7523795222348917 0.4006301117445838 0.7168197662485747 0.41363423489167617 0.7294248437856329 0.44570565678449264 0.7639731710376283 0.42822337058152793
0 0.413399338654504 0.7191706830102622 0.3967371984036488 0.6899803352337515 0.36546419384264534 0.703441362599772 0.37495669783352337 0.7348683261117446 0.413399338654504 0.7191706830102622
0 0.5572735370581527 0.8104912326111744 0.5387561071835804 0.7809935815279362 0.4922172212086659 0.8063817491448118 0.5037495758266819 0.84118903990878 0.5572735370581527 0.8104912326111744
0 0.5285538221208665 0.7507785108323832 0.5066046887115165 0.6996039418472063 0.4661986659064994 0.7181073318129988 0.4943770262257697 0.7706065553021665 0.5285538221208665 0.7507785108323832
0 0.2949332177879133 0.6514519498289624 0.2971869783352337 0.6390830399087799 0.25916191220068413 0.6365218118586089 0.2631311527936146 0.6558893329532497 0.2949332177879133 0.6514519498289624
0 0.4067973557582668 0.5748785473204104 0.4026224367160775 0.5599256795895097 0.3365744458380844 0.6008444526795895 0.34434372405929303 0.6099948506271379 0.4067973557582668 0.5748785473204104
0 0.21980205701254274 0.8687459270239453 0.19355590535917902 0.817049638540479 0.15191151311288484 0.8372330604332953 0.17965871949828963 0.8889178278221208 0.21980205701254274 0.8687459270239453
0 0.28635461459521094 0.7531048289623717 0.2558850661345496 0.7735464241733181 0.27953359863169897 0.8202485210946407 0.31096087457240595 0.8020582599771949 0.28635461459521094 0.7531048289623717
0 0.6968125222348918 0.8592582417331813 0.6925166328392246 0.8473271242873432 0.6402362873432155 0.8706647730900797 0.6437221961231471 0.8850829042189282 0.6968125222348918 0.8592582417331813
0 0.7060252474344355 0.8794199657924743 0.6964746111744583 0.8647157936145953 0.648257251995439 0.8928107958950968 0.6594861151653364 0.9048065906499431 0.7060252474344355 0.8794199657924743
0 0.9891900182440136 0.7709107445838084 0.9750637890535918 0.7425194675028506 0.9047851881413912 0.7738270364880273 0.9212664868871151 0.8056910923603193 0.9891900182440136 0.7709107445838084
0 1 0.7940640752565564 0.9849263751425313 0.7781907924743444 0.9383950672748005 0.803626802736602 0.9634251835803878 0.8362487970353477 1 0.8116763226909921 1 0.7940640752565564
0 1 0.7483367183580387 0.9801125963511973 0.7591943306727481 0.9941362394526796 0.7755313728620297 1 0.772978046750285 1 0.7483367183580387
0 1 0.5060639794754846 0.98380169327252 0.45946772177879136 0.9470797183580388 0.470827157354618 0.9681115678449259 0.5238112474344356 1 0.5143184002280502 1 0.5060639794754846
0 0.2788931949828963 1 0.2836062759407069 0.9979729350057013 0.28011197833523377 0.9835118358038769 0.2497849692132269 0.9991501197263397 0.25017120524515396 1 0.2788931949828963 1