0 0.8396878038768529 0.26837568301026227 0.8078929190421893 0.2928943397947548 0.8332430068415051 0.3429228950969213 0.8636626545039908 0.3182596932725199 0.8396878038768529 0.26837568301026227
0 0.9808022964652224 0.6969442189281643 0.9771657229190421 0.6547705610034208 0.9408074070695552 0.6829902976054731 0.964637070695553 0.7077826157354619 0.9808022964652224 0.6969442189281643
0 0.7924699327251995 0.47933636031927024 0.742859534777651 0.5145199635119726 0.7558242371721778 0.5367783272519955 0.8059440866590649 0.5100065564424173 0.7924699327251995 0.47933636031927024
0 0.8940220604332954 0.7839435553021665 0.8617941197263398 0.8125974116305587 0.8877949407069556 0.8431906431014824 0.927557889395667 0.8222950353477765 0.8940220604332954 0.7839435553021665
0 0.918361542759407 0.9230214834663626 0.9612520433295325 0.8829524458380844 0.9566731254275941 0.8365005997719499 0.8946767491448119 0.8968508187001141 0.918361542759407 0.9230214834663626
0 0.8091413603192703 0.9031852622576967 0.7814023226909921 0.9420612098061574 0.8140673876852907 0.9622094515393387 0.8368101037628278 0.9311682269099202 0.8091413603192703 0.9031852622576967
0 0.5611516898517674 0.9328413683010263 0.5298629851767389 0.9657730855188141 0.582446409350057 0.9949811174458381 0.6003347286202965 0.9703943922462942 0.5611516898517674 0.9328413683010263
0 0.47778649942987456 0.8920397548460661 0.4528722987457241 0.9172831721778791 0.48430683352337517 0.935910078677309 0.5038601288483466 0.9087112063854047 0.47778649942987456 0.8920397548460661
0 0.2877381527936146 0.8999268745724059 0.31345095210946405 0.9332754047890536 0.33510522690992023 0.8993310672748005 0.3085235336374002 0.8742494994298746 0.2877381527936146 0.8999268745724059
0 0.30851829304446976 0.6889730513112885 0.27990892246294186 0.6567105074116305 0.2406543511972634 0.7124862690992019 0.27426159863169897 0.7369142531356899 0.30851829304446976 0.6889730513112885
0 0.3429247822120866 0.7984599133409349 0.3760944241733181 0.7476173147092361 0.3474134720638541 0.7292798209806157 0.3119246944127708 0.7756995256556443 0.3429247822120866 0.7984599133409349
0 0.3405930798175599 0.3176117354618016 0.38651082098061573 0.2778593033067275 0.36311732041049033 0.2489321128848347 0.31900926339794755 0.28469560661345494 0.3405930798175599 0.3176117354618016
0 0.42433482554161917 0.8975656157354618 0.39579986659065 0.9307851938426455 0.4203532257696694 0.9486920022805017 0.4425155621436716 0.9231577810718358 0.42433482554161917 0.8975656157354618
0 0.5163194732041049 0.7992718540478905 0.46450367046750285 0.8553189099201824 0.4830403169897377 0.8662240695553022 0.521205244013683 0.8108302497149372 0.5163194732041049 0.7992718540478905
0 0.501354921322691 0.8168036738882554 0.514831267958951 0.8021005404789053 0.4890885644241733 0.7689468255416191 0.4754275815279362 0.785421614595211 0.501354921322691 0.8168036738882554