0 0.40765503420752564 0.3603544355758267 0.47710607753705814 0.4267759007981756 0.5452805393386545 0.3520200205245154 0.4779575096921323 0.2884384104903079 0.40765503420752564 0.3603544355758267
0 0.05402826681870011 0.17371639794754845 0.07045205359179019 0.1959753409350057 0.10366510604332954 0.17664743671607755 0.08152654389965792 0.15010007753705815 0.05402826681870011 0.17371639794754845
0 0.4701370638540479 0.5378378802736602 0.4991503500570126 0.5669953443557583 0.558544865450399 0.5165635872291905 0.5291960273660206 0.48519289167616875 0.4701370638540479 0.5378378802736602
0 0.3459324652223489 0.6687442371721779 0.3746403204104903 0.6462929224629419 0.3593640216647662 0.6216417126567846 0.3234804925883694 0.6412522041049031 0.3459324652223489 0.6687442371721779
0 0.5666918038768529 0.8642274789053592 0.5554190570125428 0.89883417331813 0.6154137388825541 0.916807046750285 0.6275660125427595 0.8815567787913342 0.5666918038768529 0.8642274789053592
0 0.4273892576966933 0.7764843420752565 0.45558468187001144 0.7587864435575826 0.426776598631699 0.7243745974914482 0.3984070307867731 0.7491062941847206 0.4273892576966933 0.7764843420752565
0 1 0.8922224982896237 0.9594455336374001 0.8769499179019383 0.9488906590649943 0.9186623546180159 1 0.9322916944127708 1 0.8922224982896237
0 0.887038598631699 0.7773593625997719 0.8653491277080958 0.8275721071835804 0.9000685655644242 0.8433341949828963 0.9235329064994299 0.7927404184720638 0.887038598631699 0.7773593625997719
0 0.7063929315849488 0.9406947537058152 0.7205925541619156 0.9036631710376283 0.666925102622577 0.8909556750285063 0.6512056362599772 0.9259681619156214 0.7063929315849488 0.9406947537058152
0 0.1813923261117446 1 0.18231940364880272 0.9913706909920182 0.12873474344355756 0.9834062223489168 0.12881154618015964 1 0.1813923261117446 1
0 0.563045354618016 0.3831537856328392 0.5663811208665906 0.37004357126567844 0.5532187502850627 0.3645255712656784 0.5463711014823261 0.38047719612314707 0.563045354618016 0.3831537856328392
0 0.5954218620296465 0.43479503990877993 0.6040663797035347 0.4198122029646522 0.5742433489167617 0.395296141391106 0.5641374789053591 0.4116109350057013 0.5954218620296465 0.43479503990877993
0 0.5750666636259977 0.4594743591790194 0.5807651698973774 0.4457306259977195 0.5525399737742304 0.42770172748004565 0.5444898164196122 0.44280389737742304 0.5750666636259977 0.4594743591790194
0 0.6129366351197264 0.45169350171037626 0.6193012576966933 0.44209033523375146 0.6087355165336373 0.4320591425313569 0.5973255176738882 0.44188164652223494 0.6129366351197264 0.45169350171037626
0 0.5385910649942988 0.47909674686431014 0.5449039019384264 0.46652684606613454 0.5328754389965792 0.4578385735461802 0.5235632166476625 0.46867930672748004 0.5385910649942988 0.47909674686431014
0 0.6547838722919042 0.5696170649942988 0.6580109840364881 0.5843926807297606 0.6915187172177879 0.581857503990878 0.6891954298745724 0.5678302896237172 0.6547838722919042 0.5696170649942988
0 0.15366086431014825 0.7444785610034207 0.15332758152793616 0.7593163249714938 0.21706974002280502 0.7538342873432154 0.2141328859749145 0.7386769828962372 0.15366086431014825 0.7444785610034207
0 0.5490758996579247 0.7055404367160776 0.5428044583808438 0.7204818517673888 0.5577251106043329 0.72475803990878 0.5628662063854049 0.7130118380843785 0.5490758996579247 0.7055404367160776
0 0.5581810638540479 0.6828374469783353 0.5512849030786773 0.6960098084378564 0.5671168517673888 0.7014624583808439 0.5689513158494869 0.6873954868871152 0.5581810638540479 0.6828374469783353
0 0.5565899954389966 0.6597273204104903 0.5544224139110604 0.6716310262257696 0.5675571231470924 0.6756539680729761 0.570920669327252 0.6642247753705816 0.5565899954389966 0.6597273204104903
0 0.18230503876852908 0.7184684401368301 0.1765149418472064 0.7268754595210947 0.20608892246294183 0.7371233831242874 0.2103312770809578 0.7250990752565564 0.18230503876852908 0.7184684401368301
0 0.5473423352337514 0.9464355074116306 0.5322351220068415 0.9995134982896238 0.5672610364880274 0.9989021185860889 0.581992007981756 0.9582904036488028 0.5473423352337514 0.9464355074116306