0 0.4133154275940707 0.6034887297605473 0.38344608095781074 0.5925864971493728 0.36016251311288483 0.6438711436716077 0.39150807867730897 0.6537329213226909 0.4133154275940707 0.6034887297605473
0 0.5786020273660205 0.313392330672748 0.5307225895096921 0.29224044355758266 0.5076569064994298 0.33578672405929305 0.5546465952109464 0.36102423831242875 0.5786020273660205 0.313392330672748
0 0.6954547708095781 0.07552244127708096 0.6610826681870011 0.06772907411630559 0.6378627183580388 0.11842338654503991 0.672391645381984 0.13429144355758266 0.6954547708095781 0.07552244127708096
0 1 0.27564276510832386 0.9186423956670466 0.25599680957810717 0.9059449794754846 0.30302092018244015 0.9978527822120866 0.3225316590649943 1 0.29740397035347776 1 0.27564276510832386
0 0.20595356898517675 0.8228904184720638 0.19055394982896237 0.8218704458380844 0.1863980809578107 0.8954626214367162 0.20173474686431014 0.8934940182440136 0.20595356898517675 0.8228904184720638
0 0.1271898015963512 0.9196891995438996 0.08440361687571266 0.895490511972634 0.06369658722919043 0.9279413078677309 0.11457630444697833 0.9568712919042189 0.1271898015963512 0.9196891995438996
0 0.15702715849486887 0.9138699236031927 0.14566253591790193 0.9084963090079817 0.13765360889395667 0.927953236031927 0.14914236031927025 0.9321458551881413 0.15702715849486887 0.9138699236031927
0 0.1782650935005701 0.9274455108323831 0.16749112884834666 0.9221324059293045 0.16097024629418472 0.9387622006841505 0.17421796351197263 0.9425426738882554 0.1782650935005701 0.9274455108323831
0 0.3036919942987457 0.7555504709236032 0.28735979817559865 0.7520428266818701 0.2653178004561003 0.8142059076396807 0.28279945952109464 0.8238030011402508 0.3036919942987457 0.7555504709236032
0 0.2677978152793615 0.7338672246294184 0.25246042303306726 0.7322551995438997 0.2360385598631699 0.7920238779931585 0.2453591402508552 0.7933020205245154 0.2677978152793615 0.7338672246294184
0 0.064762834663626 0.571628968072976 0.01877729646522235 0.549483669327252 0.00542996921322691 0.5743497126567845 0.052361714937286204 0.5956989315849487 0.064762834663626 0.571628968072976
0 0 0.6248864230330673 0.03546129076396807 0.6458649840364881 0.046788917901938426 0.6234732542759407 0.0011154161915621437 0.5983740775370581 0 0.6003103249714937 0 0.6248864230330673
0 0.29228595781071837 0.5746468939566705 0.3164404310148233 0.5377822748004562 0.28638450057012543 0.5173096750285063 0.2612989076396807 0.5630333078677309 0.29228595781071837 0.5746468939566705
0 0.49949871949828967 0.4644842930444698 0.45096827251995436 0.4438610034207526 0.43541345153933864 0.47267417331813 0.48121263511972634 0.49659251881413913 0.49949871949828967 0.4644842930444698
0 0.7257483489167618 0.4512472417331813 0.6905706442417332 0.4511336111744584 0.6869070980615735 0.4746293785632839 0.7274353728620296 0.4785905621436716 0.7257483489167618 0.4512472417331813
0 0.8331471391106043 0.49059527594070695 0.837399236031927 0.4558195484606613 0.8206946579247435 0.4558548882554162 0.8192071379703535 0.49271381641961237 0.8331471391106043 0.49059527594070695
0 0.8069716100342076 0.47292017445838086 0.7930938369441276 0.4744466647662486 0.7911698597491448 0.49275208323831243 0.805844377423033 0.4984735803876853 0.8069716100342076 0.47292017445838086
0 0.17587826909920182 0.4507691117445838 0.12759763169897376 0.4277839954389966 0.1102108095781072 0.45700163511972636 0.1601449338654504 0.48075755986316987 0.17587826909920182 0.4507691117445838