0 0.921580873432155 0.8225548779931585 0.9481515096921322 0.7547330923603193 0.8750801562143672 0.7353643249714938 0.8530854139110604 0.8073902998859749 0.921580873432155 0.8225548779931585
0 0.35254492246294183 0.16849666020524515 0.36735779589509693 0.11882057582668187 0.33285867616875714 0.10384237058152794 0.31714503876852906 0.15490043785632837 0.35254492246294183 0.16849666020524515
0 0.3915444937286203 0.24236143671607754 0.41021374116305587 0.21172028392246292 0.3420375473204105 0.18933459977194983 0.329395330672748 0.22307947890535917 0.3915444937286203 0.24236143671607754
0 0.11119087457240594 0.6606236111744583 0.12101249372862029 0.6287104492588369 0.05226952793614595 0.6132824059293044 0.04276745952109464 0.6394010057012542 0.11119087457240594 0.6606236111744583
0 0 0.7987830364880274 0.06156903648802737 0.8140164652223488 0.06962560433295326 0.7932630068415051 0 0.772836685290764 0 0.7987830364880274
0 0.6164591607753706 0.8712429578107184 0.6260338859749144 0.8404913454960091 0.5896439794754845 0.8258412576966933 0.5809358289623717 0.8582275108323831 0.6164591607753706 0.8712429578107184
0 0.8903848836944127 0.43461328734321547 0.9096396385404789 0.38406030900798177 0.8449272405929303 0.3711183443557583 0.8308620262257697 0.4201402690992018 0.8903848836944127 0.43461328734321547
0 0.3335131835803877 0.09219581870011402 0.34440969327251997 0.05808147548460662 0.30085782440136827 0.04423169555302166 0.2903570296465222 0.0836313078677309 0.3335131835803877 0.09219581870011402
0 0.5612728164196124 0.1958619384264538 0.5657714823261117 0.18042397035347776 0.49713142645381986 0.1587927046750285 0.4892382485746864 0.17447877423033067 0.5612728164196124 0.1958619384264538
0 0.5312725792474344 0.07108377423033067 0.5361032713797036 0.05693200684150513 0.4918102953249715 0.046576370581527936 0.48545671265678453 0.06073829532497149 0.5312725792474344 0.07108377423033067
0 0.07985747206385405 0.6679296214367161 0.028967222348916764 0.6528618643101483 0.012799306727480047 0.6888924070695552 0.06800678563283923 0.7036621938426454 0.07985747206385405 0.6679296214367161
0 0.6589529315849486 0.5226445735461801 0.6281168483466363 0.5075903591790194 0.5895752839224628 0.5916898939566705 0.6263869954389966 0.6043705803876853 0.6589529315849486 0.5226445735461801
0 0.6170925119726339 0.7195823660205246 0.6324147628278222 0.6760847001140251 0.557501921322691 0.6596678859749144 0.542608338654504 0.6982855370581529 0.6170925119726339 0.7195823660205246
0 0.7974609236031928 0.7688503158494869 0.809717535917902 0.7283447137970354 0.7658632976054732 0.7130616841505131 0.7528801824401369 0.7526940296465222 0.7974609236031928 0.7688503158494869
0 0.9133542805017104 0.8869900353477765 0.928322330672748 0.8537411254275941 0.8817506510832382 0.8369412098061574 0.871733401368301 0.8769292155074117 0.9133542805017104 0.8869900353477765
0 0.9004236465222349 0.9449605883694413 0.9139318494868871 0.9071490798175599 0.8679706590649944 0.8931961185860889 0.85709417331813 0.9314999236031927 0.9004236465222349 0.9449605883694413