0 0.8563862884834664 0.40279085290763966 0.8786986180159635 0.42749119726339796 0.9064261413911061 0.4008391847206385 0.8781308095781072 0.3781917696693272 0.8563862884834664 0.40279085290763966
0 0.9270334378563284 0.4846004503990878 0.9544808848346636 0.5154140228050171 0.9793629167616876 0.49195487913340935 0.9537785461801597 0.4606836442417332 0.9270334378563284 0.4846004503990878
0 0.8756336579247433 0.6199390900798176 0.9051768848346636 0.6486504424173318 0.9364235997719499 0.6183006567844926 0.9019558620296466 0.5926319942987457 0.8756336579247433 0.6199390900798176
0 0.8522408631698974 0.5986828278221209 0.8683216761687571 0.6165162725199543 0.8927358586088939 0.5814540980615736 0.867375062713797 0.5720565381984036 0.8522408631698974 0.5986828278221209
0 0.7219948301026227 0.45458656100342076 0.8199667023945268 0.5510178859749145 0.8394306898517674 0.5191699327251995 0.7432564298745723 0.42702424401368305 0.7219948301026227 0.45458656100342076
0 0.796939857468643 0.5783305347776511 0.752450984036488 0.5493174663625998 0.731354652223489 0.5757038392246294 0.7768117696693272 0.6127706670467502 0.796939857468643 0.5783305347776511
0 0.6332428882554162 0.5954571835803877 0.6731941516533637 0.6226380980615736 0.6923897696693272 0.5991103283922463 0.6498829133409351 0.5666489179019384 0.6332428882554162 0.5954571835803877
0 0.7647079429874573 0.8972641858608894 0.7576556305587229 0.8621298301026226 0.7186204230330673 0.8668272690992017 0.7291490706955531 0.900701928164196 0.7647079429874573 0.8972641858608894
0 0.6069815473204104 0.010121490307867732 0.6390384264538198 0.0380011425313569 0.6609079338654504 0.0189121425313569 0.6069815473204104 0.010121490307867732
0 0.49103533181299885 0.783926449258837 0.489724677309008 0.7975185062713797 0.5426436750285063 0.8049557867730901 0.5447421026225769 0.7921466100342075 0.49103533181299885 0.783926449258837
0 0.5977551949828963 0.6431842907639681 0.5945775860889395 0.6828704640820981 0.6344772428734322 0.6890760022805017 0.6345667468643101 0.6457764458380845 0.5977551949828963 0.6431842907639681