0 0.038456898517673886 0.4987189931584949 0.04297014367160775 0.552457465222349 0.07346977423033067 0.5482716294184721 0.06889100228050171 0.49840154161915623 0.038456898517673886 0.4987189931584949
0 0.5458535530216648 0.13871064766248575 0.5844527525655644 0.1388095416191562 0.5797007434435576 0.07044617103762828 0.5474937251995439 0.07060851197263399 0.5458535530216648 0.13871064766248575
0 0.6455454618015963 0.12329226111744584 0.6793303888255415 0.13101777194982897 0.6892387423033066 0.07228283694412771 0.6543092029646522 0.06267070011402509 0.6455454618015963 0.12329226111744584
0 0.3001296123147092 0.9137938209806158 0.34159725541619157 0.9180193557582669 0.33778761003420754 0.872983134549601 0.3070725096921323 0.8696998939566705 0.3001296123147092 0.9137938209806158
0 0.27139324857468644 0.8335009304446979 0.3073234766248575 0.832768732041049 0.30880179817559866 0.8090589156214367 0.27041801710376284 0.8116609509692132 0.27139324857468644 0.8335009304446979
0 0.5927660513112885 0.1338746898517674 0.6149147936145952 0.1313423181299886 0.6148021003420752 0.0985498985176739 0.5901083797035347 0.09460299201824401 0.5927660513112885 0.1338746898517674
0 0.4220628814139111 0.3478110205245154 0.43789245153933865 0.34889791904218925 0.4375503717217788 0.31191487343215507 0.4203924743443557 0.3104137514253136 0.4220628814139111 0.3478110205245154
0 0.44343558608893957 0.34878843101482326 0.46004257354618017 0.3478557126567845 0.45939000114025086 0.3144216111744584 0.44346683466362596 0.3124324971493729 0.44343558608893957 0.34878843101482326
0 0.46396245724059293 0.3389603797035348 0.48114114823261117 0.3383772565564424 0.4827674777651083 0.3266007502850627 0.4673101858608894 0.3192866636259977 0.46396245724059293 0.3389603797035348
0 0.7553553979475485 0.3090242816419612 0.770924503990878 0.3106859794754846 0.7795170205245154 0.2601786077537058 0.760791646522235 0.2561562782212087 0.7553553979475485 0.3090242816419612
0 0.8205559749144813 0.2995301334093501 0.8371752508551881 0.2962159874572406 0.8388736259977195 0.24272295324971493 0.8234902006841506 0.24137707753705814 0.8205559749144813 0.2995301334093501
0 0.7485732291904219 0.04826748004561003 0.772704818700114 0.0450145598631699 0.7734158403648803 0.023262505131128847 0.752115952109464 0.02139900684150513 0.7485732291904219 0.04826748004561003
0 0.8313449156214366 0.10468055188141391 0.8623853261117446 0.08981370467502851 0.8604255792474345 0.0509010763968073 0.828654803876853 0.05288963854047891 0.8313449156214366 0.10468055188141391
0 0.7548446944127708 0.058352450399087805 0.7554805575826682 0.07152204675028506 0.771817850627138 0.06877768072976055 0.7703833648802737 0.057923855188141395 0.7548446944127708 0.058352450399087805
0 0.7399704766248575 0.07612370239452679 0.7348628722919042 0.09594145838084378 0.7497581664766249 0.09605416077537057 0.7497137947548461 0.08293631356898518 0.7399704766248575 0.07612370239452679
0 0.7999695028506272 0.05455212656784493 0.7974372303306727 0.07578723033067275 0.8165248460661346 0.07566912542759408 0.8176115689851767 0.06324782326111744 0.7999695028506272 0.05455212656784493
0 0.029789417331813 0.7000123683010262 0.023842100342075255 0.6893597377423033 0.009132769669327252 0.697609126567845 0.018311493728620298 0.7085444686431015 0.029789417331813 0.7000123683010262
0 0 0.7207239030786774 0.013267521094640822 0.7116792850627138 0.002425015963511973 0.6991083375142532 0 0.7020282269099202 0 0.7207239030786774
0 0.02987275370581528 0.73995286659065 0.04075392930444698 0.7310705473204104 0.027105724059293044 0.7170620969213227 0.017788324971493727 0.728167290763968 0.02987275370581528 0.73995286659065
0 0.04532294298745724 0.7609731778791334 0.034920534777651085 0.7466526795895096 0.02096054732041049 0.7600337799315849 0.03212060319270239 0.768759961231471 0.04532294298745724 0.7609731778791334
0 0.06741766704675028 0.7128407012542759 0.051457417331813 0.7007160353477765 0.044367117445838086 0.7173802383124287 0.057915526795895095 0.7328700022805017 0.06741766704675028 0.7128407012542759