0 0.1822091527936146 0.6389141687571266 0.18108448916761685 0.68051048004561 0.23696324857468642 0.6815343169897378 0.23562860889395668 0.6325265245153934 0.1822091527936146 0.6389141687571266
0 0.7377758403648802 0.4652172998859749 0.7370514344355757 0.43301801938426454 0.6380114846066134 0.43638159863169895 0.6437069737742304 0.47411926111744584 0.7377758403648802 0.4652172998859749
0 0.7388853534777652 0.5004210752565564 0.6893098608893957 0.5029079840364881 0.6882971060433296 0.534392157354618 0.7405870592930445 0.5356678278221209 0.7388853534777652 0.5004210752565564
0 0.943868110604333 0.34388551311288484 0.9413239270239452 0.31215261459521093 0.8624625518814139 0.3163711744583808 0.8630355655644242 0.35073548004561 0.943868110604333 0.34388551311288484
0 0.8860969076396807 0.26780620866590654 0.880804457240593 0.20730370809578108 0.789832637400228 0.20594045153933865 0.7893964161915622 0.2717609828962372 0.8860969076396807 0.26780620866590654
0 0.9494379429874572 0.1620921425313569 0.9461049144811858 0.08208036259977194 0.8843191391106042 0.08041321778791334 0.8852189737742303 0.16117428050171037 0.9494379429874572 0.1620921425313569
0 0.8946358939566705 0.8947274446978335 0.8971999623717218 0.8835948118586089 0.8539213397947548 0.8853833283922463 0.8568650581527936 0.898635014823261 0.8946358939566705 0.8947274446978335
0 0.9001155678449259 0.9099937502850627 0.864244338654504 0.9122485541619155 0.8637179224629419 0.9282884070695553 0.9015717035347777 0.9231946693272519 0.9001155678449259 0.9099937502850627
0 0.903580282782212 0.9370294196123148 0.8623799874572405 0.9389100125427594 0.8655747320410491 0.9528277080957811 0.9006863204104902 0.9529021493728621 0.903580282782212 0.9370294196123148
0 0.9397811881413911 0.7853602086659065 0.9410823090079818 0.7497298015963513 0.9060742805017105 0.7524302805017103 0.9081389190421892 0.7867203306727479 0.9397811881413911 0.7853602086659065
0 0.8499395062713796 0.6486930672748005 0.9156728677309008 0.6449552269099201 0.9150206567844926 0.6244911322690991 0.8472004663625998 0.6282584732041049 0.8499395062713796 0.6486930672748005
0 0.9924154469783352 0.6080498700114024 0.9976355199543899 0.5333993454960091 0.9730743956670468 0.5348066636259977 0.9751855267958951 0.6110130011402508 0.9924154469783352 0.6080498700114024
0 0.9648864743443557 0.7412728198403649 0.983259473204105 0.738986385404789 0.9862972588369442 0.6955440296465223 0.9597550900798175 0.7040022086659066 0.9648864743443557 0.7412728198403649
0 0.4080544424173318 0.43084900342075255 0.4012844139110604 0.4000110057012543 0.37145460205245157 0.40524292816419616 0.3836182234891676 0.43985542075256556 0.4080544424173318 0.43084900342075255
0 0.39202218472063854 0.34518604218928167 0.40721194412770806 0.37482563968072974 0.44403288825541615 0.35894451425313567 0.43179552793614595 0.32117543899657924 0.39202218472063854 0.34518604218928167
0 0.2529596841505131 0.30807481870011405 0.25199900456100344 0.2877661470923603 0.20053544241733182 0.29597435005701256 0.2029699030786773 0.31648632269099203 0.2529596841505131 0.30807481870011405