0 0.06935641961231472 1 0.0711412189281642 0.9943307787913341 0.03266747662485747 0.9803711915621437 0.033930411630558724 1 0.06935641961231472 1
0 0.5152446738882555 1 0.5362997651083239 0.9986826225769669 0.5325901915621436 0.9626567571265677 0.44786514139110606 0.9724689042189282 0.45318453249714935 1 0.5152446738882555 1
0 0.7220522451539338 0.8631888779931586 0.7184676898517675 0.828950834663626 0.6846649623717218 0.8307193511972635 0.6924542702394526 0.8697617274800455 0.7220522451539338 0.8631888779931586
0 0.8179263397947549 0.7446952063854049 0.8386615974914481 0.7943823249714937 0.8723531778791334 0.7825125792474344 0.8481613808437857 0.7259310330672748 0.8179263397947549 0.7446952063854049
0 0.08103892246294185 0.029324017103762826 0.07338259407069554 0.04753213683010263 0.10775307753705815 0.0623722850627138 0.12279477194982895 0.026404163055872294 0.08103892246294185 0.029324017103762826
0 0.43690507297605474 0.28374793842645385 0.4330308084378563 0.2453668859749145 0.4067556761687572 0.24415460661345498 0.40416280843785635 0.2836582668187001 0.43690507297605474 0.28374793842645385
0 0.47110380501710375 0.24508379589509693 0.4419981995438997 0.24593022576966933 0.4435030307867731 0.28447383124287345 0.4750607958950969 0.284647897377423 0.47110380501710375 0.24508379589509693
0 0.6031391562143672 0.15855018358038767 0.5728359452679589 0.16780532383124286 0.5769145484606614 0.1835732873432155 0.615428952109464 0.17255669783352337 0.6031391562143672 0.15855018358038767
0 0.5832537514253135 0.21464584150513114 0.6184755108323831 0.19910102964652224 0.6090120684150513 0.18721032497149373 0.5790508962371722 0.19710096693272522 0.5832537514253135 0.21464584150513114
0 0.6444409019384264 0.06825228392246294 0.636561637400228 0.04918045496009122 0.603034062713797 0.06341796579247434 0.6058469988597491 0.07808716647662485 0.6444409019384264 0.06825228392246294
0 0.6674618928164195 0.09102219954389966 0.6633831801596352 0.07525267730900799 0.6145008472063854 0.0869566716077537 0.6159996442417331 0.10413459064994299 0.6674618928164195 0.09102219954389966
0 0.7396633842645383 0 0.7404737502850628 0.01158877993158495 0.821702077537058 0.007097574686431015 0.8214925017103764 0 0.7396633842645383 0
0 0.9307084526795895 0.2295934754846066 0.9260375473204105 0.21386693044469782 0.8957816339794755 0.21530911288483465 0.8976222839224629 0.23309748574686429 0.9307084526795895 0.2295934754846066
0 0.9328164903078677 0.23420453363740024 0.8979533010262257 0.23783123831242875 0.898435322690992 0.2532586328392246 0.9346087137970354 0.25132277537058156 0.9328164903078677 0.23420453363740024
0 0.8790130262257696 0.5543061744583808 0.892940921322691 0.5747375085518814 0.9226649361459521 0.5571994697833523 0.9101869874572406 0.5362015496009123 0.8790130262257696 0.5543061744583808
0 0.8461689851767389 0.6463903215507412 0.8333712816419613 0.6336097240592931 0.7853686898517673 0.6536163261117445 0.7876290718358038 0.6689177981755986 0.8461689851767389 0.6463903215507412
0 0.8933326522234891 0.6228758836944128 0.8888256408209806 0.6095155438996579 0.8692796191562143 0.6108823340935005 0.8737436556442417 0.6236504789053592 0.8933326522234891 0.6228758836944128
0 1 0.8198923169897377 0.9803371927023945 0.8201529350057013 0.9789197172177879 0.8339291220068414 1 0.832737992018244 1 0.8198923169897377
0 1 0.8399028084378563 0.9762032052451539 0.841895834663626 0.9771037035347776 0.8590294435575827 1 0.8562840661345497 1 0.8399028084378563