0 0.5131654629418472 0.7317015381984037 0.4828266944127708 0.7088628574686431 0.4594404355758267 0.7354955496009121 0.4876333694412771 0.7619556909920182 0.5131654629418472 0.7317015381984037
0 0.12690690193842646 0.3988434549600912 0.10176799429874572 0.42516710832383126 0.13706785176738884 0.4523441185860889 0.16027396123147092 0.42161319498289623 0.12690690193842646 0.3988434549600912
0 0.7151166305587229 0.1437295621436716 0.6960305712656785 0.18016731128848346 0.7277782850627138 0.18817692816419615 0.7396317605473204 0.1534355895096921 0.7151166305587229 0.1437295621436716
0 0.8478275188141391 0.2937759840364881 0.8358934412770809 0.3067491824401368 0.8907210467502851 0.3428622850627138 0.9032754971493728 0.3246611379703535 0.8478275188141391 0.2937759840364881
0 0.0838452976054732 0.03784716761687571 0.07303915165336373 0.049210521094640816 0.1384616100342075 0.08541637286202963 0.14407448802736603 0.06897088255416192 0.0838452976054732 0.03784716761687571
0 0.2061725142531357 0.2125986191562144 0.1894586510832383 0.23558297149372862 0.21680443671607755 0.2565897206385405 0.23771490421892816 0.23203048688711517 0.2061725142531357 0.2125986191562144
0 0 0.4799010216647663 0.03019669441277081 0.49938993158494865 0.06442581299885974 0.4540051961231471 0.06015020410490308 0.44918958494868866 0.05437277309007982 0.4409327799315849 0.03762205359179019 0.4572786294184721 0.02589241277080958 0.44857678449258837 0 0.4787108061573546 0 0.4799010216647663
0 0.11536989737742304 0.5976335815279361 0.10305575940706956 0.6093339464082097 0.15535974458380844 0.6563399395667047 0.17123233295324972 0.6466838631698973 0.11536989737742304 0.5976335815279361
0 0.13700158494868872 0.5809425610034208 0.12355522805017104 0.5888242417331813 0.17517002280501712 0.6363195541619155 0.1862612166476625 0.626416952109464 0.13700158494868872 0.5809425610034208
0 0.46691393728620295 0.10840705131128849 0.4536054606613455 0.12234531242873432 0.48401344127708096 0.14821074344355756 0.501450456100342 0.13138299885974916 0.46691393728620295 0.10840705131128849
0 0.2632621858608894 0.1418529771949829 0.2560401094640821 0.15203798403648802 0.3232851687571266 0.17414615279361462 0.3270327616875712 0.1597310410490308 0.2632621858608894 0.1418529771949829