0 0.8868078129988598 0.36040156214367164 0.940075 0.32223437514253134 0.9134421870011402 0.2956843751425314 0.8605906248574686 0.332503125427594 0.8868078129988598 0.36040156214367164
0 0.8918015621436716 0.3935906248574686 0.8951312497149373 0.4168218745724059 0.9450687502850627 0.39690937514253133 0.9334171870011402 0.37193906271379706 0.8918015621436716 0.3935906248574686
0 0.16437812542759406 0.28738593728620293 0.1693718745724059 0.2293062497149373 0.12942187457240592 0.22266875028506272 0.12193124971493728 0.28684062485746864 0.16437812542759406 0.28738593728620293
0 0.08281249942987458 0.7570031254275941 0.06783124971493729 0.8184015621436715 0.16104843785632839 0.8449531254275942 0.18851406271379703 0.7766718745724059 0.08281249942987458 0.7570031254275941
0 0.8152312497149373 0.5396187502850628 0.8851437502850628 0.5014515621436716 0.8751562497149372 0.4881765621436716 0.8127343751425313 0.519303125427594 0.8152312497149373 0.5396187502850628
0 0.37078593728620296 0.0783 0.3841031254275941 0.11480624971493729 0.42571718700114025 0.10319062485746863 0.4132328129988597 0.06890781299885976 0.37078593728620296 0.0783
0 0.2329031254275941 0.17019531242873434 0.31197187457240594 0.15359062485746866 0.30642187457240594 0.11622968757126569 0.2245812497149373 0.13698593728620298 0.2329031254275941 0.17019531242873434
0 0.2356781254275941 0.25321718700114026 0.27035781299885975 0.24629843785632838 0.2592593751425314 0.2144734378563284 0.2245812497149373 0.22139218700114024 0.2356781254275941 0.25321718700114026
0 0.43681562485746867 0.5271890627137971 0.3952015621436716 0.536875 0.402135937286203 0.5839218745724059 0.4409765621436716 0.5783859372862029 0.43681562485746867 0.5271890627137971
0 0.34526406271379706 0.5382593751425313 0.42987812542759407 0.5230390627137971 0.4271046875712657 0.48706250057012546 0.3411015621436716 0.49951562485746864 0.34526406271379706 0.5382593751425313
0 0.3796437502850627 0.0006046875712656784 0.32732812542759404 0.0012 0.3294093751425314 0.02520312542759407 0.38023906271379704 0.005943750285062714 0.3796437502850627 0.0006046875712656784
0 0.2488546875712657 0.641235937286203 0.21318593728620297 0.6388625005701255 0.21853749942987458 0.6697078129988597 0.25093593728620295 0.6701062497149373 0.2488546875712657 0.641235937286203