0 0.4115867730900798 0.5861988540478905 0.30513130672748007 0.5423161630558723 0.2836710262257697 0.6036165416191562 0.3894675393386545 0.6399897890535917 0.4115867730900798 0.5861988540478905
0 0.700350441277081 0.5906002029646522 0.6661143329532497 0.5798566966932724 0.6496238871151653 0.6320571607753706 0.6882913819840365 0.637524622576967 0.700350441277081 0.5906002029646522
0 0.7001905849486887 0.7014455701254276 0.6862797993158495 0.6900977958950969 0.65922078677309 0.7336238278221209 0.6757364675028507 0.7401349156214367 0.7001905849486887 0.7014455701254276
0 0.8969557685290764 0.3604518893956671 0.8464508244013682 0.37212576624857463 0.8488037274800455 0.39975001596351195 0.9032212622576967 0.3881204389965792 0.8969557685290764 0.3604518893956671
0 0.9794906670467504 0.7527035404789053 0.904273472063854 0.6924812668187 0.8641986909920182 0.7348669965792474 0.9524094013683011 0.7896714275940707 0.9794906670467504 0.7527035404789053
0 0.797375117445838 0.817232929304447 0.7614923831242872 0.8593909669327252 0.7789016488027367 0.8716439726339795 0.8178075792474345 0.833026961231471 0.797375117445838 0.817232929304447
0 0.6601177468643101 0.17820879361459518 0.643477338654504 0.1707927662485747 0.6073228015963512 0.243325511972634 0.6255374743443558 0.2511772793614595 0.6601177468643101 0.17820879361459518
0 0.4866041881413911 0.8871965028506271 0.4405423956670468 0.861709969213227 0.42192829418472066 0.8904783648802737 0.4668610524515393 0.9203362565564425 0.4866041881413911 0.8871965028506271
0 0.37686115165336376 0.9354089794754845 0.34223330900798177 0.935955543899658 0.3364814241733181 0.9676372930444698 0.3700405815279362 0.9744474561003421 0.37686115165336376 0.9354089794754845
0 0.5355572086659065 0.9409488323831243 0.5547333044469783 0.9193818209806157 0.5262672086659065 0.8972227651083239 0.5107953021664766 0.9173257981755987 0.5355572086659065 0.9409488323831243
0 0.8492098654503991 1 0.8501771436716078 0.9905271778791334 0.8365697468643101 0.989336685290764 0.8348696111744583 1 0.8492098654503991 1
0 1 0.30160291790193844 0.9517965587229191 0.3029659532497149 0.9498044207525655 0.3424268631698974 1 0.3396837502850627 1 0.30160291790193844
0 0.7932911197263398 0.5981354401368302 0.7692759498289623 0.5727896818700113 0.7432312143671608 0.5979278916761687 0.7727448985176739 0.6225626727480046 0.7932911197263398 0.5981354401368302