0 0.1560300490307868 0.7285895245153934 0.1718228882554162 0.8448094104903079 0.20762821436716078 0.8353266066134549 0.18815046864310148 0.7261778608893956 0.1560300490307868 0.7285895245153934
0 0.15591724287343214 0.5989678141391106 0.11719392246294186 0.6054273568985177 0.1360273101482326 0.680673755986317 0.17240523261117446 0.6753625165336373 0.15591724287343214 0.5989678141391106
0 0.41240828962371723 0.46966356784492586 0.37594704903078674 0.4827026556442417 0.39162026453819837 0.5308397719498289 0.42754070467502847 0.5216558962371721 0.41240828962371723 0.46966356784492586
0 0.5938369030786773 0.7612040250855188 0.5610325507411631 0.7689561277080957 0.5795338791334094 0.8391428358038768 0.6151587115165337 0.8329276898517673 0.5938369030786773 0.7612040250855188
0 0.6407963238312429 1 0.6359421755986316 0.975691842645382 0.6012702941847206 0.9819251847206385 0.601494968072976 1 0.6407963238312429 1
0 0.7264472223489167 0.7528171163055872 0.7115196282782211 0.7573119657924744 0.7296668152793614 0.8114384857468644 0.7403700022805016 0.805977574686431 0.7264472223489167 0.7528171163055872
0 0.7377298779931585 0.7530140558722919 0.75695565336374 0.8086455655644241 0.7700607924743443 0.8064958289623717 0.7555754937286203 0.751540905359179 0.7377298779931585 0.7530140558722919
0 0.8826694732041049 0.8209476978335234 0.8532335324971494 0.7377869281641961 0.819281802736602 0.7431405165336374 0.8408844846066135 0.8327046145952108 0.8826694732041049 0.8209476978335234
0 1 0.288287732041049 0.999582763968073 0.2825092348916762 0.941753890535918 0.2945815074116306 0.9512370855188141 0.32982738084378566 1 0.31698029874572403 1 0.288287732041049
0 0.9261698882554162 0.030313029646522237 0.8939887480045611 0.03629292588369441 0.8976242405929304 0.06875975712656784 0.9298082941847207 0.0601060661345496 0.9261698882554162 0.030313029646522237
0 1 0.0631850102622577 0.9623340695553022 0.06840310832383124 0.9688577673888256 0.10300348118586089 1 0.09853161801596351 1 0.0631850102622577
0 0.7464682223489169 0.28641580843785636 0.7280393352337514 0.2872833751425313 0.7465555313568986 0.35420109350057016 0.7601730912200684 0.35206030216647666 0.7464682223489169 0.28641580843785636
0 0.7274064401368301 0.32354191448118585 0.7048099863169897 0.3249321391106043 0.7107803306727479 0.36249518244013684 0.7315451368301026 0.35869449828962374 0.7274064401368301 0.32354191448118585
0 0.4890340684150513 0.19749223261117446 0.4240278791334094 0.2124099897377423 0.4279231984036488 0.23715361573546181 0.4927658722919042 0.22193452223489166 0.4890340684150513 0.19749223261117446
0 0.4763232166476625 0.1770532212086659 0.4280048494868871 0.18869609806157356 0.4328736670467503 0.20869974230330673 0.48427286773090084 0.19800296579247437 0.4763232166476625 0.1770532212086659
0 0.46563195210946406 0.1429755062713797 0.40653121778791335 0.15978099087799316 0.4143994218928164 0.18548628734321548 0.4728426784492588 0.17223705701254274 0.46563195210946406 0.1429755062713797