0 0.07848388027366021 0.2859562417331813 0.11345265564424173 0.2671902348916762 0.09466401368301026 0.23226482212086658 0.05412976168757126 0.2523167058152794 0.07848388027366021 0.2859562417331813
0 0.25990581984036487 0.13273978107183582 0.2743713363740023 0.17727870923603195 0.32885321892816416 0.15193350285062712 0.31144871493728615 0.1170338118586089 0.25990581984036487 0.13273978107183582
0 0.03948951311288484 0.3766129418472064 0.06107374116305587 0.4102041299885975 0.10172718015963512 0.3832345222348917 0.07737303420752566 0.3495965473204105 0.03948951311288484 0.3766129418472064
0 0.4989159007981756 0.5700761277080958 0.46496141049030787 0.5307337981755986 0.4423146031927024 0.5580177126567845 0.46807863625997714 0.5902957103762828 0.4989159007981756 0.5700761277080958
0 0.7453864412770809 0.5799135051311288 0.7145008551881414 0.6029014150513113 0.7580798517673889 0.646563937286203 0.7862664389965792 0.6193767194982897 0.7453864412770809 0.5799135051311288
0 0.8555237377423033 0.1445209156214367 0.885023598631699 0.12150881641961231 0.8674983717217788 0.09352526111744583 0.8393359714937286 0.11932675142531357 0.8555237377423033 0.1445209156214367
0 0.347686929304447 0.8193075895096921 0.3259110592930445 0.7967850558722919 0.2964337981755986 0.8184129623717218 0.30858672405929305 0.8366153329532496 0.347686929304447 0.8193075895096921
0 0.7406564652223488 0.21586300912200684 0.7567476704675028 0.24658914367160775 0.7806578654503991 0.2262486488027366 0.7645666875712657 0.1955209521094641 0.7406564652223488 0.21586300912200684
0 0.8946038346636259 0.6046605393386545 0.9053710342075256 0.6228387217787913 0.9554814697833524 0.6098753568985177 0.9557471014823261 0.594657362599772 0.8946038346636259 0.6046605393386545
0 0.5349717970353478 0.7270871151653363 0.546175205245154 0.7203644310148232 0.528794889395667 0.6840790136830102 0.5091610604332953 0.6975743489167616 0.5349717970353478 0.7270871151653363
0 0.5208309897377423 0.743447503990878 0.5335151778791334 0.7312138859749145 0.4995606875712657 0.6918715564424173 0.48830895781071837 0.7013625689851767 0.5208309897377423 0.743447503990878
0 0.5259859543899659 0.7656799190421893 0.48821236944127705 0.7068961014823262 0.47552815393386544 0.7191312816419613 0.5161199509692133 0.7751951197263398 0.5259859543899659 0.7656799190421893