0 0.08185278107183581 0.194714669327252 0.16708475484606614 0.1664804230330673 0.16159171493728622 0.13527360889395668 0.0663108323831243 0.16208936830102624 0.08185278107183581 0.194714669327252
0 0 0.538151842645382 0.04945422120866591 0.5182452599771951 0.03422888369441277 0.4573962862029647 0.00104569669327252 0.46695396009122003 0 0.4962668335233752 0 0.538151842645382
0 0.2294639395667047 0.4949781049030787 0.16480655758266818 0.5159667126567845 0.17662929076396808 0.5510710763968073 0.24669265222348918 0.5273929589509692 0.2294639395667047 0.4949781049030787
0 0.410223283922463 0.11738646636259976 0.44317394526795895 0.10068182782212086 0.43780668187001137 0.0671049110604333 0.39753863740022805 0.07956138996579248 0.410223283922463 0.11738646636259976
0 0.15942683580387687 0.958638701254276 0.20590932497149375 0.9444269304446978 0.19664322462941847 0.905889165336374 0.14502111288483466 0.9207234275940707 0.15942683580387687 0.958638701254276
0 0.33120791904218927 0.9450479019384265 0.3662490935005701 0.9338039064994298 0.35089953819840364 0.8753251174458381 0.3197290011402508 0.8843952702394526 0.33120791904218927 0.9450479019384265
0 0.35033681299885977 0.6820620558722919 0.381730267958951 0.6724105860889396 0.3757700684150513 0.6388025940706955 0.3454066488027366 0.6493998939566704 0.35033681299885977 0.6820620558722919
0 0.7302473797035348 0.4599828757126568 0.7929115530216647 0.44305176054732043 0.7735949270239453 0.34690904675028505 0.7084864834663626 0.3669806031927024 0.7302473797035348 0.4599828757126568
0 0.7444525792474345 0.20030637742303306 0.7614105245153934 0.1940603283922463 0.7344287662485747 0.10821650285062714 0.716349054732041 0.11499832839224629 0.7444525792474345 0.20030637742303306
0 0.945114622576967 0.07764010718358039 0.9091688871151653 0.08348404903078678 0.9252988688711516 0.14973151767388826 0.9628765895096921 0.13594491448118587 0.945114622576967 0.07764010718358039
0 0.6164611311288483 0.13770797149372863 0.6799637149372861 0.1160642770809578 0.678807874572406 0.10411397035347776 0.6074164823261118 0.1199931448118586 0.6164611311288483 0.13770797149372863
0 0.8822057445838084 0.4732961938426454 0.8772553352337514 0.5110904675028506 0.9710998848346636 0.522548865450399 0.9731695245153933 0.48341605131128845 0.8822057445838084 0.4732961938426454
0 0.5725109851767388 0.37561039794754847 0.5984076590649944 0.4935038563283923 0.6237226191562143 0.4865066499429875 0.5951131311288483 0.3717426898517674 0.5725109851767388 0.37561039794754847
0 0.4717425712656784 0.7116126909920183 0.5062234458380844 0.6997447662485746 0.49901522462941844 0.6672604982896237 0.4677607080957811 0.6772165324971494 0.4717425712656784 0.7116126909920183