0 0.9259341858608894 0.8985092679589509 0.9563596111744584 0.85884603990878 0.9040705267958952 0.826682417331813 0.8836523135689852 0.8673849863169898 0.9259341858608894 0.8985092679589509
0 0.9655787103762828 0.41313761915621433 0.9257722143671608 0.38623710490307867 0.9047855735461802 0.41354917445838085 0.9450890695553021 0.44517833067274803 0.9655787103762828 0.41313761915621433
0 0.7521784686431016 0.8115641402508552 0.7254483181299886 0.8466535507411631 0.768460378563284 0.8776995131128849 0.7900297491448118 0.8482334823261117 0.7521784686431016 0.8115641402508552
0 0.678440874572406 0.8761019258836945 0.6539456271379703 0.8984032941847206 0.6855549931584949 0.9267623831242874 0.7061639817559863 0.8976958015963512 0.678440874572406 0.8761019258836945
0 0.2845629817559863 1 0.29465294754846066 0.9869760684150513 0.2596292371721779 0.971528984036488 0.24077859064994298 1 0.2845629817559863 1
0 0.045450997719498294 0.942631842645382 0.04753174458380843 0.9454029623717217 0.05352150285062714 0.9059168038768529 0.040209231470923604 0.8968555507411631 0.045450997719498294 0.942631842645382
0 0.09778710262257696 0.7823079589509692 0.026373409350057015 0.7611207194982896 0.030981328392246297 0.8090579156214368 0.0850344047890536 0.8257916864310147 0.09778710262257696 0.7823079589509692
0 0 0.25072669783352336 0.023572867730900796 0.2521156978335234 0.025308125427594072 0.2118826624857469 0 0.21163107525655642 0 0.25072669783352336
0 0 0.2046415929304447 0.017700416191562145 0.2019233261117446 0.014096143671607754 0.16763096807297606 0 0.16794270125427596 0 0.2046415929304447
0 0.12785480615735462 0.5292804789053592 0.13679410832383124 0.48948588141391103 0.10059064310148233 0.4855203249714938 0.09277010832383124 0.5245987434435576 0.12785480615735462 0.5292804789053592
0 0.1344913990877993 0.42217974458380847 0.1002459441277081 0.4198025974914481 0.09816752907639681 0.45110539338654504 0.1299748985176739 0.4534402827822121 0.1344913990877993 0.42217974458380847
0 0.7603413272519954 0.34444571607753705 0.7359373819840366 0.37331099885974917 0.7826682348916761 0.40366916419612314 0.8011888221208666 0.37213234777651083 0.7603413272519954 0.34444571607753705
0 0.9513054549600912 0.5383750193842646 0.9696846328392246 0.508945779931585 0.941397205245154 0.4951819087799316 0.9279862394526796 0.515122661345496 0.9513054549600912 0.5383750193842646
0 0.6072854161915621 0.1423450992018244 0.5758014310148233 0.1378850763968073 0.5635398768529076 0.17444202052451538 0.6021672782212086 0.18054246408209806 0.6072854161915621 0.1423450992018244
0 0.608490236031927 0.06869381641961232 0.56924265336374 0.05847155872291904 0.5610490969213227 0.10536144811858608 0.598528251995439 0.1118826590649943 0.608490236031927 0.06869381641961232
0 0.2948941356898518 0.04725766932725199 0.2733768928164196 0.04114993614595211 0.26276098631698974 0.07633830330672747 0.2901505724059293 0.07973611402508553 0.2948941356898518 0.04725766932725199