0 0 0.4861722189281642 0.02469916647662486 0.4941667776510832 0.04476356100342076 0.4112690558722919 0.009458311288483465 0.4031966830102623 0 0.4538333865450399 0 0.4861722189281642
0 0.15644869669327252 0.2639176362599772 0.19425077765108326 0.2764069521094641 0.20012562827822122 0.24307171379703535 0.16657963740022805 0.23534130786773091 0.15644869669327252 0.2639176362599772
0 0.31818322120866593 0.12689969441277082 0.2649716636259977 0.09599266362599772 0.24908442303306727 0.12798655416191562 0.29587418814139116 0.154622590649943 0.31818322120866593 0.12689969441277082
0 0.9240959714937287 0.9321104116305587 0.8865628289623717 0.9426565758266819 0.89710365336374 0.9785794264538198 0.9161091242873431 0.9731991790193842 0.9240959714937287 0.9321104116305587
0 0.7030495393386544 0.6214882611174458 0.7425747366020524 0.6237290045610034 0.7445736259977196 0.597501984036488 0.7069508141391105 0.5889791242873431 0.7030495393386544 0.6214882611174458
0 0.7107075769669327 0.5509981299885975 0.7070344207525656 0.582341882554162 0.7451073352337514 0.5885327799315849 0.7494945370581527 0.5597472782212087 0.7107075769669327 0.5509981299885975
0 0.8390698403648802 0.4253367388825542 0.8234416408209806 0.4622214766248575 0.8385950159635119 0.46819131014823256 0.8514742029646523 0.4392418916761688 0.8390698403648802 0.4253367388825542
0 0.8102751505131129 0.4584524435575827 0.8237434173318129 0.42991996351197265 0.8130946488027366 0.41907794754846067 0.793373251995439 0.4521427331812999 0.8102751505131129 0.4584524435575827
0 0.931667464082098 0.4463602086659065 0.9458845119726339 0.4509399030786773 0.9641018814139111 0.41939735347776513 0.9461324515393387 0.40925254846066134 0.931667464082098 0.4463602086659065
0 0.9070514891676169 0.43310885746864314 0.9239187092360319 0.4366899441277081 0.9414927217787914 0.38959833067274796 0.9263378129988598 0.38362819954389965 0.9070514891676169 0.43310885746864314
0 0.8133710307867732 0.1378687662485747 0.8308024914481186 0.14186355416191562 0.8359211938426454 0.112008921322691 0.8208811117445838 0.10545624857468643 0.8133710307867732 0.1378687662485747
0 0.7997891003420752 0.0989369236031927 0.7934592462941846 0.13460476168757127 0.8087129030786773 0.13696331812998858 0.8165613283922463 0.10280197719498291 0.7997891003420752 0.0989369236031927
0 0.5140575108323832 0.08845862485746865 0.4947367844925884 0.0735146818700114 0.4737070250855188 0.1008797890535918 0.4922886841505131 0.11719382212086658 0.5140575108323832 0.08845862485746865
0 0.3673944561003421 0.19392897035347775 0.382306401368301 0.19803728392246295 0.408013921322691 0.15283068757126567 0.3968882371721779 0.13857081299885973 0.3673944561003421 0.19392897035347775
0 0.422819086659065 0.11397297035347777 0.43494803078677313 0.11995977765108323 0.4386866944127708 0.10072601938426454 0.4259752063854048 0.0946243865450399 0.422819086659065 0.11397297035347777