0 0.8682985062713797 0.6635296123147093 0.8374329452679589 0.6624517628278221 0.8284382451539338 0.7328369806157354 0.8570266966932725 0.7409646545039908 0.8682985062713797 0.6635296123147093
0 0.9361839657924743 0.6765926761687571 0.9018186237172179 0.6736118403648802 0.8791182964652224 0.7280699714937287 0.9135026898517673 0.7304604891676169 0.9361839657924743 0.6765926761687571
0 0.8536444549600913 0.4194304321550741 0.8395299885974914 0.44923725313568985 0.9055862497149374 0.4806554709236032 0.9190003990877993 0.44636835803876856 0.8536444549600913 0.4194304321550741
0 1 0.39602390992018244 0.9662273238312429 0.3948445416191562 0.9513446510832383 0.44660511174458384 0.991677897377423 0.4578179897377423 1 0.41594138768529076 1 0.39602390992018244
0 0.6631243523375143 0.5826933318129989 0.6938225803876853 0.5885182337514253 0.7072758460661346 0.5266062805017104 0.6775365575826682 0.5217060342075257 0.6631243523375143 0.5826933318129989
0 0.6113965735461802 0.7876394686431015 0.6439594150513113 0.7911530353477766 0.6515093352337514 0.7311143249714938 0.613832621436716 0.7348485781071836 0.6113965735461802 0.7876394686431015
0 0.6409800011402509 0.6722250456100343 0.6117096180159635 0.676551472063854 0.617422771949829 0.7171505906499429 0.646728322690992 0.7149063477765107 0.6409800011402509 0.6722250456100343
0 0.612462724059293 0.8762009384264539 0.6249907810718357 0.8748545290763968 0.6331453112884834 0.8231560615735461 0.6173583876852908 0.8211179270239453 0.612462724059293 0.8762009384264539
0 0.026566994298745726 0.27885364766248577 0.010283067274800457 0.3026435883694413 0.10186046750285063 0.3679278015963512 0.11712978449258836 0.34024070125427597 0.026566994298745726 0.27885364766248577
0 0.6281158985176739 0.12162662257696694 0.6601268472063854 0.1239311299885975 0.6678726054732042 0.05528463511972634 0.6297052451539338 0.0539518015963512 0.6281158985176739 0.12162662257696694
0 0.8636545541619156 0.013641958950969214 0.8232932189281642 0.012232510832383124 0.8114192645381983 0.03088885518814139 0.8512264948688711 0.04624058494868871 0.8636545541619156 0.013641958950969214
0 0.7810726271379703 0.21727300114025083 0.7512186408209807 0.2893062417331813 0.7823261915621437 0.3025718369441277 0.8157795210946408 0.22739667046750286 0.7810726271379703 0.21727300114025083
0 0.9789952953249715 0.16536753363740025 0.9906947651083238 0.13666460319270238 0.9497113694412771 0.12839958152793615 0.9449201094640821 0.1540776989737742 0.9789952953249715 0.16536753363740025
0 1 0.053709563283922464 0.9960606579247435 0.0515953614595211 0.9860723728620296 0.08184332611174458 1 0.09002649942987456 1 0.053709563283922464
0 0.8834615461801597 0.14420650057012543 0.9170868335233752 0.15132184036488025 0.924016913340935 0.12304647206385405 0.889619354618016 0.11382477194982897 0.8834615461801597 0.14420650057012543
0 0.8665936590649943 0.09965317901938427 0.8559789190421894 0.1313645473204105 0.8687257616875712 0.1407213557582668 0.8809671892816419 0.10639328848346637 0.8665936590649943 0.09965317901938427
0 0.8406403192702395 0.1961812234891676 0.7879465188141391 0.17354876168757127 0.7844002405929303 0.19213944697833524 0.8334499578107184 0.21494171151653366 0.8406403192702395 0.1961812234891676
0 0.5713807069555302 0.5040373603192703 0.520666802736602 0.4927606009122007 0.5063594241733181 0.5237489076396807 0.5597434002280502 0.5309601242873433 0.5713807069555302 0.5040373603192703
0 0.5492721516533637 0.5585177206385404 0.5548289600912201 0.5355414036488028 0.5249579076396808 0.5270718848346636 0.5193537525655644 0.5473746077537058 0.5492721516533637 0.5585177206385404
0 0.1803113922462942 0.48800447092360316 0.1941297810718358 0.4837341242873432 0.18546922919042189 0.39134278107183584 0.16860690763968073 0.39610250627137966 0.1803113922462942 0.48800447092360316
0 0.14629050513112885 0.5432570672748004 0.1629722269099202 0.5420572702394527 0.16128688483466364 0.42703776168757124 0.14558410604332953 0.4273805758266819 0.14629050513112885 0.5432570672748004
0 0.181703165336374 0.5842992029646522 0.19957317103762826 0.5831424652223489 0.19626570125427595 0.5227230433295325 0.18025487457240594 0.5236492132269099 0.181703165336374 0.5842992029646522
0 0.1487258939566705 0.5926534025085518 0.1660232873432155 0.5908809931584948 0.16500982326111746 0.5501489361459521 0.14901034891676168 0.5504813899657924 0.1487258939566705 0.5926534025085518
0 0.13317821094640822 0.5273522656784493 0.11592382326111744 0.5279379532497149 0.12059525085518814 0.5643419110604333 0.13774625085518813 0.5652394561003421 0.13317821094640822 0.5273522656784493
0 0.23225050171037628 0.8896586716077537 0.264384165336374 0.8884043557582668 0.2682169076396807 0.8612074868871151 0.23332802394526797 0.85880248004561 0.23225050171037628 0.8896586716077537
0 0.5920203044469784 0.3894988358038769 0.6117593899657924 0.368800110604333 0.5809428107183581 0.34930650285062714 0.5658487833523376 0.3731379954389966 0.5920203044469784 0.3894988358038769
0 0.9000275496009122 0.5547253466362599 0.8698812132269099 0.5501095062713797 0.8594653169897377 0.5690528483466363 0.89682513340935 0.5783779931584949 0.9000275496009122 0.5547253466362599
0 0.5443708403648803 0.5797361562143671 0.5498877685290764 0.5579466704675029 0.5134376955530217 0.5507311220068415 0.5107678369441278 0.5720274823261117 0.5443708403648803 0.5797361562143671
0 0.4904450935005701 0.6604345838084379 0.5010952998859749 0.6447654754846066 0.44769308665906504 0.6215110353477764 0.44057323717217783 0.6420578859749144 0.4904450935005701 0.6604345838084379
0 0.00037785974914481186 0.5161795450399088 0.053502858608893956 0.5625946681870012 0.09109731356898516 0.524100433295325 0.029905058152793613 0.46344352793614596 0.00037785974914481186 0.5161795450399088