0 0.3973774230330673 0.7588369441277081 0.04561003420752566 0.06727480045610035
0 0.7351577491448118 0.11276534207525656 0.7446936864310149 0.06533559179019384 0.616468685290764 0.038709119726339794 0.603330638540479 0.09136970809578109 0.7351577491448118 0.11276534207525656
0 0.37910566020524517 0 0.3645979007981756 0.054949468643101476 0.43293064538198406 0.06885582212086659 0.44022247434435574 0.00676639794754846 0.3990471299885975 0 0.37910566020524517 0
0 0.26506926681870013 0.19157583694412772 0.2779418814139111 0.11018779475484607 0.15072957924743444 0.08657218928164197 0.14148364538198405 0.17277116077537058 0.26506926681870013 0.19157583694412772
0 0.5257606476624858 0.5208332497149373 0.5364130718358039 0.43483194754846066 0.49944434777651087 0.4325048734321551 0.4881761117445838 0.5126825461801596 0.5257606476624858 0.5208332497149373
0 0.7295615165336374 0.4791900171037628 0.7496204059293045 0.3772963021664766 0.7261023169897378 0.37112250855188145 0.7098691083238312 0.4764224298745724 0.7295615165336374 0.4791900171037628
0 0.6997956020524515 0.3745966944127708 0.6929896795895096 0.4740501801596351 0.705451968072976 0.4772359122006841 0.7226963295324971 0.37494664082098067 0.6997956020524515 0.3745966944127708
0 0.9911802132269099 0.5977194469783352 0.9939026259977195 0.5579377434435576 0.9655720592930445 0.5553904127708096 0.9618384960091221 0.5921614675028506 0.9911802132269099 0.5977194469783352
0 0.9014301174458381 0.9709625872291904 0.9372110592930444 0.9817299315849487 0.9437347981755987 0.9353111163055872 0.9063496966932726 0.9257525917901939 0.9014301174458381 0.9709625872291904
0 0.2682404196123147 0.7916066339794755 0.2552922246294185 0.7510568403648802 0.20650115963511972 0.7614125302166477 0.21323038654503992 0.8053911163055871 0.2682404196123147 0.7916066339794755
0 0.23264932725199544 0.6876289064994299 0.22858058608893955 0.6655414435575827 0.19403105131128848 0.6664229064994299 0.1928902109464082 0.6949511413911061 0.23264932725199544 0.6876289064994299
0 0.7410114401368301 0.19107493500570127 0.6701697708095781 0.185140740022805 0.6615201904218928 0.26343642075256557 0.7304561288483465 0.27498187115165335 0.7410114401368301 0.19107493500570127
0 0.6634142006841505 0.18697622234891678 0.6437393147092361 0.1829724811858609 0.6409649885974915 0.22032803648802737 0.658225811858609 0.22522954275940707 0.6634142006841505 0.18697622234891678
0 0.6634586738882554 0.8397807742303307 0.5731052109464082 0.8295580775370581 0.5633763945267959 0.8913050045610034 0.6608192246294184 0.8981928323831243 0.6634586738882554 0.8397807742303307
0 0.3515600330672748 0.2331788392246294 0.22992641847206385 0.21639360889395667 0.2097514857468643 0.3379295176738883 0.33122502622576966 0.354382992018244 0.3515600330672748 0.2331788392246294
0 0.18459032725199545 0.6023195370581528 0.1681509486887115 0.6031033078677309 0.16927490079817561 0.6391495940706955 0.1886869156214367 0.6375465610034208 0.18459032725199545 0.6023195370581528