0 0.6605092953249715 0.21195740364880272 0.6526501858608894 0.26585970239452683 0.7107312371721779 0.2682580969213227 0.7115291117445838 0.22254787229190423 0.6605092953249715 0.21195740364880272
0 0.9481969635119727 0.8557559863169898 0.9387360809578107 0.9221009760547321 0.9747071641961231 0.9227288540478905 0.979920393386545 0.8618527525655645 0.9481969635119727 0.8557559863169898
0 0.6426400855188141 0.8393379703534777 0.6318675746864311 0.9015031824401368 0.7436883945267959 0.9173118198403649 0.7463283055872293 0.8453047388825542 0.6426400855188141 0.8393379703534777
0 0.5927457423033068 1 0.5906091368301026 0.9659085575826682 0.5340799760547321 0.9538357730900798 0.5291335438996579 0.9993376271379704 0.5670808460661345 1 0.5927457423033068 1
0 0.3151023580387685 0.2585816339794755 0.3023669258836944 0.3539692109464082 0.356250259977195 0.3590650684150513 0.370224755986317 0.27201444925883694 0.3151023580387685 0.2585816339794755
0 0.3559161448118586 0.4574398449258837 0.3335929749144812 0.5471170353477766 0.3611413124287343 0.5545255108323831 0.3766208848346636 0.4605719817559863 0.3559161448118586 0.4574398449258837
0 0.31620672519954385 0.4331915644241733 0.29774277651083236 0.5395636510832383 0.3169908164196123 0.546827244013683 0.33693565336374004 0.43493797605473206 0.31620672519954385 0.4331915644241733
0 0.27749306385404787 0.43112966704675026 0.26519128848346635 0.5015835142531356 0.28036093500570125 0.5046190353477765 0.2981978038768529 0.4342618038768529 0.27749306385404787 0.43112966704675026
0 0.16670251311288484 0.5940865496009122 0.15746080159635117 0.6479647149372861 0.1726546077537058 0.6496160718358039 0.1860488118586089 0.5958103888255416 0.16670251311288484 0.5940865496009122
0 0.19983429304446979 0.5988217491448118 0.18641590193842647 0.6540131596351196 0.20299387229190421 0.6556886784492588 0.21500391220068416 0.6018588335233751 0.19983429304446979 0.5988217491448118
0 0.3610021812998859 0.6418191915621437 0.3407672257696693 0.7703293648802736 0.36695714823261116 0.7763279806157355 0.3858079407069555 0.6477936465222349 0.3610021812998859 0.6418191915621437
0 0.8481913010262259 0.941603409350057 0.8650527594070695 0.859353905359179 0.8473948950969212 0.8513241984036488 0.8345201049030787 0.9431462987457241 0.8481913010262259 0.941603409350057
0 0.8828571927023945 0.8929181847206386 0.8886928358038768 0.8645157046750286 0.8793383397947548 0.8566340592930445 0.8698713546180159 0.8891284743443557 0.8828571927023945 0.8929181847206386
0 0.29645488825541616 0.7716343318129988 0.31657911744583805 0.7743609635119726 0.32388749942987455 0.7406396259977195 0.30534896579247434 0.7379406727480047 0.29645488825541616 0.7716343318129988