0 0.9040006202964652 0.31358528164196126 0.8627567901938427 0.31438427594070695 0.866392582668187 0.3610633078677309 0.905107842645382 0.3587097753705816 0.9040006202964652 0.31358528164196126
0 0.9481160478905359 0.21725624401368301 0.9052004367160775 0.21721912314709235 0.9056577856328393 0.26944888141391105 0.9439503420752566 0.2658367730900798 0.9481160478905359 0.21725624401368301
0 0.5043897765108324 0.11082507753705816 0.42348526111744583 0.09855373432155073 0.41323842417331813 0.17146376738882554 0.4908723454960091 0.182374503990878 0.5043897765108324 0.11082507753705816
0 0.3359295484606613 0.195974236031927 0.32089574914481184 0.19266220296465222 0.30316921892816423 0.26332028620296466 0.31687046294184723 0.2682437958950969 0.3359295484606613 0.195974236031927
0 0.3423125324971494 0.01039875598631699 0.33681418700114024 0.06658659977194983 0.37100979019384267 0.07079447206385404 0.37609363625997716 0.01754472063854048 0.3423125324971494 0.01039875598631699
0 0.2691632462941847 0.02470128392246294 0.233473409350057 0.01668747890535918 0.23020751197263398 0.057001852907639684 0.2586033728620296 0.059791882554161915 0.2691632462941847 0.02470128392246294
0 0.652702558722919 0.860168157354618 0.6139419635119726 0.8472274754846066 0.6035951892816419 0.9123272793614595 0.6392230604332952 0.9191316271379704 0.652702558722919 0.860168157354618
0 0.5789693831242874 0.7832516875712657 0.5318810923603193 0.7739357274800456 0.5265400285062714 0.824749409350057 0.579884574686431 0.8292485701254276 0.5789693831242874 0.7832516875712657
0 0.3910788141391106 0.7601431083238311 0.3946927172177879 0.7249756944127708 0.3625036522234892 0.7159549281641961 0.35721507525655644 0.7535851151653363 0.3910788141391106 0.7601431083238311
0 0.4047038380843786 0.9737131060433296 0.36148607981755987 0.9664400763968073 0.3619799714937286 0.9842572075256557 0.40373833865450404 0.9901259635119726 0.4047038380843786 0.9737131060433296
0 0.35769788711516537 0.9626099623717218 0.300043503990878 0.9470123523375144 0.294934181299886 0.9748345370581528 0.35845214139110604 0.9837614036488027 0.35769788711516537 0.9626099623717218
0 0.7741251915621437 0.08727486545039909 0.7761909384264539 0.14512535803876853 0.8135634389965792 0.1437822850627138 0.8116740421892816 0.08895450171037628 0.7741251915621437 0.08727486545039909
0 0.7163947810718359 0.07556387457240593 0.714904095781072 0.12032325655644241 0.7520382291904218 0.12494253363740022 0.7481354686431015 0.07163054503990879 0.7163947810718359 0.07556387457240593
0 0.7530556396807297 0.2357105541619156 0.7183632189281642 0.2365309110604333 0.719791778791334 0.2733063740022805 0.7543070547320411 0.2709621584948689 0.7530556396807297 0.2357105541619156
0 0.6459940923603193 0.14121900570125429 0.6495171037628278 0.17589048460661347 0.6785851197263398 0.17817539566704677 0.6798372177879133 0.1393799110604333 0.6459940923603193 0.14121900570125429
0 0.513113953249715 0.2919267172177879 0.5055491938426454 0.2827691596351197 0.4913822930444698 0.2939690057012543 0.49989194640820983 0.30595749030786773 0.513113953249715 0.2919267172177879
0 0.5811200798175599 0.12160881870011403 0.5457332257696693 0.11633415051311288 0.544903614595211 0.15638975940706956 0.5748979053591791 0.16060518244013683 0.5811200798175599 0.12160881870011403
0 0.21789051083238312 0.07595492018244014 0.19816510604332951 0.07588082782212087 0.19874958950969215 0.11014090193842645 0.22075884948688712 0.1114337685290764 0.21789051083238312 0.07595492018244014
0 0.1906004652223489 0.2061284070695553 0.17208278791334095 0.20172716077537056 0.16729001368301027 0.23582951767388824 0.1834273261117446 0.2404958095781072 0.1906004652223489 0.2061284070695553
0 0.1546738095781072 0.19298484606613456 0.13644560091220068 0.1907228301026226 0.13030053591790194 0.22163720980615736 0.14534453819840365 0.22555026111744583 0.1546738095781072 0.19298484606613456
0 0.3273460490307868 0.8039511197263397 0.314912810718358 0.8753531277080958 0.3727340592930445 0.8906728187001139 0.38465397377423033 0.8144019863169898 0.3273460490307868 0.8039511197263397
0 0.21369716305587227 0.6182946442417332 0.20840858494868872 0.6559248312428735 0.26178327822120867 0.6730195165336373 0.2706730045610034 0.6310971801596351 0.21369716305587227 0.6182946442417332