0 0.7009686522234891 0.48104450969213225 0.7167995883694412 0.4237080057012543 0.6631428848346637 0.4104802793614595 0.6503248882554162 0.4593535803876853 0.7009686522234891 0.48104450969213225
0 0.6886451995438996 0.5761544503990879 0.7384472348916762 0.5903822873432155 0.7524552109464082 0.550565236031927 0.6994736510832383 0.5280738848346636 0.6886451995438996 0.5761544503990879
0 0.6670710946408209 0.6462315438996579 0.7198655188141391 0.6635234925883695 0.7360632599771949 0.6062649566704675 0.6781308529076397 0.5884879099201824 0.6670710946408209 0.6462315438996579
0 0.8500811003420753 0.4993850136830103 0.8868405416191562 0.5035563865450399 0.8994500513112884 0.4415879543899658 0.870000189281642 0.43138259749144814 0.8500811003420753 0.4993850136830103
0 0.3301420193842646 0.5831148620296465 0.3773014583808438 0.6040635781071836 0.39426986202964653 0.5436302690992019 0.3466787058152793 0.5253213557582669 0.3301420193842646 0.5831148620296465
0 0.09670144697833524 0.4673293340935006 0.1687162337514253 0.494171425313569 0.19028972519954387 0.42378909692132266 0.11764272633979475 0.39165459635119726 0.09670144697833524 0.4673293340935006
0 0.0774504424173318 0.5379002177879133 0.12990913340935006 0.5539083717217788 0.1482316362599772 0.49315427366020526 0.09717283466362599 0.4765347502850627 0.0774504424173318 0.5379002177879133
0 0 0.6176814834663626 0.09871293272519954 0.649255889395667 0.11958995553021665 0.5596045575826681 0.014549680729760548 0.5281739338654504 0 0.5708017457240593 0 0.6176814834663626
0 0.045672470923603194 0.7302480296465221 0.07920821778791334 0.7410183614595212 0.09059074116305588 0.695787134549601 0.06285451539338655 0.6865530376282782 0.045672470923603194 0.7302480296465221
0 0.10947446522234892 0.8785684287343215 0.13756974686431014 0.8863613090079818 0.14900741619156216 0.8554050547320411 0.11866010718358039 0.8410649395667047 0.10947446522234892 0.8785684287343215
0 0.13894909806157354 0.09145881641961232 0.16734146978335232 0.10356554503990878 0.17776455302166477 0.07148311174458381 0.15279773204104904 0.06344628050171038 0.13894909806157354 0.09145881641961232
0 0.642977481185861 0.9652593477765109 0.6748928209806156 0.975078236031927 0.6809533888255416 0.9469262348916762 0.6458391778791334 0.9403730022805017 0.642977481185861 0.9652593477765109
0 0.8797951060433294 0.07107518129988598 0.8696467149372862 0.06740053705815278 0.8534500296465223 0.08398931242873432 0.866267496009122 0.09187337286202964 0.8797951060433294 0.07107518129988598
0 0.8255660752565565 0.08625709350057012 0.8351574230330672 0.09254489965792474 0.8439766271379704 0.07287045724059292 0.8356439692132269 0.06169056784492589 0.8255660752565565 0.08625709350057012
0 0.7978396077537058 0.0767215621436716 0.8076429167616875 0.08487546750285062 0.819823937286203 0.06227351197263398 0.8115539179019384 0.05505253249714937 0.7978396077537058 0.0767215621436716
0 0.32179171949828966 0.6966727491448118 0.33219096351197264 0.6648903511972634 0.2738356818700114 0.6452023762827822 0.26598556100342075 0.6878458574686431 0.32179171949828966 0.6966727491448118
0 0.28904165222348915 0.8536054846066136 0.27660958608893954 0.9092379783352338 0.31408731128848344 0.9214532166476624 0.3305354846066134 0.8612128380843785 0.28904165222348915 0.8536054846066136