0 0.9462694161915621 0.215270417331813 0.9833356647662486 0.20066079247434435 0.9588766624857469 0.155957992018244 0.9244515792474345 0.16839265450399088 0.9462694161915621 0.215270417331813
0 0.5939474629418472 0.8599900467502851 0.6297015324971493 0.8572577799315849 0.6266461698973773 0.8316887901938427 0.5895036556442417 0.832911905359179 0.5939474629418472 0.8599900467502851
0 0.6311978221208665 0.8958656761687572 0.6407385313568985 0.9051873774230331 0.6695182976054732 0.8553874663625998 0.6489831539338655 0.8482878255416192 0.6311978221208665 0.8958656761687572
0 0.032049496009122005 0.5649072485746864 0.09343252223489167 0.6156374492588369 0.12727073774230332 0.5705596259977195 0.06455141163055872 0.5216747297605473 0.032049496009122005 0.5649072485746864
0 0.13608974458380843 0.11538721664766248 0.172470755986317 0.11825773090079818 0.181987913340935 0.07348302508551882 0.15139112428734322 0.06606576054732041 0.13608974458380843 0.11538721664766248
0 0.14615717445838086 0.18499041163055874 0.16347880957810718 0.18624098631698974 0.18351529874572406 0.13762409806157355 0.16662713683010263 0.13129804903078676 0.14615717445838086 0.18499041163055874
0 0.10197201026225769 0.1360930889395667 0.07588560889395667 0.09043416419612314 0.06414314595210947 0.14567810604332954 0.07274616761687572 0.1566231379703535 0.10197201026225769 0.1360930889395667
0 0.385375094640821 0.10091115621436715 0.43530757468643105 0.07141054275940707 0.4165014344355758 0.04006396579247434 0.36669119954389967 0.06898194982896237 0.385375094640821 0.10091115621436715
0 0.6546767092360319 0.36601239566704674 0.6855600695553021 0.343403409350057 0.6644800524515393 0.3170430273660205 0.6388273489167616 0.3355978084378563 0.6546767092360319 0.36601239566704674
0 0.6902747286202965 0.5437555667046751 0.7216135632839225 0.5218520068415051 0.6963863694412771 0.49217886202964656 0.6725239007981756 0.5150645575826682 0.6902747286202965 0.5437555667046751
0 0.7578780228050171 0.7392439087799316 0.7847853500570126 0.7182210444697834 0.7722858688711517 0.6942915267958951 0.7427766921322692 0.715064858608894 0.7578780228050171 0.7392439087799316
0 0.762670590649943 0.48560394754846065 0.7884550068415052 0.46130413226909917 0.7733109817559862 0.4441046636259977 0.7460936396807297 0.46415111060433295 0.762670590649943 0.48560394754846065
0 0.7900790216647663 0.1911875267958951 0.8191826191562143 0.17124010604332954 0.8010794994298747 0.13943434777651084 0.7699777502850628 0.15926055644241732 0.7900790216647663 0.1911875267958951
0 0.23541528050171037 0.0903072873432155 0.2564188962371722 0.12273116191562143 0.285893810718358 0.10103683010262259 0.264729251995439 0.07192531470923604 0.23541528050171037 0.0903072873432155
0 0.8949043500570125 0.2943024321550741 0.9054052291904219 0.31051497149372864 0.9284213283922463 0.2935275085518814 0.9237691402508552 0.27855974458380844 0.8949043500570125 0.2943024321550741
0 0.8827365712656785 0.27166064538198403 0.8932006647662486 0.2909020353477765 0.9222671505131129 0.27398499429874573 0.911098834663626 0.25520093272519956 0.8827365712656785 0.27166064538198403
0 0.8003486887115165 0.2912227833523375 0.8170895484606614 0.2923499087799316 0.8031248757126568 0.2553456716077537 0.7936425165336374 0.2618395210946408 0.8003486887115165 0.2912227833523375
0 0.8505821174458381 0.20040257354618018 0.8658668380843786 0.1969646944127708 0.8592344925883694 0.15969635005701255 0.843549102622577 0.16395958608893954 0.8505821174458381 0.20040257354618018
0 0.0914614275940707 0.35387467844925885 0.10843138084378563 0.37389191790193843 0.13301746066134548 0.3523740581527936 0.11354239794754846 0.32969819384264537 0.0914614275940707 0.35387467844925885