0 0.2920589190421893 0.19467834777651083 0.30814936944127713 0.16553997833523376 0.2739221984036488 0.14800013683010263 0.26172070581527934 0.1821271755986317 0.2920589190421893 0.19467834777651083
0 0.3464109521094641 0.10124555416191562 0.36660974230330673 0.06526156670467503 0.33632788939566705 0.04937269327251995 0.315089810718358 0.0837441094640821 0.3464109521094641 0.10124555416191562
0 0.49111028050171035 0.10578305017103763 0.5086390638540479 0.06850187799315849 0.469769842645382 0.04883845267958951 0.456721244013683 0.08978523831242873 0.49111028050171035 0.10578305017103763
0 0.4786280387685291 0.13482173432155073 0.4902544914481186 0.11381102622576966 0.4491540741163056 0.10214209007981756 0.44852517445838086 0.12918074002280502 0.4786280387685291 0.13482173432155073
0 0.3847863033067275 0.3048849338654504 0.4440673899657924 0.1808557411630559 0.40761770353477766 0.17282085860889396 0.35180351995438996 0.2937551083238312 0.3847863033067275 0.3048849338654504
0 0.47738881527936144 0.19373592132269102 0.4644405792474344 0.24524670923603192 0.49625767958950967 0.25660311972633976 0.5165056636259977 0.20155479247434435 0.47738881527936144 0.19373592132269102
0 0.5468768996579247 0.3429385553021665 0.5595700992018244 0.29631465336374 0.5310746738882555 0.285824732041049 0.5142206864310148 0.33658415621436716 0.5468768996579247 0.3429385553021665
0 0.7894401904218928 0.1203771550741163 0.7585160136830102 0.1384838757126568 0.775666149372862 0.17386305245153935 0.8042674754846066 0.15287950969213226 0.7894401904218928 0.1203771550741163
0 0 0.5467969350057013 0.0019809840364880273 0.5583358015963512 0.017905014823261116 0.5189487001140252 0 0.5086596704675028 0 0.5467969350057013
0 0.7713763420752566 0.41603885062713797 0.7846545917901938 0.4128529566704675 0.7744579384264538 0.3603957206385405 0.7616634424173319 0.3625818779931585 0.7713763420752566 0.41603885062713797
0 0.6035574275940707 0.3609544025085519 0.6421159703534778 0.3510383363740023 0.6349933648802737 0.3112921436716078 0.5940236898517673 0.3253044732041049 0.6035574275940707 0.3609544025085519