0 0.5693252690992019 0.5328619464082098 0.6254346077537059 0.6108811778791334 0.7064349657924743 0.5512716567844925 0.6528416818700113 0.4757549600912201 0.5693252690992019 0.5328619464082098
0 0.7412843922462942 0.967679669327252 0.7610409635119726 0.9870414675028506 0.788254472063854 0.9630975587229191 0.7650465621436716 0.9374797685290764 0.7412843922462942 0.967679669327252
0 0.4335384013683011 0.49151743101482326 0.45837423831242874 0.5243062976054732 0.5187263078677309 0.4731488574686431 0.4917454789053592 0.43971968301026226 0.4335384013683011 0.49151743101482326
0 0.337684094640821 0.6037796476624858 0.31145591334093503 0.6290835017103763 0.3355556864310148 0.6551431242873432 0.3599693500570126 0.6223380638540479 0.337684094640821 0.6037796476624858
0 0.11276009578107184 0.3896132896237172 0.14859886316989737 0.38326656898517675 0.1399102622576967 0.3205730114025086 0.10331177765108324 0.32770113112884836 0.11276009578107184 0.3896132896237172
0 0.23755063055872294 0.5079669600912201 0.21610092246294185 0.5334249156214367 0.23917898289623715 0.5659353774230331 0.2676182725199544 0.5412838871151653 0.23755063055872294 0.5079669600912201
0 0.22646257354618016 0.0926171984036488 0.2792052417331813 0.07812707183580388 0.2690528996579247 0.03984729532497149 0.21568589281641962 0.056041989737742305 0.22646257354618016 0.0926171984036488
0 0.13096580045610035 0.22537518244013682 0.09231840136830104 0.23428281527936146 0.09922108893956672 0.29098257582668186 0.13608056328392246 0.28028888711516536 0.13096580045610035 0.22537518244013682
0 0.6379301676168757 0.45235133523375143 0.6244832930444697 0.4538300490307868 0.6248132257696692 0.47071453705815275 0.6415626191562143 0.46615356670467506 0.6379301676168757 0.45235133523375143
0 0.5938906556442417 0.40810637172177877 0.5778505461801596 0.4145815530216648 0.5964550809578106 0.44878808323831243 0.6140175655644242 0.44105114367160775 0.5938906556442417 0.40810637172177877
0 0.5649815678449259 0.4275736681870011 0.5505785085518814 0.43130395895096924 0.562831259977195 0.463903314709236 0.5789068221208665 0.45803331698973776 0.5649815678449259 0.4275736681870011
0 0.5739496168757127 0.3899192417331813 0.5635541254275941 0.39488542075256555 0.5710978437856328 0.4117101584948689 0.5824127206385404 0.4017782291904219 0.5739496168757127 0.3899192417331813
0 0.539396810718358 0.4601916624857469 0.5260706624857469 0.4646936704675028 0.5342952474344356 0.4810250969213227 0.5463264914481186 0.4733122394526796 0.539396810718358 0.4601916624857469
0 0.43841950171037625 0.3317815769669327 0.4526021949828962 0.3370336510832383 0.4591607445838084 0.3032056545039909 0.44559338084378564 0.29895276738882554 0.43841950171037625 0.3317815769669327
0 0.19495984834663624 0.8072087696693273 0.20969959635119725 0.8089437468643101 0.22386079247434437 0.7498676590649942 0.20925972862029646 0.7448498962371721 0.19495984834663624 0.8072087696693273
0 0.2876210912200684 0.4269269692132269 0.303289913340935 0.4227960034207526 0.2978104629418472 0.40810008437856327 0.2854630729760547 0.4115563922462942 0.2876210912200684 0.4269269692132269
0 0.3130352246294185 0.421934905359179 0.32703915279361456 0.416939094640821 0.324024401368301 0.40563930216647665 0.3098390205245154 0.4054981698973774 0.3130352246294185 0.421934905359179
0 0.33761341163055875 0.4222207993158495 0.3497029395667047 0.4217309885974914 0.3472436978335233 0.40691385404789054 0.3354576180159635 0.4086540307867731 0.33761341163055875 0.4222207993158495
0 0.23031205815279363 0.7887619623717218 0.239443086659065 0.7841982462941847 0.2367774789053592 0.7555219509692133 0.22427976852907638 0.7580495587229191 0.23031205815279363 0.7887619623717218
0 0.05758072862029647 0.355024236031927 0.015314090079817561 0.3639597879133409 0.009833995438996579 0.3985597457240593 0.06449795210946409 0.39098658380843787 0.05758072862029647 0.355024236031927