0 0.4473653740022805 0.19846523489167617 0.4814252542759407 0.23774840820980617 0.6166262462941847 0.10404254618015964 0.5864034070695553 0.06762064652223489 0.4473653740022805 0.19846523489167617
0 0.8425637491448118 0.1766913409350057 0.8719342816419613 0.2090143683010262 0.9350400456100342 0.15172004561003422 0.9121567046750284 0.11400450741163057 0.8425637491448118 0.1766913409350057
0 1 0.2777826978335234 0.9733867571265677 0.29950370695553025 0.9958677799315849 0.3268583717217788 1 0.3236803375142531 1 0.2777826978335234
0 0.9187907080957811 0.6270113409350058 0.9684686237172179 0.5828349384264538 0.9468954766248574 0.5508178437856328 0.8913121482326112 0.5929390547320411 0.9187907080957811 0.6270113409350058
0 0.6786553101482325 0.5349690193842646 0.7175026898517675 0.5776038335233752 0.7582772873432155 0.5407681562143671 0.7203420079817561 0.4977073648802736 0.6786553101482325 0.5349690193842646
0 0.7037121835803877 0.6547651505131128 0.7278402143671608 0.6860691391106043 0.7545462383124287 0.6625276773090081 0.729400070695553 0.6283054925883694 0.7037121835803877 0.6547651505131128
0 0.8065256180159635 0.8719354093500571 0.8285516385404789 0.9016226727480046 0.8594645438996579 0.8779916522234892 0.8365153762827822 0.8451022223489167 0.8065256180159635 0.8719354093500571
0 1 0.4932753945267959 0.9981775917901938 0.47973442987457243 0.964142503990878 0.5072918494868871 0.9888694789053591 0.5462746396807298 1 0.531491874572406 1 0.4932753945267959
0 0.4772749817559863 0.044593639680729755 0.43938277879133414 0.006380126567844926 0.40308906613454965 0.03713087457240593 0.44602079361459523 0.07481181527936145 0.4772749817559863 0.044593639680729755
0 0.179844417331813 0.11985045496009122 0.24571488711516531 0.1913260912200684 0.3427587981755986 0.10554821208665906 0.2672852953249715 0.022526533637400228 0.179844417331813 0.11985045496009122
0 0.18871564538198404 0.1923438221208666 0.21556921550741162 0.16611074914481186 0.1915529441277081 0.13422362257696693 0.16319534777651085 0.1619789315849487 0.18871564538198404 0.1923438221208666
0 0.41813054503990876 0.39238895324971496 0.44177418472063856 0.419969606613455 0.4842542303306728 0.37862653021664766 0.4592495438996579 0.3580396727480045 0.41813054503990876 0.39238895324971496
0 0.47350097833523375 0.48057434321550746 0.4973727366020525 0.5069896123147092 0.5415648072976055 0.4668866157354618 0.5122765381984037 0.44274682098061574 0.47350097833523375 0.48057434321550746
0 0.306578929304447 0.35074344355758263 0.3555770877993159 0.31006408893956666 0.3317874025085519 0.27701127936145953 0.2793280171037628 0.3230664709236032 0.306578929304447 0.35074344355758263
0 0.08024888027366021 0.18456700570125428 0.044351673888255415 0.23021237970353478 0.0588140558722919 0.2605448494868871 0.1069333261117446 0.21515818358038769 0.08024888027366021 0.18456700570125428
0 0.027584035347776512 0.316474401368301 0.015008371721778793 0.3896378198403649 0.04602832953249715 0.4195595792474344 0.08509375256556444 0.3772519281641961 0.027584035347776512 0.316474401368301
0 0.046605108323831246 0.5814741482326112 0.08396360205245153 0.6286568643101483 0.12664930558722917 0.5921926681870012 0.08470244583808438 0.5471439703534777 0.046605108323831246 0.5814741482326112
0 0.29588964994298744 0.46480095438996577 0.3281928631698973 0.43539314367160775 0.2881661938426454 0.38950637514253134 0.2559128928164196 0.4213433409350057 0.29588964994298744 0.46480095438996577
0 0.08668254047890536 0.7483433911060433 0.14003016875712657 0.7163727069555302 0.12157990193842645 0.6807285974914481 0.06764943329532497 0.7125859885974914 0.08668254047890536 0.7483433911060433
0 0.2561380193842645 0.8060831755986316 0.290336102622577 0.7824858654503991 0.2599591984036488 0.731518897377423 0.22554089851767387 0.7614244629418473 0.2561380193842645 0.8060831755986316
0 0.4688421858608894 0.7687948905359179 0.44691278335233753 0.7354988198403649 0.400078259977195 0.7705501128848348 0.4232888745724059 0.8010709099201824 0.4688421858608894 0.7687948905359179
0 0.5297529555302166 0.6481681482326112 0.46888163854047893 0.7095259817559862 0.5063355142531357 0.7530980604332953 0.5660915165336374 0.700597968072976 0.5297529555302166 0.6481681482326112
0 0.5018879828962372 0.6143231824401368 0.47689593272519953 0.64031482668187 0.49821157240592934 0.6674413717217789 0.5275215735461801 0.6441052326111744 0.5018879828962372 0.6143231824401368
0 0.43867869213226907 0.6068770376282783 0.47172593500570126 0.5860803420752566 0.4128746442417332 0.5220177263397948 0.3853410193842645 0.551749378563284 0.43867869213226907 0.6068770376282783
0 0.35625636716077536 0.5739180045610034 0.37856510148232614 0.5461966419612315 0.35343074572405925 0.5231651265678449 0.334001929304447 0.5453976567844926 0.35625636716077536 0.5739180045610034
0 0 0.6404740433295325 0.013405418472063854 0.6621210592930444 0.0600740433295325 0.6209872976054732 0.04037755644241733 0.591754441277081 0 0.6186103683010262 0 0.6404740433295325
0 0 0.6139041151653364 0.017375645381984037 0.5981724492588368 0 0.5684603135689852 0 0.6139041151653364
0 0.7202506499429874 0.9924707548460661 0.7578769053591791 0.9574441459521094 0.7469781026225769 0.942017054732041 0.7061156738882555 0.98125351995439 0.7202506499429874 0.9924707548460661
0 0.4654264446978335 0.24855040478905358 0.4426333181299886 0.27254843329532497 0.46208837742303305 0.29991977194982894 0.4945376374002281 0.2759841163055872 0.4654264446978335 0.24855040478905358
0 0.4094645484606614 0.3592515769669327 0.3718334059293044 0.3041526431014823 0.3302912212086659 0.3468861550741163 0.3718109042189282 0.39850531128848343 0.4094645484606614 0.3592515769669327
0 0.11147288597491448 0.2601971790193843 0.13731851767388825 0.28578481185860893 0.15920346750285064 0.26645074914481187 0.13274590535917902 0.23469235347776513 0.11147288597491448 0.2601971790193843