0 0.9237301288483466 0.8172000752565565 0.8905993090079818 0.8225275370581527 0.894218874572406 0.8598763055872293 0.9277103899657924 0.8563225074116305 0.9237301288483466 0.8172000752565565
0 1 0.7443944595210946 0.9799946282782211 0.7437678791334094 0.9805438335233752 0.775231834663626 1 0.7734657080957811 1 0.7443944595210946
0 0.9216844697833523 0.1901355849486887 0.910446961231471 0.19211325769669327 0.9139894218928164 0.25915539338654503 0.9278591641961231 0.2532718118586089 0.9216844697833523 0.1901355849486887
0 0.6338538472063854 0.8644209931584949 0.6255607879133409 0.865159590649943 0.6178051265678449 0.9306174150513113 0.635408229190422 0.9300147936145952 0.6338538472063854 0.8644209931584949
0 0.47153846750285067 0.8440960045610034 0.46215576966932725 0.782498810718358 0.4094856088939567 0.789950417331813 0.4176602645381984 0.8503810159635119 0.47153846750285067 0.8440960045610034
0 0.5041629600912201 0.46999777651083235 0.5030882519954389 0.37440666134549605 0.46697156214367164 0.37860012314709235 0.46977387457240594 0.47119188141391105 0.5041629600912201 0.46999777651083235
0 0.2762162166476625 1 0.26950599657924745 0.9616398597491448 0.23129662713797033 0.9691359726339794 0.23938540364880273 1 0.2762162166476625 1
0 0.2734453261117446 0.8814026385404788 0.23926348802736602 0.8944699338654505 0.25813374914481185 0.9558983968072976 0.2886262827822121 0.9405216989737742 0.2734453261117446 0.8814026385404788
0 0.25484738312428734 0.631717314709236 0.22535991334093503 0.6417350296465222 0.2337535929304447 0.6807819874572406 0.26612864538198405 0.6710123511972634 0.25484738312428734 0.631717314709236
0 0.13297277993158493 0.6510675792474344 0.06579642417331813 0.6771814446978336 0.10380942645381985 0.7816276841505131 0.16264322462941846 0.7565501995438996 0.13297277993158493 0.6510675792474344
0 0.03350819042189282 0.11893805473204104 0.07132137058152793 0.1099626944127708 0.05978479589509692 0.06087530900798175 0.020792989737742303 0.07135428050171037 0.03350819042189282 0.11893805473204104
0 0.33506299315849486 0.29895261459521094 0.35221168643101486 0.2956840809578107 0.33814816191562147 0.23773319726339795 0.3245121858608894 0.24420653933865452 0.33506299315849486 0.29895261459521094
0 0.5066572805017103 0.00105469669327252 0.468699 0.001717261117445838 0.47031583124287346 0.026392801596351198 0.5056355096921322 0.019244050171037627 0.5066572805017103 0.00105469669327252
0 0.5168513625997719 0.27915195438996576 0.526953362599772 0.28016330330672745 0.5297571596351197 0.2029135438996579 0.512379236031927 0.20173383808437859 0.5168513625997719 0.27915195438996576
0 0.28494066818700114 0.044474548460661345 0.25290393272519957 0.044439911060433296 0.2576455188141391 0.07820605245153935 0.2859535564424173 0.07385353477765108 0.28494066818700114 0.044474548460661345
0 0.3423021641961232 0.06782075940706955 0.3374434686431015 0.027524417331813 0.29846679133409354 0.03770620524515394 0.3074023181299886 0.07377450171037628 0.3423021641961232 0.06782075940706955
0 0.2398868472063854 0.3184291334093501 0.2263060022805017 0.22008867502850626 0.18190111630558722 0.22888061117445838 0.19971248916761689 0.3280379874572406 0.2398868472063854 0.3184291334093501
0 0.35219955986316986 0.872900330672748 0.3379362930444698 0.871369338654504 0.33960441391106044 0.9048922052451539 0.3539775336374002 0.9067182018244014 0.35219955986316986 0.872900330672748
0 0.07613842987457241 0.2500265188141391 0.06018741847206385 0.25386798859749143 0.07721313797035348 0.34561763397947554 0.09136275598631699 0.3426968084378563 0.07613842987457241 0.2500265188141391