0 0.4665932041049031 0.27651563169897375 0.41275746180159634 0.2719473945267959 0.40181173318129987 0.31705518472063854 0.45997263854047893 0.3263801755986317 0.4665932041049031 0.27651563169897375
0 0.35151991676168753 0.09350161231470923 0.34376177993158497 0.1696344982896237 0.38149665678449257 0.17354301710376283 0.3949950285062714 0.10296073432155074 0.35151991676168753 0.09350161231470923
0 0.2140142702394527 0.32096166590649944 0.21450289167616876 0.3619962884834664 0.26934522576966935 0.3724477035347777 0.2757782223489168 0.336879503990878 0.2140142702394527 0.32096166590649944
0 0.04331666704675029 0.2608788198403649 0.03576562029646522 0.33997322348916764 0.06437522805017104 0.34094864424173316 0.07419864196123147 0.2688377388825542 0.04331666704675029 0.2608788198403649
0 0.3968205381984037 0.749820046750285 0.3780620912200684 0.7451797662485746 0.37806607411630555 0.8445778677309008 0.3953410695553021 0.8392034823261117 0.3968205381984037 0.749820046750285
0 0.3230610296465222 0.69843382668187 0.31962930216647667 0.7343857890535918 0.3776893295324972 0.7398490342075257 0.3795113774230331 0.7063904310148232 0.3230610296465222 0.69843382668187
0 0.39974390649942987 0.6555724777651083 0.3998489806157354 0.699611488027366 0.45701744355758267 0.7093034766248575 0.45463844469783354 0.6582810763968073 0.39974390649942987 0.6555724777651083
0 0.9922789726339795 0.642707984036488 0.9569103010262258 0.6386355701254276 0.9568585017103762 0.6800055838084379 0.9880769258836943 0.6846673774230331 0.9922789726339795 0.642707984036488
0 0.888335976054732 0.5678388038768529 0.8857326054732041 0.6156368380843785 0.9156370638540479 0.6266401128848347 0.9209105769669327 0.5744905302166476 0.888335976054732 0.5678388038768529
0 0.5474043101482327 0.3607399498289624 0.48926155416191563 0.3540936556442418 0.4889171539338655 0.3895321311288484 0.5399554948688712 0.3987599806157355 0.5474043101482327 0.3607399498289624
0 0.8845182668187002 0.7258352976054732 0.8480078551881414 0.7224363557582668 0.839250291904219 0.7578679372862029 0.8762160798175599 0.7686750342075257 0.8845182668187002 0.7258352976054732
0 0.8491558950969212 0.8663960136830102 0.7900479657924744 0.8544588460661345 0.7884777822120866 0.8989110342075256 0.8449537400228051 0.9083538472063853 0.8491558950969212 0.8663960136830102
0 0.9520506499429875 0.8752713078677309 0.909511637400228 0.8621755290763967 0.9075970068415051 0.9191509999999999 0.944369732041049 0.9269955997719498 0.9520506499429875 0.8752713078677309
0 0.9617889851767388 0.06213780501710377 0.9434860262257696 0.06401130672748004 0.9465929817559864 0.13789799885974913 0.9621082166476626 0.13472986773090082 0.9617889851767388 0.06213780501710377
0 0.2341564469783352 0.1838460478905359 0.23151704446978336 0.19712657696693273 0.25309718586088936 0.20811674458380844 0.25662981984036487 0.190608921322691 0.2341564469783352 0.1838460478905359
0 0.26139926339794756 0.1652754481185861 0.2353338779931585 0.1581701197263398 0.23361812314709235 0.17614766020524514 0.2588841163055872 0.18033288825541618 0.26139926339794756 0.1652754481185861