0 0.23084676966932727 0.5808006476624857 0.2538673888255416 0.5492230353477765 0.19984576966932724 0.5178983888255416 0.18730078563283922 0.5492117445838085 0.23084676966932727 0.5808006476624857
0 0.057994806157354625 0.6008047833523376 0.09295226225769669 0.5806217046750285 0.07224517559863171 0.5362249521094641 0.03964526795895097 0.5481781277080958 0.057994806157354625 0.6008047833523376
0 0.3462414629418472 0.7098320262257697 0.3443667149372862 0.6708663534777651 0.257655314709236 0.6551901049030787 0.2549300478905359 0.69247982668187 0.3462414629418472 0.7098320262257697
0 0.1396915096921323 0.6869287092360319 0.14737519954389966 0.7217334766248574 0.184855503990878 0.717323953249715 0.17943777194982896 0.6779858985176739 0.1396915096921323 0.6869287092360319
0 0.4557945758266819 0.9569402542759406 0.4655437468643101 0.920985794754846 0.42682999885974915 0.9115844800456101 0.41343221550741166 0.9453313990877994 0.4557945758266819 0.9569402542759406
0 0.36342696579247435 0.5804194640820981 0.3408711630558723 0.6132399726339794 0.3713347867730901 0.6414931242873432 0.3986333511972634 0.6089904241733182 0.36342696579247435 0.5804194640820981
0 0.24088268643101485 0.4512336556442417 0.26892225769669326 0.4798290501710376 0.2961708358038769 0.4534672645381984 0.27457888141391107 0.42600987685290764 0.24088268643101485 0.4512336556442417
0 0.4396396168757126 0.4971751470923603 0.40936046750285066 0.4671518928164196 0.38727060661345497 0.48704874686431016 0.4126065553021665 0.51580617331813 0.4396396168757126 0.4971751470923603
0 0.34666178677309006 0.2911731288483466 0.37243556328392247 0.32430025883694413 0.4055891140250855 0.29855911060433293 0.38543437286202964 0.2659330125427594 0.34666178677309006 0.2911731288483466
0 0.46322163397947547 0.3523310433295325 0.4867232542759407 0.37865998859749145 0.5184591505131129 0.35504637286202967 0.49075055302166476 0.32898225313568985 0.46322163397947547 0.3523310433295325
0 0.7087488939566704 0.39066343101482326 0.694910748004561 0.35759674686431014 0.6452556830102623 0.3869719874572406 0.6714728836944127 0.41585031584948684 0.7087488939566704 0.39066343101482326
0 0.7903320091220069 0.4040096134549601 0.771489377423033 0.3674349749144812 0.7152767787913341 0.39671801140250856 0.735204086659065 0.43149304675028505 0.7903320091220069 0.4040096134549601
0 0.9581675598631699 0.45445454846066136 0.9442023603192703 0.411236157354618 0.8926814903078677 0.43564227251995435 0.9180195917901938 0.47289961231470923 0.9581675598631699 0.45445454846066136
0 0.7042901778791334 0.5750920627137971 0.7355332531356898 0.6129700399087799 0.7628763090079818 0.5913896362599772 0.7321160980615736 0.5545977685290764 0.7042901778791334 0.5750920627137971
0 0.6596159623717218 0.6366014789053591 0.69186730672748 0.6137490364880275 0.6745082953249715 0.5914750068415051 0.6370472462941847 0.6127570957810718 0.6596159623717218 0.6366014789053591
0 0.19349867274800459 0.2488312713797035 0.21656633637400227 0.2792890364880274 0.2450284857468643 0.2584217023945268 0.2190445974914481 0.2216133819840365 0.19349867274800459 0.2488312713797035
0 0.17562406043329531 0.3507335974914481 0.19031995096921323 0.34154282554161913 0.16341058950969212 0.3078894241733181 0.1467753865450399 0.3184757525655644 0.17562406043329531 0.3507335974914481
0 0.16363393728620299 0.37392766020524515 0.17839189167616876 0.3641463911060433 0.14462713683010262 0.3246993557582668 0.12517921094640821 0.336485748004561 0.16363393728620299 0.37392766020524515
0 0.714371047890536 0.13836272633979474 0.6967964823261117 0.0840280330672748 0.662945433295325 0.09653942303306728 0.6789146442417332 0.15193242303306725 0.714371047890536 0.13836272633979474
0 0.28443858152793616 0.15043241619156214 0.30559892132269095 0.13655418472063854 0.28413652793614597 0.10502396465222348 0.2618372884834664 0.12121770923603192 0.28443858152793616 0.15043241619156214
0 0.6561829236031927 0.3398089543899658 0.672941142531357 0.3678140809578107 0.7028280877993158 0.34759139794754845 0.6871634378563284 0.32338231356898517 0.6561829236031927 0.3398089543899658
0 0.2796878779931585 0.16723098175598633 0.3105559726339795 0.1973161356898518 0.33836572291904216 0.1769756818700114 0.3082963238312429 0.14781187343215507 0.2796878779931585 0.16723098175598633
0 0.6948328289623716 0.778678141391106 0.7479039874572405 0.739522023945268 0.7163975689851767 0.6871087696693272 0.6586473329532496 0.7367017126567845 0.6948328289623716 0.778678141391106