0 0.14117539110604332 0 0.1059954378563284 0.05873170809578107 0.1318010456100342 0.06715355302166477 0.16247558038768528 0.002512289623717218 0.1584831676168757 0 0.14117539110604332 0
0 0.08391101938426453 0 0.07265160775370581 0.022865534777651082 0.09627836488027366 0.03398066590649943 0.11392715393386545 0 0.08391101938426453 0
0 0.8053314789053592 0.9760549885974914 0.8727284196123147 0.9915228620296466 0.8842084002280503 0.9439687092360319 0.8160966522234891 0.9254024515393386 0.8053314789053592 0.9760549885974914
0 0.9318944925883694 1 0.9380878369441277 0.9665321767388826 0.9223603888255417 0.9628228643101483 0.9085370820980615 1 0.9318944925883694 1
0 0.39067666248574684 0.8368334846066134 0.41638811858608893 0.8416477423033067 0.4399881448118586 0.7676164515393387 0.41544175028506275 0.7620681322690992 0.39067666248574684 0.8368334846066134
0 0.2177699498289624 0.7058068802736601 0.26542864766248575 0.7208990638540479 0.2792188928164196 0.6910591448118586 0.22504228392246295 0.6705540399087799 0.2177699498289624 0.7058068802736601
0 0.12984411516533637 0.9516326408209805 0.1733663968072976 0.9577492987457241 0.1838611801596351 0.9342815028506272 0.15053803534777652 0.9191055017103763 0.12984411516533637 0.9516326408209805
0 0.021751143671607753 0.7136337548460662 0.05294199201824401 0.7264115347776511 0.07748408893956671 0.6968835199543899 0.039033505131128854 0.6821860729760547 0.021751143671607753 0.7136337548460662
0 0.11937328848346637 0.5055055803876853 0.15774847890535917 0.5013054994298746 0.1587544401368301 0.4642726009122007 0.1176487354618016 0.4683887251995439 0.11937328848346637 0.5055055803876853
0 0.11974361003420753 0.4473978688711516 0.12129930444697834 0.4662036465222349 0.15134608209806158 0.45723557240592927 0.15139058152793616 0.4398538574686431 0.11974361003420753 0.4473978688711516
0 0.6229083534777651 0.6524201288483467 0.6725693352337514 0.6617978654503992 0.6845557662485747 0.6149176316989738 0.6353511151653364 0.5924131550741163 0.6229083534777651 0.6524201288483467
0 0.5860297605473204 0.03146010490307868 0.5435022702394527 0.0012000592930444696 0.5202616145952109 0.030011602052451538 0.5649344070695553 0.06207211288483467 0.5860297605473204 0.03146010490307868
0 0.5184081949828963 0.9735044127708096 0.5752185507411631 0.9874844389965792 0.5851202816419613 0.946905078677309 0.5274217035347777 0.931599473204105 0.5184081949828963 0.9735044127708096