0 0 0.7360284082098061 0.026047140250855187 0.7368168836944128 0.022039630558722916 0.7031316111744584 0 0.7034025028506272 0 0.7360284082098061
0 0.012512714937286203 0.6689618848346637 0.011897302166476626 0.707799787913341 0.05012591448118586 0.7000333272519954 0.050379631698973776 0.6653296316989739 0.012512714937286203 0.6689618848346637
0 0.2546691961231471 0.7623758061573546 0.215958094640821 0.7756571379703535 0.22117006499429875 0.7955574298745723 0.25927957924743444 0.7891702132269098 0.2546691961231471 0.7623758061573546
0 0.31359998061573546 0.756420550741163 0.26433072862029644 0.7632210809578107 0.2675604469783352 0.7898946944127708 0.3156903489167617 0.7802151596351197 0.31359998061573546 0.756420550741163
0 0.6881864355758266 0.3058251345496009 0.6200749156214367 0.3054216636259977 0.6225671448118586 0.37231059635119723 0.7028032451539338 0.3612725678449259 0.6881864355758266 0.3058251345496009
0 0.8579442394526796 0.32067701710376284 0.7953538164196123 0.3207565803876853 0.7918564207525656 0.36073200684150514 0.8636260216647663 0.3670110330672748 0.8579442394526796 0.32067701710376284
0 0.3620001459521095 0.690317046750285 0.357067511972634 0.6785721334093501 0.32201754846066133 0.6806627833523375 0.3261701197263398 0.6978996704675028 0.3620001459521095 0.690317046750285
0 0.3624517548460661 0.7123872656784493 0.35988508437856326 0.7008493477765108 0.3295365610034207 0.7071266237172178 0.3344216271379703 0.7228214846066134 0.3624517548460661 0.7123872656784493
0 0.450196157354618 0.6700470136830102 0.444878755986317 0.655887503990878 0.4118298301026226 0.6589500034207525 0.4146433181299886 0.6744793090079818 0.450196157354618 0.6700470136830102
0 0.4204771539338655 0.7031735131128849 0.45195832953249715 0.6975929190421893 0.45029336944127707 0.6825609190421892 0.41595810034207525 0.6867013454960091 0.4204771539338655 0.7031735131128849
0 0.45559860661345497 0.7241095302166476 0.449793212086659 0.7087152896237172 0.4213727137970354 0.7133747605473204 0.42322270467502854 0.7296981128848347 0.45559860661345497 0.7241095302166476
0 0.4583142383124288 0.7475698620296466 0.45880838084378567 0.7351092633979476 0.42398498403648804 0.7380165165336374 0.4235585792474344 0.7565153717217787 0.4583142383124288 0.7475698620296466
0 0.4608459464082098 0.779944961231471 0.4622418004561003 0.7639902805017105 0.4269287160775371 0.7656642246294185 0.4297950228050171 0.7874202668187001 0.4608459464082098 0.779944961231471
0 0.46297008665906497 0.803353543899658 0.4626949657924743 0.786060637400228 0.43198305245153934 0.7964735416191562 0.4344462269099202 0.8091944401368302 0.46297008665906497 0.803353543899658