0 0.7519792976054732 0.9541090171037628 0.7568555929304447 0.9955927331812998 0.7886741835803877 0.9950373375142532 0.7850611402508552 0.9466023922462942 0.7519792976054732 0.9541090171037628
0 0.718992590649943 0.9671554515393387 0.7576820638540479 0.9637078278221209 0.7459621698973775 0.9265004515393386 0.7114220649942987 0.9298756488027367 0.718992590649943 0.9671554515393387
0 0.786582535917902 0.7165611163055872 0.8038375233751426 0.7536718768529076 0.8230839999999999 0.7464083112884835 0.8127482440136831 0.7091752109464081 0.786582535917902 0.7165611163055872
0 0.7744999589509691 0.6585756545039908 0.7864132748004561 0.7068641550741163 0.8126031710376282 0.7008639771949828 0.7979457160775371 0.6540095245153934 0.7744999589509691 0.6585756545039908
0 0.2872180057012543 0.33314127023945267 0.29393633751425313 0.4009218415051311 0.3601983375142531 0.3914514686431015 0.3408338198403649 0.3128086978335234 0.2872180057012543 0.33314127023945267
0 0.2842440057012543 0.16276097263397948 0.29086561459521093 0.22500020182440136 0.3309876282782212 0.22429986887115164 0.3297302907639681 0.15226709236031927 0.2842440057012543 0.16276097263397948
0 0.7036993819840365 0.6173503283922464 0.6925344104903078 0.6234836180159635 0.6982773261117446 0.6581230410490307 0.7149857251995438 0.6521914732041049 0.7036993819840365 0.6173503283922464
0 0.7256014925883695 0.6145942269099202 0.7143950706955531 0.6183528779931585 0.723810244013683 0.6478789942987457 0.7389084982896237 0.6413801299885975 0.7256014925883695 0.6145942269099202
0 0.6743213979475484 0.5317562588369441 0.6607952748004562 0.5385246031927023 0.6672955507411631 0.5710723648802737 0.6824456955530216 0.5666510353477765 0.6743213979475484 0.5317562588369441
0 0.7103729087799315 0.5578497970353478 0.7015322063854048 0.5271244082098062 0.6867565883694413 0.53035151995439 0.69446334663626 0.5640659042189281 0.7103729087799315 0.5578497970353478
0 0.7275230444697833 0.5207323329532497 0.7128199635119726 0.5281150615735462 0.720424661345496 0.5558928221208667 0.7364652155074116 0.5523467103762828 0.7275230444697833 0.5207323329532497
0 0.7505709965792474 0.5155793055872292 0.7381270068415052 0.5163903568985176 0.744658370581528 0.5507190969213227 0.7631004583808438 0.5492095085518814 0.7505709965792474 0.5155793055872292
0 0.7825041071835804 0.50967734663626 0.766490921322691 0.509956858608894 0.7718469179019385 0.5449015188141391 0.7931841664766249 0.5397767879133409 0.7825041071835804 0.50967734663626
0 0.8055624218928165 0.5051179794754846 0.7883930045610034 0.5071991938426453 0.8019591356898518 0.5366544196123146 0.8143528757126567 0.5328750421892816 0.8055624218928165 0.5051179794754846