0 0.6547293352337514 0.3370522155074116 0.6691704184720638 0.3743600570125427 0.7193236009122007 0.3556721311288484 0.7055983557582668 0.3207081630558723 0.6547293352337514 0.3370522155074116
0 0.6525558608893957 0 0.6409114982896237 0.005322323831242874 0.6616883511972634 0.03872916761687571 0.6928676545039909 0.021037185860889394 0.6800044903078677 0 0.6525558608893957 0
0 0.7725385553021664 0 0.7859873671607753 0.028051413911060433 0.8288077936145951 0.005585826681870011 0.8251537263397947 0 0.7725385553021664 0
0 0.4766307958950969 0.035937067274800456 0.49871546180159637 0.08295349258836944 0.5752711071835804 0.05753078791334094 0.5485366180159635 0.006877733181299886 0.4766307958950969 0.035937067274800456
0 0.39736857810718357 0.02106025541619156 0.32087508209806154 0.047668832383124284 0.34323793842645384 0.10002332497149373 0.4180458494868871 0.07528678221208666 0.39736857810718357 0.02106025541619156
0 0.0013174503990877994 0.031111119726339797 0.020810409350057013 0.0853997126567845 0.05336367388825542 0.07120467730900798 0.035708279361459525 0.02364632497149373 0.0013174503990877994 0.031111119726339797
0 0.18516163740022804 0.15826528050171038 0.209275267958951 0.20993189167616874 0.28832695553021664 0.18675663511972634 0.2705818118586089 0.1317834424173318 0.18516163740022804 0.15826528050171038
0 0.9195233101482326 0.6247038118586089 0.8984069954389965 0.5734746830102623 0.8639521847206385 0.5853911140250856 0.8854805496009123 0.6331376545039908 0.9195233101482326 0.6247038118586089
0 0.9598528335233751 0.7248835438996578 0.9886891071835804 0.7192087810718357 0.9781811391106043 0.6775344241733181 0.940291448118586 0.6920091311288484 0.9598528335233751 0.7248835438996578
0 0.9914630513112885 0.8855884971493728 0.9790495359179019 0.8529340433295325 0.9269605302166477 0.8687490330672749 0.9385610649942988 0.9085808711516533 0.9914630513112885 0.8855884971493728
0 0.8114633888255417 0.7296874823261118 0.8070027240592931 0.7126726168757126 0.7561609418472064 0.7409112337514253 0.7645401254275941 0.7589834047890537 0.8114633888255417 0.7296874823261118
0 0.8017482371721778 0.9187253158494868 0.8096732143671608 0.9337733648802737 0.8607286818700114 0.9209869304446979 0.8549007001140251 0.9005123215507412 0.8017482371721778 0.9187253158494868
0 0.7073611345496009 0.8534929441277082 0.7224261470923603 0.891361086659065 0.753354497149373 0.880225598631699 0.741256865450399 0.842253574686431 0.7073611345496009 0.8534929441277082
0 0.34182158836944126 0.6062114777651083 0.3740148882554162 0.6645925575826682 0.4558774458380844 0.638297165336374 0.42852734777651086 0.5759274583808438 0.34182158836944126 0.6062114777651083
0 0.22519259635119726 0.6497922805017105 0.24708837514253135 0.7045495131128848 0.31237823147092364 0.6797172234891675 0.28850661231470925 0.6269661493728621 0.22519259635119726 0.6497922805017105
0 0.21613888711516535 0.8173864218928164 0.1772202565564424 0.8348878757126569 0.19896066362599774 0.8866804264538198 0.24202976738882556 0.8689598905359178 0.21613888711516535 0.8173864218928164
0 0.07753339680729761 0.7366297993158495 0.08960421208665906 0.7740602953249714 0.15929174002280502 0.7537556180159635 0.14505897149372862 0.7147501733181301 0.07753339680729761 0.7366297993158495
0 0.06948766476624858 0.8667025781071835 0.09421982896237173 0.930231197263398 0.12502388141391105 0.9167239646522235 0.1009795598631699 0.8606476841505131 0.06948766476624858 0.8667025781071835
0 0 0.38364242873432153 0.011597037628278222 0.4201218779931585 0.0589983511972634 0.3999775404789054 0.03929413911060433 0.3473006499429875 0 0.36055641733181304 0 0.38364242873432153
0 0.17685771607753706 0.32879138768529076 0.20651918129988597 0.40693205245153935 0.2414114754846066 0.39201830558722917 0.2116196259977195 0.31706226567844925 0.17685771607753706 0.32879138768529076
0 0.12382915735461801 0.3607135610034208 0.14397876282782213 0.41615687001140256 0.1803056054732041 0.4059260250855188 0.1596070992018244 0.3456516966932725 0.12382915735461801 0.3607135610034208
0 0.10296299885974915 0.31422784264538195 0.1191190992018244 0.3502551083238312 0.14159236488027366 0.3365867799315849 0.12333775028506272 0.3002845883694413 0.10296299885974915 0.31422784264538195
0 0.14900393842645382 0.26245354047890534 0.13035259179019384 0.21287892360319272 0.0784500330672748 0.23225153021664768 0.09918933751425313 0.28192951311288483 0.14900393842645382 0.26245354047890534
0 0 0.3310329988597492 0.034618392246294184 0.31483680729760544 0.00439278905359179 0.24862169783352336 0 0.24931651539338656 0 0.3310329988597492
0 0.347965771949829 0.47386009578107186 0.35473439224629416 0.48956331128848346 0.4043879441277081 0.47268682896237174 0.39634865222348914 0.4554276704675029 0.347965771949829 0.47386009578107186
0 0.5707403489167617 0.8332966944127708 0.5795650889395667 0.8655430992018244 0.5967035290763968 0.8578574846066134 0.5826962155074117 0.8231539486887115 0.5707403489167617 0.8332966944127708