0 0.697455511972634 0.502959661345496 0.6678289190421893 0.48654482098061574 0.6391067400228051 0.5541338152793615 0.6678712611174459 0.5659034823261118 0.697455511972634 0.502959661345496
0 0.6074549783352338 0.7186468802736603 0.5755458620296465 0.7051768574686431 0.5558107901938426 0.7501432223489167 0.5878413568985177 0.7678405393386545 0.6074549783352338 0.7186468802736603
0 0.9507720342075257 0.8027799429874573 0.9166884241733181 0.7922718449258837 0.9024847297605473 0.8212820615735462 0.9325702098061573 0.8398736100342076 0.9507720342075257 0.8027799429874573
0 0.5334332155074116 0.9016975450399087 0.5008324298745724 0.8887191231470923 0.4787255427594071 0.9297029224629418 0.5093061220068416 0.948974038768529 0.5334332155074116 0.9016975450399087
0 0.4213755267958951 0.8415681949828963 0.4752829167616876 0.864231755986317 0.5089344914481186 0.8034350125427595 0.4608791140250855 0.7693731379703534 0.4213755267958951 0.8415681949828963
0 0.27024428620296465 0.7040122041049032 0.22107829646522234 0.6718784538198403 0.1866545165336374 0.7337551938426453 0.23573314937286205 0.7613664743443558 0.27024428620296465 0.7040122041049032
0 0.5387997673888255 0.2082131778791334 0.5119089486887115 0.1931333705815279 0.48652201368301023 0.25103104446978336 0.5263613489167617 0.25734097605473205 0.5387997673888255 0.2082131778791334
0 0.39859763055872294 0.047139840364880274 0.36438998631698977 0.024889648802736603 0.3421987582668187 0.05503936830102622 0.3785722816419612 0.07943605473204104 0.39859763055872294 0.047139840364880274
0 0.19427489509692134 0.8254369760547321 0.1505382417331813 0.791155810718358 0.13368229646522234 0.8179440809578107 0.17985941619156215 0.8487027126567844 0.19427489509692134 0.8254369760547321
0 0.11129872748004561 0.9114847844925884 0.08544189623717217 0.8836439931584948 0.05273160775370582 0.9157345655644241 0.07801227023945267 0.9381338551881414 0.11129872748004561 0.9114847844925884
0 0.4488401391106044 0.986587534777651 0.41687374458380844 0.9637905952109465 0.396140511972634 0.9885204184720638 0.44008029760547324 0.9954797970353478 0.4488401391106044 0.986587534777651