0 0.29506946636259973 0.07842823033067275 0.39789045496009123 0.10499447890535918 0.41701154161915627 0.051578157354618015 0.3057714914481186 0.025371377423033067 0.29506946636259973 0.07842823033067275
0 0.25537361915621437 0.15162361231470922 0.29165805473204104 0.16304791448118586 0.30390401938426453 0.10878900912200684 0.26815219726339795 0.10439923831242874 0.25537361915621437 0.15162361231470922
0 0.26218476054732043 0.1984637582668187 0.3493478517673888 0.216136748004561 0.3585335838084378 0.17544193614595213 0.2727445473204105 0.1579376590649943 0.26218476054732043 0.1984637582668187
0 0 0.4924890307867731 0.05083789851767389 0.4987311391106043 0.06035931584948689 0.45528957582668184 0.003617432155074116 0.43995706955530217 0 0.4694186909920182 0 0.4924890307867731
0 0.15386646750285063 0.466770810718358 0.19203071721778792 0.4742447605473204 0.20177398745724057 0.45174098859749146 0.1656582645381984 0.43894263055872296 0.15386646750285063 0.466770810718358
0 0.25581934777651083 0.48904772862029644 0.29038920182440137 0.5030510490307868 0.3069042234891676 0.4367680980615735 0.2644444401368301 0.43016149600912196 0.25581934777651083 0.48904772862029644
0 0.34123073090079814 0.5664508962371722 0.4366710296465222 0.5962920729760547 0.45568893614595213 0.4982524389965793 0.36215492702394525 0.475617606613455 0.34123073090079814 0.5664508962371722
0 0.07938112542759408 0.8005720592930444 0.06651209122006842 0.8826372964652224 0.1454263842645382 0.8992958871151654 0.1685944857468643 0.8129192805017104 0.07938112542759408 0.8005720592930444
0 0.5429034287343215 0.538238637400228 0.6713443352337515 0.5721317810718358 0.6931634948688712 0.4967414196123147 0.5667977810718359 0.46867901482326113 0.5429034287343215 0.538238637400228
0 0.7387242611174458 0.5804049965792474 0.7930537149372862 0.5926533261117446 0.8022645621436716 0.563113472063854 0.7413972189281642 0.5472759965792474 0.7387242611174458 0.5804049965792474
0 0.7199154834663626 0.6199182462941848 0.7874890467502851 0.637973913340935 0.7924059099201824 0.6093015963511972 0.7299944378563283 0.5946677229190422 0.7199154834663626 0.6199182462941848
0 0.9076027092360319 0.6373874025085519 0.881204110604333 0.7387019680729761 0.9415403899657925 0.747505102622577 0.961595118586089 0.6523807423033068 0.9076027092360319 0.6373874025085519
0 0.9185761060433295 0.4798079612314709 0.9011663090079818 0.5306464344355758 0.9577414116305587 0.547350086659065 0.9727370376282782 0.49342879703534775 0.9185761060433295 0.4798079612314709
0 0.8209949418472063 0.3423584697833523 0.8168308050171038 0.39900446978335236 0.8732105290763968 0.4059270285062714 0.8806552018244014 0.35665453705815275 0.8209949418472063 0.3423584697833523
0 0.735493433295325 0.44756955872291904 0.819037204104903 0.4606154127708096 0.8180892884834663 0.422859086659065 0.7482969350057012 0.41150169327251995 0.735493433295325 0.44756955872291904
0 0.4822811721778791 0.4067203249714937 0.5036335815279361 0.4260714572405929 0.5167478449258837 0.3761003329532497 0.4892465621436716 0.37272359977194985 0.4822811721778791 0.4067203249714937
0 0.47885717901938424 0.5596507787913341 0.44703562827822124 0.5459833318129989 0.44127558152793617 0.58152282668187 0.46518401710376284 0.5914291231470924 0.47885717901938424 0.5596507787913341
0 0.4835523785632839 0.5100391197263398 0.4553515096921323 0.501000550741163 0.44580206955530216 0.5332852234891676 0.47779388255416194 0.5455788050171038 0.4835523785632839 0.5100391197263398
0 0.5008916875712657 0.43622234321550746 0.45432405359179023 0.4257236077537058 0.4378167103762828 0.45298066362599776 0.4953536009122007 0.46183835803876855 0.5008916875712657 0.43622234321550746
0 0.49583276396807296 0.41408770125427596 0.45390755416191564 0.4047556202964652 0.44150344925883694 0.42295459179019385 0.4941812143671608 0.432410503990878 0.49583276396807296 0.41408770125427596
0 0.49544799315849486 0.4708136362599772 0.47002367274800455 0.46350918244013684 0.46207815279361464 0.4989881345496009 0.48506179931584953 0.5018101710376283 0.49544799315849486 0.4708136362599772
0 0.418222929304447 0.45176969327252 0.40906552109464084 0.47275857126567844 0.46838314139110604 0.4866142862029647 0.4678390592930445 0.4666853705815279 0.418222929304447 0.45176969327252