0 0.4537982234891676 0.8066271812998861 0.4649041687571266 0.7669693489167617 0.4115718380843786 0.7508316396807297 0.3960704846066134 0.7895085974914481 0.4537982234891676 0.8066271812998861
0 0.31575554960091223 0.7208623283922464 0.25122276282782213 0.7074311562143671 0.24197645610034205 0.7460301927023945 0.30248726339794757 0.757396086659065 0.31575554960091223 0.7208623283922464
0 0.3539899509692132 0.31027300114025086 0.34663875712656783 0.26218838768529074 0.2937915347776511 0.2646485701254276 0.29481400114025086 0.31386478221208663 0.3539899509692132 0.31027300114025086
0 0.8733595359179019 0.5095189942987457 0.7771214846066135 0.4558124412770809 0.7229217263397947 0.5371970935005701 0.8217524435575826 0.5921296761687571 0.8733595359179019 0.5095189942987457
0 0.037773332953249715 0.8233224207525656 0.04427798973774231 0.7898837685290764 0.011742706955530216 0.7870134811858609 0.005124353477765109 0.8178221687571265 0.037773332953249715 0.8233224207525656
0 0.23089174686431016 0.9811547137970353 0.2417509543899658 0.9535371254275941 0.20734292702394524 0.9434013147092359 0.18824588369441278 0.9781726237172178 0.23089174686431016 0.9811547137970353
0 0.3429481037628278 0.5532963158494869 0.3543566442417332 0.5178229110604333 0.3020389988597491 0.50419803990878 0.2919142645381984 0.5425915496009122 0.3429481037628278 0.5532963158494869
0 0.1387024937286203 0.3588423694412771 0.1386748289623717 0.34219206727480045 0.10557724971493727 0.33887365222348914 0.10290131927023945 0.3515835735461802 0.1387024937286203 0.3588423694412771
0 0.1481509315849487 0.368423236031927 0.10550351083238312 0.3654410376282782 0.10687956784492587 0.37980952679589514 0.14233516875712657 0.3834760912200684 0.1481509315849487 0.368423236031927
0 0.250296503990878 0.14187794754846064 0.23867724629418471 0.06971194868871151 0.20084755188141393 0.07446121436716079 0.2226781014823261 0.1452987810718358 0.250296503990878 0.14187794754846064
0 0.15372258836944128 0.14404500684150515 0.1583391881413911 0.12058333181299886 0.13536552793614595 0.11714113568985177 0.13713652679589508 0.14288519726339793 0.15372258836944128 0.14404500684150515
0 0.16694240250855188 0.18481022690992016 0.1743964857468643 0.16332943329532498 0.15242952565564422 0.15400250171037627 0.15031503306727478 0.1842411630558723 0.16694240250855188 0.18481022690992016
0 0.14455306499429874 0.09642844469783353 0.14706017901938426 0.07757615963511971 0.12749784150513113 0.07646510262257697 0.12500548574686432 0.09506154503990878 0.14455306499429874 0.09642844469783353
0 0.11389117445838084 0.07525675712656785 0.12220040592930445 0.05859266134549601 0.0817748574686431 0.053649738882554164 0.08097045952109465 0.06938664880273661 0.11389117445838084 0.07525675712656785