0 0.6802316419612314 0.9445081505131129 0.7193822770809577 0.9444021550741163 0.7124060513112885 0.8734323842645382 0.6773025849486888 0.8711692565564424 0.6802316419612314 0.9445081505131129
0 0.5944248038768529 0.8618330672748004 0.5829924891676168 0.7932867377423034 0.5499821448118586 0.7931293580387685 0.5546988677309008 0.8608207457240593 0.5944248038768529 0.8618330672748004
0 0.8788873340935005 0.3229949110604333 0.9157605689851768 0.32321055986316993 0.9103065051311289 0.2844028825541619 0.8756068939566705 0.2892795952109464 0.8788873340935005 0.3229949110604333
0 0.7791769122006842 0.1835145062713797 0.7720703865450399 0.13294894184720638 0.7461187958950969 0.13179951995438996 0.7529678871151654 0.18479960433295325 0.7791769122006842 0.1835145062713797
0 0.8720827309007981 0.10180494868871151 0.9067911664766248 0.09722678791334094 0.9037638551881414 0.06287631242873432 0.8680708711516533 0.06069603420752565 0.8720827309007981 0.10180494868871151
0 0.5081286031927024 0.4110783375142531 0.5422901778791334 0.41407184834663624 0.5409884298745724 0.3962656647662486 0.5077317297605474 0.39434415393386546 0.5081286031927024 0.4110783375142531
0 0.5038999680729761 0.38738943671607756 0.5374798836944128 0.38836614595210944 0.5382901083238313 0.3642672930444698 0.5068706408209807 0.3668858335233751 0.5038999680729761 0.38738943671607756
0 0.9499327137970354 0.4383250022805017 0.9295509179019383 0.4256002633979476 0.9211954526795896 0.44296334549600913 0.9414215131128848 0.45031370581527935 0.9499327137970354 0.4383250022805017
0 0.8910009258836945 0.4244226750285063 0.8864422656784492 0.43435692246294183 0.9055650250855188 0.4469588152793615 0.9132403511972634 0.4332888301026226 0.8910009258836945 0.4244226750285063
0 0.7884323511972633 0.39446844925883695 0.7706483819840364 0.39756740820980613 0.774488023945268 0.43180371949828966 0.7876012953249715 0.4269628437856328 0.7884323511972633 0.39446844925883695
0 0.5419307194982896 0.35176393500570124 0.538129771949829 0.3247187867730901 0.49823835005701256 0.322528976054732 0.505062007981756 0.34975047320410485 0.5419307194982896 0.35176393500570124