0 0.6792997046750285 0.8421866955530216 0.6415690581527936 0.8483213352337514 0.6507663922462942 0.8820346237172177 0.6876535986316991 0.8767937901938427 0.6792997046750285 0.8421866955530216
0 0.843114472063854 0.6892615279361459 0.8080380900798175 0.6893176727480046 0.8087785131128848 0.7261059007981756 0.8467264355758266 0.7241171345496009 0.843114472063854 0.6892615279361459
0 0.6886807571265678 0.5446989703534777 0.6537285895096921 0.5471253010262258 0.6526297810718358 0.5942286111744585 0.6839217981755986 0.6013772736602052 0.6886807571265678 0.5446989703534777
0 0.22176981071835802 0.5186807947548461 0.18254131356898518 0.5189545427594071 0.17850050057012543 0.5495986442417332 0.22709695553021664 0.5522589486887115 0.22176981071835802 0.5186807947548461
0 0.013560384264538199 0.27833418472063853 0.052383761687571265 0.2703601482326112 0.04241963055872292 0.23339033979475482 0.002272883694412771 0.2444753990877993 0.013560384264538199 0.27833418472063853
0 0.2792298985176739 0.15155324287343216 0.28045456556442416 0.11822628734321551 0.23763893728620294 0.11809346522234893 0.239315322690992 0.15008081641961232 0.24134145381984035 0.14903428164196125 0.2792298985176739 0.15155324287343216
0 0.30248963740022805 0.3344709794754846 0.3482093591790194 0.3332624754846066 0.3470017753705815 0.29887542417331814 0.29910880957810715 0.2983233785632839 0.30248963740022805 0.3344709794754846
0 0.9141591710376282 0.1729247765108324 0.8770557103762828 0.16833689623717218 0.8735935940706955 0.19873787799315848 0.9104059885974914 0.2034145496009122 0.9141591710376282 0.1729247765108324
0 0.8802592417331813 0.09332424743443558 0.8504913876852908 0.08122340364880273 0.8351408597491449 0.11167946522234892 0.8665488004561004 0.12671255302166476 0.8802592417331813 0.09332424743443558
0 0.6480658095781071 0.14410371607753705 0.599850126567845 0.14306633295324972 0.5985495096921323 0.15792664310148233 0.6472167742303306 0.16196794526795893 0.6480658095781071 0.14410371607753705
0 0.6508782930444698 0.12969928164196123 0.605379023945268 0.1237692770809578 0.6009898369441277 0.13642101596351197 0.6490033306727481 0.13930275712656784 0.6508782930444698 0.12969928164196123
0 0.649043605473204 0.10603630900798175 0.6072571619156214 0.10288141961231471 0.6051158312428735 0.1130449156214367 0.6454813329532497 0.11750877879133409 0.649043605473204 0.10603630900798175
0 0.6695573055872293 0.06635206955530216 0.6306439623717217 0.06126447662485747 0.6263316374002281 0.07541268072976055 0.6660897366020525 0.07960170581527935 0.6695573055872293 0.06635206955530216
0 0.6343939680729761 0.04205908323831243 0.6326726545039909 0.05462420296465222 0.665751338654504 0.06179970695553022 0.6668766761687572 0.04926738654503991 0.6343939680729761 0.04205908323831243
0 0.42687768871151655 0.5750516567844927 0.4279486259977195 0.5387614994298746 0.39277754161915623 0.5370404777651083 0.39208902394526796 0.5749253067274801 0.42687768871151655 0.5750516567844927
0 0.952740771949829 0.5914463272519955 0.9478203603192703 0.5542841619156215 0.898574014823261 0.5562704903078677 0.9004894287343216 0.5928187696693272 0.952740771949829 0.5914463272519955
0 0.4320543078677309 0.6965472383124288 0.42436007183580393 0.6518073591790193 0.3845712736602052 0.6527050376282783 0.38934012086659064 0.6926476944127709 0.4320543078677309 0.6965472383124288