0 0.6669494583808437 0.5498694241733181 0.654755205245154 0.4775125450399088 0.6194692611174458 0.4746231790193843 0.6281972041049031 0.5484128472063854 0.6669494583808437 0.5498694241733181
0 0.5665382189281641 0.5765324583808438 0.5578407981755986 0.5116686545039909 0.5206029361459521 0.514867778791334 0.5329753135689852 0.5812602041049031 0.5665382189281641 0.5765324583808438
0 0.5867037651083239 0.6608326944127707 0.621024645381984 0.6584327445838084 0.5999965689851767 0.5685399897377423 0.5604558529076397 0.5745785450399088 0.5867037651083239 0.6608326944127707
0 0.4505278928164196 0.9923597388825541 0.4840493785632839 0.9870396875712657 0.4765955974914481 0.9333977183580388 0.440125503990878 0.9371383557582668 0.4505278928164196 0.9923597388825541
0 0.3490052041049031 0.9691037035347777 0.38757933295324976 0.9765247343215507 0.39324734093500574 0.940118795895097 0.35488742303306725 0.9341707844925884 0.3490052041049031 0.9691037035347777
0 0.27541301140250857 0.6820050638540478 0.34311305245153934 0.6552486202964652 0.3378007286202965 0.6190153021664767 0.26330565336374 0.636426102622577 0.27541301140250857 0.6820050638540478
0 0.2405497251995439 0.41303023261117444 0.29523717331813 0.4127773124287343 0.29537303078677307 0.3693166545039909 0.24234269897377422 0.3706440980615735 0.2405497251995439 0.41303023261117444
0 0.5065565393386545 0.28848207981755986 0.5388826328392247 0.291579984036488 0.5406435028506271 0.22985209806157353 0.5114680763968072 0.22266664424173319 0.5065565393386545 0.28848207981755986
0 0.5627518859749145 0.38633169669327255 0.6002382554161916 0.3866863945267959 0.5991582348916762 0.35253792360319275 0.5637762075256556 0.3499544435575827 0.5627518859749145 0.38633169669327255
0 0.708402014823261 0.2582972725199544 0.7483678403648802 0.26859698631698975 0.7637071698973775 0.15532918015963512 0.7264323272519954 0.15049569099201826 0.708402014823261 0.2582972725199544
0 0.8044513751425314 0 0.7999851721778791 0.020358835803876853 0.8579084937286203 0.03237883922462942 0.8618319418472064 0 0.8044513751425314 0
0 0.47731970353477765 0.1935089384264538 0.5130181584948689 0.2023198905359179 0.5159829042189281 0.14497338768529075 0.47726694184720636 0.1417286716077537 0.47731970353477765 0.1935089384264538
0 0.5237830592930445 0.0926471242873432 0.5602089669327253 0.09486000912200684 0.5602442588369441 0.03831355302166477 0.5259307217787913 0.03833218928164196 0.5237830592930445 0.0926471242873432
0 0.6054876294184721 0.2321625541619156 0.6423293831242873 0.24029992474344355 0.6468958437856329 0.2063518141391106 0.6096359144811859 0.1979460843785633 0.6054876294184721 0.2321625541619156
0 0.6299566647662486 0.11438753591790193 0.6610565153933866 0.11697285518814139 0.6567265849486887 0.06638604446978334 0.6220874937286203 0.06136824743443557 0.6299566647662486 0.11438753591790193
0 0.36946802394526795 0.6069801117445838 0.38722154618015964 0.6057386636259977 0.3700003888255416 0.5295653340935005 0.3566399395667047 0.5340707867730901 0.36946802394526795 0.6069801117445838
0 0.7687729897377423 0.8070211060433296 0.8228571311288484 0.8151416066134549 0.8260183124287342 0.778613362599772 0.7705964857468643 0.7735608358038769 0.7687729897377423 0.8070211060433296
0 0.8054024629418471 0.6080421995438997 0.837013448118586 0.6094029429874572 0.8391111516533638 0.5705682645381984 0.8022421402508553 0.5713592314709236 0.8054024629418471 0.6080421995438997
0 1 0.49031897947548464 0.9517011584948689 0.4978168517673888 0.9595122884834663 0.532982637400228 1 0.5183636396807297 1 0.49031897947548464
0 0.7048681630558723 0.33532516647662486 0.7403198882554162 0.34058530672748005 0.745296189281642 0.3128565689851767 0.7101058757126567 0.3081764823261118 0.7048681630558723 0.33532516647662486
0 0.10545210604332954 0.2242740535917902 0.12104506271379703 0.22615968643101483 0.11847683922462943 0.198660913340935 0.10752421892816419 0.19436916191562145 0.10545210604332954 0.2242740535917902
0 0.10181890649942987 0.2828576989737742 0.10126206271379702 0.19837825541619158 0.08600200798175599 0.20123094070695552 0.0848373717217788 0.278093165336374 0.10181890649942987 0.2828576989737742
0 0.027625761687571262 0.7439720273660205 0.05141867160775371 0.7440922976054732 0.045134939566704675 0.7055476738882555 0.0228972850627138 0.7103762816419612 0.027625761687571262 0.7439720273660205
0 0.5432007103762828 0.8210074914481186 0.5416554538198404 0.7479059623717218 0.5262695872291905 0.7489818460661345 0.5313225724059293 0.8212428916761687 0.5432007103762828 0.8210074914481186
0 0.5246722189281642 0.9982457799315849 0.5400580855188142 0.9971698950969213 0.5363686955530217 0.9720723671607754 0.5239267525655644 0.9705615940706955 0.5246722189281642 0.9982457799315849
0 0.5807386248574686 0.932662526795895 0.5896854275940707 0.8820401163055872 0.5514120091220068 0.8704300912200684 0.5401803854047891 0.9224026716077537 0.5807386248574686 0.932662526795895
0 0.6767477411630559 0.9876116237172178 0.6826754925883695 0.9618415997719498 0.6676334218928164 0.959322244013683 0.6595880798175598 0.988811543899658 0.6767477411630559 0.9876116237172178
0 0.6920243625997718 0.9849958586088939 0.7081086602052452 0.9854186545039909 0.7133880079817561 0.9659435701254276 0.6995343329532497 0.9648291140250855 0.6920243625997718 0.9849958586088939
0 0.9466778449258838 0.7916047890535918 0.9636178529076397 0.7957754595210946 0.9625542212086659 0.71639065336374 0.9468249942987457 0.7171929475484606 0.9466778449258838 0.7916047890535918
0 0.921741526795895 0.7921565393386545 0.9362741288483466 0.7959019201824401 0.9334666259977195 0.7594934469783352 0.9173443922462942 0.7632992234891676 0.921741526795895 0.7921565393386545
0 0.5161475313568985 0.4086385530216648 0.5141827103762828 0.363539189281642 0.43092707297605476 0.36340899315849484 0.43009749600912206 0.4110829931584949 0.5161475313568985 0.4086385530216648