0 0.2910849464082098 0.5307961402508552 0.3181612531356899 0.4592757662485747 0.21572444013683012 0.43296826909920183 0.19152992816419612 0.49875249714937286 0.2910849464082098 0.5307961402508552
0 0.020422091220068418 0.32952987343215506 0.07219302394526796 0.35428006841505133 0.08942807981755986 0.30969103420752564 0.037397744583808436 0.2801870182440137 0.020422091220068418 0.32952987343215506
0 0.10901043101482326 0.22622930900798177 0.14387637970353478 0.23720263740022804 0.15254053135689852 0.21041582782212087 0.12055919156214367 0.19819100114025087 0.10901043101482326 0.22622930900798177
0 0.7482075724059293 0.26439651539338654 0.7998537058152794 0.2840788312428734 0.8175525153933866 0.22866351995438997 0.7646964355758267 0.2070376100342075 0.7482075724059293 0.26439651539338654
0 0.9276399509692133 0.32701155758266814 0.9355065929304448 0.29374237172177875 0.8669183261117446 0.2656732052451539 0.8528647594070696 0.3020948871151653 0.9276399509692133 0.32701155758266814
0 0.2846920592930445 1 0.2821055895096921 0.9425722656784493 0.1571251071835804 0.948645700114025 0.16633494070695554 1 0.2846920592930445 1
0 0.08816655758266818 0.708256244013683 0.0958457149372862 0.6588568631698973 0.05695385062713797 0.6438912873432155 0.050958311288483465 0.697271409350057 0.08816655758266818 0.708256244013683
0 0.3023262143671608 0.7642144766248574 0.3349548905359179 0.7712750444697835 0.3426783648802737 0.7368270193842646 0.30951103192702395 0.7295334857468644 0.3023262143671608 0.7642144766248574
0 0.5305813135689852 1 0.5374438962371721 0.9991573808437857 0.5365393968072976 0.9917908278221209 0.47679556670467504 0.9662249532497149 0.47291588597491446 1 0.5305813135689852 1
0 0.8706731117445838 0.42972121436716076 0.928425353477765 0.445362070695553 0.9486439680729761 0.38126244013683014 0.8934427776510833 0.35514037514253133 0.8706731117445838 0.42972121436716076
0 0.44061924059293045 0.3030625017103763 0.45083988825541615 0.26950270581527935 0.39136427708095783 0.24749315393386542 0.3787048882554162 0.28553827822120864 0.44061924059293045 0.3030625017103763
0 0.8960440718358038 0.8776571812998859 0.8956252428734321 0.9375310763968072 0.9366012018244014 0.9402765781071836 0.9317933158494869 0.8816442246294185 0.8960440718358038 0.8776571812998859
0 0.262196771949829 0.8747272086659065 0.25060987229190423 0.9123399680729761 0.3043963021664766 0.9263756088939568 0.31277971949828964 0.8924431870011402 0.262196771949829 0.8747272086659065