0 0.30786093728620295 0.017690624857468643 0.29420468757126567 0.0012453124287343214 0.2377984378563284 0.0012453124287343214 0.25472031242873433 0.03813124971493728 0.30786093728620295 0.017690624857468643
0 0.47411250057012544 0.32139531242873437 0.44976875028506275 0.29232968757126565 0.42186093728620294 0.31842968757126566 0.44739375028506273 0.3433421870011403 0.47411250057012544 0.32139531242873437
0 0.6308625005701254 0.6197624994298745 0.6296765621436716 0.5853578129988597 0.5952375005701254 0.5782406248574686 0.5931593751425314 0.6172093751425314 0.6308625005701254 0.6197624994298745
0 0.7745515621436716 0.828560937286203 0.7513953124287344 0.8777937502850627 0.8300671870011402 0.8858437502850627 0.8351140627137971 0.8315250000000001 0.7745515621436716 0.828560937286203
0 0.8469906248574687 0.8866906248574686 0.888553125427594 0.8920296875712657 0.8867703124287344 0.8617765621436716 0.8458015621436716 0.8546593751425314 0.8469906248574687 0.8866906248574686
0 0.37851718700114023 0.028365624857468644 0.32032968757126573 0.044975 0.32686093728620297 0.07371093728620297 0.3886124994298745 0.06217812542759407 0.37851718700114023 0.028365624857468644
0 0.6546140627137971 0.510025 0.6148312497149373 0.5147703124287343 0.6219578129988598 0.5509546875712656 0.6661921870011402 0.546046874572406 0.6546140627137971 0.510025
0 0.336360937286203 0.5806124994298746 0.3031109372862029 0.5675625005701255 0.2805484378563284 0.5995937502850627 0.3117203124287343 0.618989062713797 0.336360937286203 0.5806124994298746
0 0.6100828129988598 0.8748265621436716 0.6267062497149374 0.8451687502850627 0.597614062713797 0.8244078129988598 0.57505 0.8516937502850628 0.6100828129988598 0.8748265621436716
0 0.882614062713797 0.9258406248574687 0.761489062713797 0.8908437502850627 0.7395203124287343 0.9590578129988597 0.8535218745724059 0.9916828129988597 0.882614062713797 0.9258406248574687
0 0.5649562497149373 0.9999874994298746 0.6005828129988597 0.9928687502850627 0.5376437502850627 0.9471937502850628 0.5210187502850627 0.9721078129988597 0.5649562497149373 0.9999874994298746