0 0.11997112086659066 0.8559998164196124 0.12751597149372862 0.906177481185861 0.17889342987457238 0.894355810718358 0.1691362189281642 0.844591259977195 0.11997112086659066 0.8559998164196124
0 0.14300688939566705 0.7904617445838085 0.1456676362599772 0.8207806100342075 0.2064117730900798 0.8148683295324972 0.19991876168757128 0.7740210581527937 0.14300688939566705 0.7904617445838085
0 0.21874750513112887 0.6711598848346636 0.21945581870011402 0.6992411060433296 0.2558288529076397 0.6994662177879133 0.25432128848346636 0.6665778358038769 0.21874750513112887 0.6711598848346636
0 0.3152778038768529 0.5083100661345497 0.3157532827822121 0.546054031927024 0.3711478757126568 0.5396148802736602 0.3715873762827822 0.5032778301026226 0.3152778038768529 0.5083100661345497
0 0.7764211653363741 0.9718526157354618 0.8358691334093501 0.986309716077537 0.854410496009122 0.9362121174458381 0.7927670045610035 0.9192181037628278 0.7764211653363741 0.9718526157354618
0 0.7003692941847207 0.7413503911060434 0.6904771562143671 0.7793219064994299 0.7461449486887115 0.7872967217787913 0.752725716077537 0.7549087491448119 0.7003692941847207 0.7413503911060434
0 0.76516034663626 0.439388236031927 0.7455824104903078 0.4886584891676169 0.8171181801596352 0.5219401470923604 0.8302343067274801 0.47022133751425316 0.76516034663626 0.439388236031927
0 0.594623992018244 0.5106115724059294 0.5886332770809579 0.5245167696693273 0.6605221984036488 0.5432859692132269 0.6619574446978336 0.5279588129988597 0.594623992018244 0.5106115724059294
0 0.7980975712656784 0.31584435233751423 0.8250006077537058 0.33492028734321555 0.847264197263398 0.3044361220068415 0.815553196123147 0.28798190763968073 0.7980975712656784 0.31584435233751423
0 0.7054695074116306 0.37751798631698974 0.738550637400228 0.3960860729760547 0.7456664389965793 0.38545509350057017 0.7124603329532497 0.36746745838084377 0.7054695074116306 0.37751798631698974
0 0.660401070695553 0.4353361984036488 0.6509606396807297 0.445473062713797 0.679169810718358 0.45983951995439 0.6874640171037628 0.45080403648802736 0.660401070695553 0.4353361984036488
0 0.4960096636259977 0.8746032155074116 0.477786275940707 0.9660565860889396 0.574795787913341 0.9894337206385405 0.6007976123147092 0.8956625530216648 0.4960096636259977 0.8746032155074116
0 0.25795876624857467 0.26964613911060437 0.259051157354618 0.30448775712656784 0.3152648757126568 0.3041826408209806 0.3152684503990878 0.2684685712656784 0.25795876624857467 0.26964613911060437
0 0.28698265336374 0.34442718928164195 0.34806034663625995 0.339801433295325 0.3507500228050171 0.31001282212086656 0.28763258722919044 0.30995591334093503 0.28698265336374 0.34442718928164195
0 0.10638866248574687 0.24592872063854046 0.1058621755986317 0.27981922234891676 0.1648678472063854 0.2749463318129989 0.15908860775370584 0.24073625085518813 0.10638866248574687 0.24592872063854046
0 0.2918199646522235 0.12747640250855188 0.2873016282782212 0.15444506727480048 0.34711434663626 0.15434265564424174 0.3438156875712657 0.12274125997719498 0.2918199646522235 0.12747640250855188
0 0.08853777993158495 0.03690751197263398 0.08557438882554162 0.05084917217787913 0.1527399418472064 0.0492889566704675 0.15079160889395665 0.03131772291904219 0.08853777993158495 0.03690751197263398
0 0.08050327137970355 0.08498771151653363 0.07433741163055872 0.10371499315849488 0.12681836716077538 0.09841048118586089 0.12482514481185862 0.0792300535917902 0.08050327137970355 0.08498771151653363
0 0 0.4780262976054732 0.026004476624857466 0.4698944732041049 0.01608632953249715 0.41374761915621433 0.005557949828962372 0.4272969179019384 0 0.45432970011402507 0 0.4780262976054732
0 0.2869194424173318 0.8501975929304447 0.2835857080957811 0.8658815792474345 0.31843497263397946 0.8675639110604333 0.31905909692132267 0.8503487320410491 0.2869194424173318 0.8501975929304447
0 0.2797262987457241 0.8383461984036488 0.318045251995439 0.8379913397947548 0.32042819270239453 0.8239247035347776 0.28107113683010265 0.8234518916761688 0.2797262987457241 0.8383461984036488