0 0.15934080273660206 0.5034479589509693 0.10531731927023945 0.5042512223489167 0.10322294070695552 0.5447286647662486 0.15432696237172178 0.5519108665906499 0.15934080273660206 0.5034479589509693
0 0.32209779019384266 0.15517719270239452 0.23617390421892817 0.10592552337514252 0.22137719954389967 0.1383237046750285 0.3047220877993158 0.18930988939566706 0.32209779019384266 0.15517719270239452
0 0.04921949942987457 0.1617955347776511 0.048116728620296464 0.1952173181299886 0.10015523033067274 0.20852670239452678 0.09981019726339795 0.164108913340935 0.04921949942987457 0.1617955347776511
0 0.0990507685290764 0.2803232725199544 0.05946518472063854 0.28495125199543897 0.0628856031927024 0.32650511858608894 0.10191317445838084 0.3238941094640821 0.0990507685290764 0.2803232725199544
0 0.6608105803876854 0.3364876545039909 0.6659482428734321 0.3851780923603193 0.7376762725199544 0.3862650330672748 0.7372375233751426 0.33823656100342075 0.6608105803876854 0.3364876545039909
0 0.8562648472063854 0.8040555940706955 0.9536911242873433 0.818347550741163 0.9645051744583808 0.7754980661345496 0.8700887616875713 0.7568324378563284 0.8562648472063854 0.8040555940706955
0 0.5727579224629419 0.6263051391106043 0.5682303534777651 0.6670417810718358 0.6178199087799316 0.6722123842645382 0.622199511972634 0.6410498848346636 0.5727579224629419 0.6263051391106043
0 0.6140755496009123 0.5283837263397948 0.6091175074116305 0.5636620262257697 0.6467105598631699 0.568945385404789 0.6524202930444698 0.532573558722919 0.6140755496009123 0.5283837263397948
0 0.5547604389965792 1 0.5556037856328392 0.9998373090079817 0.55143851995439 0.9740693432155074 0.5172940102622577 0.9740673261117445 0.5170210877993159 1 0.5547604389965792 1
0 0.2917390114025085 0.27742300684150517 0.27486857354618016 0.273852850627138 0.2720928301026226 0.3271271915621437 0.28531085974914483 0.33168299657924744 0.2917390114025085 0.27742300684150517
0 0.31824607981755987 0.27635165108323834 0.3012103740022805 0.27395743899657926 0.29613715735461804 0.33500171151653363 0.312331251995439 0.3354804652223489 0.31824607981755987 0.27635165108323834
0 0.19374174116305587 0.1137541071835804 0.1611610558722919 0.09838107981755986 0.1481422827822121 0.128929007981756 0.1821489464082098 0.14510202736602054 0.19374174116305587 0.1137541071835804
0 0.8772703420752566 0.049367230330672744 0.8232295564424172 0.041772294184720636 0.8239567069555302 0.07551121322690992 0.8636272291904219 0.08678260091220068 0.8772703420752566 0.049367230330672744
0 0.6770891607753705 0.0629647251995439 0.6296735963511972 0.05510173204104903 0.6177195553021665 0.11128324401368302 0.6612722793614595 0.12010231242873433 0.6770891607753705 0.0629647251995439
0 0.6472024777651083 0.2884071049030787 0.6130499806157355 0.2842068700114025 0.6135538437856328 0.3232507160775371 0.6505589247434436 0.32845144013683014 0.6472024777651083 0.2884071049030787
0 0.508554086659065 0.4949665131128848 0.49577736145952106 0.5219509475484607 0.5291194914481187 0.5404273352337514 0.5377945895096922 0.5170635507411631 0.508554086659065 0.4949665131128848