0 0.46389933751425316 0.03255637286202965 0.43185558380843786 0.019636110604332953 0.41561961687571264 0.05494491562143672 0.4435208472063854 0.06922084264538199 0.46389933751425316 0.03255637286202965
0 0.3427276259977195 0.2377347810718358 0.37461262941847207 0.1897422645381984 0.3439963420752566 0.16324056100342074 0.31052937514253137 0.22061913683010262 0.3427276259977195 0.2377347810718358
0 0.2243136362599772 0.32021523489167614 0.2105605142531357 0.35459252793614593 0.2598980205245154 0.3788827662485747 0.2793106636259977 0.34659443671607754 0.2243136362599772 0.32021523489167614
0 0.10624264196123147 0.4504949543899658 0.08857742417331813 0.48804162143671603 0.13568017559863169 0.5109029361459521 0.15606926339794755 0.47244851881413913 0.10624264196123147 0.4504949543899658
0 0.01521135803876853 0.5107785849486887 0.04411937856328392 0.5251619007981756 0.06378650969213227 0.4994659737742303 0.031138559863169896 0.47842242987457245 0.01521135803876853 0.5107785849486887
0 0.0259877913340935 0.5614655085518815 0.04101681185860889 0.5773720444697833 0.06032806841505131 0.5525358152793615 0.04251033523375143 0.5402168072976055 0.0259877913340935 0.5614655085518815
0 0.047972665906499436 0.590640566704675 0.06380663397947549 0.5988735792474345 0.07889524743443557 0.5688157970353478 0.06825855416191562 0.5590426100342075 0.047972665906499436 0.590640566704675
0 0 0.7297801881413911 0.026617393386545042 0.6916821607753706 0 0.6693021299885975 0 0.7297801881413911
0 0.24094366362599773 0.678387527936146 0.2701606111744584 0.6898166396807298 0.2969521322690992 0.6335275085518813 0.2635337502850627 0.6243434002280502 0.24094366362599773 0.678387527936146
0 0.19953500342075256 0.8567235872291904 0.22946680501710376 0.8783771835803876 0.26274913568985175 0.8227702633979476 0.23020275484606612 0.8053195188141391 0.19953500342075256 0.8567235872291904
0 0.48219655758266816 0.766431385404789 0.45680035119726337 0.7924191231470923 0.48875064196123147 0.8345851402508552 0.5128434435575826 0.8096528791334093 0.48219655758266816 0.766431385404789
0 0.7731022816419613 0.9779056031927024 0.8058872348916761 0.9610527434435576 0.765368393386545 0.887538086659065 0.7314311664766249 0.9090460034207526 0.7731022816419613 0.9779056031927024
0 0.6945817217787914 0.45382387115165335 0.673713929304447 0.4026748928164196 0.6215309908779931 0.42644425199543895 0.6424834994298746 0.47282596921322695 0.6945817217787914 0.45382387115165335
0 0.7797201049030786 0.5290415553021665 0.7634952873432155 0.4968882109464082 0.7142401619156215 0.5221593363740022 0.7343310353477766 0.5636743272519954 0.7673021790193842 0.5450499737742304 0.760067929304447 0.54011048004561 0.7797201049030786 0.5290415553021665
0 0.03363105929304447 0.6476427867730901 0.06225929304446978 0.6703534127708096 0.08632000684150513 0.6400461664766248 0.0626728141391106 0.6121873728620296 0.03363105929304447 0.6476427867730901
0 0.6536975359179019 0.5987834754846066 0.6808058050171037 0.6189446944127708 0.7046924310148233 0.5883206396807298 0.6827896043329532 0.5660183717217788 0.6536975359179019 0.5987834754846066
0 0.7936387651083239 0.6690132314709236 0.8032316681870011 0.6628572394526795 0.7746329532497149 0.6114942998859748 0.7631274777651083 0.6195388449258836 0.7936387651083239 0.6690132314709236
0 0.7402947856328392 0.6317644640820981 0.7685524857468643 0.6807066202964652 0.7807843819840364 0.6664681391106043 0.7521387377423033 0.6219644332953249 0.7402947856328392 0.6317644640820981
0 0.8636678175598632 0.9390641904218928 0.8825169589509692 0.9697023010262257 0.9188098643101482 0.9478449555302166 0.9011863135689853 0.9143505564424174 0.8636678175598632 0.9390641904218928
0 0.6957110570125428 0.670065574686431 0.6709356522234892 0.6901467844925884 0.6983845108323831 0.7240784161915621 0.7187571984036488 0.7098016066134549 0.6957110570125428 0.670065574686431
0 0.6599656830102623 0.516454858608894 0.6247280900798176 0.5396171630558723 0.6362474401368301 0.5605295724059293 0.66795617331813 0.5378919019384265 0.6599656830102623 0.516454858608894
0 0.8447938426453819 0.4319979361459521 0.809740724059293 0.4533901379703535 0.8268199258836945 0.48384222120866593 0.8642974515393387 0.46539299771949827 0.8447938426453819 0.4319979361459521
0 0.8146763740022805 0.44614762827822124 0.8481154424173318 0.4287664982896237 0.8370573694412772 0.375661889395667 0.7960450524515393 0.3964261835803877 0.8146763740022805 0.44614762827822124
0 0.851287874572406 0.5234291790193842 0.886619456100342 0.5050529179019384 0.8741224435575826 0.48254519954389963 0.8414125541619156 0.4925402143671608 0.851287874572406 0.5234291790193842