0 0.1916024777651083 0.7223352998859749 0.1754427206385405 0.7676318061573546 0.19936797035347775 0.7765893568985176 0.21042348346636258 0.7277779566704675 0.1916024777651083 0.7223352998859749
0 0.6933706510832383 0.2878000022805017 0.6870076134549601 0.33307536830102624 0.707586621436716 0.33596755872291906 0.7139496590649943 0.2906921938426454 0.6933706510832383 0.2878000022805017
0 0.3602512063854048 0 0.36082641619156214 0.006025012542759407 0.40824379019384266 0.007094013683010262 0.4092407890535918 0 0.3602512063854048 0
0 0.4058112041049031 0.14385831927023945 0.4195310570125428 0.14578651995438996 0.4237883808437857 0.03586079703534778 0.41261921094640824 0.03568905245153934 0.4058112041049031 0.14385831927023945
0 0.38285170809578106 0.1280402850627138 0.3993149144811859 0.1303540376282782 0.4028222725199544 0.03571174002280502 0.3904748677309008 0.03397642645381984 0.38285170809578106 0.1280402850627138
0 0.36109468301026226 0.1235829771949829 0.377749228050171 0.12452406157354617 0.3801223968072976 0.04791030672748005 0.37090544355758265 0.04381741049030787 0.36109468301026226 0.1235829771949829
0 0.33783750855188144 0.14969406499429877 0.3515558164196123 0.15162204675028507 0.3595433888255416 0.045018115165336374 0.3475815359179019 0.04053944925883694 0.33783750855188144 0.14969406499429877
0 0.332713669327252 0.136382669327252 0.34151484720638536 0.043883927023945266 0.32250117331813 0.039812172177879135 0.31879938312428735 0.13582670125427596 0.332713669327252 0.136382669327252
0 0.3020554161915622 0.0956996282782212 0.3157752713797035 0.09762782782212087 0.3168429418472064 0.050208688711516535 0.30235154618015964 0.05377028734321551 0.3020554161915622 0.0956996282782212
0 0.6307801984036489 0.3349652919042189 0.6599763637400228 0.3362710068415051 0.658922732041049 0.30394571949828963 0.6369728221208666 0.3008608608893957 0.6307801984036489 0.3349652919042189
0 0.22549083124287345 0.6410575324971494 0.20314171835803876 0.6379165701254276 0.19053367844925884 0.7062960843785633 0.21041544241733182 0.7114886248574686 0.22549083124287345 0.6410575324971494