0 0.7083022793614595 0.5229951277080958 0.7249324389965793 0.557134314709236 0.7595024914481185 0.5378440820980616 0.7389079623717218 0.5051202987457241 0.7083022793614595 0.5229951277080958
0 0.5025282474344356 0.09480584834663626 0.4718915051311289 0.11446009464082098 0.48787616533637396 0.1515587787913341 0.5224704104903078 0.13464276624857469 0.5025282474344356 0.09480584834663626
0 0.1486391425313569 0.6314019828962372 0.10922906499429876 0.6431847274800455 0.11407905815279362 0.6691014435575826 0.15044385062713797 0.664094709236032 0.1486391425313569 0.6314019828962372
0 0.24620825427594073 0.7928481379703535 0.23119628050171037 0.8020875507411631 0.2509340148232611 0.8624099578107184 0.2711962565564424 0.8535591106043329 0.24620825427594073 0.7928481379703535
0 0.13092526225769668 0 0.1257442770809578 0.0033083135689851765 0.14480389053591788 0.06836960889395667 0.1620182189281642 0.0659978038768529 0.14062407297605473 0 0.13092526225769668 0
0 0.29969514025085514 0.1447110228050171 0.2739439190421893 0.15673218358038768 0.2870001972633979 0.19140282668187 0.31509811402508553 0.17556266590649944 0.29969514025085514 0.1447110228050171
0 0.5340504127708096 0.05853640022805018 0.5379617240592931 0.06365231584948688 0.5890438369441278 0.03871189851767389 0.5753835370581528 0.004624550741163055 0.539985566704675 0.024791092360319268 0.5462894127708096 0.037965616875712656 0.5270476944127708 0.05128964424173318 0.5340504127708096 0.05853640022805018
0 0.6830657058152794 0.13121064310148234 0.669230661345496 0.1410660022805017 0.7067206966932725 0.20526132155074117 0.7192279954389966 0.19152282326111744 0.6830657058152794 0.13121064310148234
0 0.6590213386545041 0.14742004332953249 0.6487187810718358 0.15911545724059292 0.6839584982896237 0.21614697377423034 0.6957954618015963 0.20714906157354618 0.6590213386545041 0.14742004332953249
0 0.13813638768529077 0.3823979475484607 0.12191483466362599 0.39280236374002275 0.1378787708095781 0.43108836830102626 0.15772448232611175 0.4171826054732041 0.13813638768529077 0.3823979475484607
0 0.2049807685290764 0.19412805701254277 0.19360485176738884 0.1992740524515393 0.19898644583808436 0.26528427822120865 0.21385178449258835 0.26435607297605473 0.2049807685290764 0.19412805701254277