0 0.3153839885974915 0.8283066818700114 0.4101375096921323 0.8078872565564423 0.3862680604332953 0.7292863648802738 0.2941665473204105 0.7474823010262257 0.3153839885974915 0.8283066818700114
0 0.37717497719498294 0.6946480057012543 0.36260448802736606 0.6368232269099202 0.2904434766248575 0.651860897377423 0.30440975484606614 0.7077785929304446 0.37717497719498294 0.6946480057012543
0 0.6118832166476624 0.555850850627138 0.5184243557582668 0.5730578848346637 0.5192939863169898 0.6070149110604333 0.6166869977194983 0.5899662656784492 0.6118832166476624 0.555850850627138
0 0.5695688985176739 0.7441510570125428 0.6616977662485747 0.7223422987457241 0.6533784321550741 0.68878369327252 0.5598891299885975 0.7096040364880273 0.5695688985176739 0.7441510570125428
0 0.8269320558722919 0.8356783797035348 0.8072241847206385 0.7492029635119727 0.7482726431014823 0.7603450068415052 0.7743093283922463 0.8488237913340935 0.8269320558722919 0.8356783797035348
0 0.8086000809578108 0.7237303660205245 0.7974917377423033 0.6725726316989737 0.7328615610034208 0.6858163842645382 0.7485682987457241 0.735643070695553 0.8086000809578108 0.7237303660205245
0 0.5733973272519954 0.9239390843785633 0.5984287229190423 0.9187737799315849 0.5981319942987458 0.8827406339794756 0.5681015313568986 0.890502748004561 0.5733973272519954 0.9239390843785633
0 0.3020884047890536 1 0.34210677080957813 0.9894366579247434 0.33279877993158496 0.9572369407069555 0.27153037514253137 0.9651374492588369 0.2807068779931585 1 0.3020884047890536 1
0 0.21096400342075258 0.9584928118586089 0.2636798574686431 0.9459353819840365 0.24719472519954389 0.8836030615735462 0.19410733751425313 0.8938147309007982 0.21096400342075258 0.9584928118586089
0 0.3778207388825542 0.9302618472063855 0.36826299657924744 0.8926897445838085 0.32758397605473205 0.9015388563283923 0.34016680273660205 0.9392329817559862 0.3778207388825542 0.9302618472063855
0 0.2863415165336374 0.42100410490307866 0.2748964834663626 0.3753116408209806 0.2020559030786773 0.38985420980615737 0.2130206738882554 0.4382076909920183 0.2863415165336374 0.42100410490307866
0 0.5568901197263397 0.46293787913340934 0.4961792565564424 0.4743585701254276 0.5099073500570125 0.5363634686431015 0.5736843409350058 0.5234162098061573 0.5568901197263397 0.46293787913340934
0 0.892708503990878 0.5336214150513112 0.8842947423033067 0.49947661345496014 0.8223178745724059 0.510495086659065 0.8332358061573546 0.5490540592930445 0.892708503990878 0.5336214150513112
0 0.8114646408209806 0.4154018392246294 0.8844633876852908 0.4056434275940707 0.878488267958951 0.3717135324971494 0.8050599509692133 0.3863507742303307 0.8114646408209806 0.4154018392246294
0 0.5197556955530216 0.10321823717217789 0.5097668358038768 0.07052520752565564 0.4657897856328392 0.08891552451539339 0.47785144925883694 0.11762588711516535 0.5197556955530216 0.10321823717217789
0 0.46861973432155074 0 0.44156491562143674 0.0042850627137970354 0.4505415176738882 0.03059694298745724 0.4952618768529077 0.016899688711516536 0.489021 0 0.46861973432155074 0
0 0 0.41234592360319267 0.01370855188141391 0.40766089509692127 0 0.3534570604332953 0 0.41234592360319267
0 0.6366853272519954 0.34807538540478905 0.6329125347776511 0.33183595781071834 0.5695174367160776 0.3490921505131129 0.5702009760547321 0.35909113911060436 0.6366853272519954 0.34807538540478905
0 0.6314259190421893 0.3224498323831243 0.6310484412770809 0.30867997719498286 0.5683618084378563 0.3228182052451539 0.568197237172178 0.33506345838084384 0.6314259190421893 0.3224498323831243
0 0.379348322690992 0.3629777343215508 0.30215136944127713 0.37279834435575826 0.3115341562143672 0.4054702976054732 0.38748319042189283 0.39536167388825544 0.379348322690992 0.3629777343215508
0 0.5679789703534778 0.358356251995439 0.553324874572406 0.311370181299886 0.5159129566704675 0.31428830900798177 0.5319563261117446 0.362444897377423 0.5679789703534778 0.358356251995439
0 0.48624296237172177 0.36228153135689856 0.482068197263398 0.34730965564424177 0.4171299863169897 0.36240406727480046 0.4182159281641961 0.37305595553021664 0.48624296237172177 0.36228153135689856
0 0.4074006100342076 0.5287063454960091 0.39792385860889395 0.46887249486887117 0.35928305131128846 0.47920381984036486 0.36813459407069554 0.5407835324971494 0.4074006100342076 0.5287063454960091
0 0.030753808437856328 0.7164429236031926 0.051865646522234896 0.7130991368301026 0.04814316191562144 0.6782097274800456 0.024285133409350058 0.6831923523375142 0.030753808437856328 0.7164429236031926
0 0.9987771425313569 0.46089891448118586 0.9893003911060433 0.4010650638540479 0.9606136431014823 0.40440629646522236 0.9752114857468643 0.4586182542759407 0.9987771425313569 0.46089891448118586