0 0.1274583489167617 0.5696683477765108 0.1052247354618016 0.569971275940707 0.11745642189281642 0.6446854675028506 0.14385187115165335 0.6421430079817559 0.1274583489167617 0.5696683477765108
0 0.3990269247434436 0.5350474903078677 0.3382719806157355 0.5457602257696693 0.34815595438996577 0.5904414503990878 0.40940484720638537 0.580244527936146 0.3990269247434436 0.5350474903078677
0 0.3435272793614595 0.4423389521094641 0.33033244583808435 0.44948883352337515 0.3457793979475485 0.5257462702394526 0.3607453580387685 0.5194899099201824 0.3435272793614595 0.4423389521094641
0 0.3674104389965792 0.4411422542759407 0.3540770718358039 0.4440961961231471 0.36572091676168755 0.5158994914481185 0.38098468415051306 0.5147153523375143 0.3674104389965792 0.4411422542759407
0 0.4147603272519954 0.37491228734321547 0.3844850775370582 0.370604078677309 0.3868913158494869 0.4054500022805017 0.41390078335233754 0.40762255074116305 0.4147603272519954 0.37491228734321547
0 0.5460915724059293 0.2999048244013683 0.5116263785632839 0.30598196807297606 0.5265389429874573 0.38806285860889395 0.559873945267959 0.3848980923603193 0.5460915724059293 0.2999048244013683
0 0.5733052873432155 0.21853679931584946 0.5142352086659066 0.2217175324971494 0.5272955860889396 0.30261615507411627 0.591871290763968 0.29243553477765105 0.5733052873432155 0.21853679931584946
0 0.620686527936146 0.06367360091220069 0.5747437206385405 0.0729803762827822 0.5883067263397949 0.14927013568985176 0.6399665689851767 0.14226970809578107 0.620686527936146 0.06367360091220069
0 0.5215140045610034 0.0033850604332953246 0.48354504903078677 0.010080011402508552 0.49008307297605475 0.063490496009122 0.5307595484606614 0.06264868643101482 0.5215140045610034 0.0033850604332953246
0 0.3603916761687571 0.16564119498289623 0.3237971197263398 0.17330120752565564 0.336649527936146 0.232531755986317 0.36992444127708096 0.222142669327252 0.3603916761687571 0.16564119498289623
0 0.7664905199543899 0.16638574458380845 0.6978679042189282 0.18029449144811857 0.7102332588369441 0.2362949179019384 0.7830898665906499 0.22977888141391106 0.7664905199543899 0.16638574458380845
0 0.7716427776510832 0.09312653021664766 0.7567308859749146 0.09394875712656785 0.7672222440136831 0.1701756339794755 0.785802023945268 0.1665980615735462 0.7716427776510832 0.09312653021664766
0 0.7935673500570125 0.09107095096921324 0.7801308802736603 0.0934401630558723 0.7954085290763968 0.16610999543899657 0.8082079509692132 0.1638531117445838 0.7935673500570125 0.09107095096921324
0 0.8171056088939567 0.09475675826681869 0.8039787206385405 0.09888169783352338 0.8178759749144813 0.16033964994298747 0.8320556795895098 0.15904520410490308 0.8171056088939567 0.09475675826681869
0 0.8118195632839226 0.31756113226909916 0.818143046750285 0.35684265792474346 0.8660798700114025 0.3520059737742304 0.858080432155074 0.3115158631698974 0.8118195632839226 0.31756113226909916
0 0.917220913340935 0.7445293614595212 0.9301085302166477 0.7868722337514253 0.9628902862029647 0.778077378563284 0.9528763762827822 0.7415583443557583 0.917220913340935 0.7445293614595212
0 1 0.8766828038768529 0.9725150684150513 0.8770677502850627 0.9829445416191562 0.9225571527936146 1 0.9195498152793615 1 0.8766828038768529
0 0.9298520923603193 0.17737272063854048 0.8771386727480046 0.18244715279361462 0.8886167309007982 0.22021529190421893 0.9404709692132269 0.21016921322690993 0.9298520923603193 0.17737272063854048
0 0.3920445324971494 0.32465583580387686 0.37754313340935003 0.31756627137970356 0.3659145735461802 0.35307976738882557 0.3790918312428734 0.35708681071835807 0.3920445324971494 0.32465583580387686