0 0.25828309236031927 0.595779945267959 0.25506115735461804 0.6321042873432156 0.34179818358038766 0.6504537137970353 0.3446905564424173 0.6171015484606612 0.25828309236031927 0.595779945267959
0 0.36408521208665906 0.561299062713797 0.256179070695553 0.5320559350057013 0.25222824743443556 0.5739657251995439 0.35879065678449257 0.5931841949828962 0.36408521208665906 0.561299062713797
0 0.287086181299886 0.501242449258837 0.2772098871151653 0.5188918289623717 0.3639720729760547 0.538934755986317 0.3699157616875713 0.5166044389965793 0.287086181299886 0.501242449258837
0 0.22935275940706956 0.4749520387685291 0.19677856670467503 0.46918337628278217 0.187032086659065 0.5061710980615736 0.2247385564424173 0.5103372839224629 0.22935275940706956 0.4749520387685291
0 0.29785304561003423 0.4477218985176739 0.2959422451539339 0.47834443101482327 0.37464310376282783 0.5035835005701254 0.38559475940706955 0.4650164914481186 0.29785304561003423 0.4477218985176739
0 0.7850934070695553 0.530286181299886 0.9048665803876853 0.5614566339794755 0.9189859372862029 0.5065044697833524 0.7942411208665906 0.4746593181299886 0.7850934070695553 0.530286181299886
0 0.9236816157354617 0.48398537742303305 0.9152609578107184 0.5340255564424173 0.9587633842645382 0.5431153454960091 0.9676541448118586 0.48615838540478906 0.9236816157354617 0.48398537742303305
0 0.9319730353477765 0.2839244937286203 0.969355629418472 0.29420385632839224 0.9581363591790193 0.23648571265678447 0.9372513683010263 0.23328539452679592 0.9319730353477765 0.2839244937286203
0 0.6756815518814139 0.5213025815279362 0.6642655530216648 0.5652683169897378 0.7464357958950969 0.5990205575826683 0.7580072964652222 0.5434159988597491 0.6756815518814139 0.5213025815279362
0 0.7102783238312429 0.6277172805017104 0.7027669053591791 0.5735156271379703 0.6544934264538198 0.5787859714937287 0.6631154903078678 0.6278102690992018 0.7102783238312429 0.6277172805017104
0 0.46916058380843784 0.48884193386545044 0.47027757810718357 0.519482377423033 0.5189928198403648 0.5336075267958951 0.5227293010262258 0.4937067958950969 0.46916058380843784 0.48884193386545044
0 0.43760312200684154 0.6407878677309008 0.4380579726339795 0.6649019338654505 0.5129689087799316 0.6799869703534778 0.5145355404789054 0.6522614606613456 0.43760312200684154 0.6407878677309008
0 0.5700542805017104 0.7185022018244014 0.5496061516533637 0.7533344800456101 0.5905345484606614 0.7647407901938427 0.6028302155074117 0.733088117445838 0.5700542805017104 0.7185022018244014
0 0.6925969851767388 0.8199239794754847 0.727583378563284 0.8318788426453819 0.7468375564424173 0.7831248494868871 0.7082370855188141 0.7696918015963512 0.6925969851767388 0.8199239794754847
0 0.6498207046750285 0.8923718380843786 0.6843053922462942 0.9110808996579248 0.7070704937286203 0.8570427183580388 0.6696320091220069 0.8480316966932725 0.6498207046750285 0.8923718380843786
0 0.607515803876853 0.9641247981755987 0.6476344754846065 0.9744771835803877 0.6571382919042189 0.9393528118586089 0.6298959498289625 0.9283407605473204 0.607515803876853 0.9641247981755987
0 0.44328473204104907 0.928284322690992 0.43290474686431013 0.9744681322690992 0.4666124629418472 0.9860682725199544 0.47857699543899657 0.938701 0.44328473204104907 0.928284322690992
0 0.4765687571265679 1 0.47825611288483466 0.99773751995439 0.4371629828962372 0.9839278608893957 0.43068107867730904 1 0.4765687571265679 1
0 0.9434739817559864 0.9218855256556442 0.9500333477765108 0.9120660273660205 0.8898730250855188 0.9043996168757127 0.8752815689851767 0.935140787913341 0.9434739817559864 0.9218855256556442
0 0.20385547206385404 0.27843310604332955 0.2373526818700114 0.2858385347776511 0.23846674116305588 0.24955304446978335 0.20660815735461802 0.2428064321550741 0.20385547206385404 0.27843310604332955
0 0.1653888677309008 0.19878610376282782 0.12871841049030786 0.1968379897377423 0.1254317172177879 0.22349392816419614 0.16032119498289624 0.2318384503990878 0.1653888677309008 0.19878610376282782
0 0.3713448950969213 0.05408235005701255 0.36917505017103763 0.08959573318129989 0.4161745233751425 0.09800576282782213 0.42148827822120866 0.061551776510832386 0.3713448950969213 0.05408235005701255