0 0.9300275017103763 0.744870385404789 0.969467905359179 0.7522105496009123 0.9756595860889395 0.7081544515393386 0.9503203169897377 0.6986037103762828 0.9300275017103763 0.744870385404789
0 0.08802702964652223 0.29816898859749147 0.10522119840364881 0.2611627502850627 0.03771768301026226 0.22951161117445837 0.0292240992018244 0.266055488027366 0.08802702964652223 0.29816898859749147
0 0.24012195096921324 0.5257134572405929 0.209209598631699 0.511021433295325 0.19105066362599774 0.5463710296465223 0.22064463740022805 0.5619112645381984 0.24012195096921324 0.5257134572405929
0 0.27976733637400225 0.4612016419612315 0.24153364196123148 0.44100902736602055 0.233853251995439 0.46792708779931586 0.26151825997719497 0.4843938152793615 0.27976733637400225 0.4612016419612315
0 0.18446687115165336 0.5676082976054733 0.16271166818700117 0.5986940205245154 0.19978422234891674 0.6164828928164195 0.2153207525655644 0.5827275929304447 0.18446687115165336 0.5676082976054733
0 0.6892403671607753 0.8838950843785632 0.7035973717217788 0.8627988232611175 0.6412119122006842 0.8288722120866591 0.6283268118586088 0.8480278734321551 0.6892403671607753 0.8838950843785632
0 1 0.13248412314709235 0.9597553283922463 0.15363666476624857 0.9660070022805016 0.16889270125427594 1 0.1514308905359179 1 0.13248412314709235
0 0.9461025678449259 0.1825207913340935 0.9179790011402509 0.13518672063854048 0.8823180877993159 0.14574991904218929 0.9041015803876852 0.19553327023945266 0.9461025678449259 0.1825207913340935
0 0.9535739395667047 0.6199914789053592 0.9868869407069556 0.6282676704675029 0.988785566704675 0.6147582474344355 0.9613540912200684 0.598762984036488 0.9535739395667047 0.6199914789053592
0 0.9516055438996579 0.6297310649942988 0.9437314857468643 0.6473614732041049 0.9818771961231472 0.6575144503990878 0.9849880980615735 0.6417786396807298 0.9516055438996579 0.6297310649942988
0 0.9428629064994298 0.6599411402508552 0.936581424173318 0.6769054606613455 0.979457054732041 0.6811340592930444 0.9787098084378563 0.6672527833523375 0.9428629064994298 0.6599411402508552
0 0.7405514116305587 0.5870583443557583 0.732121165336374 0.5467853340935006 0.6794748084378563 0.5736826396807297 0.6924792850627138 0.6048615701254276 0.7405514116305587 0.5870583443557583
0 0.9068643204104904 0.10334876168757128 0.8497439475484607 0.11301824515393387 0.8500722497149373 0.144812417331813 0.9077559521094641 0.1439334446978335 0.9068643204104904 0.10334876168757128
0 0.505893889395667 0.42649239908779935 0.48139770581527935 0.4109428004561004 0.4626923511972634 0.44378097149372864 0.48984183580387686 0.4553832998859749 0.505893889395667 0.42649239908779935
0 0.392791023945268 0.49745146636259974 0.43566584378563283 0.4142273067274801 0.33099871835803873 0.3611801448118586 0.2908260410490308 0.4507751835803877 0.392791023945268 0.49745146636259974
0 0.3361549224629418 0.5847342998859748 0.3109328221208666 0.6063468950969213 0.33585314481185863 0.6338105336374003 0.3630870638540479 0.6106819258836944 0.3361549224629418 0.5847342998859748
0 0.9987230467502851 0.48005535803876853 0.9686005621436715 0.4789413397947549 0.9687839669327253 0.5202990421892816 0.9941292291904218 0.5148751984036488 0.9987230467502851 0.48005535803876853