0 0.7799406248574686 0.27104843785632843 0.8322062497149373 0.2787671870011403 0.8358265621436717 0.2324546875712657 0.7841 0.22592343785632837 0.7799406248574686 0.27104843785632843
0 0.792414062713797 0.3369546875712657 0.8244843751425314 0.34526875028506276 0.8339875005701254 0.2823296875712657 0.8001343751425314 0.2757984378563284 0.792414062713797 0.3369546875712657
0 0.9468312497149373 0.21226718700114025 0.941485937286203 0.27757968757126567 0.9919687502850627 0.28351718700114026 0.9970312497149373 0.21909531242873434 0.9468312497149373 0.21226718700114025
0 0.912385937286203 0.2092984378563284 0.912385937286203 0.1522984378563284 0.8761562497149373 0.14754687457240592 0.873185937286203 0.20632968757126566 0.912385937286203 0.2092984378563284
0 0.6261187502850627 0.22176718700114026 0.6332437502850627 0.12973593728620297 0.5601937502850627 0.12142343785632839 0.5530656248574686 0.20870468757126567 0.6261187502850627 0.22176718700114026
0 0.5548484378563284 0.5708937502850627 0.5578171870011402 0.4948937502850627 0.5168374994298746 0.4943 0.5126796875712657 0.5685187502850627 0.5548484378563284 0.5708937502850627
0 0.13138593728620296 0.16536093728620296 0.16642812542759408 0.16476718700114024 0.17117968757126567 0.051953125427594074 0.13495000000000001 0.04720312542759407 0.13138593728620296 0.16536093728620296
0 0.024482812998859748 0.390985937286203 0.055959375142531353 0.3915812497149373 0.06186875028506271 0.2823296875712657 0.025670312428734323 0.28173593728620294 0.024482812998859748 0.390985937286203
0 0.1622703124287343 0.6178 0.22047343785632842 0.6219578129988598 0.2228484378563284 0.5637687502850627 0.16286406271379703 0.5554562497149372 0.1622703124287343 0.6178
0 0.580385937286203 0.8018640627137971 0.6599718745724059 0.806614062713797 0.6585906248574687 0.757035937286203 0.5851375005701254 0.7519890627137971 0.580385937286203 0.8018640627137971
0 0.5512843751425314 0.6457062497149374 0.4895171870011403 0.6385828129988598 0.48417187457240596 0.6736140627137971 0.5536593751425314 0.6807375005701255 0.5512843751425314 0.6457062497149374
0 0.563164062713797 0.5946453124287343 0.5566296875712657 0.6409578129988598 0.6362140627137971 0.6546140627137971 0.640371874572406 0.6053312497149372 0.563164062713797 0.5946453124287343
0 0.6421531254275941 0.5239874994298745 0.6409656248574687 0.472925 0.5685078129988598 0.4640187502850627 0.5655390627137971 0.5127062497149373 0.6421531254275941 0.5239874994298745
0 0.580385937286203 0.40761250057012544 0.5887 0.345860937286203 0.513275 0.33932968757126564 0.5107468745724059 0.4052374994298746 0.580385937286203 0.40761250057012544
0 0.3250031254275941 0.05610937514253136 0.43606406271379705 0.06382812542759407 0.4341515621436716 0.017812500570125428 0.3273796875712657 0.007421874572405929 0.3250031254275941 0.05610937514253136
0 0.11416406271379703 0.6920203124287343 0.17414843785632841 0.6955828129988597 0.17141718700114025 0.6581765621436717 0.11772656214367161 0.6552062497149372 0.11416406271379703 0.6920203124287343
0 0.1593 0.5602062497149373 0.12722968757126568 0.56555 0.12188437514253135 0.6320515621436716 0.15983750057012544 0.6376921870011402 0.1593 0.5602062497149373
0 0.3273796875712657 0.7603015621436716 0.38736406271379703 0.763864062713797 0.38962031242873435 0.7276453124287343 0.3273796875712657 0.7223015621436717 0.3273796875712657 0.7603015621436716
0 0.4711062497149373 0.1641734378563284 0.5150562497149374 0.16832968757126568 0.5178718745724059 0.11043750057012543 0.47051249942987455 0.11251562485746865 0.4711062497149373 0.1641734378563284