0 0.25229946750285065 0.4593968540478905 0.22819082896237172 0.4286418859749145 0.18577380843785632 0.4617312793614595 0.19940397149372863 0.49258774572405933 0.25229946750285065 0.4593968540478905
0 0.09038656784492588 0.4336331687571266 0.05474602736602052 0.41468238312428735 0.03824431128848347 0.4679173694412771 0.07124151995438997 0.4787255427594071 0.09038656784492588 0.4336331687571266
0 0.3384983728620296 0.3346692565564424 0.33901209578107183 0.2956618939566705 0.2483618882554162 0.31619024515393385 0.25238688825541616 0.35336214025085516 0.3384983728620296 0.3346692565564424
0 0.13985162257696693 0.2907080262257697 0.13338728164196123 0.32575974800456103 0.17342143101482327 0.33330998631698977 0.1774629851767389 0.29380681870011405 0.13985162257696693 0.2907080262257697
0 0.4508725450399088 0.08047316419612316 0.4398745188141391 0.044880848346636255 0.39794310832383123 0.05796105701254276 0.41251048118586087 0.09121984150513114 0.4508725450399088 0.08047316419612316
0 0.3370160820980616 0.39238252565564424 0.36070356328392245 0.4243958551881414 0.3948913899657925 0.39461361573546183 0.36647512770809576 0.36308342075256556 0.3370160820980616 0.39238252565564424
0 0.26976698061573545 0.5282231584948689 0.24274245496009123 0.5577797012542759 0.2772984196123147 0.5818121345496009 0.29791897149372865 0.5536179236031927 0.26976698061573545 0.5282231584948689
0 0.41056206499429876 0.5359913705815279 0.4397749726339795 0.5049296795895097 0.412108165336374 0.48725344241733176 0.38779127023945265 0.5168775632839224 0.41056206499429876 0.5359913705815279
0 0.37864510376282784 0.6800446442417332 0.354043149372862 0.7140510855188141 0.3936729828962372 0.7379226830102622 0.41267681185860894 0.7046130695553021 0.37864510376282784 0.6800446442417332
0 0.49096604675028505 0.6217294458380843 0.46839761117445833 0.6488625473204105 0.49672462029646525 0.6712363683010263 0.5235067149372862 0.644221110604333 0.49096604675028505 0.6217294458380843
0 0.6997618152793614 0.6355142177879133 0.7124375210946409 0.6019847331812999 0.6743052086659065 0.5781141049030787 0.6491118175598632 0.6078898095781072 0.6997618152793614 0.6355142177879133
0 0.7759504469783353 0.6230094264538198 0.7935051630558724 0.5857994697833523 0.7374516647662486 0.5602567172177879 0.7187501265678449 0.5957060216647662 0.7759504469783353 0.6230094264538198
0 0.9470295769669327 0.5732073318129989 0.9594779703534777 0.5295278893956671 0.9187107354618015 0.5124952052451539 0.8946883318129989 0.5506141368301026 0.9470295769669327 0.5732073318129989
0 0.7314471755986316 0.3788787856328392 0.701545054732041 0.4178240570125427 0.7300692645381984 0.437334755986317 0.7595267194982895 0.3994917856328392 0.7314471755986316 0.3788787856328392
0 0.6877806419612315 0.3796241835803877 0.6547514059293045 0.35791121892816424 0.6330285952109463 0.3825287126567845 0.6712095575826682 0.40249046636259983 0.6877806419612315 0.3796241835803877
0 0.22444169783352336 0.7304682041049031 0.20245104675028505 0.7617124652223489 0.22893130102622578 0.7880222348916762 0.2536147685290764 0.750329511972634 0.22444169783352336 0.7304682041049031
0 0.19603867502850628 0.6691683249714938 0.18103098403648804 0.660496030786773 0.15332566590649943 0.6937410296465223 0.17032019270239454 0.7037403477765108 0.19603867502850628 0.6691683249714938
0 0.1833290285062714 0.6469948118586089 0.16823870353477766 0.6377345461801596 0.13111410718358038 0.6764957001140252 0.15096152565564425 0.6875961904218928 0.1833290285062714 0.6469948118586089
0 0.711193811858609 0.9088504697833524 0.726861417331813 0.8539355324971494 0.6909530376282782 0.8416115131128848 0.6769267423033067 0.8975280855188141 0.711193811858609 0.9088504697833524
0 0.31840142075256556 0.8700089133409351 0.29676962941847207 0.8568776214367161 0.2752016818700114 0.8868633055872293 0.29805249144811863 0.902268952109464 0.31840142075256556 0.8700089133409351
0 0.6774490136830102 0.6260698358038769 0.6616783671607753 0.654642755986317 0.6932132919042189 0.6699781858608894 0.7080235142531357 0.6452371607753705 0.6774490136830102 0.6260698358038769
0 0.32123489167616875 0.8091109794754846 0.2914355575826682 0.840255086659065 0.32070429304446973 0.858663945267959 0.3497375724059293 0.828468496009122 0.32123489167616875 0.8091109794754846
0 0.7393937730900798 0.25197216191562144 0.6849884150513113 0.2146920535917902 0.6502899179019385 0.25790576738882554 0.7097357434435576 0.3054530456100342 0.7393937730900798 0.25197216191562144