0 0.5815845404789054 0.2613288654503991 0.5552258004561004 0.14610258950969213 0.5119300729760548 0.14923211858608892 0.5366357286202964 0.27181649030786775 0.5815845404789054 0.2613288654503991
0 0.745107685290764 0.4097569749144812 0.7408728289623717 0.37126876966932726 0.689210236031927 0.3883667605473204 0.6954266408209807 0.42130391106043324 0.745107685290764 0.4097569749144812
0 0.7301173124287343 0.5375708711516534 0.7306420672748005 0.4995918654503991 0.6955255917901939 0.4950149737742303 0.6890305632839224 0.5311682098061573 0.7301173124287343 0.5375708711516534
0 0.9174812690992018 0.8611892702394526 0.8733434310148233 0.850095393386545 0.8656341767388825 0.8846383238312429 0.904747314709236 0.8970466579247435 0.9174812690992018 0.8611892702394526
0 0.2956493295324972 0.34641176852907635 0.2666945849486887 0.3546292873432155 0.27673977993158494 0.3857805940706956 0.3104354572405929 0.37700212314709236 0.2956493295324972 0.34641176852907635
0 0.12897510490307867 0.15354282212086662 0.07074627137970353 0.1515931345496009 0.07741785974914482 0.19359715849486886 0.12284567958950969 0.19363090193842644 0.12897510490307867 0.15354282212086662
0 0.9548860262257696 0.1462447662485747 0.9424522508551881 0.11442566818700113 0.9064062120866591 0.12454692474344356 0.9200671687571266 0.15871840022805017 0.9548860262257696 0.1462447662485747
0 0.7791098711516534 0.04430633181299886 0.7650380102622577 0.05463630558722919 0.8021906989737743 0.12483609236031927 0.8200652269099202 0.11122362941847205 0.7791098711516534 0.04430633181299886
0 0.7619402417331813 0 0.7605754002280501 0.00310009007981756 0.7923602907639681 0.020937144811858606 0.8014453990877993 0 0.7619402417331813 0
0 0.7398869179019384 0.04261717217787913 0.697164126567845 0.04454901938426454 0.6980165986316991 0.059366085518814136 0.7386455484606613 0.056551896237172175 0.7398869179019384 0.04261717217787913
0 0.6913693078677309 0 0.6936575028506271 0.013760216647662485 0.7316358996579247 0.012190913340935005 0.7305333055872293 0 0.6913693078677309 0
0 0.043052576966932724 0.33420895667046746 0.09135639338654504 0.3458239578107184 0.10468443443557583 0.292791086659065 0.04600400228050171 0.2821588950969213 0.043052576966932724 0.33420895667046746
0 0.26273566248574687 0.36597042075256553 0.26019218244013687 0.28829673090079816 0.22228078677309007 0.29370451197263403 0.22591840706955532 0.36601922690992017 0.26273566248574687 0.36597042075256553
0 0.24577908779931584 0.17701413683010261 0.2550984629418472 0.09854110262257697 0.2130210889395667 0.10342776054732042 0.21260660661345496 0.18174536031927024 0.24577908779931584 0.17701413683010261