0 0.8849049669327251 0.49185767046750284 0.8410014047890536 0.4669445210946408 0.8069439407069555 0.5242610330672748 0.857014763968073 0.5477328152793615 0.8849049669327251 0.49185767046750284
0 0.9579505393386545 0.26788952793614595 0.9350029486887115 0.24219383808437858 0.8957291984036487 0.2810514789053592 0.9209344298745724 0.30549190649942987 0.9579505393386545 0.26788952793614595
0 0.8580977354618016 0.8150149030786773 0.826085905359179 0.8074711801596351 0.8177990421892816 0.8579439623717219 0.8509708677309008 0.8605349315849486 0.8580977354618016 0.8150149030786773
0 0.5593396590649943 0.6612249532497149 0.5283529361459521 0.6496082588369442 0.492899535917902 0.7145408893956671 0.5277915689851768 0.7271634982896238 0.5593396590649943 0.6612249532497149
0 0.38149697035347774 0.7189515632839225 0.39040625427594067 0.6739173842645382 0.358456488027366 0.6657831641961232 0.34746694640820985 0.7135838015963512 0.38149697035347774 0.7189515632839225
0 0.27285443443557583 0.6460396567844926 0.23680615165336372 0.6315028882554162 0.22426439452679592 0.671380685290764 0.2588577423033067 0.6818823272519955 0.27285443443557583 0.6460396567844926
0 0.06744337172177879 0.7617663785632839 0.03204771607753706 0.7580461448118586 0.028105938426453817 0.7898693865450399 0.06423877309007982 0.7975477331812998 0.06744337172177879 0.7617663785632839
0 0.3049244675028507 0.6076173432155074 0.27272777194982895 0.5905018608893957 0.24978466248574688 0.6328669851767389 0.2815313090079818 0.6448620604332953 0.3049244675028507 0.6076173432155074
0 0.34451802622576966 0.7359606374002281 0.30260297377423034 0.7375253945267959 0.2994075803876853 0.7736077970353478 0.33661645153933867 0.7760260558722919 0.34451802622576966 0.7359606374002281
0 0.2358919315849487 0.94663678677309 0.21929098061573546 0.9732504332953249 0.26479968072976057 0.978033590649943 0.2737406841505131 0.9667344070695553 0.2358919315849487 0.94663678677309
0 0.9743113215507412 0.2654299714937286 0.9348210102622577 0.3006827286202965 0.9484993523375143 0.3155533432155074 0.9850553078677309 0.2767085598631699 0.9743113215507412 0.2654299714937286