0 0.38678714367160777 0 0.39082292246294187 0.037164438996579244 0.4247852109464082 0.036709834663626 0.42054254275940706 0 0.38678714367160777 0
0 0.5691356636259978 0.7535103432155075 0.4869001345496009 0.8207959144811859 0.5167461277080958 0.8632918814139111 0.6022296704675029 0.793815496009122 0.5691356636259978 0.7535103432155075
0 0.9366616100342076 0.7360352839224629 0.9651450114025086 0.7274578950969214 0.9591351083238312 0.6712471516533638 0.9173160182440137 0.6758204675028506 0.9366616100342076 0.7360352839224629
0 0.8833699224629419 1 0.885906417331813 0.9971481140250854 0.8594230786773089 0.9736538232611175 0.8280319281641961 0.9971902919042189 0.8305410136830103 1 0.8833699224629419 1
0 0.7966738312428734 0.9261723979475485 0.8247802622576966 0.9485718996579248 0.8474457468643102 0.9191052941847206 0.8260997958950969 0.8909636909920182 0.7966738312428734 0.9261723979475485
0 0.9307405940706955 0.8971898004561004 0.9192566898517675 0.8836673090079817 0.8941362405929304 0.9112448415051312 0.9080378198403648 0.9195929532497149 0.9307405940706955 0.8971898004561004
0 0.9086404150513113 0.8801918369441276 0.8952674367160776 0.8691243101482327 0.8704111391106043 0.8953429019384265 0.88760138654504 0.9085627172177878 0.9086404150513113 0.8801918369441276
0 0.8682554982896237 0.8483494344355758 0.8347881710376284 0.8898303774230332 0.8560567742303307 0.9038429429874573 0.8821959007981756 0.8637612976054732 0.8682554982896237 0.8483494344355758
0 0.03424600570125428 0.5719137046750284 0.0032745849486887114 0.6731563808437857 0.015554307867730901 0.6826011140250855 0.04867801596351198 0.5775411687571266 0.03424600570125428 0.5719137046750284
0 0.46721092588369445 0.6970020957810719 0.46588685974914484 0.652994023945268 0.4107320820980616 0.6535632679589509 0.41315217217787914 0.6991962622576967 0.46721092588369445 0.6970020957810719
0 0.47895706955530215 0.055707858608893955 0.4863274469783352 0.11218305131128849 0.5007206339794755 0.11074676282782212 0.4995836681870012 0.051249181299885975 0.47895706955530215 0.055707858608893955
0 0.5105016818700114 0.06042763283922463 0.513224748004561 0.11176543899657924 0.5325293990877993 0.11410759635119726 0.5243274458380844 0.05464700684150513 0.5105016818700114 0.06042763283922463
0 0.08910201938426454 0 0.0822875267958951 0.035057525655644246 0.0908782189281642 0.0409614275940707 0.10414986316989737 0 0.08910201938426454 0
0 0.5316324435575827 0.7180943238312429 0.6106680763968072 0.7939435986316989 0.6645975359179019 0.7457547092360319 0.5898278745724059 0.6677103409350057 0.5316324435575827 0.7180943238312429
0 0.39993975484606614 0.853994290763968 0.4468620273660205 0.9145300057012543 0.5136231071835804 0.8543170262257697 0.4649074777651083 0.8022048232611174 0.39993975484606614 0.853994290763968
0 0.3612499475484607 0.828932725199544 0.41057836488027366 0.8397325165336375 0.4385547810718358 0.7417374093500569 0.3911008551881414 0.7282792588369441 0.3612499475484607 0.828932725199544