0 0.7324265758266819 0.44293210832383123 0.7936248962371723 0.43103636031927023 0.7933337046750285 0.3984208072976055 0.7294641425313569 0.4090212029646522 0.7324265758266819 0.44293210832383123
0 0.7604199407069555 0.3473406887115165 0.8352180342075257 0.3400629521094641 0.8254409464082098 0.29597950855188143 0.7520178061573547 0.3072272063854048 0.7604199407069555 0.3473406887115165
0 1 0.45185547434435575 0.9819880798175599 0.3591921767388826 0.8908318346636259 0.3709994161915621 0.908768717217788 0.5441821904218928 1 0.5274954389965792 1 0.45185547434435575
0 0.2538137183580388 0.5323342531356898 0.3332906214367161 0.521121141391106 0.3300867582668187 0.48907175484606613 0.24654481071835804 0.4980507160775371 0.2538137183580388 0.5323342531356898
0 0.2500577833523375 0.5161233922462942 0.24664217787913342 0.47988112428734325 0.17682937742303306 0.491031905359179 0.17895116419612314 0.5299451197263397 0.2500577833523375 0.5161233922462942
0 0.37638947320410493 0.40988820638540474 0.45342325085518814 0.39854512542759407 0.43864277993158496 0.2882769361459521 0.3940066761687571 0.29513713340935005 0.37638947320410493 0.40988820638540474
0 0.20623535461801595 0.13197725997719498 0.26529643899657923 0.12775689623717218 0.2568459236031927 0.07494751083238312 0.2021882291904219 0.08315084720638541 0.20623535461801595 0.13197725997719498
0 0 0.2145328369441277 0.0346926818700114 0.20944176168757128 0.03623987115165336 0.17228098289623717 0 0.1786138403648803 0 0.2145328369441277
0 0.1695773055872292 0.38837647092360317 0.17126229874572405 0.4219308221208666 0.2265782850627138 0.41711410034207524 0.2221475370581528 0.3787611242873432 0.1695773055872292 0.38837647092360317
0 0.6982955849486887 0 0.6992252633979475 0.01073911402508552 0.7561368711516533 0.004787711516533637 0.7556674857468643 0 0.6982955849486887 0
0 0.5818601790193842 0.22534668643101483 0.5875603010262258 0.24843958380843786 0.6367455427594071 0.24008866704675028 0.6334916123147092 0.2171251425313569 0.5818601790193842 0.22534668643101483