0 0.25577338426453816 0.4653175416191562 0.2544200992018244 0.5156125564424173 0.306305464082098 0.522026937286203 0.31081475142531356 0.4726810661345496 0.25577338426453816 0.4653175416191562
0 0.11960476396807297 0.18638666134549603 0.2522227286202965 0.22964020524515394 0.26845180957810716 0.17651556556442416 0.13586904218928164 0.13303979133409352 0.11960476396807297 0.18638666134549603
0 0.7567285142531357 0.050377145952109466 0.7568979874572406 0.08347679475484607 0.8167148631698973 0.09295085632839224 0.815144534777651 0.0611148118586089 0.7567285142531357 0.050377145952109466
0 0.9302449874572406 0.6893994663625997 0.9691373340935006 0.6943571060433296 0.9722969167616875 0.6136799794754847 0.9384983078677308 0.6107314104903079 0.9302449874572406 0.6893994663625997
0 1 0.10527644127708095 0.9576428004561004 0.10081712770809578 0.9568755541619156 0.11515012884834663 1 0.12063019954389967 1 0.10527644127708095
0 0.4778943945267959 0.6532331630558723 0.42474326795895095 0.6472194572405929 0.4247254321550741 0.6814917411630559 0.4758096921322691 0.6853730524515393 0.4778943945267959 0.6532331630558723
0 0.38506441961231475 0.49541681299885976 0.36957259179019386 0.5476821425313568 0.4054367685290764 0.5527613181299886 0.4158944446978335 0.5057117514253135 0.38506441961231475 0.49541681299885976
0 0.6722686202964652 0.7164890889395668 0.6723436681870012 0.7501749327251995 0.7045689669327252 0.7516704298745724 0.7055118323831243 0.7191487810718358 0.6722686202964652 0.7164890889395668
0 0.7600018209806157 0.28781559179019384 0.755844062713797 0.32924872291904217 0.7957859646522234 0.3313652576966933 0.7991521117445838 0.2930323990877993 0.7600018209806157 0.28781559179019384
0 0.9545714595210947 0.5092495199543899 0.9578165678449259 0.5608755826681869 0.9878178882554162 0.56502617331813 0.9937905860889396 0.5159294857468644 0.9545714595210947 0.5092495199543899
0 0 0.7640206009122007 0.12466823831242874 0.7806877833523375 0.12908014823261116 0.7224579281641961 0 0.7076168392246295 0 0.7640206009122007
0 0.03505638882554162 0.8416607058152794 0.03219923603192702 0.8748821334093501 0.09670917331812999 0.885099503990878 0.09973462713797036 0.843224425313569 0.03505638882554162 0.8416607058152794
0 0.30427256442417333 0.09837746864310148 0.2968221356898518 0.17957729418472063 0.3426222474344356 0.19404829760547318 0.3514075176738883 0.11390941163055873 0.30427256442417333 0.09837746864310148