0 0.23717862941847206 0.9153850216647662 0.21559096807297606 0.8886858722919042 0.14844420524515392 0.9523917445838085 0.17688655074116305 0.9769255062713798 0.23717862941847206 0.9153850216647662
0 0.7403769623717218 0.8302750364880274 0.7198050490307868 0.7768624161915622 0.663014913340935 0.800144818700114 0.6847495849486888 0.8481753238312428 0.7403769623717218 0.8302750364880274
0 0.22003884264538198 0.6335308791334093 0.1776818141391106 0.5745335473204105 0.14686169099201826 0.59806159977195 0.18675444811858607 0.6567604378563284 0.22003884264538198 0.6335308791334093
0 0.35240993728620296 0.5738776750285063 0.30583512086659065 0.6140537981755986 0.33696078449258837 0.6537964139110605 0.3759682793614595 0.6185736579247435 0.35240993728620296 0.5738776750285063
0 0.3321354218928164 0.36144599315849485 0.32343757696693276 0.32750477765108327 0.2772784846066134 0.3495139646522235 0.2864576488027366 0.3810649749144812 0.3321354218928164 0.36144599315849485
0 0.7431484743443558 0.18949322805017105 0.7107849532497149 0.12049612314709236 0.6511746556442417 0.15512975484606614 0.6836726773090079 0.21634147662485745 0.7431484743443558 0.18949322805017105
0 1 0.45625566818700114 0.9961259167616876 0.43428464994298743 0.9485294378563284 0.46695699543899655 0.9760070342075257 0.5133735461801596 1 0.4967492417331813 1 0.45625566818700114
0 0.931854259977195 0.7160239977194982 0.9132889578107184 0.6637426180159635 0.8739739224629419 0.6767056020524516 0.8943673614595211 0.7273874150513113 0.931854259977195 0.7160239977194982
0 0.8627190592930444 0.7137445701254276 0.8609357867730901 0.7019214868871152 0.8038037160775371 0.719836409350057 0.8042494082098062 0.7360411391106043 0.8627190592930444 0.7137445701254276
0 0.8535119954389966 0.138380409350057 0.8414541881413912 0.10589951767388825 0.7769256830102623 0.13657550057012544 0.7877574732041048 0.16723219840364878 0.8535119954389966 0.138380409350057
0 0.8217013375142531 0 0.7862592805017103 0.018536459521094638 0.8068917822120867 0.05349571037628278 0.8574219350057012 0.02890388597491448 0.8475796921322691 0 0.8217013375142531 0
0 0.9202529726339795 0.29120648232611174 0.9657288027366021 0.26189405245153935 0.9590251698973774 0.22387585746864308 0.9007043808437856 0.26069375256556443 0.9202529726339795 0.29120648232611174
0 0.1923044150513113 0.471112220068415 0.1798957833523375 0.4366417092360319 0.14491422576966934 0.4536654469783352 0.16014843329532497 0.48535460775370576 0.1923044150513113 0.471112220068415
0 0.13549322234891675 0.5182100889395668 0.10580297491448118 0.4780509532497149 0.0734687605473204 0.5066692554161916 0.10125682326111744 0.5445887411630559 0.13549322234891675 0.5182100889395668
0 0 0.5151836602052452 0.028027749144811858 0.503696086659065 0.020951781071835804 0.45501809920182446 0 0.46782533295324974 0 0.5151836602052452
0 0.1475182873432155 0.564173369441277 0.12698581185860888 0.5297993911060433 0.11023397605473204 0.5442116476624858 0.13365593500570125 0.5744570866590649 0.1475182873432155 0.564173369441277
0 0.10831230444697834 0.8684017673888256 0.08406589737742304 0.8437294720638541 0.06073563511972634 0.8810127708095781 0.06727458950969213 0.9160454572405928 0.10831230444697834 0.8684017673888256
0 0.6984519384264539 0.7070519543899658 0.6879971322690992 0.6751229646522235 0.6612710011402508 0.6876764994298746 0.6745463500570125 0.7185052428734322 0.6984519384264539 0.7070519543899658