0 0.12398357354618016 0.8090672770809578 0.1367132622576967 0.8925765815279362 0.1942021402508552 0.8891993112884835 0.18072332725199544 0.7967939110604333 0.12398357354618016 0.8090672770809578
0 0.26536059635119724 0.8873618323831243 0.3062441904218928 0.8842744070695553 0.30364614823261116 0.8374063614595212 0.25722033979475484 0.8503888928164196 0.26536059635119724 0.8873618323831243
0 0.4329191265678449 1 0.464875181299886 0.9994422052451539 0.449733669327252 0.9476860775370581 0.4156941539338655 0.9589693683010262 0.42807885176738886 1 0.4329191265678449 1
0 0.5687171710376282 0.7627047936145952 0.6273192417331813 0.7551496465222349 0.6237855815279361 0.688701197263398 0.5623371208665906 0.6954137046750286 0.5687171710376282 0.7627047936145952
0 0.6508423010262258 0.7773049863169897 0.6549917890535919 0.8110814618015963 0.6917109384264538 0.8074713249714937 0.6862824321550741 0.7683726111744584 0.6508423010262258 0.7773049863169897
0 0.6214333899657924 0.4179494481185861 0.676371441277081 0.4045198529076397 0.6688956328392247 0.35001545838084375 0.6108060045610034 0.3632031470923603 0.6214333899657924 0.4179494481185861
0 0.9195050376282783 0.12651393044469783 0.9555491630558723 0.11816328962371722 0.9392990855188141 0.07093970011402509 0.9073967263397947 0.07654420296465222 0.9195050376282783 0.12651393044469783
0 0.7750353523375143 0.5168150319270239 0.7927642177879134 0.5129425313568985 0.7765601562143672 0.43424459407069554 0.7633851265678449 0.4398191299885975 0.7750353523375143 0.5168150319270239
0 0.807032078677309 0.48062610034207526 0.821174149372862 0.4750346864310148 0.8152763318129989 0.4430702485746864 0.7972281436716078 0.4418991174458381 0.807032078677309 0.48062610034207526
0 1 0.8715959532497148 0.9605175678449259 0.8773078255416191 0.9724177366020524 0.9486578814139112 1 0.943377322690992 1 0.8715959532497148
0 0.8420886944127709 0.8915487388825541 0.8804939714937287 0.8825630433295325 0.8727649258836945 0.8476613683010261 0.8346950923603192 0.8554519646522234 0.8420886944127709 0.8915487388825541
0 0.7464331436716077 0.20376496807297606 0.7818939726339794 0.1960183489167617 0.7798585290763967 0.14736052451539342 0.7415121755986317 0.15515594754846065 0.7464331436716077 0.20376496807297606
0 0.5261655860889396 0.12625361117445838 0.5366599156214368 0.18367295553021667 0.5590711972633979 0.17615567958950967 0.5479743808437856 0.11815144925883694 0.5261655860889396 0.12625361117445838