0 0.537428275940707 0.9117617445838084 0.5301290342075257 0.8778583523375142 0.49327421778791336 0.893686433295325 0.5042064070695552 0.9258805199543899 0.537428275940707 0.9117617445838084
0 0.7084449475484608 0.9440632417331812 0.677860290763968 0.9023424116305587 0.6324060501710376 0.9375653557582668 0.663177062713797 0.9796058529076397 0.7084449475484608 0.9440632417331812
0 0.6378976624857469 0.619628945267959 0.6729362633979477 0.5859978677309008 0.6507653614595211 0.5585927491448119 0.6119564264538199 0.5986932850627137 0.6378976624857469 0.619628945267959
0 0.9190834595210947 0.5026142212086658 0.886297181299886 0.5308103329532498 0.9068238278221209 0.5568485929304448 0.9334615381984036 0.5303943215507412 0.9190834595210947 0.5026142212086658
0 0.7181580752565564 0.247462488027366 0.7001136362599771 0.225267244013683 0.6542282862029646 0.275967409350057 0.6728273876852907 0.2976239304446978 0.7181580752565564 0.247462488027366
0 0.6264369156214368 0.3882729543899658 0.5906741527936147 0.3415270855188141 0.5481088460661345 0.38899564994298746 0.5862381721778792 0.4234496807297605 0.6264369156214368 0.3882729543899658
0 0.40146834207525656 0.7416478472063854 0.38214396123147093 0.7423033648802736 0.37842237514253135 0.811763614595211 0.39410201026225766 0.8157996921322691 0.40146834207525656 0.7416478472063854
0 0.13714201140250856 0.6269979703534777 0.09021777537058152 0.6029613762827822 0.0794778141391106 0.6370567742303307 0.12127058722919042 0.6593615575826682 0.13714201140250856 0.6269979703534777
0 0.08839009236031928 0.6714282132269099 0.0706005188141391 0.6988124606613455 0.09699244469783352 0.720094 0.10854101824401367 0.6896657149372861 0.09174222348916762 0.6735715974914481 0.08839009236031928 0.6714282132269099
0 0.31933388483466363 0.6380889007981756 0.289333086659065 0.6322490980615735 0.27412222690992016 0.6634849315849487 0.30718920752565565 0.6723351664766248 0.31933388483466363 0.6380889007981756
0 0.31416573660205244 0.6787401242873432 0.3030309338654504 0.7118984903078677 0.3251681288483466 0.7225834914481186 0.33587950513112885 0.6944552953249714 0.31416573660205244 0.6787401242873432
0 0.1915959874572406 0.688245794754846 0.22379278335233752 0.6961074686431016 0.23143032383124287 0.666760669327252 0.1997288118586089 0.6562644595210947 0.1915959874572406 0.688245794754846
0 0.08201570581527937 0.5107551607753705 0.10300993842645381 0.46669265222348916 0.07502568643101483 0.4580796944127708 0.05497121778791334 0.4900020558722919 0.08201570581527937 0.5107551607753705
0 0.04955332497149373 0.7628711619156214 0.06502312884834663 0.7259877069555303 0.03492669669327252 0.7147646681870011 0.020274475484606615 0.7520309931584948 0.04955332497149373 0.7628711619156214