0 0.17728154732041052 0.04669554503990878 0.18628239566704677 0.10352466362599771 0.26656166248574686 0.08660636488027366 0.2497677274800456 0.0337009110604333 0.17728154732041052 0.04669554503990878
0 0.13231922462941847 0.7420685233751425 0.15261856670467502 0.8019141812998859 0.19934953933865449 0.7933104184720638 0.1825053591790194 0.73061890649943 0.13231922462941847 0.7420685233751425
0 0.24243498061573546 0.9666576887115165 0.2978683717217788 0.9560760307867732 0.282906496009122 0.8881790980615736 0.22469004675028506 0.9058600889395667 0.24243498061573546 0.9666576887115165
0 0.07807701938426453 0.6197368301026225 0.08117389965792474 0.6468708107183581 0.17108497833523376 0.6338325963511973 0.16175216647662485 0.605281685290764 0.07807701938426453 0.6197368301026225
0 0.4730364321550741 0.6652826225769669 0.47310342873432154 0.6808877035347777 0.5975213375142531 0.6617814116305587 0.5926105233751425 0.6440500809578107 0.4730364321550741 0.6652826225769669
0 0.58491703990878 0.6182484446978336 0.583925598631699 0.6176920022805017 0.45583511858608894 0.6439847263397946 0.454144338654504 0.6598682109464082 0.5931602383124288 0.634246511972634 0.58491703990878 0.6182484446978336
0 0.44059638084378566 0.5743297708095781 0.4432280353477765 0.598536425313569 0.5252703671607754 0.5927496830102622 0.5196620421892816 0.5592378700114026 0.44059638084378566 0.5743297708095781
0 0.4511398529076397 0.6333175849486887 0.5294758209806157 0.6155063534777652 0.5241308643101482 0.6007372177879133 0.4479566784492588 0.6170053375142532 0.4511398529076397 0.6333175849486887
0 0.582557259977195 0.5824740296465223 0.5405511824401368 0.5981364948688711 0.5448455290763968 0.610067857468643 0.5906174766248575 0.5992145496009122 0.582557259977195 0.5824740296465223
0 0.4007904104903079 0.33440131698973774 0.4735401391106043 0.31927514823261116 0.4698155724059293 0.30145243443557584 0.4006323192702394 0.318211094640821 0.4007904104903079 0.33440131698973774
0 0.459506449258837 0.3521265199543899 0.45718657468643104 0.3374794104903079 0.40545758950969213 0.34867664994298747 0.41003033979475484 0.36236578791334095 0.459506449258837 0.3521265199543899
0 0.4731061767388825 0.40762767730900795 0.47263850627137965 0.3932883580387685 0.41779001140250854 0.40377737742303305 0.41479909920182445 0.4209409464082098 0.4731061767388825 0.40762767730900795
0 0.4703148859749145 0.3672310433295325 0.4139237685290764 0.3755613683010262 0.4160269464082098 0.39264582098061573 0.46704876624857466 0.3845647594070695 0.4703148859749145 0.3672310433295325
0 0.4008937468643102 0.8322567662485747 0.4123927445838084 0.8820854629418472 0.4799259771949829 0.871988818700114 0.4728353010262258 0.8215267730900798 0.4008937468643102 0.8322567662485747