0 0 0.6271351539338654 0.021624104903078676 0.6457054606613455 0.05045076396807298 0.6269411801596351 0.016696069555302166 0.5949137901938426 0 0.6242471733181301 0 0.6271351539338654
0 0.3456253511972634 0.16688629646522235 0.36171093956670464 0.13819212884834664 0.33985102964652225 0.12296142417331814 0.320002330672748 0.15955901938426453 0.3456253511972634 0.16688629646522235
0 0.43887178221208667 0.21458225883694412 0.4562798369441277 0.1637451470923603 0.37720031356898515 0.14845789167616877 0.3613599521094641 0.20924616875712657 0.43887178221208667 0.21458225883694412
0 0.5212300775370582 0.8966469669327252 0.5331890353477765 0.8674445393386545 0.4413696111744584 0.8422306887115165 0.43437619498289626 0.8650705245153933 0.5212300775370582 0.8966469669327252
0 0.6695425860889396 0.6095504914481186 0.6842525678449259 0.5806874207525656 0.6525995393386544 0.5656474697833523 0.6328944378563284 0.5897160501710376 0.6695425860889396 0.6095504914481186
0 0.7066041505131129 0.5123331425313569 0.7295646727480045 0.4844831094640821 0.6985863067274801 0.46394848574686426 0.6745872223489167 0.48888460205245154 0.7066041505131129 0.5123331425313569
0 0.8211550262257696 0.7048408050171038 0.846190740022805 0.682821511972634 0.8124093797035348 0.6396389737742304 0.7813666499429874 0.6651050114025086 0.8211550262257696 0.7048408050171038
0 0.9325230410490308 0.6390524629418473 0.9675221379703535 0.6154685507411631 0.945468590649943 0.5904553922462942 0.9173444275940708 0.6148834401368302 0.9325230410490308 0.6390524629418473
0 0.9442470935005701 0.36167467046750285 0.911882086659065 0.40928210148232613 0.944236441277081 0.4299825290763968 0.9755646259977194 0.37945982326111743 0.9442470935005701 0.36167467046750285
0 0.07673276168757126 0.69708417331813 0.044380148232611175 0.6763823854047891 0.023661790193842645 0.7086904595210947 0.05377223945267959 0.7249342041049031 0.07673276168757126 0.69708417331813
0 0.10908711516533637 0.717784598631699 0.15396049714937288 0.7274786716077537 0.1715890456100342 0.6975776111744584 0.12121595781071835 0.6872114082098061 0.10908711516533637 0.717784598631699
0 0.8329858779931585 1 0.8415632850627138 0.9819827822120867 0.7873756875712656 0.9572067981755986 0.7680327468643101 0.9896853272519954 0.7932630912200684 1 0.8329858779931585 1
0 0.5927011322690993 0.1554007103762828 0.5736971676168757 0.18513131698973773 0.6113819441277081 0.20788258266818702 0.6243541596351196 0.17044066134549601 0.5927011322690993 0.1554007103762828
0 0.2490849110604333 0.47567419726339794 0.23914800570125427 0.4883955153933865 0.29338719270239455 0.5354831562143672 0.30761789167616876 0.5218958529076396 0.2490849110604333 0.47567419726339794
0 0.2854862805017104 0.46341433751425315 0.2748749030786773 0.48162877765108325 0.29864129076396806 0.5040642782212087 0.3114963842645382 0.4903080718358039 0.2854862805017104 0.46341433751425315