0 0.14735552565564425 0.3049933375142531 0.17800969327251995 0.30875719612314706 0.19310464196123145 0.23942375484606615 0.16533335119726342 0.22883536259977194 0.14735552565564425 0.3049933375142531
0 0.08086691220068415 0.28606337514253133 0.11484168643101483 0.2920280045610034 0.14220197149372862 0.23975556670467504 0.10815676738882554 0.23437734891676168 0.08086691220068415 0.28606337514253133
0 0.14067916875712658 0.5494408312428735 0.15733776054732043 0.5209775917901939 0.0942711425313569 0.48392174572405927 0.07791971835803878 0.5169092668187001 0.14067916875712658 0.5494408312428735
0 0 0.5608816294184721 0.026381909920182443 0.564120921322691 0.045719180159635116 0.5138544264538198 0.0065166807297605475 0.4991689418472064 0 0.5215413375142531 0 0.5608816294184721
0 0.34470358380843785 0.40340411630558726 0.3146298460661346 0.3949258540478905 0.2958317913340935 0.4554296841505131 0.32503082782212084 0.46290323375142534 0.34470358380843785 0.40340411630558726
0 0.4140967548460661 0.20374623489167618 0.3819640535917902 0.197408 0.3692101448118586 0.25656022576966936 0.4070689475484606 0.2561239258836944 0.4140967548460661 0.20374623489167618
0 0.37456687229190416 0.3161431060433295 0.4041029452679589 0.3143842246294185 0.40194997833523377 0.27344166476624854 0.37256034549600914 0.27312322006841505 0.37456687229190416 0.3161431060433295
0 0.4207533033067275 0.11542884720638541 0.4081555712656784 0.11567824059293044 0.3955262531356899 0.16646926567844927 0.4110754675028507 0.16987556556442418 0.4207533033067275 0.11542884720638541
0 0.9523572759407068 0.7615672291904219 0.9706526670467502 0.7392870535917901 0.8851136408209805 0.666269770809578 0.867489338654504 0.6925207046750285 0.9523572759407068 0.7615672291904219
0 0.3393942086659065 0.8657675165336374 0.3077059224629418 0.8606818403648804 0.2940067023945268 0.9283920262257697 0.3319126602052451 0.9330462930444698 0.3393942086659065 0.8657675165336374
0 0.09534036488027366 0.9528127183580388 0.13542527137970353 0.9577345267958951 0.14888005017103761 0.9401840581527936 0.11056228848346636 0.9214213169897377 0.09534036488027366 0.9528127183580388
0 0.19535565792474344 0.7571540444697833 0.2313741505131129 0.6879968574686431 0.20154114595210948 0.6720705404789054 0.16166316989737745 0.744043992018244 0.19535565792474344 0.7571540444697833
0 0 0.8252184161915621 0.01961280729760547 0.8309914389965792 0.026623830102622575 0.8058286202964652 0 0.7943454332953249 0 0.8252184161915621
0 0.08698819498289623 0.8210187229190422 0.05411100456100342 0.8109998209806157 0.0447429338654504 0.8385635963511973 0.07820587571265677 0.8507481505131129 0.08698819498289623 0.8210187229190422
0 0.09990881527936146 0.866872637400228 0.11324699201824401 0.8362070763968074 0.10136415393386544 0.825774913340935 0.08617742075256556 0.858905441277081 0.09990881527936146 0.866872637400228
0 0.1341763694412771 0.7729738950969213 0.1846971049030787 0.8001128004561003 0.18985017331813 0.781901936145952 0.14297445381984036 0.7549114766248575 0.1341763694412771 0.7729738950969213
0 0.4292427970353478 0.489756763968073 0.4787808848346636 0.5054106202964652 0.4957346294184721 0.47578720410490305 0.44318229304446977 0.4639507080957811 0.4292427970353478 0.489756763968073
0 0.45601549942987457 0.437410606613455 0.44847731812998864 0.4598151835803877 0.4774965347776511 0.4708559064994299 0.48484886431014823 0.4511188757126568 0.45601549942987457 0.437410606613455
0 0.8174266180159635 0.5398125803876853 0.8032886259977194 0.5428623249714938 0.8038637856328391 0.6356569087799315 0.8210767787913341 0.6323849441277081 0.8174266180159635 0.5398125803876853
0 0.8561336259977196 0.48773535233751425 0.8394108141391106 0.4874766761687571 0.8310651311288483 0.6022053876852909 0.8467380353477765 0.6032324652223489 0.8561336259977196 0.48773535233751425
0 0.8244327787913341 0.44376297833523376 0.8065299578107183 0.44335784036488024 0.8045589418472064 0.5038356134549601 0.8205895632839225 0.5043084036488028 0.8244327787913341 0.44376297833523376
0 0.8580126784492589 0.43831472748004563 0.8406266305587229 0.4385728255416192 0.8380862063854049 0.47923821322690996 0.8540537730900799 0.4803014709236032 0.8580126784492589 0.43831472748004563
0 0.8678098278221208 0.5047224435575827 0.8850496031927023 0.505642802736602 0.8835687662485747 0.4689702326111745 0.8665612576966933 0.4665812953249715 0.8678098278221208 0.5047224435575827
0 0.800691621436716 0.13516000342075257 0.7685709156214368 0.13360891220068416 0.7623823945267959 0.16036824401368302 0.796928905359179 0.16580486545039907 0.800691621436716 0.13516000342075257
0 0.39869905017103763 0.6020605758266818 0.37723106385404787 0.6209601619156214 0.4062313979475484 0.6430654321550742 0.4233450387685291 0.6206401562143672 0.39869905017103763 0.6020605758266818
0 0.10626430444697833 0.4106182006841505 0.1358936282782212 0.41784390421892814 0.14792090992018245 0.39988045153933865 0.11151599885974915 0.38733466932725197 0.10626430444697833 0.4106182006841505
0 0.46274746864310146 0.41670009122006846 0.45535245496009125 0.4379258289623717 0.49103494754846067 0.4482907525655644 0.49555074686431017 0.4273081254275941 0.46274746864310146 0.41670009122006846
0 0.5235013432155075 0.3410086841505131 0.5115260114025085 0.35568993956670464 0.5626982542759408 0.3835101984036488 0.57158178677309 0.36366207069555306 0.5235013432155075 0.3410086841505131
0 0.9991310672748004 0.5274269623717218 0.9502535701254277 0.4765583135689852 0.9094471790193843 0.5116294937286203 0.9651199817559862 0.5773888369441277 0.9991310672748004 0.5274269623717218