0 0.15081257126567846 0.29886854275940705 0.18139638084378562 0.3031668175598632 0.1976990661345496 0.2341073797035348 0.17011679817559863 0.22303592360319272 0.15081257126567846 0.29886854275940705
0 0.08466445724059293 0.27878107753705816 0.11852995895096921 0.285337740022805 0.14679835689851767 0.2335507662485747 0.11285220182440137 0.22757919726339793 0.08466445724059293 0.27878107753705816
0 0.1398710330672748 0.5431622884834664 0.1570238403648803 0.5149941151653363 0.09461354047890536 0.4768432497149373 0.07768889623717218 0.5095403751425314 0.1398710330672748 0.5431622884834664
0 0 0.5522847810718358 0.025334980615735463 0.5558453797035348 0.04554657582668187 0.505924022805017 0.006606344355758268 0.49055659749144814 0 0.5118457514253136 0 0.5522847810718358
0 0.3464130661345496 0.4007085324971494 0.3164918757126568 0.39170670239452676 0.2966407457240593 0.45187324629418474 0.3257049042189281 0.45985525085518814 0.3464130661345496 0.4007085324971494
0 0.4192801801596351 0.20229213797035347 0.3872629897377423 0.19539407411630558 0.3734786750285063 0.25431470467502854 0.4113393261117446 0.2545391984036488 0.4192801801596351 0.20229213797035347
0 0.3777947217787913 0.3139819977194983 0.4073569931584949 0.3127388608893956 0.40591889965792477 0.2717649612314709 0.37653930102622574 0.2709336465222349 0.3777947217787913 0.3139819977194983
0 0.4274770649942987 0.1141043740022805 0.41487689965792474 0.11413386887115166 0.401363078677309 0.1646967457240593 0.41685047662485747 0.16837389851767387 0.4274770649942987 0.1141043740022805
0 0.947723401368301 0.7694221140250855 0.9664048494868871 0.7474646305587229 0.8821531778791334 0.672965606613455 0.8640734184720638 0.6989049555302167 0.947723401368301 0.7694221140250855
0 0.3330351459521095 0.862908850627138 0.30144044355758265 0.8572709122006842 0.28656160433295325 0.924731701254276 0.3243805610034207 0.9300468095781073 0.3330351459521095 0.862908850627138
0 0.08749932497149372 0.9456814686431015 0.1274922291904219 0.9513021049030788 0.1412512565564424 0.9339891277080958 0.10326678563283923 0.9145605074116305 0.08749932497149372 0.9456814686431015
0 0.19091409920182442 0.7517981014823262 0.22813406613454962 0.6832800570125428 0.19858355872291905 0.6668355085518815 0.15745554503990877 0.738102031927024 0.19091409920182442 0.7517981014823262
0 0 0.8181977080957811 0.013909375142531358 0.8225571140250856 0.021358482326111743 0.7975204868871152 0 0.7878627879133409 0 0.8181977080957811
0 0.08144854846066134 0.8137617799315849 0.048751220068415056 0.8031706180159635 0.03890352223489168 0.8305667001140251 0.07214871835803877 0.8433334070695553 0.08144854846066134 0.8137617799315849
0 0.09356694070695552 0.8598342075256556 0.10743827366020524 0.8294061003420752 0.09573931128848347 0.8187681413911061 0.07997668415051311 0.8516285781071835 0.09356694070695552 0.8598342075256556
0 0.12946803420752565 0.7665478164196123 0.17950743671607752 0.7945642976054732 0.18497754389965793 0.7764461402508552 0.13858001140250856 0.7486416978335234 0.12946803420752565 0.7665478164196123
0 0.42943234321550744 0.48852344127708097 0.4786896887115165 0.5050394709236032 0.49615785062713796 0.4757164503990878 0.443820094640821 0.4629645929304447 0.42943234321550744 0.48852344127708097
0 0.45711453363740023 0.436652503990878 0.44918648688711516 0.45892210832383123 0.4780085963511973 0.47046760547320415 0.4857042645381984 0.45086189737742305 0.45711453363740023 0.436652503990878
0 0.8166834469783353 0.5453463751425314 0.8024943831242873 0.5481489133409351 0.8014499669327252 0.640939401368301 0.8187174412770809 0.6379683432155074 0.8166834469783353 0.5453463751425314
0 0.8562934321550741 0.49395260889395665 0.8395776818700114 0.49340211858608896 0.8292309783352337 0.6079677046750285 0.8448835701254276 0.6092681562143671 0.8562934321550741 0.49395260889395665
0 0.8253648380843785 0.44943367616875707 0.8074718141391106 0.4487161527936146 0.8044456157354617 0.5091503158494869 0.8204655438996579 0.5099028061573546 0.8253648380843785 0.44943367616875707
0 0.8590347069555302 0.44457230558722916 0.8416468038768529 0.44452693500570123 0.8383970570125427 0.48514179361459525 0.8543436351197263 0.4864835610034207 0.8590347069555302 0.44457230558722916
0 0.8676713911060433 0.5111408905359179 0.8848924777651084 0.5123619851767388 0.8840518905359178 0.4756691562143672 0.8670886647662487 0.4729837605473204 0.8676713911060433 0.5111408905359179
0 0.8070131607753706 0.14046336259977196 0.7749244161915622 0.13835192474344354 0.7682698244013684 0.16499917673888254 0.8027161904218928 0.17103788939566703 0.8070131607753706 0.14046336259977196
0 0.39693327594070693 0.600277086659065 0.375138716077537 0.6187991254275941 0.403748842645382 0.6414071550741164 0.42125125313568984 0.6192839692132269 0.39693327594070693 0.600277086659065
0 0.10788419954389965 0.4037601790193842 0.13738290535917902 0.41150188483466366 0.14972185974914481 0.3937510729760547 0.11354144811858609 0.38057184834663627 0.10788419954389965 0.4037601790193842
0 0.4642069258836944 0.4160626316989738 0.456442598631699 0.43715607639680726 0.49193876396807296 0.4481421664766249 0.49682007297605474 0.42724154618015964 0.4642069258836944 0.4160626316989738
0 0.5262725450399087 0.3414430535917902 0.5140428129988597 0.3559130752565564 0.564721732041049 0.3846221755986317 0.5739503090079817 0.3649321094640821 0.5262725450399087 0.3414430535917902
0 0.9985763808437856 0.5361338232611175 0.9505941071835804 0.4844198916761688 0.9091818551881414 0.5187735610034208 0.9636985210946408 0.5854945131128849 0.9985763808437856 0.5361338232611175