0 0.773562630558723 0.19307799657924746 0.7486437890535919 0.22456022462941846 0.7853438734321551 0.26696997605473205 0.8088933603192703 0.2356801984036488 0.773562630558723 0.19307799657924746
0 1 0.5352885484606613 0.9719829030786773 0.5709137411630558 1 0.5885121710376283 1 0.5352885484606613
0 0.778783338654504 0.40919527822120866 0.7391582656784492 0.4553356191562144 0.7571226465222349 0.47379636944127707 0.7992770444697833 0.43569474572405925 0.778783338654504 0.40919527822120866
0 0.9510100843785633 0.6801866545039909 0.9266714458380845 0.7157860136830102 0.9593011049030786 0.7391803272519955 0.992827818700114 0.7092858802736602 0.9510100843785633 0.6801866545039909
0 0.8974978825541619 0.8164208722919043 0.8799877571265678 0.8608527194982897 0.9165568301026226 0.872500077537058 0.9311144389965792 0.8368789498289624 0.8974978825541619 0.8164208722919043
0 0.6640490273660206 0.905190197263398 0.6416566339794756 0.9447131242873432 0.6997441687571266 0.9603324709236032 0.7111530615735462 0.9321485005701254 0.6640490273660206 0.905190197263398
0 0.5732893363740023 0.8857684298745724 0.5552221288483467 0.9162893021664766 0.5902291801596351 0.9267582075256556 0.6026216567844925 0.8956368871151654 0.5732893363740023 0.8857684298745724
0 0.3907943044469783 0.9393981254275942 0.42381106271379704 0.9655355724059292 0.43661023489167616 0.9273608848346636 0.4047503511972634 0.90945503990878 0.3907943044469783 0.9393981254275942
0 0.35992283694412774 0.7296833614595212 0.3243582702394527 0.7053003865450399 0.2997631071835804 0.7689159099201824 0.33828174002280503 0.7844879498289624 0.35992283694412774 0.7296833614595212
0 0.4197945758266819 0.8275943135689852 0.439679 0.7702374937286203 0.4074137537058153 0.7593832531356899 0.384209086659065 0.8130096066134549 0.4197945758266819 0.8275943135689852
0 0.3012044310148233 0.3615934709236032 0.336141236031927 0.31191334891676165 0.3064445017103763 0.289504818700114 0.27229861459521093 0.3348766898517674 0.3012044310148233 0.3615934709236032
0 0.5227622314709236 0.9040612805017104 0.5031114264538199 0.9431973261117446 0.5312674948688711 0.9546322303306727 0.546594228050171 0.9244949304446979 0.5227622314709236 0.9040612805017104
0 0.5882351299885975 0.7864341630558723 0.551517488027366 0.8533517594070695 0.5721417126567845 0.859448567844926 0.5957720011402509 0.7964672497149372 0.5882351299885975 0.7864341630558723
0 0.5779564196123147 0.8070654652223489 0.5874754503990878 0.7895388551881414 0.5544768072976055 0.7635976704675028 0.5452072257696693 0.7828879783352337 0.5779564196123147 0.8070654652223489