0 0.5989684789053591 0.5738402417331814 0.5722793603192703 0.6858498301026227 0.6361821573546179 0.6974564070695553 0.6555573694412771 0.5872723945267958 0.5989684789053591 0.5738402417331814
0 0.5581430501710376 0.28794321094640823 0.5528875222348917 0.32343847092360317 0.6070249851767389 0.33155994070695555 0.6063762052451539 0.2925132063854048 0.5581430501710376 0.28794321094640823
0 0.6676487343215507 0.27076106385404786 0.6586167958950969 0.28627576738882554 0.7058399122006842 0.3061926670467503 0.7096872166476624 0.2888617628278221 0.6676487343215507 0.27076106385404786
0 0.3000723945267959 0.12976154960091218 0.319503259977195 0.17781849714937287 0.3464193352337514 0.17117317673888255 0.3264201596351197 0.1192448802736602 0.3000723945267959 0.12976154960091218
0 0.6671059543899658 0 0.6268691984036487 0.07059310148232611 0.6750021676168757 0.10354390535917901 0.7153326681870011 0.007845914481185861 0.7000825963511973 0 0.6671059543899658 0
0 0.7668075484606613 0.15665989965792476 0.8140598472063854 0.18550588825541617 0.8234385883694412 0.1663941676168757 0.7792107879133409 0.13400826453819842 0.7668075484606613 0.15665989965792476
0 0.15712264310148233 0.392192802736602 0.15240105245153934 0.4097884629418472 0.2296966157354618 0.43415125655644243 0.23460231242873433 0.41493254846066135 0.15712264310148233 0.392192802736602
0 0.8845250376282783 0.4526600091220068 0.866557937286203 0.5021416773090079 0.8978840342075256 0.5160262394526796 0.9203452930444698 0.46697587457240597 0.8845250376282783 0.4526600091220068
0 0.9493115324971493 0.5535098335233751 0.9552683557582669 0.587625849486887 0.987459842645382 0.5883508015963512 0.9889363534777651 0.5541394675028507 0.9493115324971493 0.5535098335233751
0 0.9299576476624858 0.3959009646522235 0.9056563591790194 0.38033478221208666 0.8882231972633979 0.4119168529076397 0.9104990672748005 0.4240534686431015 0.9299576476624858 0.3959009646522235
0 0.9306610296465222 0.09102486316989739 0.9726256362599772 0.09106797719498289 0.9706185701254276 0.07513322805017103 0.9297082006841506 0.07739876168757127 0.9306610296465222 0.09102486316989739
0 0.2625319771949829 0.027008059293044468 0.22474868871151654 0.03143415849486887 0.23471521664766248 0.08458872291904218 0.27400193614595214 0.08038328734321551 0.2625319771949829 0.027008059293044468
0 0.5510463911060433 0.194968015963512 0.5297694811858609 0.22265246864310148 0.5586724925883695 0.24444406727480045 0.5783870205245154 0.21144001710376284 0.5510463911060433 0.194968015963512