0 0.3734769885974914 0 0.3627977628278221 0.05241352451539339 0.4375428335233751 0.06161593044469783 0.447471913340935 0 0.3734769885974914 0
0 0.7942742873432155 0.776214322690992 0.7428679874572406 0.7695414709236033 0.7408903249714937 0.8074109566704676 0.7939255028506271 0.8138230216647663 0.7942742873432155 0.776214322690992
0 0.7268372633979475 0.6992777537058152 0.6912517115165336 0.703870078677309 0.6835883135689851 0.7684888437856328 0.7195578472063854 0.770664882554162 0.7268372633979475 0.6992777537058152
0 0.22826904789053593 0.7938710581527936 0.19512011174458382 0.7898633021664766 0.18667761573546182 0.8610032120866591 0.21440298403648803 0.8629460330672748 0.22826904789053593 0.7938710581527936
0 0.041406850627137975 0.8902944948688711 0.05704187457240593 0.7738857628278221 0.03480574572405929 0.7728046123147092 0.015919653363740023 0.8787988882554162 0.041406850627137975 0.8902944948688711
0 0.2402082770809578 0.24637200912200685 0.2082208905359179 0.24261114823261118 0.20566245267958952 0.2803571858608894 0.23879068985176738 0.2855745712656785 0.2402082770809578 0.24637200912200685
0 0.772531629418472 0.17293248916761686 0.7185175724059293 0.16996083466362602 0.707529204104903 0.23022437742303306 0.7580337981755987 0.23731417787913342 0.772531629418472 0.17293248916761686
0 0.8404283819840365 0.8218832748004562 0.8048313683010263 0.8179621790193843 0.7951022497149373 0.860870787913341 0.8353666442417331 0.8673031003420753 0.8404283819840365 0.8218832748004562
0 0.8186989019384264 0.5698980421892816 0.8027658437856329 0.567728590649943 0.7930012394526796 0.6422327594070695 0.8105416214367162 0.6414020832383125 0.8186989019384264 0.5698980421892816
0 0.919447275940707 0.6472300091220069 0.9045541744583808 0.6458870228050171 0.8953702462941847 0.6919497856328393 0.9108920433295324 0.6919056716077537 0.919447275940707 0.6472300091220069
0 0.16876744697833523 0.8681353329532497 0.1757012953249715 0.8155161676168757 0.13823785860889395 0.8118085621436716 0.1292758244013683 0.8682505165336374 0.16876744697833523 0.8681353329532497
0 0.5451756795895097 0.379872157354618 0.5439651345496008 0.3455788928164196 0.4560589521094641 0.3420883945267959 0.45267066476624856 0.3808752668187001 0.5451756795895097 0.379872157354618
0 0.3929965575826682 0.3074129954389966 0.3470273420752566 0.30371847320410494 0.33618752109464084 0.3804253523375143 0.3775242668187001 0.38252660091220064 0.3929965575826682 0.3074129954389966
0 0.41737019498289624 0.12418279019384264 0.3753812725199544 0.1189046488027366 0.37200815393386544 0.16620253591790193 0.4134948118586089 0.17046179703534775 0.41737019498289624 0.12418279019384264
0 0.30815895096921325 0 0.3068556237172178 0.007093716077537058 0.34746086659064995 0.014207090079817561 0.3484951915621437 0 0.30815895096921325 0