0 0.061989655644241734 0.29837970467502856 0.03764853363740023 0.31432898631698974 0.06096873546180159 0.34782510604332956 0.08482698061573546 0.33331605245153934 0.061989655644241734 0.29837970467502856
0 0.20005177309007982 0.6645372884834664 0.1728828620296465 0.6222767936145952 0.13373284834663626 0.6486115803876853 0.15785878449258836 0.6971178996579247 0.20005177309007982 0.6645372884834664
0 0.24134140935005702 0.5781283101482326 0.21566463169897376 0.5897596362599772 0.23650221778791333 0.6355306830102623 0.26465089851767387 0.6137144469783352 0.24134140935005702 0.5781283101482326
0 0.3788551014823261 0.5692993523375143 0.40695437742303303 0.5573256202964652 0.3950925564424173 0.5226457423033067 0.36582535461801596 0.5276294127708095 0.3788551014823261 0.5692993523375143
0 0.04141146522234892 0.40905373090079816 0.014803664766248574 0.41819755074116305 0.022439994298745724 0.45034373888255413 0.05026161345496009 0.4326707001140251 0.04141146522234892 0.40905373090079816
0 0.8573062793614595 0.45480735575826686 0.8467799498289624 0.4244469874572406 0.8202048289623717 0.4338927514253135 0.829735598631699 0.46743209578107187 0.8573062793614595 0.45480735575826686
0 0.7979414253135689 0.440806590649943 0.7839993477765108 0.4088931721778791 0.759023677309008 0.4202965359179019 0.7713019315849486 0.4559172839224629 0.7979414253135689 0.440806590649943
0 0.7548944310148232 0.7652420592930446 0.7776839589509692 0.764055212086659 0.7702309064994299 0.7214804264538198 0.7484346282782212 0.7245627309007981 0.7464615473204106 0.7270419441277081 0.7548944310148232 0.7652420592930446
0 0.5468757742303306 0.8603960136830103 0.5421861391106043 0.8312461277080957 0.5059326556442417 0.8369880615735462 0.5115104868871152 0.8620521584948688 0.5468757742303306 0.8603960136830103
0 0.4608075142531357 0.8394078939566704 0.4493183044469783 0.8125284469783353 0.4270875803876853 0.8197442314709237 0.4385466488027366 0.8525907172177879 0.4608075142531357 0.8394078939566704
0 0.8812881938426453 0.11881416761687572 0.8671925347776511 0.12807902394526796 0.8902966351197263 0.1806570889395667 0.9012116362599772 0.173746094640821 0.8812881938426453 0.11881416761687572
0 0.9411813169897377 0.13346904789053593 0.9305627172177879 0.09832124629418472 0.9161248175598632 0.10516204903078678 0.9311842713797035 0.13778993044469784 0.9411813169897377 0.13346904789053593
0 0.2822812725199544 0.8696012862029646 0.25352959749144816 0.8821018962371722 0.2675035336374002 0.9080468882554162 0.29690621550741164 0.8950176795895097 0.2822812725199544 0.8696012862029646
0 0.4668671003420753 0.9349726202964652 0.45016028050171036 0.9009775530216648 0.42403570923603195 0.9098736499429875 0.4357565438996579 0.9472253021664766 0.4668671003420753 0.9349726202964652