0 0.7691970296465221 0.8457621721778792 0.6988694766248575 0.8533161539338654 0.6987161801596351 0.936746834663626 0.7749526864310148 0.9297066818700114 0.7691970296465221 0.8457621721778792
0 0.9655160809578107 0.9159834675028506 0.9697264618015964 0.8609205838084378 0.9419218152793615 0.8656402086659065 0.9457445096921323 0.9172322006841506 0.9655160809578107 0.9159834675028506
0 0.9358309703534777 0.8263661562143672 0.9718553990877993 0.8229616875712656 0.96802834663626 0.7817996282782212 0.9321045336374003 0.7872989635119726 0.9358309703534777 0.8263661562143672
0 0.8806341163055872 0.7971003181299885 0.8742845290763968 0.7607837194982896 0.8207395005701255 0.7602712622576966 0.8243122474344355 0.801113062713797 0.8806341163055872 0.7971003181299885
0 0.7286163318129989 0.5269151470923603 0.7141240741163056 0.5292233466362599 0.7198749315849488 0.579195977194983 0.7322014618015963 0.5787843637400228 0.7286163318129989 0.5269151470923603
0 0.6978473922462942 0.5927668551881414 0.6940113740022805 0.5209075153933865 0.6807005416191563 0.5233190752565564 0.6831258848346636 0.5908828711516534 0.6978473922462942 0.5927668551881414
0 0.7028444675028506 0.2361861060433295 0.6451326237172177 0.24246131584948688 0.6505212394526796 0.29657438198403646 0.7042603204104904 0.2857794732041049 0.7028444675028506 0.2361861060433295
0 0.180985913340935 0.44324261231470924 0.11692190421892816 0.4608824401368301 0.12095003876852907 0.5101083340935005 0.19507385176738884 0.4924545974914481 0.180985913340935 0.44324261231470924
0 0.31261442303306725 0.020854352337514252 0.2745081448118586 0.027652791334093502 0.29052389965792474 0.0964040250855188 0.3268703443557583 0.08826115279361459 0.31261442303306725 0.020854352337514252
0 0.16407488483466362 0.28262627366020526 0.1434152029646522 0.28737498403648803 0.14955779475484607 0.32605754618015964 0.17414365222348918 0.3234388164196123 0.16407488483466362 0.28262627366020526
0 0.12492920182440137 0.05628759064994299 0.10216385860889395 0.05787199087799316 0.09931754275940706 0.09040552907639682 0.1263573740022805 0.09396167502850626 0.12492920182440137 0.05628759064994299
0 0.8644116579247434 0.09773922006841505 0.8303686966932725 0.09893297263397947 0.8264875427594071 0.14329476738882554 0.8760435210946408 0.138989661345496 0.8644116579247434 0.09773922006841505
0 0 0.5625114196123148 0.019176150513112885 0.557229968072976 0.011105396807297606 0.5201667685290764 0 0.5257434116305587 0 0.5625114196123148