0 0.9725967833523376 0.6097515781071835 0.9625184823261117 0.5767036841505131 0.9242174298745723 0.593809110604333 0.9360072805017103 0.6228483968072975 0.9725967833523376 0.6097515781071835
0 0.7981488814139112 0.6519509771949829 0.7475600296465222 0.6795318255416192 0.7618042816419612 0.7130992782212087 0.8218813534777651 0.684760535917902 0.7981488814139112 0.6519509771949829
0 0.6196278392246295 0.8010111767388826 0.6550729794754846 0.7903065689851768 0.6335874663625998 0.7332197229190421 0.5997300798175599 0.7497443819840365 0.6196278392246295 0.8010111767388826
0 0.4760550330672748 0.9108992291904219 0.514998449258837 0.8965736408209806 0.49747110034207526 0.8450232462941847 0.45738598859749147 0.8619832234891677 0.4760550330672748 0.9108992291904219
0 0.43520123375142533 0.9519528540478905 0.44701031698973775 0.9820044583808437 0.4806314937286203 0.9689578893956671 0.4625134834663626 0.9346001094640821 0.43520123375142533 0.9519528540478905
0 0.3829193580387685 0.9504932006841506 0.39745549942987457 0.9668513774230331 0.4200633785632839 0.9522436533637401 0.409344165336374 0.9334200490307868 0.3829193580387685 0.9504932006841506
0 0.3634859076396807 0.925916118586089 0.37030757012542764 0.9424073876852908 0.40355331927023946 0.9249526362599771 0.39474437058152795 0.9135046305587229 0.3634859076396807 0.925916118586089
0 0.2753790011402509 1 0.2906263340935006 0.9874204982896236 0.26778923489167616 0.9548750421892817 0.1894420513112885 1 0.2753790011402509 1
0 0.29087384720638537 0.7124211698973774 0.2997130433295325 0.7425230513112885 0.35552037286202964 0.7247291824401368 0.3492838164196123 0.6906375210946408 0.29087384720638537 0.7124211698973774
0 0.09948413454960091 0.7365259897377423 0.11844660433295326 0.7682311277080958 0.17232793500570126 0.7421602360319269 0.15778019954389966 0.708216770809578 0.09948413454960091 0.7365259897377423
0 0.20492852337514253 0.5175492542759407 0.23303079361459522 0.494514669327252 0.19264482326111745 0.4602174036488027 0.16570761117445837 0.4820455347776511 0.20492852337514253 0.5175492542759407
0 0.06736153135689851 0.15509336374002278 0.04771540364880274 0.18628473660205244 0.11268109464082098 0.2337987913340935 0.13706499201824401 0.20186524401368303 0.06736153135689851 0.15509336374002278
0 0.6120949224629418 0.33542954618015963 0.5629593295324972 0.310183236031927 0.539488881413911 0.3604270661345496 0.5838679703534777 0.3853422770809578 0.6120949224629418 0.33542954618015963
0 0.45699126795895095 0.2610110809578107 0.49659724743443556 0.2846437730900798 0.5260650752565564 0.23777860205245155 0.4954481698973774 0.21881317673888256 0.4827085655644242 0.23742584834663624 0.4784183751425314 0.22978862257696692 0.45699126795895095 0.2610110809578107
0 0.2921432166476625 0.92122769327252 0.3122723067274801 0.9517263500570124 0.35012395781071837 0.9258852497149372 0.32443216533637403 0.8998999874572406 0.2921432166476625 0.92122769327252
0 0.3972661904218928 0.3095155028506271 0.41498804789053595 0.3382777822120867 0.45016401140250856 0.3121520855188142 0.4298555678449259 0.288388834663626 0.3972661904218928 0.3095155028506271
0 0.3641908631698974 0.18372827594070695 0.35722222006841503 0.1927481448118586 0.40384910718358036 0.22745530444697834 0.4128658084378563 0.21669474002280503 0.3641908631698974 0.18372827594070695
0 0.343386913340935 0.21671981755986316 0.3896800102622577 0.24913557924743446 0.4004750171037628 0.23819082554161913 0.3586372930444698 0.20577543329532497 0.343386913340935 0.21671981755986316
0 0.06542360775370581 0.07800138084378563 0.09430232041049032 0.09944908209806158 0.12219186316989737 0.06422729076396808 0.09036091448118586 0.043751573546180166 0.06542360775370581 0.07800138084378563
0 0.32547480501710374 0.31314242531356895 0.3476389179019384 0.29021149030786775 0.31006269783352336 0.2637898244013683 0.2940646191562144 0.28284068072976054 0.32547480501710374 0.31314242531356895
0 0.4714043614595211 0.3722936750285063 0.49754968529076393 0.3392088996579247 0.47689063283922467 0.3293804538198403 0.45157550741163055 0.3589955233751425 0.4714043614595211 0.3722936750285063
0 0.5734281801596351 0.1955002497149373 0.5977940592930445 0.16244497263397947 0.5662259270239453 0.14010500912200685 0.5445805267958951 0.17583196579247434 0.5734281801596351 0.1955002497149373
0 0.6013026966932724 0.15941765108323833 0.5810732998859749 0.19121460889395667 0.6289817126567844 0.2141085416191562 0.6532414526795894 0.17506201596351198 0.6013026966932724 0.15941765108323833
0 0.5286624161915622 0.11441135689851767 0.5072767320410491 0.14800689395667047 0.537187464082098 0.16053678677309008 0.5499952987457241 0.12882249144811858 0.5286624161915622 0.11441135689851767