0 1 0.05782861345496009 0.9677794412770809 0.055797921322690985 0.9552190307867731 0.11394524857468642 1 0.11854084036488027 1 0.05782861345496009
0 0.9762883500570125 0.2451324070695553 0.9409589635119726 0.23852904675028508 0.933820401368301 0.26132105473204104 0.9701478175598631 0.2715409783352337 0.9762883500570125 0.2451324070695553
0 0.8226926351197263 0.6289370057012543 0.825972361459521 0.61740848004561 0.7627765290763968 0.609344701254276 0.7531685085518814 0.6225020763968072 0.8226926351197263 0.6289370057012543
0 0.697974763968073 0.8985308095781072 0.7083193397947548 0.8316117423033067 0.6503031641961231 0.8267891128848347 0.6408657388825542 0.8934161938426454 0.697974763968073 0.8985308095781072
0 0.7423867696693273 0.7941949771949829 0.6969169589509693 0.7882477457240593 0.6906864595210946 0.8277179464082098 0.74002430672748 0.8279285028506271 0.7423867696693273 0.7941949771949829
0 0.8192963979475484 0.8639156659064995 0.8227885963511973 0.8370178209806157 0.7687366909920182 0.8359672098061574 0.7684946100342076 0.8632763420752565 0.8192963979475484 0.8639156659064995
0 0.5743016670467502 0.8928974139110604 0.6145918198403649 0.8956034960091219 0.6124653306727481 0.8794544481185861 0.5757017206385404 0.8775277480045609 0.5743016670467502 0.8928974139110604
0 0.6066871356898518 0.8705867616875713 0.6087758312428734 0.8590646602052452 0.579721953249715 0.8575420114025085 0.577230645381984 0.871073921322691 0.6066871356898518 0.8705867616875713
0 0.9453681801596351 0.7386921391106043 0.9424189475484606 0.777949401368301 0.9791809965792474 0.7798760182440138 0.9771725370581528 0.7387849030786773 0.9453681801596351 0.7386921391106043
0 0.060549832383124294 0.05989468072976054 0.05819642417331813 0.07643793500570126 0.09733177993158496 0.07848893272519955 0.0963585290763968 0.06299488711516534 0.060549832383124294 0.05989468072976054
0 0.09901588711516533 0.08035932269099202 0.11858278335233752 0.08138477993158495 0.11923477537058154 0.06894403990877994 0.10500430444697834 0.06819825313568985 0.09901588711516533 0.08035932269099202
0 0.122994425313569 0.059603003420752566 0.12356534321550741 0.04303674230330673 0.10874349714937287 0.04225996237172178 0.10843617217787914 0.059469025085518816 0.122994425313569 0.059603003420752566