0 0.20485111630558722 0.622944874572406 0.19499288369441276 0.5396728996579248 0.1162757993158495 0.5378771984036488 0.12265954618015965 0.6253792748004561 0.20485111630558722 0.622944874572406
0 0.21904961459521097 0.7226344652223489 0.2665892337514253 0.7199811755986317 0.2585939543899658 0.616483110604333 0.20791626453819842 0.6163753101482327 0.21904961459521097 0.7226344652223489
0 0.37212399543899655 0.7291063888255416 0.4063737958950969 0.7260817730900798 0.39809446978335233 0.6551924948688712 0.36517075940706956 0.6531584230330673 0.37212399543899655 0.7291063888255416
0 0.13983364538198403 0.8785891641961231 0.20040097149372862 0.8781589726339795 0.19153691676168758 0.8073727981755986 0.1320882827822121 0.8088115530216647 0.13983364538198403 0.8785891641961231
0 0.1833583694412771 1 0.18022282668187 0.9655229372862029 0.13886856784492588 0.9704031710376283 0.14446794868871152 1 0.1833583694412771 1
0 0.37508357924743446 0.9664339384264538 0.42879490307867735 0.9626908232611174 0.4164560912200684 0.8961332143671608 0.36708666704675025 0.900016685290764 0.37508357924743446 0.9664339384264538
0 0.448323661345496 0.847709110604333 0.5012737525655644 0.8401797229190422 0.48996624857468646 0.7794709475484606 0.437842141391106 0.7814269190421893 0.448323661345496 0.847709110604333
0 0.5668583933865451 0.7846029828962372 0.5707959771949829 0.8197833865450399 0.6053833204104903 0.8218223968072976 0.6023638164196122 0.7807540570125427 0.5668583933865451 0.7846029828962372
0 0.5524821208665907 0.939072701254276 0.5927376693272519 0.9313716522234892 0.5807067411630559 0.876817945267959 0.5464726134549601 0.8810472041049031 0.5524821208665907 0.939072701254276
0 0.7181561641961232 0.6644741242873432 0.7122833808437856 0.6106432976054732 0.6782567286202964 0.6160402052451539 0.6897721391106043 0.6676702645381984 0.7181561641961232 0.6644741242873432
0 0.23246478449258837 0.34224313454960087 0.2674509110604333 0.3418017765108324 0.2571066590649943 0.2797173352337514 0.21895300684150512 0.28222448688711516 0.23246478449258837 0.34224313454960087
0 0.31187420866590654 0.12174458950969214 0.3077512200684151 0.0881041527936146 0.28143223261117445 0.09274489965792475 0.2893726385404789 0.12751936488027366 0.31187420866590654 0.12174458950969214
0 0.5079605302166477 0 0.5159734321550741 0.05138895781071836 0.5571214834663626 0.04533926567844926 0.5486286841505131 0 0.5079605302166477 0
0 0.7908765404789054 0.5364942485746864 0.786616827822121 0.49865913911060433 0.7701027879133409 0.4973506442417332 0.7776988335233751 0.5370106909920183 0.7908765404789054 0.5364942485746864
0 0.7466632428734321 0.5400698791334093 0.7620108893956671 0.5403782223489167 0.7567879247434435 0.503918779931585 0.7420988221208665 0.49927394982896234 0.7466632428734321 0.5400698791334093
0 0.8909253637400228 0.8986891311288483 0.9081964492588369 0.8974525017103763 0.9066893375142532 0.861542086659065 0.8883182759407069 0.8599597103762828 0.8909253637400228 0.8986891311288483
0 0.5339494675028507 0.13895718472063853 0.5402734184720639 0.17552394868871152 0.574885071835804 0.17002547662485748 0.5706605199543899 0.13580003876852906 0.5339494675028507 0.13895718472063853
0 0.17889862029646522 0.06409885062713797 0.20867290763968072 0.05975320638540479 0.2055518301026226 0.04547196009122007 0.17285960205245154 0.05159822919042189 0.17889862029646522 0.06409885062713797