0 0.8640840741163056 0.8230382668187002 0.9445738779931585 0.7974015667046751 0.9322449464082098 0.7411487947548461 0.8430857616875712 0.7689170501710376 0.8640840741163056 0.8230382668187002
0 0.9192984549600912 0.6711538620296466 0.9098534378563284 0.6312565929304447 0.8639688392246295 0.6411544264538198 0.8840541311288483 0.6849777411630558 0.9192984549600912 0.6711538620296466
0 1 0.4634361345496009 0.9987879749144811 0.4565623990877993 0.9500377058152795 0.47961393728620294 0.9665070342075256 0.5114692736602052 1 0.49528107525655646 1 0.4634361345496009
0 0.7487207274800456 0.3910327673888256 0.73209121322691 0.3343340718358039 0.6670136408209806 0.3482190535917902 0.6832561630558722 0.4078609144811859 0.7487207274800456 0.3910327673888256
0 0.7502939669327251 0.3076347605473204 0.7830054754846065 0.2982525553021665 0.7736956442417332 0.26255022919042187 0.7359275062713797 0.2740282884834664 0.7502939669327251 0.3076347605473204
0 0.39996325883694417 0.3928971904218928 0.3781047993158495 0.3407363694412771 0.32544091904218925 0.356646503990878 0.3475534652223489 0.41195794412770814 0.39996325883694417 0.3928971904218928
0 0.06548711858608894 0.1440858597491448 0.051600743443557584 0.1097918244013683 0.007500627137970354 0.1332292337514253 0.018026757126567844 0.16386208551881415 0.06548711858608894 0.1440858597491448
0 0.4735830022805017 0.225720338654504 0.4669847730900798 0.20881553705815278 0.39179061231470924 0.23713116989737743 0.3993575450399088 0.2492719441277081 0.4735830022805017 0.225720338654504
0 0.43283422576966935 0.19977874116305586 0.42509934435575825 0.18668547320410492 0.3944510638540479 0.19751101824401368 0.39611770923603196 0.2155202086659065 0.43283422576966935 0.19977874116305586
0 0.8332136624857469 0.10087126681870011 0.8183306864310148 0.06434449486887114 0.7850677981755986 0.07743820866590649 0.798717913340935 0.11382062143671608 0.8332136624857469 0.10087126681870011
0 0.1688614754846066 0.30294222576966934 0.15566293500570125 0.26912981755986315 0.10792258266818701 0.2787519623717218 0.12162072291904219 0.31540673546180165 0.1688614754846066 0.30294222576966934
0 0.12676184948688712 0.5326233717217788 0.18183259179019384 0.513275881413911 0.1709019692132269 0.49231648118586085 0.11534779133409351 0.5123505381984036 0.12676184948688712 0.5326233717217788