0 0.5830091801596351 0.8922409521094641 0.5749611915621436 0.8715128266818699 0.5016227354618016 0.8834625028506271 0.5091533169897378 0.9088883603192702 0.5830091801596351 0.8922409521094641
0 0.5181562394526796 0.6670936909920182 0.5053297126567845 0.6067496259977195 0.45953611060433297 0.6140584925883695 0.47302592816419614 0.6746673112884835 0.5181562394526796 0.6670936909920182
0 0.6103917217787913 0.6383912006841506 0.6120781060433296 0.6234787719498289 0.5340949771949829 0.6364157035347776 0.533900527936146 0.6526355746864311 0.6103917217787913 0.6383912006841506
0 0.606496795895097 0.6143554503990878 0.6042408757126568 0.6008864002280501 0.5309400855188141 0.6158615473204105 0.5355600775370581 0.6304574526795895 0.606496795895097 0.6143554503990878
0 0.6632464606613455 0.5586310057012543 0.6479106510832383 0.5321741676168757 0.61790421322691 0.5452246020524515 0.6300364903078678 0.5694534937286203 0.6632464606613455 0.5586310057012543
0 0.6755350684150513 0.4165397765108324 0.6682588084378563 0.3823076659064994 0.584291456100342 0.4013679110604333 0.5938446465222349 0.43346112884834664 0.6755350684150513 0.4165397765108324
0 0.7526864070695554 0.38255489737742304 0.7335074914481186 0.32659455074116306 0.6580348301026225 0.33706340592930445 0.6727860079817559 0.40075068301026223 0.7526864070695554 0.38255489737742304
0 0.8679262098061573 0.2707344618015963 0.8593448232611174 0.22465065336374002 0.7792493511972635 0.23621713112884835 0.7921107856328392 0.2867377092360319 0.8679262098061573 0.2707344618015963
0 0.9604100364880274 0.3317295062713797 0.9523940661345496 0.2940173318129989 0.89398234663626 0.3076455575826682 0.9084395108323832 0.3456754766248575 0.9604100364880274 0.3317295062713797
0 0.8689166066134549 0.540988944127708 0.862310283922463 0.5041895701254276 0.8063519931584949 0.5165167696693272 0.809184401368301 0.551260551881414 0.8689166066134549 0.540988944127708
0 0.7223031641961232 0.19677628164196123 0.7094926453819841 0.1279401927023945 0.6444973272519954 0.1362970330672748 0.6657483295324971 0.2062894549600912 0.7223031641961232 0.19677628164196123
0 0.7803110741163056 0.10985379475484607 0.7754873363740022 0.09571971721778791 0.7020615712656785 0.11011441391106043 0.7057046123147093 0.12868146750285062 0.7803110741163056 0.10985379475484607
0 0.7720168415051311 0.08796717445838084 0.7691801470923604 0.07462157468643102 0.696213237172178 0.0883117229190422 0.6989154389965793 0.10102458494868871 0.7720168415051311 0.08796717445838084
0 0.7580379806157355 0.06789427822120866 0.7569451379703535 0.05417800912200684 0.6917375347776511 0.06439941961231471 0.6958491562143672 0.07803152223489167 0.7580379806157355 0.06789427822120866
0 0.51355469327252 0.15139522006841505 0.5523447080957811 0.1425431322690992 0.540620157354618 0.09738620410490308 0.5000817388825541 0.10513711744583809 0.51355469327252 0.15139522006841505
0 0.07289520524515393 0.2086745450399088 0.1169826180159635 0.2047618164196123 0.10638052679589509 0.17058968415051312 0.06876939110604333 0.17498522006841505 0.07289520524515393 0.2086745450399088
0 0.6070326704675029 0 0.6138334743443558 0.03487164538198404 0.6531512394526796 0.031365721778791336 0.6438594606613456 0 0.6070326704675029 0
0 0.7150227571265679 0.5451991516533637 0.7030171071835805 0.5344094868871152 0.6777997993158495 0.5585678791334093 0.6864513534777651 0.5692845553021665 0.7150227571265679 0.5451991516533637