0 0.8883136396807297 1 0.9029916807297605 0.9629879635119726 0.7351949236031927 0.9200786043329533 0.7219970102622577 0.9790452531356899 0.8069776944127708 1 0.8883136396807297 1
0 0.8606198050171037 0.8242161470923604 0.9006464948688712 0.7127973477765108 0.8182533192702395 0.6853116168757126 0.7782764583808438 0.8014222656784492 0.8606198050171037 0.8242161470923604
0 0.46930320524515395 0.888327205245154 0.48528368757126567 0.8329908472063854 0.43007537058152795 0.8200008517673889 0.4201987377423033 0.8836336567844927 0.46930320524515395 0.888327205245154
0 0.3095887867730901 0.2600886704675029 0.28971365222348916 0.31596725199543896 0.3744268631698974 0.33892131927023944 0.39091882668187 0.285140425313569 0.3095887867730901 0.2600886704675029
0 0.5457533318129989 0.4336019863169897 0.5647065438996579 0.38393992246294184 0.5298754994298746 0.36785746636259975 0.5066080672748005 0.4147524481185861 0.5457533318129989 0.4336019863169897
0 0.8318562508551881 0.5902244766248574 0.8403472257696694 0.5700490216647662 0.7735891231470924 0.5505127742303307 0.7647323397947549 0.5720256031927023 0.8318562508551881 0.5902244766248574
0 0.31124028278221205 0 0.35442711402508553 0.01712109692132269 0.36803684948688714 0 0.31124028278221205 0
0 0.24796310034207525 0.3298121083238313 0.262568338654504 0.2950444652223489 0.22586526339794755 0.28064759407069556 0.20483925541619155 0.3074636157354618 0.24796310034207525 0.3298121083238313
0 0.0475027251995439 0.10463879247434435 0.08527283466362601 0.03627809236031927 0.026520693272519956 0.004686509692132269 0.021957160775370584 0.09176388483466363 0.0475027251995439 0.10463879247434435
0 0.6529937366020525 0.1628512725199544 0.6734570775370581 0.12408160889395667 0.642712149372862 0.10944623603192702 0.6193779965792475 0.14623950741163055 0.6529937366020525 0.1628512725199544
0 0.5533979384264538 0.3217691231470924 0.5339608107183581 0.3579749179019384 0.5670131277080958 0.37396259179019387 0.5871621470923603 0.3298754389965793 0.5533979384264538 0.3217691231470924