0 0.9378399407069555 0.5377508836944128 0.8977750490307868 0.5026528232611175 0.8639863375142531 0.5466635233751425 0.9026200490307869 0.5802001676168758 0.9378399407069555 0.5377508836944128
0 0.9940900992018243 0.5861830387685291 0.9674638779931585 0.5556539418472064 0.9313982063854048 0.5977616168757127 0.9603979657924743 0.6224694572405929 0.9940900992018243 0.5861830387685291
0 0.6773369543899658 0.8344644709236032 0.6303614469783353 0.7995972417331814 0.6056118312428734 0.8298121049030787 0.6474892941847207 0.8694643945267959 0.6773369543899658 0.8344644709236032
0 0.6732429954389966 0.6746061299885976 0.6013333124287343 0.6054353717217787 0.5595334059293045 0.6549734355758267 0.6278539965792475 0.722766968072976 0.6732429954389966 0.6746061299885976
0 0.6113505153933866 0.7168482565564425 0.5682056088939567 0.6821833443557583 0.5483812485746865 0.7090889407069555 0.5910676088939567 0.744621668187001 0.6113505153933866 0.7168482565564425
0 0.7042112337514254 0.7805767981755986 0.676589338654504 0.7562384503990879 0.6570456077537059 0.789104402508552 0.6818979338654504 0.8135948859749145 0.7042112337514254 0.7805767981755986
0 0.4597633911060433 0.450563929304447 0.44063023261117445 0.49831551767388826 0.4724336590649943 0.5148463854047891 0.4890738962371722 0.46934240592930443 0.4597633911060433 0.450563929304447
0 0.40564082782212085 0.4269177149372862 0.3767006271379703 0.4034021242873432 0.3542951630558723 0.45692786887115167 0.3843197810718358 0.47336551311288483 0.40564082782212085 0.4269177149372862
0 0.5897539156214368 0.14314736602052452 0.5567001584948689 0.13100864196123146 0.5460752246294185 0.16374900798175598 0.582459566704675 0.1721960433295325 0.5897539156214368 0.14314736602052452
0 0.26800696009122005 0.16374290649942988 0.2401033842645382 0.1423610558722919 0.21684882440136832 0.16670862371721779 0.24407125313568986 0.1913248825541619 0.26800696009122005 0.16374290649942988
0 0.9310542873432156 0.7630341801596351 0.9577491984036488 0.7867293819840365 0.9877114766248575 0.7475719486887115 0.9745055028506272 0.7159624811858609 0.9310542873432156 0.7630341801596351
0 0.8341178757126568 0.7199018095781071 0.8640960809578108 0.7381207149372861 0.890419802736602 0.6996644401368302 0.8650677628278222 0.6733640718358039 0.8341178757126568 0.7199018095781071
0 0.4306259646522235 0.2560990478905359 0.4429274002280502 0.26179754047890536 0.4517775256556442 0.24026245610034208 0.4437965233751425 0.23389854161915621 0.4306259646522235 0.2560990478905359
0 0.4720479771949829 0.2475677172177879 0.4618480798175599 0.2407902314709236 0.45424441619156214 0.26120151083238313 0.4616961904218928 0.2663485598631699 0.4720479771949829 0.2475677172177879
0 0.4966404241733181 0.2542076362599772 0.4834541322690992 0.24786820638540477 0.47326432269099206 0.2723059030786773 0.4813090330672748 0.2774840273660205 0.4966404241733181 0.2542076362599772
0 0.5140337742303307 0.26225396123147093 0.5020691117445838 0.25538398859749145 0.4944343728620296 0.2763882029646522 0.5023858597491448 0.28334513568985176 0.5140337742303307 0.26225396123147093