0 0.5054054446978336 0.37935891448118586 0.5819454355758267 0.3875484789053592 0.5844126248574686 0.35255378107183577 0.510858802736602 0.3425378403648803 0.5054054446978336 0.37935891448118586
0 0.43572647206385406 0.3490942633979475 0.47302877423033063 0.35295537856328396 0.48020066020524516 0.27779287115165335 0.44451831927023944 0.27049267046750286 0.43572647206385406 0.3490942633979475
0 0.4397787981755987 0.2157729315849487 0.45098112200684154 0.14215821436716078 0.4375463660205245 0.13919163511972635 0.4239779441277081 0.212600913340935 0.4397787981755987 0.2157729315849487
0 0.8996871106043329 0.2205011368301026 0.9295651562143672 0.2323659543899658 0.9520077423033068 0.18002434093500572 0.9197962166476625 0.16706134435575826 0.8996871106043329 0.2205011368301026
0 0.6940177525655644 0.7852499110604333 0.7341482063854048 0.7917440969213226 0.7400119019384265 0.7110967023945268 0.7050747423033067 0.7020736419612315 0.6940177525655644 0.7852499110604333
0 0.9509753671607754 0.8656182554161915 0.9541361242873432 0.8294906316989739 0.9198925313568985 0.8193346476624856 0.9157793272519954 0.8595542063854047 0.9509753671607754 0.8656182554161915
0 0.4474218380843786 0.735927787913341 0.4974887730900798 0.7471701265678449 0.5009818688711517 0.7140563740022805 0.450090165336374 0.7036359042189282 0.4474218380843786 0.735927787913341
0 0.26606047434435576 0.7880899087799316 0.31520849600912204 0.7956726077537059 0.32116807525655644 0.7615810399087799 0.2737701801596351 0.7520653945267959 0.26606047434435576 0.7880899087799316
0 0.23547076852907642 0.9175979076396807 0.22838693614595212 0.9781468551881414 0.2632506374002281 0.9811970330672749 0.2732903660205245 0.92090669327252 0.23547076852907642 0.9175979076396807
0 0.49833247890535914 1 0.5073245484606613 0.9682373477765108 0.4245253112884835 0.9568149543899658 0.420026054732041 0.992823905359179 0.4827895210946408 1 0.49833247890535914 1
0 0.0751218198403649 0.7660160729760548 0.11535403534777651 0.7728171721778792 0.12014092702394526 0.7248973409350057 0.08227113683010262 0.7221801801596351 0.0751218198403649 0.7660160729760548
0 0.20915086431014823 0.6807668255416192 0.20923207525655646 0.6389993409350057 0.14482186088939566 0.6333641767388826 0.14042793044469784 0.6699799281641962 0.20915086431014823 0.6807668255416192
0 0 0.9581655872291904 0.0292476157354618 0.9607244218928165 0.03509188597491448 0.9173735074116306 0 0.9131229201824401 0 0.9581655872291904
0 0.0668081220068415 0.5382183979475484 0.07343969327251995 0.49642797719498294 0.0391674834663626 0.4934295473204105 0.03477368757126568 0.5300437434435575 0.0668081220068415 0.5382183979475484
0 0.8056836294184722 0.32118821322690994 0.7974125165336374 0.38849533751425314 0.8139586864310149 0.38994293956670467 0.8184233979475485 0.3252860262257697 0.8056836294184722 0.32118821322690994