0 0.45620539794754844 0.7936700353477766 0.401614062713797 0.7789769475484607 0.3688025131128848 0.8638873546180159 0.4271230250855188 0.8771813340935006 0.45620539794754844 0.7936700353477766
0 0.9654507274800456 0.5224131299885975 0.9384930729760548 0.5004751094640821 0.9035591037628278 0.5374007981755986 0.9327832063854048 0.5548008677309008 0.9654507274800456 0.5224131299885975
0 0.8627262542759406 0.45430238198403644 0.8149560684150513 0.5054014640820981 0.8437138004561003 0.5215584754846067 0.885547834663626 0.4790892976054732 0.8627262542759406 0.45430238198403644
0 0.48923820524515393 0.3941499156214367 0.4597424469783352 0.4191113238312429 0.4839929247434436 0.43837515507411634 0.5085867765108324 0.41887031242873435 0.48923820524515393 0.3941499156214367
0 0.4608526921322691 0.3744514743443557 0.4420712839224629 0.34859507639680726 0.41192157354618014 0.3740831995438997 0.43036090193842647 0.39751399087799316 0.4608526921322691 0.3744514743443557
0 0.872478724059293 0.03764869441277081 0.8547556088939567 0.05286070809578107 0.8868734720638541 0.08250533523375143 0.9327265496009122 0.043980996579247436 0.872478724059293 0.03764869441277081
0 0.11486016077537058 0.22882986431014823 0.07379464538198405 0.22749880615735463 0.05565108551881414 0.286487937286203 0.1015980205245154 0.2925127673888256 0.11486016077537058 0.22882986431014823
0 0.21911996123147093 0.3675519771949829 0.18794018700114024 0.37442419954389966 0.18940803420752567 0.4002503591790194 0.21978679475484605 0.39747151995438995 0.21911996123147093 0.3675519771949829
0 0.07184698175598632 0.4619247434435576 0.05611855872291904 0.4638537423033067 0.05622479703534778 0.5367014150513113 0.07240291904218928 0.5387003135689852 0.07184698175598632 0.4619247434435576
0 0 0.6980187263397948 0.004599436716077537 0.6981441824401369 0.01310181299885975 0.674261465222349 0 0.6714262405929304 0 0.6980187263397948
0 0 0.6229244036488027 0.038664683010262255 0.6211268107183581 0.03655621778791334 0.5817987856328392 0 0.5807716704675028 0 0.6229244036488027
0 0.5749101014823261 1 0.573033488027366 0.9832658346636259 0.5040525587229191 0.9861649954389966 0.5029526807297605 1 0.5749101014823261 1
0 0.6604731425313569 1 0.6605426123147092 0.985896188141391 0.5882033363740024 0.9866513112884834 0.5874331470923603 1 0.6604731425313569 1
0 0.8530498494868871 0.9100092063854048 0.8492518700114026 0.8779663637400228 0.7938251847206386 0.8882619087799315 0.7962242166476625 0.916574023945268 0.8530498494868871 0.9100092063854048