0 0 0.8542526294184721 0.024628526795895098 0.8581628072976055 0.0235471094640821 0.8219632497149373 0 0.82073938654504 0 0.8542526294184721
0 0.038039026225769663 0.7007816784492588 0.008162746864310148 0.7052569897377423 0.012994588369441278 0.7394652622576967 0.039516669327251994 0.7349428244013683 0.038039026225769663 0.7007816784492588
0 0.05257996237172178 0.566909102622577 0.047777807297605474 0.5387552303306727 0.02252967274800456 0.5380831231470923 0.028216653363740022 0.5739681847206385 0.05257996237172178 0.566909102622577
0 0.5153500307867731 0.6078669942987457 0.5451114823261117 0.6039742257696693 0.5439996100342075 0.5692824982896237 0.5111009167616876 0.5698419737742304 0.5153500307867731 0.6078669942987457
0 0.40210934777651086 0.8888948015963513 0.37027616875712654 0.8972221778791334 0.3777452622576967 0.9240782713797036 0.4145037605473204 0.9176155724059294 0.40210934777651086 0.8888948015963513
0 0.39933218700114026 0.44619691220068414 0.3968447217787914 0.4154702451539339 0.36265019384264535 0.41729158494868873 0.36620489167616876 0.4518548779931585 0.39933218700114026 0.44619691220068414
0 1 0.49366753249714934 0.9562578027366021 0.48942791676168756 0.957705913340935 0.5269100684150513 1 0.5299606316989738 1 0.49366753249714934
0 0.9004877525655645 0.8647955496009122 0.883989708095781 0.8688470114025085 0.8930252690992019 0.9062902668187001 0.9081341140250856 0.9031784971493728 0.9004877525655645 0.8647955496009122
0 0.8850192086659064 0.9101778118586089 0.8751414663625997 0.8677319498289623 0.8628075632839225 0.8722904082098062 0.8700085142531357 0.9096810729760547 0.8850192086659064 0.9101778118586089
0 0.8568750763968073 0.9119655039908781 0.8535157445838085 0.8701818289623717 0.8376788551881414 0.8710366510832382 0.8404575689851768 0.9093791265678449 0.8568750763968073 0.9119655039908781
0 0.34035467046750284 0.3361401687571266 0.3226760992018244 0.33693784378563285 0.3256643329532497 0.37441534207525656 0.3455663842645382 0.3725377103762828 0.34035467046750284 0.3361401687571266
0 0.35018176054732036 0.27937705473204105 0.3201918905359179 0.28443674116305584 0.32649683580387684 0.31106654618015966 0.35464944355758266 0.30716348118586084 0.35018176054732036 0.27937705473204105