0 0.5582298768529077 0.08042834207525656 0.5481787434435575 0.043546611174458384 0.49952518129988593 0.05906912542759407 0.5066602348916762 0.09190250285062714 0.5582298768529077 0.08042834207525656
0 0.8719518244013682 0.20086702964652223 0.9118988289623717 0.1873262314709236 0.9009478312428735 0.15028644925883697 0.8615000182440137 0.16525106043329535 0.8719518244013682 0.20086702964652223
0 0.7078105598631699 0.3338693603192702 0.6996756157354618 0.3014949247434435 0.6662392782212087 0.30679072063854046 0.6737586408209807 0.34286956100342075 0.7078105598631699 0.3338693603192702
0 0.8342337343215507 0.37276029190421894 0.858313086659065 0.365339590649943 0.8385139851767388 0.3026494082098062 0.8137666921322692 0.3080702896237172 0.8342337343215507 0.37276029190421894
0 0.7594414355758267 0.9142235724059293 0.8125773090079818 0.9118191881413912 0.8074645895096921 0.8681421961231471 0.7541007354618017 0.8741911767388826 0.7594414355758267 0.9142235724059293
0 0.7104000057012543 0.7488578540478905 0.6733506020524515 0.7541247514253135 0.6840628301026226 0.8179535792474344 0.7257340535917901 0.8146598369441277 0.7104000057012543 0.7488578540478905
0 0.7668922086659066 0.513274795895097 0.7985653124287343 0.4968363956670468 0.7824333295324971 0.46332238084378563 0.7477980935005701 0.4757213021664766 0.7668922086659066 0.513274795895097
0 0.593307566704675 0.5828484834663626 0.5780698141391106 0.5473893831242873 0.565775212086659 0.5505389578107184 0.5758666054732041 0.5904216510832383 0.593307566704675 0.5828484834663626
0 0.5590498437856328 0.544993070695553 0.593904409350057 0.5334595575826682 0.5753228700114025 0.47688861687571266 0.5416692930444698 0.48943263397947545 0.5590498437856328 0.544993070695553
0 0.6147763169897377 0.46402714253135685 0.6477773808437857 0.45218762485746866 0.63937417331813 0.4117369737742303 0.6057138415051312 0.4257865210946408 0.6147763169897377 0.46402714253135685
0 0.9336615655644241 0.17666553819840364 0.9176021824401368 0.09805368757126567 0.9033387708095781 0.09911048688711517 0.9129992462941847 0.18083985518814139 0.9336615655644241 0.17666553819840364
0 0.5857031949828962 0.208331834663626 0.5962276020524515 0.19884996693272522 0.5842523443557583 0.16618046978335235 0.5696932371721779 0.17179273660205244 0.5857031949828962 0.208331834663626
0 0.5584114492588369 0.2144578757126568 0.5780779327251996 0.20953955758266818 0.5622171322690992 0.17508086545039908 0.5501849201824401 0.18149521322690992 0.5584114492588369 0.2144578757126568
0 0.6411863728620297 0.2055556738882554 0.6567753751425313 0.19767625883694412 0.6409685530216648 0.15990268415051312 0.6284179486887115 0.16669971379703535 0.6411863728620297 0.2055556738882554
0 0.627629882554162 0.2034947537058153 0.6172431174458382 0.17207496009122006 0.599924181299886 0.17662304446978336 0.6110829099201824 0.20912129190421894 0.627629882554162 0.2034947537058153