0 0.803985409350057 0.1924926431014823 0.8077178289623717 0.24105135005701253 0.8426874583808437 0.24427247092360319 0.841024755986317 0.1851988449258837 0.803985409350057 0.1924926431014823
0 0.4404424025085519 0.6794707753705814 0.4485087023945268 0.7313697434435575 0.4823344914481186 0.7420828700114025 0.47202482668187 0.6813829988597492 0.4404424025085519 0.6794707753705814
0 0.43284718129988603 0.6138705621436715 0.43748328164196126 0.668327558722919 0.46818142759407066 0.6616665017103763 0.4634016259977195 0.6075127537058153 0.43284718129988603 0.6138705621436715
0 0.38549703192702395 0.3904174435575827 0.3892630478905359 0.4282722234891676 0.4391839019384265 0.43130434891676167 0.436315322690992 0.38537590992018245 0.38549703192702395 0.3904174435575827
0 0.3949018779931585 0.2751719794754846 0.4015362303306727 0.3110927423033067 0.44518746180159635 0.3079132314709236 0.44325675940706954 0.26847585404789054 0.3949018779931585 0.2751719794754846
0 0.3884885290763968 0.22080812428734323 0.39047729532497144 0.2587560467502851 0.4367809042189282 0.24949188141391107 0.43678282326111745 0.2129260433295325 0.3884885290763968 0.22080812428734323
0 0.3789572041049031 0.17493001824401366 0.3846543614595211 0.21565798061573546 0.43664707183580387 0.21293315849486888 0.42893404561003423 0.16517762941847206 0.3789572041049031 0.17493001824401366
0 0.30938546408209805 0.6268811299885976 0.3152370330672748 0.6818705564424173 0.34437698061573546 0.6788554196123148 0.34495838768529075 0.6256113968072976 0.30938546408209805 0.6268811299885976
0 0.2843278015963512 0.7607838688711517 0.30574644697833525 0.7614450592930445 0.2970872109464082 0.709577165336374 0.2812193945267959 0.7127870216647663 0.2843278015963512 0.7607838688711517
0 0.24823261573546182 0.7180831755986318 0.24931770125427594 0.7501328084378563 0.268955645381984 0.7523737343215507 0.2624179692132269 0.7167451870011402 0.24823261573546182 0.7180831755986318
0 0.20418245952109465 0.7049330604332954 0.2067616408209806 0.7541467719498289 0.2243069771949829 0.7502544355758266 0.22123615051311288 0.7016610547320411 0.20418245952109465 0.7049330604332954
0 0.0160864503990878 0.7962461356898518 0.020466450399087798 0.8376361277080958 0.06411368072976055 0.8317828494868872 0.058292225769669324 0.7886831413911061 0.0160864503990878 0.7962461356898518
0 0.7135030843785632 0.4154414766248575 0.638864889395667 0.4193530992018244 0.6460766887115165 0.5456174538198404 0.7202487673888256 0.5328117879133409 0.7135030843785632 0.4154414766248575