0 0.542987465222349 0.4206964811858609 0.5763028643101482 0.4271831721778791 0.5758980330672748 0.39131781984036484 0.5479545131128848 0.3847987137970354 0.542987465222349 0.4206964811858609
0 0.5301477776510832 0.2832247206385405 0.5620756009122007 0.29016259407069556 0.5741503671607754 0.22635646408209809 0.5413634025085519 0.22052233295324972 0.5301477776510832 0.2832247206385405
0 0.5528732622576966 0.0712813204104903 0.6085437423033068 0.08071464652223488 0.6200333261117446 0.011115613454960092 0.564580961231471 0.005287335233751426 0.5528732622576966 0.0712813204104903
0 0.1906408836944128 0.25470535461801597 0.195543921322691 0.2080560615735462 0.15195113568985177 0.20287725541619156 0.14701617331813 0.24415000798175598 0.1906408836944128 0.25470535461801597
0 0.19675327366020523 0.190869574686431 0.20702594868871152 0.11015746180159634 0.16728335803876854 0.10239822462941847 0.15794186887115164 0.18559629076396805 0.19675327366020523 0.190869574686431
0 0.1546813762827822 0.09420796579247434 0.18948394298745722 0.10114947548460661 0.19820548232611176 0.057886627137970346 0.16032542645381984 0.05509774230330673 0.1546813762827822 0.09420796579247434
0 0.13197659407069554 0 0.12460010604332954 0.03999946978335234 0.1762850102622577 0.05080495781071836 0.18484010376282783 0 0.13197659407069554 0
0 0.03904497263397948 0.8369912782212087 0.08135191562143672 0.8462125096921322 0.08889378449258838 0.7914822827822121 0.044740641961231474 0.7802743728620296 0.03904497263397948 0.8369912782212087
0 0.2538703614595211 0.5270267525655644 0.21592021550741164 0.5242320729760548 0.20934886088939567 0.5647358129988598 0.24803597491448118 0.571191645381984 0.2538703614595211 0.5270267525655644
0 0.3271479726339795 0.3765180957810718 0.3609491140250855 0.3878304355758267 0.36467294070695555 0.3524005929304447 0.33362382782212086 0.3413775028506272 0.3271479726339795 0.3765180957810718
0 0.7470438209806157 0.9427485336374003 0.7796708700114025 0.9494613876852908 0.7847904697833524 0.9064169794754846 0.7511964469783352 0.8969159007981756 0.7470438209806157 0.9427485336374003
0 0.8490330957810719 0.9591381630558723 0.8544023409350057 0.9137334823261117 0.8216758848346636 0.9073086909920183 0.8184186579247434 0.9553250057012542 0.8490330957810719 0.9591381630558723
0 0.7630557514253136 0.7563684139110605 0.8194019612314709 0.7643802109464082 0.8233119783352338 0.7271788768529076 0.7702805575826682 0.7210080285062713 0.7630557514253136 0.7563684139110605
0 1 0.09355861231470924 0.9897269543899658 0.09152461003420753 0.9842009464082098 0.15005040820980617 1 0.15370114823261116 1 0.09355861231470924
0 0.575792425313569 0.7101188312428734 0.5794541881413912 0.6752794857468642 0.562593558722919 0.6711192805017103 0.5597390182440137 0.7096240193842646 0.575792425313569 0.7101188312428734
0 0.23616597377423032 0.25501258038768526 0.25342125655644243 0.25891575484606616 0.2570209543899658 0.22466690763968075 0.2423345701254276 0.22252628620296466 0.23616597377423032 0.25501258038768526
0 0.2163797890535918 0.25382849942987457 0.22010361573546178 0.21839865678449258 0.20454810946408208 0.21318158380843785 0.19927090535917902 0.25203028392246296 0.2163797890535918 0.25382849942987457
0 0.37931573888255415 0.1563258141391106 0.3945307206385405 0.15911744355758267 0.4044011676168757 0.11060373546180159 0.39092608095781073 0.1026186488027366 0.37931573888255415 0.1563258141391106