0 0.8956034629418472 0.38772396579247437 0.9514033021664765 0.3533654834663626 0.9266874002280502 0.32502234663626 0.8713962360319271 0.358064669327252 0.8956034629418472 0.38772396579247437
0 0.8982698962371721 0.4211805279361459 0.8999709429874572 0.44458745496009117 0.9511758232611175 0.4282069258836944 0.9412944834663626 0.4024846670467503 0.8982698962371721 0.4211805279361459
0 0.1800268905359179 0.2644920558722919 0.18905990992018246 0.20690219384264538 0.14967023375142532 0.19749409236031926 0.1377214526795895 0.2609871277080958 0.1800268905359179 0.2644920558722919
0 0.06590111516533638 0.7272755496009122 0.04667342075256556 0.7874793842645382 0.13781139338654505 0.8204687708095781 0.16997317217787913 0.7542697548460662 0.06590111516533638 0.7272755496009122
0 0.8116996978335234 0.561511661345496 0.8841043033067274 0.5283142964652223 0.875067149372862 0.5143749407069556 0.8106260524515393 0.5410713511972634 0.8116996978335234 0.561511661345496
0 0.40051700114025085 0.07031372291904218 0.4112552018244014 0.10766000456100341 0.4535781584948689 0.09897552565564424 0.4435156442417332 0.06390535917901939 0.40051700114025085 0.07031372291904218
0 0.25655977194982893 0.15236696351197263 0.3365941984036488 0.14131828164196122 0.3336638848346636 0.10366120524515393 0.25057473660205243 0.11865798061573547 0.25655977194982893 0.15236696351197263
0 0.25353669897377423 0.2353801755986317 0.2886145359179019 0.23089741277080958 0.27976313340935005 0.19837574914481185 0.24468685404789053 0.20285862029646523 0.25353669897377423 0.2353801755986317
0 0.43507292588369445 0.5227153124287344 0.3928845758266819 0.5294748050171038 0.39652023489167615 0.5768907936145952 0.4356524139110604 0.5740777263397947 0.43507292588369445 0.5227153124287344
0 0.3429721527936146 0.5273723443557582 0.4284418152793615 0.5180914857468644 0.42818473090079817 0.4820090957810718 0.34152241961231466 0.4884326100342075 0.3429721527936146 0.5273723443557582
0 0.36270389737742303 0 0.36294508095781075 0.014459906499429874 0.4109849110604333 0 0.36270389737742303 0
0 0.2396143443557583 0.623372882554162 0.20419804332953248 0.6185171003420752 0.20738490877993157 0.6496605815279362 0.23967663283922463 0.6523180490307868 0.2396143443557583 0.623372882554162