0 0.7903369258836944 0.8772243580387686 0.818191535917902 0.7632919384264538 0.7864991630558723 0.7575359863169897 0.755718968072976 0.8640508255416192 0.7903369258836944 0.8772243580387686
0 0.869688865450399 0.6448639452679589 0.8318528825541619 0.6343921003420752 0.8074697947548461 0.7086448403648803 0.8430932588369441 0.717729511972634 0.869688865450399 0.6448639452679589
0 0.6251814401368301 0.49576447662485745 0.5902828939566704 0.47898558152793613 0.5697986989737742 0.5291113215507411 0.6045623854047891 0.5419995952109464 0.6251814401368301 0.49576447662485745
0 0.41118822120866594 0.7611031197263398 0.37937389053591786 0.7499644948688711 0.3506717194982896 0.8190665142531357 0.3854517354618016 0.8289714218928164 0.41118822120866594 0.7611031197263398
0 0.31507919270239454 0.9588761265678449 0.30694000114025083 0.9850193568985177 0.34658076738882554 0.9884874754846066 0.34890957582668186 0.96869951995439 0.31507919270239454 0.9588761265678449
0 0.2627426738882554 0.7337925621436716 0.2483666944127708 0.7277619771949829 0.22896340364880274 0.779175890535918 0.23903713683010264 0.7857256727480045 0.2627426738882554 0.7337925621436716
0 0.21218972976054734 0.7800955929304446 0.237125259977195 0.7267784800456101 0.21953139110604333 0.723448023945268 0.19938109122006842 0.7765877730900799 0.21218972976054734 0.7800955929304446
0 0.12384601596351197 0.6995613489167617 0.08587866020524515 0.7791896602052452 0.1262058141391106 0.7952498928164197 0.15705215165336373 0.7084345313568986 0.12384601596351197 0.6995613489167617
0 0.08213816305587229 0.2495309566704675 0.02588797833523375 0.2314800535917902 0.01990387685290764 0.26497345610034206 0.06902272177879133 0.28359248460661346 0.08213816305587229 0.2495309566704675
0 0.12257625769669327 0 0.11852767730900798 0.017588649942987457 0.14963086659064995 0.029559085518814136 0.15612396579247434 0 0.12257625769669327 0
0 0.07520812086659065 0.05616928848346636 0.08531280501710375 0.022440370581527938 0.04796454275940707 0.01320636716077537 0.0390429771949829 0.04703722576966932 0.07520812086659065 0.05616928848346636
0 0.29544483010262257 0.26461205701254276 0.27720758380843785 0.2618229007981756 0.25671607297605475 0.3256752371721779 0.2700352611174458 0.3292277251995439 0.29544483010262257 0.26461205701254276
0 0.314611558722919 0.30448270581527936 0.29228420866590654 0.30073812428734326 0.2844937388825542 0.3352655267958951 0.30474751311288484 0.34121590307867733 0.314611558722919 0.30448270581527936
0 0.6056172793614595 0.22192668757126569 0.5425265313568985 0.20029565336374003 0.5362602554161916 0.22421396579247435 0.5991568859749146 0.2461275929304447 0.6056172793614595 0.22192668757126569
0 0.6041408711516534 0.19792699657924742 0.5573042098061574 0.18129725541619157 0.5472082633979476 0.20130127023945268 0.5972077765108323 0.2173121277080958 0.6041408711516534 0.19792699657924742
0 0.6285193204104903 0.17141489395667045 0.5714989977194983 0.14852376282782212 0.5612691083238313 0.1768712896237172 0.6180072850627139 0.1961569236031927 0.6285193204104903 0.17141489395667045