0 0.4127294503990878 0.9009435222348917 0.375209393386545 0.8926908301026226 0.3670748677309008 0.9257894013683011 0.40322531356898517 0.9343629201824402 0.4127294503990878 0.9009435222348917
0 0.25332434777651086 0.7416059441277081 0.22157040250855187 0.723751157354618 0.20488975598631698 0.7575943044469784 0.237861929304447 0.773349385404789 0.25332434777651086 0.7416059441277081
0 0.23598333751425316 0.6997459612314708 0.26651007525655646 0.7152468072976055 0.28454545952109467 0.6608925176738883 0.254515598631699 0.6444922371721779 0.23598333751425316 0.6997459612314708
0 0.019638643101482327 0.7450911026225769 0.005118507411630559 0.797602511972634 0.021882923603192703 0.8056236545039909 0.04032279589509692 0.7586853101482326 0.019638643101482327 0.7450911026225769
0 0 0.3731197046750285 0.01805333409350057 0.3822791368301026 0.034748496009122005 0.33744968871151654 0.011147363740022804 0.32657867958950965 0 0.3641556818700114 0 0.3731197046750285
0 0.22246027251995437 0.061005 0.21413470923603192 0.09381311060433295 0.2442071984036488 0.10486651995438998 0.25828383922462944 0.07403959064994299 0.22246027251995437 0.061005
0 0.3040687514253136 0.18191164994298747 0.2729691049030787 0.16761004903078677 0.2617234503990878 0.19096611972633978 0.2950044561003421 0.20641888939566705 0.3040687514253136 0.18191164994298747
0 0.5242327799315849 0.11749694754846066 0.4914987628278221 0.1115360763968073 0.47655059293044466 0.1640565210946408 0.5104105279361459 0.17534230216647662 0.5242327799315849 0.11749694754846066
0 0.6490356339794755 0.1978638905359179 0.6945393226909921 0.153719267958951 0.6609209578107185 0.12520633409350057 0.6235657708095781 0.16623952109464082 0.6490356339794755 0.1978638905359179
0 0.8641810798175599 0 0.8397399965792475 0.02321060205245154 0.8665719749144811 0.050951231470923605 0.9067067115165336 0 0.8641810798175599 0
0 0.7176151961231471 0.4561766659064994 0.6858612508551881 0.43832188027366026 0.6703553067274801 0.461752314709236 0.7038492964652224 0.4831397708095781 0.7176151961231471 0.4561766659064994
0 0.6921083842645382 0.524319701254276 0.6591463945267958 0.5052983192702395 0.6371745655644242 0.5487352713797036 0.6709938688711516 0.5721970535917902 0.6921083842645382 0.524319701254276
0 0.6477208540478906 0.6664300763968073 0.6143947388825542 0.6604795404789053 0.6122322143671607 0.6997107571265678 0.6442315530216648 0.7044967708095781 0.6477208540478906 0.6664300763968073
0 0.5975731949828962 0.7504430695553022 0.5576609007981755 0.7410444538198404 0.5494401402508552 0.7720676499429875 0.5903297377423034 0.7772923238312429 0.5975731949828962 0.7504430695553022
0 0.5221126989737742 0.8117381220068415 0.48993969099201823 0.803985937286203 0.4795475051311288 0.8454392451539338 0.5210379498289623 0.8521395952109464 0.5221126989737742 0.8117381220068415
0 0.36538578905359176 0.3298968722919042 0.3556552976054732 0.35025885518814137 0.38859656100342077 0.36809291790193843 0.3997380330672748 0.35067550741163056 0.36538578905359176 0.3298968722919042
0 0.5010736704675028 0.6600822052451539 0.4837177297605473 0.6514775484606614 0.4688681345496009 0.6843979726339795 0.48129068871151653 0.6904164606613454 0.5010736704675028 0.6600822052451539