0 0.2525770615735462 0.7729821356898519 0.20311337058152792 0.7806058061573545 0.21038016077537058 0.8050976237172177 0.256693574686431 0.7921369543899658 0.2525770615735462 0.7729821356898519
0 0.7237223169897378 0.30117208551881414 0.6781133762827822 0.30436137400228047 0.6795630034207526 0.32509200114025083 0.7251719429874571 0.32190271379703533 0.7237223169897378 0.30117208551881414
0 1 0.6843113979475484 0.9809762873432155 0.6831590193842645 0.981815 0.7150438084378564 1 0.7197486271379704 1 0.6843113979475484
0 1 0.6248884846066134 0.9853047023945267 0.6259160798175599 0.9830634310148232 0.6732925176738882 1 0.6761126020524515 1 0.6248884846066134
0 0.9570845336374003 0.6195566282782212 0.9576923295324972 0.608402685290764 0.8477374047890536 0.6049816077537058 0.8487038586088939 0.6188025450399088 0.9570845336374003 0.6195566282782212
0 0.9572482770809578 0.641766496009122 0.9563785005701255 0.6293281197263397 0.861722086659065 0.6262250205245153 0.862881787913341 0.6428095233751425 0.9572482770809578 0.641766496009122
0 0.9460661710376282 0.6606017765108324 0.9426261870011403 0.651121770809578 0.8660335142531357 0.6481448529076397 0.8658105450399087 0.6648244754846067 0.9460661710376282 0.6606017765108324
0 0.9477091539338655 0.684097527936146 0.9440758129988597 0.6718523979475485 0.8371743785632839 0.6723841984036487 0.838140724059293 0.6862035781071836 0.9477091539338655 0.684097527936146
0 0.8506462748004562 0.7061626670467503 0.946685141391106 0.709167527936146 0.9439496316989738 0.6899161402508552 0.8510622725199544 0.6922434914481186 0.8506462748004562 0.7061626670467503
0 0.9313554606613454 0.7282944036488027 0.935919251995439 0.7140867525655644 0.8885411459521094 0.711844030786773 0.8895076009122007 0.725664969213227 0.9313554606613454 0.7282944036488027
0 0.7082087867730901 0.3772520809578107 0.7066625906499431 0.35514045039908776 0.674489543899658 0.35183448802736605 0.6737554572405929 0.381050614595211 0.7082087867730901 0.3772520809578107
0 0.2688261527936146 0.7741264435575828 0.2726191630558723 0.7943219897377424 0.3417116009122007 0.7865145758266818 0.34013728506271385 0.7640008015963511 0.2688261527936146 0.7741264435575828