0 0.9127383614595211 0.1083983637400228 0.9268002269099203 0.061365952109464085 0.8567191094640821 0.050266193842645385 0.8486627183580387 0.09164344469783353 0.9127383614595211 0.1083983637400228
0 0.5313746875712657 0.10985474686431015 0.5994946054732041 0.12004273090079817 0.6152224960091219 0.07388799885974914 0.5470609885974914 0.058259337514253134 0.5313746875712657 0.10985474686431015
0 0.30364892246294184 0.07498724971493728 0.29116256670467505 0.12345884378563284 0.35903549828962367 0.13901174230330673 0.3747007947548461 0.08564119156214367 0.30364892246294184 0.07498724971493728
0 0.31861729190421895 0.2689401379703535 0.32711709122006843 0.2342521071835804 0.2811095701254276 0.22868167616875712 0.2735540535917902 0.261203251995439 0.31861729190421895 0.2689401379703535
0 0.2400449087799316 0.4120433591790194 0.2510129828962372 0.3807488563283922 0.21453442417331814 0.37574322576966934 0.20720427137970351 0.406841913340935 0.2400449087799316 0.4120433591790194
0 0.5900517286202964 0.20623135119726338 0.5956454583808438 0.18609600456100342 0.5580836704675028 0.17654305929304445 0.5544646567844926 0.1993926111744584 0.5900517286202964 0.20623135119726338
0 1 0.15423668757126568 0.9563076590649944 0.14833073774230332 0.9553479749144812 0.1619909771949829 1 0.1685453078677309 1 0.15423668757126568
0 1 0.1823648757126568 0.9554881208665906 0.1724826966932725 0.9574374697833523 0.19054913226909923 1 0.1984223865450399 1 0.1823648757126568
0 0.8845579498289624 0.5747819327251995 0.8940139350057013 0.5378423238312429 0.8466256738882555 0.5352962576966933 0.8458513705815279 0.5686514127708096 0.8845579498289624 0.5747819327251995
0 0.9326267537058154 0.35477888483466363 0.8724684663625998 0.35125593158494867 0.8632484754846066 0.41705969783352337 0.924024621436716 0.42428267160775374 0.9326267537058154 0.35477888483466363
0 0.9280998255416191 0.4213259589509692 0.986621307867731 0.42759225997719497 0.9918253546180159 0.3719620775370581 0.9295531220068415 0.36470622234891675 0.9280998255416191 0.4213259589509692
0 0.7754128198403649 0.2884387628278221 0.7884186180159635 0.2556651322690992 0.7344304561003421 0.24734521664766249 0.7285905062713798 0.280421685290764 0.7754128198403649 0.2884387628278221
0 0.1842770513112885 0.09992192474344357 0.18866428164196122 0.08740412428734322 0.15412887457240593 0.07773093956670468 0.14983274002280503 0.08966360091220069 0.1842770513112885 0.09992192474344357
0 0.08477119384264538 0.1664403568985177 0.08798554275940706 0.1537367890535918 0.06754921208665907 0.1480257810718358 0.0638451220068415 0.16192368985176742 0.08477119384264538 0.1664403568985177
0 0.07627513911060434 0.18971818244013683 0.08035433295324972 0.17534972177879135 0.06231118015963512 0.16971085062713798 0.05757206841505131 0.1825525929304447 0.07627513911060434 0.18971818244013683
0 0.06750068072976054 0.21475378335233752 0.07263024059293044 0.19754909350057012 0.05665566476624858 0.19403181527936145 0.05219397947548461 0.20512195438996578 0.06750068072976054 0.21475378335233752