0 0.2088234378563284 0.8244078129988598 0.11619687457240592 0.8125437502850626 0.1138234378563284 0.8700828129988598 0.19754218700114023 0.881353125427594 0.2088234378563284 0.8244078129988598
0 0.1539015621436716 0.7488578129988597 0.16607187457240594 0.7022124994298746 0.11916562485746864 0.7004328129988597 0.11679218700114026 0.7413640627137971 0.1539015621436716 0.7488578129988597
0 0.04257187457240593 0.5923031254275941 0.05325937514253136 0.5580718745724059 0.0012468745724059293 0.5438359372862029 0.0012468745724059293 0.5806124994298746 0.04257187457240593 0.5923031254275941
0 0.30352812542759405 0.44108281299885976 0.3091671870011402 0.3795265621436716 0.24266718700114023 0.37715312542759405 0.23613593728620297 0.435878125427594 0.30352812542759405 0.44108281299885976
0 0.22841718700114028 0.31842968757126566 0.18922968757126565 0.3136843751425314 0.18626093728620297 0.350460937286203 0.2201046875712657 0.35402031242873433 0.22841718700114028 0.31842968757126566
0 0.6348421870011403 0.3868234378563284 0.647014062713797 0.32851249942987454 0.5923874994298746 0.32198906271379707 0.5799187502850628 0.37715312542759405 0.6348421870011403 0.3868234378563284
0 0.9162812497149373 0.085275 0.9213281254275941 0.05327968757126568 0.873828125427594 0.037856249714937285 0.8661078129988597 0.07404062485746864 0.9162812497149373 0.085275
0 0.555575 0.23560468757126568 0.5609187502850628 0.22233437514253135 0.48195 0.20750624971493728 0.4783875005701254 0.2253 0.555575 0.23560468757126568
0 0.5529046875712657 0.20180312542759404 0.5514187502850627 0.18377812542759409 0.5193562497149373 0.17843906271379706 0.5140125005701255 0.19267656214367163 0.5529046875712657 0.20180312542759404
0 0.11471250057012543 0.046137500570125424 0.12035468757126569 0.0016734378563283924 0.04910312542759407 0.0012453124287343214 0.043165624857468644 0.03548437514253135 0.11471250057012543 0.046137500570125424
0 0.13876093728620298 0.17155937514253136 0.14588593728620297 0.13335937514253135 0.11085468757126568 0.12624062485746865 0.10254062485746865 0.16479687457240594 0.13876093728620298 0.17155937514253136
0 0.8405765621436716 0.2525062497149373 0.8477015621436715 0.21402968757126567 0.7990156248574687 0.21284375028506272 0.7918890627137971 0.24843437514253136 0.8405765621436716 0.2525062497149373
0 0.8809531254275941 0.44536875028506273 0.822764062713797 0.43528593728620296 0.815639062713797 0.457825 0.8732328129988598 0.46731562485746864 0.8809531254275941 0.44536875028506273