0 0.6384092109464081 0.2481204116305587 0.6673118950969213 0.28257953363740024 0.7345221106043329 0.22869272862029646 0.7025846054732041 0.19974337856328395 0.6384092109464081 0.2481204116305587
0 0.42242997263397947 0.05351104332953249 0.4232686875712657 0.07019303420752565 0.5082485074116305 0.07535183808437856 0.5054899019384265 0.05984243215507412 0.42242997263397947 0.05351104332953249
0 0.17711583922462942 0.48213400114025085 0.1779844298745724 0.49520910034207527 0.25243267274800457 0.4870214002280502 0.24498350627137971 0.4703533694412771 0.17711583922462942 0.48213400114025085
0 0.17949872063854047 0.5009744435575827 0.18286920524515393 0.5184593261117446 0.22577196123147095 0.5122637662485746 0.22702752793614595 0.49931575256556443 0.17949872063854047 0.5009744435575827
0 0.19404877537058154 0.6307950581527936 0.1955670558722919 0.647972149372862 0.24797911060433295 0.6486786716077537 0.25067834549600915 0.631561299885975 0.19404877537058154 0.6307950581527936
0 0.19717423147092358 0.6543239327251995 0.19791876510832385 0.6704212725199544 0.25218456328392247 0.6714353420752566 0.24989783808437857 0.6550997582668187 0.19717423147092358 0.6543239327251995
0 0.5492402485746865 0.6454060684150513 0.5759789498289624 0.6699978540478906 0.6181002953249715 0.6284945245153934 0.5911627423033067 0.606452740022805 0.5492402485746865 0.6454060684150513
0 0.436490755986317 0.8596504287343215 0.46986980729760547 0.8958035860889395 0.4989392862029646 0.8743830216647662 0.4616334355758267 0.8305068779931585 0.436490755986317 0.8596504287343215
0 0.30986400684150517 0.8268554561003421 0.2708287936145952 0.8612652371721778 0.3010861345496009 0.8852997263397948 0.3394756442417332 0.858199700114025 0.30986400684150517 0.8268554561003421
0 0.3982977708095781 1 0.38344057810718357 0.9839626054732041 0.36632183808437857 1 0.3982977708095781 1
0 0.27562973318129985 1 0.2500920763968073 0.9732519794754846 0.2213602645381984 0.989213449258837 0.2336017502850627 1 0.27562973318129985 1