0 0.5345882941847206 0.8994335222348916 0.529126417331813 0.8778790969213226 0.4548783158494869 0.8808019931584948 0.45925413340935006 0.9069560763968073 0.5345882941847206 0.8994335222348916
0 0.49765730672748004 0.6680608882554162 0.4922804789053592 0.6066034583808437 0.4459374891676169 0.6082770102622577 0.4519403979475484 0.6700780558722919 0.49765730672748004 0.6680608882554162
0 0.5927032337514253 0.6508130205245154 0.5961944150513112 0.6362172645381984 0.5172159464082098 0.6395540148232611 0.5150462417331814 0.6556292884834664 0.5927032337514253 0.6508130205245154
0 0.5917665610034208 0.626481755986317 0.591168921322691 0.6128381755986316 0.5165894914481186 0.6187685803876852 0.5193962542759407 0.6338187251995439 0.5917665610034208 0.626481755986317
0 0.6548843249714937 0.578088717217788 0.642887102622577 0.5499601197263397 0.6115138802736603 0.5592564139110604 0.6206029657924744 0.5847832588369442 0.6548843249714937 0.578088717217788
0 0.6843978996579247 0.43855422006841505 0.6813477206385405 0.40369051767388825 0.5956833876852907 0.4123756442417332 0.6012541915621437 0.44539388483466363 0.6843978996579247 0.43855422006841505
0 0.7651158791334093 0.41422504218928163 0.752899770809578 0.3563444925883694 0.6767138380843786 0.35753751083238317 0.683593535917902 0.42254779019384264 0.7651158791334093 0.41422504218928163
0 0.8931241847206385 0.31728229874572406 0.8902229657924744 0.2704961835803877 0.809314913340935 0.2722152645381984 0.8159235712656785 0.3239266841505131 0.8931241847206385 0.31728229874572406
0 0.9774852246294184 0.3890936385404789 0.9741249623717217 0.3506856624857469 0.9144877719498289 0.35709370809578106 0.9242024925883694 0.3966020433295325 0.9774852246294184 0.3890936385404789
0 0.8611714629418472 0.5856430433295325 0.8590990980615735 0.548312858608894 0.8020556043329533 0.5537285724059293 0.8006326978335233 0.5885585632839224 0.8611714629418472 0.5856430433295325
0 0.7575998255416191 0.22612840592930447 0.7532738038768529 0.1562442006841505 0.6877445085518814 0.1566178141391106 0.7003071778791334 0.22867836830102622 0.7575998255416191 0.22612840592930447
0 0.8257685404789054 0.14692321208665904 0.822703267958951 0.13230662257696693 0.748070535917902 0.13764567274800457 0.7494236670467502 0.15651830672748004 0.8257685404789054 0.14692321208665904
0 0.82020344013683 0.12418891904218927 0.8190143090079817 0.11059708779931585 0.7449228734321551 0.11529276282782211 0.7460556248574687 0.12824018129988599 0.82020344013683 0.12418891904218927
0 0.8087750444697833 0.10256204789053593 0.8093619418472064 0.08881483352337514 0.743394709236032 0.09101324857468643 0.7458143477765108 0.10504481870011403 0.8087750444697833 0.10256204789053593
0 0.5559378950969213 0.15564556784492586 0.5955175724059293 0.15158677651083236 0.5893836602052451 0.10533757810718358 0.5482028095781072 0.10809032725199544 0.5559378950969213 0.15564556784492586
0 0.11158242189281642 0.1587950592930445 0.1558180558722919 0.16028440022805018 0.14945952565564424 0.12507491220068415 0.11159305701254275 0.12485403990877994 0.11158242189281642 0.1587950592930445
0 0.6659863489167617 0 0.6696698631698974 0.052211451539338656 0.7091218255416192 0.05352329076396807 0.7003801128848346 0.001292678449258837 0.6752182736602053 0 0.6659863489167617 0
0 0.7079116191562144 0.5710669270239452 0.6973103876852907 0.5588945655644242 0.6693368779931584 0.5797996681870011 0.6766179099201824 0.5914908221208666 0.7079116191562144 0.5710669270239452