0 0.6671807571265679 0.16248119498289623 0.5736257628278221 0.18783165336374003 0.6015761516533636 0.26507559407069553 0.6925991425313569 0.2420843740022805 0.6671807571265679 0.16248119498289623
0 0.6124696054732042 0.29919058722919045 0.630046441277081 0.35617355872291906 0.7013215484606613 0.33737988141391106 0.6844479042189282 0.2822697582668187 0.6124696054732042 0.29919058722919045
0 0.38534710832383123 0.45008120638540483 0.47777733979475484 0.42800649486887116 0.47513172748004556 0.3941415176738882 0.3787644481185861 0.41626395553021667 0.38534710832383123 0.45008120638540483
0 0.41774856442417335 0.25982449828962373 0.32688733751425314 0.2864250205245154 0.3369515929304447 0.3195022348916762 0.4292231174458381 0.2938175735461802 0.41774856442417335 0.25982449828962373
0 0.1559479441277081 0.18189195781071837 0.18015458038768528 0.2672174321550741 0.23844220182440137 0.2530053740022805 0.2078105758266819 0.16601050057012542 0.1559479441277081 0.18189195781071837
0 0.18011370125427592 0.2927271299885975 0.1938842109464082 0.3432333876852907 0.2577326898517674 0.3266253033067275 0.23943975028506273 0.27768892930444694 0.18011370125427592 0.2927271299885975
0 0.40451600456100345 0.08048322919042189 0.379789244013683 0.08695149600912201 0.3819713956670468 0.12291973090079818 0.4115544652223489 0.11359658152793614 0.40451600456100345 0.08048322919042189
0 0.6413214640820981 0 0.6320617058152794 0.0029706054732041047 0.6430421448118586 0.03463905017103763 0.7038131014823261 0.023542828962371722 0.6962784036488028 0 0.6413214640820981 0
0 0.7646442234891676 0.027008561003420754 0.7126578198403648 0.04230771607753706 0.7323825815279361 0.1036918472063854 0.7848627765108324 0.09071579361459521 0.7646442234891676 0.027008561003420754
0 0.59949365336374 0.06393344355758267 0.611004669327252 0.10095384150513113 0.6511648141391106 0.08998788141391105 0.6366264732041049 0.053003948688711514 0.59949365336374 0.06393344355758267
0 0.7174999977194982 0.5677056123147092 0.7313207046750285 0.6127364709236032 0.8033003591790194 0.5944016499429875 0.7898199908779931 0.5466882873432155 0.7174999977194982 0.5677056123147092
0 0.44512752793614596 0.5399887274800456 0.5051574766248574 0.5254063272519954 0.48820311060433297 0.4642048768529077 0.4251911311288484 0.4804722223489168 0.44512752793614596 0.5399887274800456
0 0.10607007981755986 0.4869774367160775 0.11625931128848348 0.5206351014823262 0.1775745803876853 0.506388110604333 0.16465359064994298 0.4684533819840365 0.10607007981755986 0.4869774367160775
0 0.1933897354618016 0.600783022805017 0.121001748004561 0.6143485188141391 0.12874443101482327 0.6479192006841505 0.2013060638540479 0.629459078677309 0.1933897354618016 0.600783022805017
0 0.5010373318129988 0.897271921322691 0.5127235222348917 0.9293973683010263 0.5556778289623717 0.9087306738882555 0.5421301117445838 0.8806909167616876 0.5010373318129988 0.897271921322691
0 0.5465549828962372 1 0.584298716077537 0.9919773215507411 0.5739573591790195 0.966171298745724 0.5300151459521095 0.9821902645381984 0.5376736841505131 1 0.5465549828962372 1
0 0.3714531151653364 0.6588699646522236 0.37607064310148236 0.6748896830102622 0.4384757411630559 0.6543392964652223 0.4372698323831243 0.6443897856328393 0.3714531151653364 0.6588699646522236
0 0.37804645381984037 0.6841851425313569 0.3791440729760547 0.697916370581528 0.4410048574686431 0.6805167537058152 0.44052833637400224 0.668279669327252 0.37804645381984037 0.6841851425313569
0 0.6276575188141391 0.6305200604332953 0.7042347058152794 0.6166727331812999 0.6931548597491448 0.5845366123147092 0.6178389566704675 0.5986062485746864 0.6276575188141391 0.6305200604332953
0 0.4395272542759407 0.6450073751425314 0.4566203272519955 0.6911621174458381 0.49382825085518817 0.6862900000000001 0.47528654618015964 0.6390390535917901 0.4395272542759407 0.6450073751425314
0 0.5209458118586089 0.6368097423033067 0.5258984230330673 0.6515426100342075 0.5899576579247435 0.6330702805017103 0.5883157274800457 0.6224898244013684 0.5209458118586089 0.6368097423033067
0 0.5909701117445838 0.46648671721778795 0.6035653375142532 0.5257425940706956 0.641612488027366 0.5134031242873432 0.629550244013683 0.45237105701254277 0.5909701117445838 0.46648671721778795
0 0.9572753591790194 0.2592952565564424 0.9363674538198403 0.26373936830102623 0.9419108084378564 0.29838614253135687 0.9654753694412771 0.2921617137970353 0.9572753591790194 0.2592952565564424
0 0.003952807297605473 0.5651514766248575 0.016548031927023945 0.6244073534777651 0.04502059977194983 0.6195693511972633 0.027605527936145954 0.5661956807297606 0.003952807297605473 0.5651514766248575