0 0.06876072063854048 0.6571736978335233 0.10697849600912201 0.6580037708095781 0.10563599885974914 0.6051901174458381 0.07205178791334094 0.6062101185860889 0.06876072063854048 0.6571736978335233
0 0.29626132383124293 0.9753063044469783 0.2997358472063854 0.9332700809578107 0.2626493044469783 0.9317450216647662 0.257672496009122 0.973641331812999 0.29626132383124293 0.9753063044469783
0 0.3556972770809578 0.7417671197263398 0.38907807525655647 0.7418283375142531 0.38957302622576967 0.7066105610034207 0.3527467833523375 0.7080428164196123 0.3556972770809578 0.7417671197263398
0 0.45602336145952105 0.8802469578107184 0.4573983135689852 0.8550876351197263 0.3896784549600912 0.85087848004561 0.3904055085518814 0.876202102622577 0.45602336145952105 0.8802469578107184
0 0.9752056932725199 0.7036643489167618 0.9646839258836943 0.6515251641961232 0.9245486316989738 0.6560278187001141 0.9315892155074116 0.7092699190421893 0.9752056932725199 0.7036643489167618
0 0.7885134663625998 0.6067230068415052 0.7923660798175598 0.643946062713797 0.8599231049030787 0.6429056830102623 0.8530378278221209 0.6016754446978335 0.7885134663625998 0.6067230068415052
0 0.5691598540478905 0.7904619920182441 0.5774475461801596 0.7557529064994298 0.536390267958951 0.7463109794754846 0.532738669327252 0.7829169714937286 0.5691598540478905 0.7904619920182441
0 0.5648685131128848 0.5642862782212087 0.6029606727480046 0.5704930718358039 0.606089534777651 0.5517380661345496 0.5649501995438997 0.5515949270239453 0.5648685131128848 0.5642862782212087
0 0.5551831984036488 0.5830204481185861 0.5579420342075256 0.5464110022805018 0.4998272451539339 0.5429880136830103 0.49579737514253136 0.5786766088939567 0.5551831984036488 0.5830204481185861
0 0.48935844127708095 0.6549546214367161 0.49286259407069555 0.6200695917901938 0.45356547206385406 0.6205275541619156 0.44807642645381984 0.6565869224629418 0.48935844127708095 0.6549546214367161
0 0.2678878129988598 1 0.291182181299886 0.9990016499429875 0.29023383580387685 0.9779432314709235 0.20859509920182442 0.9883418358038769 0.21060097833523375 1 0.2678878129988598 1
0 0.23107497377423034 0.6662240182440137 0.2377291049030787 0.6537183591790194 0.19840221550741163 0.6470235735461801 0.19647882326111743 0.6625079429874572 0.23107497377423034 0.6662240182440137
0 0.23705623603192702 0.646027425313569 0.23707070581527936 0.6257552725199544 0.20309699771949827 0.625747496009122 0.19978403876852907 0.638974070695553 0.23705623603192702 0.646027425313569
0 0.24458396237172178 0.7252572086659065 0.24845800342075258 0.7082250638540479 0.2076672702394527 0.7052360228050171 0.20410840820980616 0.7190581710376283 0.24458396237172178 0.7252572086659065
0 0.21017941163055873 0.6930927423033068 0.24317868985176738 0.6955698415051312 0.24463502166476625 0.6781532018244014 0.21040256898517676 0.6751879714937287 0.21017941163055873 0.6930927423033068