0 0.24864830786773093 0.42290755188141393 0.21803376624857468 0.3808838323831243 0.059265963511972636 0.48692470125427595 0.08795571265678448 0.5245660763968073 0.24864830786773093 0.42290755188141393
0 0.13280530216647662 0.7969441060433295 0.10791764424173317 0.7610552383124287 0.03118246180159635 0.8147630615735462 0.06278372063854049 0.8455440547320411 0.13280530216647662 0.7969441060433295
0 0.21975 0.9442103295324972 0.1981535644241733 0.9161520330672748 0.16884282554161914 0.9388710672748004 0.19100102166476624 0.9678557833523376 0.21975 0.9442103295324972
0 0.4753293740022805 0.9750956100342075 0.5295486374002281 0.9366284640820981 0.5025309521094641 0.9021895815279362 0.44898577651083244 0.9468731014823261 0.4753293740022805 0.9750956100342075
0 0.5266873922462942 0.7293851744583808 0.49388406499429877 0.6819427035347777 0.44819995781071836 0.7141789258836945 0.4816235233751425 0.7608284971493728 0.5266873922462942 0.7293851744583808
0 0.6300473021664765 0.76385713340935 0.604973259977195 0.7333056374002281 0.5734132428734322 0.7523830171037629 0.6011016590649944 0.7845830068415052 0.6300473021664765 0.76385713340935
0 0.8174210729760547 0.9104763249714938 0.7934494675028506 0.8823366488027367 0.76055778677309 0.9055216180159635 0.7874418232611176 0.9352811117445838 0.8174210729760547 0.9104763249714938
0 0.3681882611174458 0.9808505712656784 0.4115810114025086 0.9972171128848346 0.43511691904218924 0.986749314709236 0.40269561345496013 0.9538868711516534 0.3681882611174458 0.9808505712656784
0 0.032667480045610035 0.32989608323831243 0.061377690992018244 0.3754132816419612 0.09785203990877993 0.3517577468643101 0.0707943968072976 0.30144998973774234 0.032667480045610035 0.32989608323831243
0 0.25643908779931585 0.182795677309008 0.20161299885974915 0.1025349441277081 0.08711356670467503 0.16584159863169898 0.1510295598631699 0.2580565347776511 0.25643908779931585 0.182795677309008
0 0.23865131356898517 0.14775041847206383 0.27025277309007983 0.1274862622576967 0.24640695096921322 0.09578943329532498 0.21298393842645383 0.11717664082098062 0.23865131356898517 0.14775041847206383
0 0.03248774458380844 0 0.051843220068415054 0.01895870353477765 0.07808290079817559 0 0.03248774458380844 0
0 0.05125598517673888 0.25694568529076395 0.010121705815279361 0.2014247354618016 0.007448677309007982 0.2779702645381984 0.012409700114025085 0.2805168278221209 0.05125598517673888 0.25694568529076395
0 0.43511873888255415 0.42526358722919044 0.41356363740022806 0.39602163625997716 0.3708449657924744 0.42835985062713794 0.38527935233751426 0.45735470353477764 0.43511873888255415 0.42526358722919044
0 0.5074014754846066 0.4990123933865451 0.487033205245154 0.4698103238312429 0.44145259635119727 0.4990827286202965 0.4583852622576967 0.5330506134549601 0.5074014754846066 0.4990123933865451
0 0.347420220068415 0.3165523534777651 0.39807915279361455 0.27796087913340933 0.377241661345496 0.2451824424173318 0.32056606727480047 0.28593713226909917 0.347420220068415 0.3165523534777651
0 0.32971679019384265 0 0.2870749897377423 0.020050090079817562 0.31087942303306726 0.05293213340935006 0.36592731356898517 0.016255935005701255 0.34548464424173314 0 0.32971679019384265 0
0 0.4285058061573546 0 0.4737315507411631 0.06811546408209807 0.5237426681870011 0.039568436716077536 0.5015657742303307 0.002612587229190422 0.4555146476624858 0 0.4285058061573546 0
0 0.7189472234891676 0.12356808551881415 0.6813776305587229 0.07655328506271379 0.6393572964652224 0.10595158152793616 0.673815409350057 0.15695709806157354 0.7189472234891676 0.12356808551881415
0 0.4756972098061573 0.3180628882554162 0.5116179418472064 0.29320292246294183 0.4782669578107183 0.24447493158494868 0.4399905575826682 0.26873982326111745 0.4756972098061573 0.3180628882554162
0 0.7918026818700113 0.19792944127708098 0.8349545644241733 0.15314094754846067 0.8043951391106043 0.12655199201824402 0.7612225347776511 0.17193387343215508 0.7918026818700113 0.19792944127708098
0 0.8224098859749145 0.35925526795895096 0.8530952930444698 0.33124192018244014 0.8164640353477765 0.291382976054732 0.7795825142531356 0.3181918483466363 0.8224098859749145 0.35925526795895096
0 0.7414050262257698 0.5012491128848346 0.768914677309008 0.5301064526795896 0.8106107309007982 0.4929811949828963 0.7860934321550741 0.4634997810718358 0.7414050262257698 0.5012491128848346
0 0.7111559532497149 0.5168122907639681 0.6376776488027366 0.5623209703534777 0.680589298745724 0.6095223192702394 0.745185992018244 0.563107810718358 0.7111559532497149 0.5168122907639681
0 0.6419158517673889 0.5090520558722919 0.6109683831242873 0.5275567149372862 0.6342208175598631 0.5592328209806158 0.6635521687571265 0.5359235222348917 0.6419158517673889 0.5090520558722919
0 0.5902343899657926 0.4918144606613455 0.6179320786773089 0.4642924561003421 0.5762157046750286 0.3999207993158495 0.5410523546180159 0.4200605712656785 0.5902343899657926 0.4918144606613455
0 0.5723295336374002 0.39206945267958954 0.604358771949829 0.3765684401368301 0.581575558722919 0.3484687001140251 0.5555423135689852 0.36239832611174455 0.5723295336374002 0.39206945267958954
0 0.7674258722919043 0.062346109464082096 0.7364179452679589 0.03158739794754846 0.6927953340935006 0.07279790763968073 0.7168482086659065 0.0985655370581528 0.7674258722919043 0.062346109464082096
0 0.7042231527936146 0.051829271379703536 0.7626789110604333 0.011136746864310149 0.6986286374002281 0.007877564424173318 0.6754630524515393 0.02470903762827822 0.7042231527936146 0.051829271379703536
0 0.8877102006841505 0.8541700798175599 0.9303031448118586 0.8253874549600911 0.9225530855188142 0.8090914298745724 0.8751302018244014 0.8400802725199544 0.8877102006841505 0.8541700798175599
0 0.2912826978335234 0.3929381527936146 0.2627723990877993 0.4097487103762828 0.28295439338654504 0.44428502736602055 0.31357607411630556 0.4180517913340935 0.2912826978335234 0.3929381527936146
0 0.3380034082098062 0.33106223831242876 0.3832249954389966 0.3801234606613455 0.4299428859749145 0.3522650456100342 0.388986622576967 0.3001977251995439 0.3380034082098062 0.33106223831242876
0 0.37286071493728623 0.09842608779931585 0.3537428939566705 0.067486913340935 0.3241063671607754 0.08247736944127708 0.3490991402508552 0.11540091106043329 0.37286071493728623 0.09842608779931585