0 0.04343465564424173 0.2558805302166477 0.12390770923603193 0.21605905929304445 0.11412497833523375 0.18592043215507412 0.02350339566704675 0.22573575712656785 0.04343465564424173 0.2558805302166477
0 0.0013023660205245154 0.5367165803876853 0.008759394526795895 0.6081823557582668 0.05637815165336374 0.5807715518814139 0.03283244469783352 0.5226337126567845 0.0013023660205245154 0.5367165803876853
0 0.2313978654503991 0.5326783192702395 0.17029077423033068 0.5624612371721779 0.18688403192702396 0.5955785598631699 0.25297018472063854 0.5623799418472064 0.2313978654503991 0.5326783192702395
0 0.3578474732041049 0.13360453933865452 0.38815262485746865 0.11247662257696693 0.378164590649943 0.07997345267958951 0.34002203876852904 0.09791293500570125 0.3578474732041049 0.13360453933865452
0 0.22994653591790196 1 0.270623669327252 0.9810313090079817 0.2560843261117446 0.9441581824401369 0.20702912770809578 0.9660324880273661 0.22570604561003418 1 0.22994653591790196 1
0 0.3947892884834664 0.9642080444697834 0.42792458380843784 0.948196685290764 0.4045857343215507 0.8924232531356899 0.37498086773090084 0.905743236031927 0.3947892884834664 0.9642080444697834
0 0.3771314652223489 0.701119330672748 0.40687617673888254 0.6871926636259977 0.39629665336374004 0.6547412417331814 0.36770358722919044 0.6694611801596351 0.3771314652223489 0.701119330672748
0 0.7224373204104904 0.42832807753705815 0.7821352953249714 0.4028405678449259 0.7496261767388825 0.3103218620296465 0.6879447856328392 0.3392594287343216 0.7224373204104904 0.42832807753705815
0 0.7003642930444698 0.16920175142531357 0.7162879224629419 0.16065639794754846 0.6776215974914481 0.07940313454960092 0.6606616841505132 0.08863516989737744 0.7003642930444698 0.16920175142531357
0 0.8820016624857469 0.019802502850627138 0.8472190672748005 0.03059225085518814 0.8724119384264538 0.09395014367160776 0.9077052314709236 0.07506790307867732 0.8820016624857469 0.019802502850627138
0 0.564906433295325 0.12502551539338655 0.624778795895097 0.09475460433295325 0.6219710421892817 0.0830814606613455 0.5534843797035348 0.10874186088939568 0.564906433295325 0.12502551539338655
0 0.8747696921322691 0.42036331470923605 0.8751274070695553 0.45847874116305587 0.9696533683010262 0.4567649897377423 0.9662566316989738 0.4177249760547321 0.8747696921322691 0.42036331470923605
0 0.5544936259977195 0.3667293694412771 0.5965458745724059 0.47987137742303304 0.6206406476624857 0.4694191049030787 0.5763375290763968 0.35975369099201826 0.5544936259977195 0.3667293694412771
0 0.054481629418472066 0.9266295005701255 0.03618127708095781 0.9353843591790194 0.039700190421892816 0.9756057206385405 0.06812054618015964 0.9600052964652224 0.054481629418472066 0.9266295005701255
0 0.5014683648802737 0.7134859646522235 0.5339619783352337 0.6969347274800457 0.5223029703534777 0.6657697856328392 0.4927382326111745 0.6799787149372861 0.5014683648802737 0.7134859646522235