0 0.40325384036488027 0.38687504104903075 0.43465464880273663 0.3818724538198404 0.4228350045610034 0.3283903511972634 0.39018362941847207 0.3320899236031927 0.40325384036488027 0.38687504104903075
0 0.49051573660205244 0.709804574686431 0.5415514652223489 0.6981771345496008 0.5271247571265678 0.6468494469783352 0.4761828574686431 0.6626572223489168 0.49051573660205244 0.709804574686431
0 0.575641945267959 0.9550649144811859 0.6108695803876852 0.9539732383124288 0.599443842645382 0.8918833363740023 0.5625215416191562 0.9008714230330673 0.575641945267959 0.9550649144811859
0 0.8643927525655645 0.8194008996579247 0.9498766351197263 0.8155554287343216 0.9548432690992018 0.7692025370581529 0.8609012462941847 0.7708179737742304 0.8643927525655645 0.8194008996579247
0 0.25765512086659065 0.12499813112884835 0.27296642645381985 0.12693528392246295 0.28229691790193845 0.05682388255416192 0.26761765678449256 0.05196507411630558 0.25765512086659065 0.12499813112884835
0 0.15468209236031927 0 0.1675024401368301 0.03247623375142531 0.21411984948688711 0.01688613340935006 0.21182511744583807 0 0.15468209236031927 0
0 0.2301174834663626 0.0313981425313569 0.2422986408209806 0.028291728620296466 0.2380459201824401 0.008847086659064994 0.22596825997719497 0.010770518814139112 0.2301174834663626 0.0313981425313569
0 0.25414691448118587 0.022177671607753708 0.26573671835803875 0.01901795210946408 0.26464462029646524 0.00342593842645382 0.2509189521094641 0.004609169897377423 0.25414691448118587 0.022177671607753708
0 0.3393586362599772 0.2120142474344356 0.35606005359179016 0.21168737856328393 0.3485745712656785 0.1407023557582668 0.32958288711516537 0.14678746522234892 0.3393586362599772 0.2120142474344356
0 0.3013248038768529 0.22477920410490307 0.31668799315849483 0.22612330900798178 0.3060022748004561 0.16349899657924744 0.29660905701254275 0.16297520524515394 0.3013248038768529 0.22477920410490307
0 0.03706064310148233 0.35960386431014824 0.08642681870011402 0.34663989053591787 0.07884630900798176 0.3206459156214367 0.028703208665906497 0.33264789053591787 0.03706064310148233 0.35960386431014824
0 0.029051990877993157 0.3082416647662486 0.07867549030786773 0.2923185461801596 0.07182852679589509 0.2681768015963512 0.021458877993158494 0.2861207046750285 0.029051990877993157 0.3082416647662486
0 0.3270221345496009 0.4278870752565564 0.31034554846066137 0.38709087229190425 0.2777118415051311 0.39257847662485745 0.2936120604332953 0.44224859407069556 0.3270221345496009 0.4278870752565564
0 0.4411572976054732 0.5457518700114025 0.49273121208665904 0.534767534777651 0.48090763397947545 0.49976007753705814 0.4313860752565564 0.5145000798175599 0.4411572976054732 0.5457518700114025
0 0.6777451790193842 0.5843311687571265 0.7122982508551882 0.5909318483466364 0.7191716305587229 0.5644128015963512 0.6786321459521094 0.5605680478905359 0.6777451790193842 0.5843311687571265
0 0.8227702337514252 0.6077475416191562 0.8252317822120866 0.5727994036488028 0.811952134549601 0.5680599087799316 0.8063793090079818 0.6045254675028505 0.8227702337514252 0.6077475416191562
0 0.7828330706955531 0.5810087890535918 0.7961646031927024 0.5851552371721779 0.7999338996579247 0.5598562337514253 0.7844372816419612 0.5626725803876853 0.7828330706955531 0.5810087890535918
0 0.12066024857468644 0.4998314709236032 0.17243960205245154 0.4864810364880274 0.16271739794754847 0.45404149942987454 0.10916785974914481 0.46783307981755984 0.12066024857468644 0.4998314709236032