0 1 0.7114287434435576 0.9774128175598632 0.6752225336374003 0.9335361482326111 0.7006499110604333 0.9603297400228051 0.7434221619156214 1 0.7227261505131128 1 0.7114287434435576
0 0.8908625632839224 0.7429785233751426 0.9186633591790194 0.7305918802736602 0.8932968312428735 0.6750820216647662 0.8567888950969214 0.6945198551881414 0.8908625632839224 0.7429785233751426
0 0.7534017058152793 0.7102052508551882 0.7797224184720638 0.7003931755986317 0.7680933637400228 0.6659285062713798 0.7374876031927023 0.6780613466362599 0.7534017058152793 0.7102052508551882
0 0.5679969863169897 0.6719527753705815 0.6035298061573546 0.6592149669327252 0.5794067525655644 0.6089347343215508 0.5449063101482327 0.6203493637400228 0.5679969863169897 0.6719527753705815
0 0.8561514846066134 0.08501846750285062 0.850466575826682 0.024102538198403647 0.7970618882554162 0.02288151881413911 0.8010628905359178 0.08669929532497149 0.8561514846066134 0.08501846750285062
0 0.6629674161915621 0.23197110832383125 0.7020907548460662 0.22896199315849486 0.6915074310148233 0.17373071607753707 0.658741511972634 0.1780529692132269 0.6629674161915621 0.23197110832383125
0 0.35636268757126566 0.2690192269099202 0.4093225792474345 0.27148970353477764 0.41750123603192707 0.1930158574686431 0.36432994754846065 0.19745231356898518 0.35636268757126566 0.2690192269099202
0 0.47922688027366017 0.4070764675028506 0.49432488939566704 0.4082137103762828 0.488666771949829 0.3341307457240593 0.4737073911060433 0.33776372862029647 0.47922688027366017 0.4070764675028506
0 0.22882633751425313 0.27809842303306725 0.23810421778791332 0.24645058608893958 0.20203255644241733 0.2353246214367161 0.19679888369441279 0.2706649304446978 0.22882633751425313 0.27809842303306725
0 0.31729665336374 0.34560100798175597 0.3240829612314709 0.3082770068415051 0.31171449372862026 0.305009992018244 0.30551770125427596 0.34226318358038765 0.31729665336374 0.34560100798175597
0 0.3866376944127708 0.3693902827822121 0.3992957913340935 0.37501614481185863 0.4036955359179019 0.3436665883694413 0.3924519885974914 0.3387659281641961 0.3866376944127708 0.3693902827822121
0 0.855493425313569 0.38181405929304446 0.9478972405929305 0.3692703055872292 0.9384175473204106 0.2699351607753706 0.8412898015963511 0.2758788574686431 0.855493425313569 0.38181405929304446
0 0.36099706271379706 0.8038503637400228 0.3935848118586089 0.7914741664766248 0.3749949236031927 0.7384223876852908 0.34122544241733177 0.7500463717217788 0.36099706271379706 0.8038503637400228
0 0.4222546818700114 0.7520614116305587 0.39799599201824404 0.6958173158494869 0.36895463283922464 0.7029724013683011 0.3894498529076397 0.7626696362599772 0.4222546818700114 0.7520614116305587
0 0.38791820296465224 0.9548843489167617 0.42013370923603194 0.9443484846066135 0.39631593272519955 0.8901439828962372 0.36585120182440134 0.9067460741163056 0.38791820296465224 0.9548843489167617
0 0.21554880843785632 0.8181199110604334 0.2425192086659065 0.8136119429874573 0.22294925997719497 0.7570912485746865 0.1941434914481186 0.7704986009122007 0.21554880843785632 0.8181199110604334
0 0.19613526909920181 1 0.18690115279361458 0.9750779977194983 0.17054333295324972 0.9827710444697834 0.1782613511972634 1 0.19613526909920181 1
0 0.24935603876852908 1 0.24178570581527936 0.9835949247434436 0.22429918472063853 0.9917240889395668 0.22840766932725198 1 0.24935603876852908 1
0 0.045442835803876855 0.890452267958951 0.05542850513112885 0.9717790182440136 0.07216093158494868 0.9661368540478905 0.04656665450399088 0.891809802736602 0.045442835803876855 0.890452267958951
0 0.5922324709236032 0.9911739509692132 0.6452421984036487 0.9843062485746864 0.6258525131128848 0.9579729726339795 0.5759936522234892 0.9856303933865451 0.5922324709236032 0.9911739509692132
0 0.9004905735461801 0.5874584412770809 0.9164054310148232 0.5855043432155074 0.9066502964652223 0.5520060022805017 0.8901698301026226 0.5570205940706956 0.9004905735461801 0.5874584412770809
0 0.8916267183580388 0.5981181288483466 0.8788157616875713 0.562002377423033 0.8647396864310148 0.5643289122006842 0.8771060376282782 0.6016956716077537 0.8916267183580388 0.5981181288483466