0 0.7994180410490307 0.7285108004561003 0.7923844777651083 0.6318375792474344 0.7112265393386545 0.6445356020524516 0.7164273409350057 0.7382731744583808 0.7994180410490307 0.7285108004561003
0 0.6756597662485747 0.648719464082098 0.616369913340935 0.6551005005701255 0.6212183660205245 0.7286520855188141 0.6785356043329532 0.7226039646522234 0.6756597662485747 0.648719464082098
0 0.5708784481185861 0.3969785598631699 0.5749110649942988 0.49192264082098064 0.60865865336374 0.49578737856328386 0.6053304116305588 0.39696947662485743 0.5708784481185861 0.3969785598631699
0 0.7514571151653363 0.4650874002280502 0.7426824583808439 0.3708199327251996 0.708292614595211 0.37438784834663624 0.7158991402508551 0.4698649498289623 0.7514571151653363 0.4650874002280502
0 0.8779117286202964 0.2229670250855188 0.7895350798175599 0.23044804903078678 0.792364220068415 0.2903765518814139 0.8836055427594071 0.2769071197263398 0.8779117286202964 0.2229670250855188
0 0.7645018677309008 0.22554044241733182 0.7122960148232611 0.22942089965792475 0.7164160969213227 0.2952652736602053 0.7679438289623717 0.2866459281641961 0.7645018677309008 0.22554044241733182
0 0.9300282713797036 0.48631788825541616 0.9283969338654504 0.4608112246294185 0.8926731619156214 0.45609022120866594 0.8961803033067274 0.48690870695553023 0.9300282713797036 0.48631788825541616
0 0.9626990034207525 0.7244730399087799 0.9295172303306727 0.7292091128848347 0.9288139384264539 0.7909807947548461 0.9700335496009123 0.7861044207525656 0.9626990034207525 0.7244730399087799
0 0.9138047548460662 0.8500329851767389 0.9087061619156214 0.7960825017103763 0.8446861687571265 0.8037322189281642 0.8474101220068415 0.8577241539338654 0.9138047548460662 0.8500329851767389
0 0.9090705017103763 0.6808710957810719 0.8705338677309008 0.6851067970353478 0.8736354344355758 0.7266214914481185 0.9127139156214368 0.7194071277080957 0.9090705017103763 0.6808710957810719
0 0.3920373740022805 0.700585070695553 0.34519674458380845 0.705559558722919 0.34946033751425315 0.7797151938426453 0.3988692474344356 0.7755866362599771 0.3920373740022805 0.700585070695553
0 0.47121613911060434 0.43850548118586086 0.4740763660205245 0.5002149635119726 0.5373884184720639 0.4952498836944128 0.5334432029646522 0.43029165564424177 0.47121613911060434 0.43850548118586086
0 0.5879486750285062 0.11579250513112885 0.5529651984036488 0.11937234549600913 0.5552509281641961 0.18227953477765108 0.5949541288483466 0.17683422690992018 0.5879486750285062 0.11579250513112885
0 0.4595726419612315 0.17979272291904216 0.460068661345496 0.1061462873432155 0.4256373945267959 0.10734112770809578 0.42991293956670473 0.18209195553021665 0.4595726419612315 0.17979272291904216
0 0 0.35727122805017103 0.017074922462941847 0.35201035233751427 0.01394229646522235 0.308716244013683 0 0.31205469783352335 0 0.35727122805017103
0 0.10982915051311289 0.4252152166476625 0.07606410718358039 0.43055687571265683 0.08815502850627138 0.4766653819840365 0.11826464310148233 0.468716810718358 0.10982915051311289 0.4252152166476625
0 0.0001581071835803877 0.4419771060433295 0.0009767343215507413 0.48887621322690994 0.028281851767388826 0.4836488768529076 0.020941768529076397 0.43745744355758265 0.0001581071835803877 0.4419771060433295
0 0.34688885290763966 1 0.3408808437856328 0.9687077742303307 0.2821846225769669 0.9750768848346636 0.2867438141391106 1 0.34688885290763966 1
0 0.36857682554161914 0.3435010649942987 0.35197036830102624 0.3449770490307868 0.36023573318129987 0.41015678905359176 0.3702325416191562 0.4108714925883694 0.36857682554161914 0.3435010649942987
0 0.3424686909920182 0.34514290193842645 0.3287803090079817 0.3436003124287343 0.33405665108323834 0.4076445438996579 0.3461598301026226 0.40951172405929304 0.3424686909920182 0.34514290193842645
0 0.34751975712656785 0.6004076898517674 0.346501054732041 0.6782201322690992 0.38016087913340935 0.6734757149372862 0.38072069327251995 0.5968589635119725 0.34751975712656785 0.6004076898517674
0 0.3691955632839225 0.41296959749144807 0.3206273010262257 0.4209418825541619 0.31831029760547325 0.4583958358038768 0.3682310353477765 0.4492107001140251 0.3691955632839225 0.41296959749144807
0 0.3617071892816419 0.4944564481185861 0.34630000342075257 0.4965069030786773 0.3522098643101483 0.5629138757126568 0.3629092234891676 0.5633209578107183 0.3617071892816419 0.4944564481185861
0 0.5155396328392247 0.5956933705815279 0.45496917217787913 0.5967506316989738 0.45982219270239455 0.6364532314709236 0.5220345131128848 0.6362580718358039 0.5155396328392247 0.5956933705815279
0 0.6490300672748005 0.9948025530216648 0.6486570228050171 0.9734308084378562 0.6135890855188141 0.9722613990877993 0.6152028244013683 0.9965806898517674 0.6490300672748005 0.9948025530216648
0 0.5306958061573547 0.0006351037628278221 0.4701253443557583 0.0016923648802736602 0.46944163740022804 0.030564945267958953 0.5251576351197264 0.02365401368301026 0.5306958061573547 0.0006351037628278221
0 0.700839763968073 0 0.705314449258837 0.03357385518814139 0.7474927160775371 0.02927458722919042 0.7479832143671608 0 0.700839763968073 0