0 0.25512961459521094 0.9300275017103763 0.2477894503990878 0.969467905359179 0.29184554846066135 0.9756595860889395 0.30139628962371723 0.9503203169897377 0.25512961459521094 0.9300275017103763
0 0.7018310114025086 0.08802702964652223 0.7388372497149374 0.10522119840364881 0.7704883888255416 0.03771768301026226 0.733944511972634 0.0292240992018244 0.7018310114025086 0.08802702964652223
0 0.47428654275940707 0.24012195096921324 0.48897856670467504 0.209209598631699 0.45362897035347777 0.19105066362599774 0.4380887354618016 0.22064463740022805 0.47428654275940707 0.24012195096921324
0 0.5387983580387685 0.27976733637400225 0.5589909726339795 0.24153364196123148 0.5320729122006842 0.233853251995439 0.5156061847206386 0.26151825997719497 0.5387983580387685 0.27976733637400225
0 0.4323917023945268 0.18446687115165336 0.4013059794754846 0.16271166818700117 0.38351710718358034 0.19978422234891674 0.4172724070695553 0.2153207525655644 0.4323917023945268 0.18446687115165336
0 0.11610491562143671 0.6892403671607753 0.13720117673888257 0.7035973717217788 0.17112778791334093 0.6412119122006842 0.15197212656784492 0.6283268118586088 0.11610491562143671 0.6892403671607753
0 0.8675158768529077 1 0.8463633352337514 0.9597553283922463 0.831107298745724 0.9660070022805016 0.8485691094640821 1 0.8675158768529077 1
0 0.8174792086659065 0.9461025678449259 0.8648132793614595 0.9179790011402509 0.8542500809578107 0.8823180877993159 0.8044667297605473 0.9041015803876852 0.8174792086659065 0.9461025678449259
0 0.38000852109464084 0.9535739395667047 0.37173232953249713 0.9868869407069556 0.3852417525655644 0.988785566704675 0.40123701596351197 0.9613540912200684 0.38000852109464084 0.9535739395667047
0 0.3702689350057013 0.9516055438996579 0.3526385267958951 0.9437314857468643 0.3424855496009122 0.9818771961231472 0.3582213603192702 0.9849880980615735 0.3702689350057013 0.9516055438996579
0 0.34005885974914485 0.9428629064994298 0.3230945393386545 0.936581424173318 0.3188659407069555 0.979457054732041 0.33274721664766244 0.9787098084378563 0.34005885974914485 0.9428629064994298
0 0.41294165564424173 0.7405514116305587 0.45321466590649945 0.732121165336374 0.42631736031927026 0.6794748084378563 0.3951384298745724 0.6924792850627138 0.41294165564424173 0.7405514116305587
0 0.8966512383124288 0.9068643204104904 0.8869817548460662 0.8497439475484607 0.855187582668187 0.8500722497149373 0.8560665553021665 0.9077559521094641 0.8966512383124288 0.9068643204104904
0 0.5735076009122007 0.505893889395667 0.5890571995438997 0.48139770581527935 0.5562190285062714 0.4626923511972634 0.5446167001140251 0.48984183580387686 0.5735076009122007 0.505893889395667
0 0.5025485336374003 0.392791023945268 0.58577269327252 0.43566584378563283 0.6388198551881413 0.33099871835803873 0.5492248164196123 0.2908260410490308 0.5025485336374003 0.392791023945268
0 0.4152657001140251 0.3361549224629418 0.39365310490307864 0.3109328221208666 0.3661894663625998 0.33585314481185863 0.3893180741163056 0.3630870638540479 0.4152657001140251 0.3361549224629418
0 0.5199446419612315 0.9987230467502851 0.5210586602052452 0.9686005621436715 0.47970095781071836 0.9687839669327253 0.4851248015963512 0.9941292291904218 0.5199446419612315 0.9987230467502851