0 0.5988101824401368 0.5919819555302167 0.5863596499429874 0.6212397890535919 0.6363554446978335 0.6471754789053592 0.6478442063854047 0.6163889965792475 0.5988101824401368 0.5919819555302167
0 0.3177617822120866 0.4117394025085519 0.2941330672748005 0.45844622006841507 0.33641250513112886 0.4837593283922463 0.3640746818700114 0.43815486659064995 0.3177617822120866 0.4117394025085519
0 0.08633348574686431 0.28259765336374004 0.0767519007981756 0.31651477765108327 0.12616150171037627 0.3423560410490308 0.14381491676168756 0.30870490421892816 0.08633348574686431 0.28259765336374004
0 0.2988271710376283 0 0.27824125655644244 0.0691611984036488 0.3245363911060434 0.08430226567844926 0.3471017251995439 0 0.2988271710376283 0
0 0.8070587080957811 0.8105422303306727 0.8052341778791334 0.8258673625997719 0.8785079965792474 0.8338690524515394 0.8773447502850626 0.8184503762827822 0.8070587080957811 0.8105422303306727
0 0.8996026522234891 0.894264110604333 0.8731978722919043 0.9357251972633979 0.904520472063854 0.9581021915621437 0.9360736476624858 0.9088062816419612 0.8996026522234891 0.894264110604333
0 0.8953529179019385 0.864163086659065 0.889391889395667 0.8752309019384265 0.9084029965792475 0.884247149372862 0.9131911448118587 0.8729935678449259 0.8953529179019385 0.864163086659065
0 0.9100214082098063 0.8436647502850627 0.9041517183580388 0.8541458814139111 0.9204174458380844 0.861528165336374 0.9248860706955531 0.848496457240593 0.9100214082098063 0.8436647502850627
0 0.7449262805017104 0.7094134515393385 0.7405686818700115 0.7255396887115165 0.8014929828962372 0.7508048426453819 0.811991842645382 0.7338494139110604 0.7449262805017104 0.7094134515393385
0 0.7213941938426454 0.7441236248574686 0.7189816818700113 0.7593556305587229 0.7778089954389966 0.7788830399087799 0.7795731881413911 0.7696421242873432 0.7213941938426454 0.7441236248574686
0 0.5487522508551881 0.9383894583808438 0.5242306043329533 0.9831529794754845 0.548364023945268 0.9977834025085519 0.5721402018244014 0.9520333067274801 0.5487522508551881 0.9383894583808438
0 0.6024357662485748 1 0.6213530034207526 0.9715360581527935 0.5995848027366021 0.9590520627137971 0.5742055792474344 1 0.6024357662485748 1
0 0.5636736795895096 0.7113360935005701 0.5281237297605473 0.6852853785632839 0.5061061812998859 0.7142286647662486 0.5504542725199544 0.7416728688711516 0.5636736795895096 0.7113360935005701
0 0.4645067309007982 0.49864184606613454 0.44137181755986316 0.5460264435575827 0.46933142417331813 0.5630679110604333 0.4956139338654504 0.518583283922463 0.4645067309007982 0.49864184606613454
0 0.4631288118586089 0.2720095096921323 0.46117427822120866 0.30713305701254273 0.4844461094640821 0.3120212554161916 0.4905229509692132 0.27175583580387686 0.4631288118586089 0.2720095096921323
0 0.5080437388825542 0.16681722234891674 0.47353820866590646 0.1607509315849487 0.4726992485746864 0.17743446636259977 0.5094298129988597 0.18084899429874574 0.5080437388825542 0.16681722234891674
0 0.4890229395667047 0.192031834663626 0.4898210307867731 0.20597048004561003 0.508000669327252 0.20884985176738882 0.5144823295324972 0.19449488597491446 0.4890229395667047 0.192031834663626
0 0.4338733603192702 0.8211009874572406 0.40839293158494866 0.868112510832383 0.4366605724059293 0.8870046374002281 0.4629972907639681 0.8383822348916762 0.4338733603192702 0.8211009874572406