0 0 0.5335444207525656 0.008598947548460661 0.573624417331813 0.022084697833523372 0.5748639737742304 0.013912598631698974 0.4840581870011402 0 0.48546416419612315 0 0.5335444207525656
0 0.23363429532497149 0.5912210216647663 0.26408209236031926 0.5894712976054731 0.2671541071835804 0.5316516248574686 0.2340698244013683 0.5257285393386545 0.23363429532497149 0.5912210216647663
0 0.5323767172177879 0.34621652565564426 0.6020117377423033 0.34780332611174464 0.6046903101482326 0.30934771949828965 0.530250984036488 0.30679773204104904 0.5323767172177879 0.34621652565564426
0 0.5585005667046751 0 0.5618538437856329 0.0208707685290764 0.5967037867730901 0.020151969213226907 0.5942563329532498 0 0.5585005667046751 0
0 0.5525190410490307 0.07738310148232612 0.5573988015963512 0.10847687343215508 0.6086273295324971 0.10487008779931585 0.6109674458380844 0.07310616647662486 0.5525190410490307 0.07738310148232612
0 0.4739156659064994 0.20278126339794755 0.48257933523375146 0.24164856556442418 0.5181801220068415 0.23416536716077535 0.5127952770809578 0.19411542417331812 0.4739156659064994 0.20278126339794755
0 0.7403082383124288 0.20524764994298744 0.6994356066134549 0.20944004903078678 0.7082008403648803 0.2488923511972634 0.7459613101482326 0.24374143557582667 0.7403082383124288 0.20524764994298744
0 0.7385893694412771 0.19891872748004563 0.771928189281642 0.19304019384264537 0.7686218152793615 0.16197044469783353 0.7328538529076397 0.14928565222348916 0.7385893694412771 0.19891872748004563
0 0.6889701242873433 0.06115933181299885 0.6981761140250855 0.1373129851767389 0.7118357183580388 0.13611024857468643 0.7029743580387685 0.05507255074116306 0.6889701242873433 0.06115933181299885
0 0.6832195461801597 0 0.6880111539338654 0.03178585518814139 0.7049767537058154 0.02668418015963512 0.7005965997719499 0 0.6832195461801597 0
0 0.890166953249715 0.05643287571265679 0.8870239167616876 0.1172780330672748 0.9245933728620296 0.11818830672748004 0.9220947856328393 0.05622932269099202 0.890166953249715 0.05643287571265679
0 0.9218667206385405 0.1678078038768529 0.9487382291904218 0.17271618472063854 0.9416240809578107 0.13236984150513112 0.9234559350057012 0.13738210604332954 0.9218667206385405 0.1678078038768529
0 0.9754571904218928 0.4170081425313569 0.9410195507411631 0.409816417331813 0.9270772793614596 0.453875574686431 0.9664005017103763 0.46141166020524516 0.9754571904218928 0.4170081425313569
0 0.926582582668187 0.5263119498289623 0.8770065678449259 0.5187749806157355 0.8681254310148232 0.5504880285062714 0.9243751094640821 0.5616715267958952 0.926582582668187 0.5263119498289623
0 0.8245451915621437 0.49486531128848343 0.7872870068415051 0.48877383352337517 0.7788164743443559 0.5228245336374002 0.8190690581527936 0.5253734697833524 0.8245451915621437 0.49486531128848343
0 0.7988202736602052 0.6260139007981755 0.8350459942987457 0.6365077970353479 0.8486355929304448 0.5900975997719498 0.8117990216647661 0.5833288711516534 0.7988202736602052 0.6260139007981755
0 0.6023650535917902 0.6678891710376282 0.6447503477765109 0.6688562337514253 0.6473139304446978 0.6228829475484606 0.6071206191562144 0.62303665336374 0.6023650535917902 0.6678891710376282
0 0.8370330342075257 0.6819785541619157 0.8294580809578108 0.7176800672748005 0.9013601128848348 0.7321327274800457 0.9098659635119727 0.6914437970353478 0.8370330342075257 0.6819785541619157
0 0.7626219498289624 0.09580238198403648 0.7279416271379704 0.10433068415051311 0.7314457229190422 0.1344612041049031 0.7672865758266819 0.1287444047890536 0.7626219498289624 0.09580238198403648
0 0.1391832291904219 0.462572503990878 0.15478889167616874 0.5339802668187001 0.1686208118586089 0.5303355062713797 0.155354338654504 0.4585168688711517 0.1391832291904219 0.462572503990878
0 0.14912957468643104 0.8165385028506272 0.17355594982896239 0.8182605701254275 0.1740758608893957 0.8006845188141392 0.15030188825541618 0.7958328688711517 0.14912957468643104 0.8165385028506272
0 0.12109457354618015 0.7943509019384265 0.12198421892816419 0.816501685290764 0.14601126339794754 0.8161839817559864 0.14720592474344354 0.7987904082098061 0.12109457354618015 0.7943509019384265
0 0.7360850216647662 0.9029605165336374 0.7512393215507412 0.8110577913340935 0.7386826590649943 0.8048295496009121 0.7157886123147092 0.8938782212086659 0.7360850216647662 0.9029605165336374
0 0.36901219612314706 0.23032222006841505 0.40843994982896237 0.22819331927023945 0.40542017673888253 0.18712344127708097 0.3671960444697834 0.19265915393386543 0.36901219612314706 0.23032222006841505
0 0.3490565256556442 0.4249632702394527 0.3838051744583808 0.4236610091220068 0.3812832850627138 0.39124552907639676 0.3496473477765108 0.3941122919042189 0.3490565256556442 0.4249632702394527
0 0.0006053568985176738 0.08365944583808438 0.0029015963511972638 0.12063494982896238 0.06978698175598633 0.11004707069555301 0.06593963169897377 0.06972761231470924 0.0006053568985176738 0.08365944583808438
0 0.818792874572406 0.7153402633979477 0.8002845461801597 0.7095601379703534 0.7889153717217788 0.7796936088939567 0.8038137445838085 0.7843015381984036 0.818792874572406 0.7153402633979477
0 0.8152195678449258 0.6882364948688711 0.8108819669327253 0.7046769783352338 0.8256087856328392 0.7108224310148232 0.8286376453819839 0.6925025302166476 0.8152195678449258 0.6882364948688711
0 0.3847874481185861 0.8738628278221209 0.4007167605473204 0.8752744287343216 0.4003765233751425 0.8596587730900799 0.3870992394526796 0.855066456100342 0.3847874481185861 0.8738628278221209
0 0.3532074834663626 0.858933890535918 0.3564036944127708 0.8770605074116306 0.37377761345496013 0.8764070695553022 0.3702720900798176 0.8565262633979476 0.3532074834663626 0.858933890535918
0 0.7220939589509692 0.4713294686431015 0.7804777753705815 0.4706813797035348 0.7841657491448119 0.4296361505131129 0.7275376271379703 0.4269601151653364 0.7220939589509692 0.4713294686431015