0 0.41173815165336375 0.8983284663625998 0.3099069464082098 0.9284669315849486 0.3224541094640821 0.9811179692132269 0.4327117924743444 0.9510449315849487 0.41173815165336375 0.8983284663625998
0 0.3035444287343215 0.8440178529076398 0.2676807993158495 0.856701503990878 0.2820997001140251 0.9034511448118586 0.31767654275940704 0.8978163261117446 0.3035444287343215 0.8440178529076398
0 0.3593463101482326 0.7889480136830103 0.27285309350057013 0.8096521870011403 0.2848207890535918 0.8497850661345495 0.3699466750285063 0.8292974583808438 0.3593463101482326 0.7889480136830103
0 0 0.5393508574686431 0.006015282782212086 0.5773298563283923 0.06218750399087799 0.5600264264538198 0.05115579931584949 0.5169436191562143 0 0.5250459019384265 0 0.5393508574686431
0 0.19311716875712656 0.5364875233751425 0.15523700456100342 0.5452888335233751 0.16799280729760546 0.5726885336374002 0.2036398734321551 0.5586375507411631 0.19311716875712656 0.5364875233751425
0 0.29041041049030786 0.5042661208665906 0.25635032497149374 0.5194673819840365 0.2670252622576967 0.5780167309007982 0.30922861345496006 0.5699323283922463 0.29041041049030786 0.5042661208665906
0 0.43334906271379703 0.4059767343215508 0.33900834663625995 0.4391305518814139 0.36308983238312426 0.5291782633979476 0.45577691790193847 0.5032929304446978 0.43334906271379703 0.4059767343215508
0 0.05342231128848347 0.1327243055872292 0.06914754161915622 0.2142904275940707 0.1578756442417332 0.19883722690992017 0.13170715507411632 0.11332179361459521 0.05342231128848347 0.1327243055872292
0 0.6687225940706955 0.4219323283922463 0.5415427833523375 0.46028734777651087 0.5678501767388826 0.5289706966932726 0.6931595473204105 0.49651528734321554 0.6687225940706955 0.4219323283922463
0 0.7896416408209807 0.39717568871151654 0.7357727423033067 0.41131262827822124 0.7396002576966932 0.4443281619156214 0.799877802736602 0.42637609464082094 0.7896416408209807 0.39717568871151654
0 0.7824986966932725 0.352076913340935 0.7155964310148233 0.37247986545039913 0.7265504754846066 0.39736325541619155 0.7884132132269099 0.38056016875712656 0.7824986966932725 0.352076913340935
0 0.8726413135689851 0.24813961117445837 0.9025596579247434 0.3484711607753706 0.9559959167616876 0.33160264652223487 0.9326336123147092 0.23723613340935004 0.8726413135689851 0.24813961117445837
0 0.8998523842645382 0.4553717331812999 0.9190258129988598 0.5055716431014823 0.9726783911060434 0.49006891562143673 0.9558100729760548 0.43670381299885974 0.8998523842645382 0.4553717331812999
0 0.8201624937286203 0.589876770809578 0.8263010114025086 0.646342937286203 0.8854260011402508 0.6299734652223489 0.8762662782212087 0.5809908050171038 0.8201624937286203 0.589876770809578
0 0.8202173568985176 0.5282263568985177 0.7371797730900799 0.5441798996579247 0.7512342257696693 0.5797789578107183 0.8205876966932725 0.5659927651083239 0.8202173568985176 0.5282263568985177
0 0.5062114367160775 0.5737566966932726 0.4855473797035348 0.5938412291904219 0.4936949942987457 0.6275741562143671 0.5210616784492589 0.6232397001140251 0.5062114367160775 0.5737566966932726
0 0.4454630980615735 0.4558931094640821 0.476788275940707 0.4411234321550741 0.4620143956670467 0.4098416339794755 0.43846624971493725 0.4205762873432155 0.4454630980615735 0.4558931094640821
0 0.45534379019384263 0.500558267958951 0.4832120376282782 0.4905410091220069 0.47621673318129987 0.4552239429874573 0.4446734469783352 0.46862653363740026 0.45534379019384263 0.500558267958951
0 0.45694408779931583 0.575825212086659 0.503116952109464 0.5637076864310149 0.4966882542759407 0.5383005518814139 0.43949554275940705 0.549160858608894 0.45694408779931583 0.575825212086659
0 0.4572596134549601 0.5967949635119726 0.49883359863169896 0.5860053968072976 0.49654359863169895 0.5677513945267959 0.444227929304447 0.5790399737742303 0.4572596134549601 0.5967949635119726
0 0.4713154446978335 0.5375147468643102 0.4964693557582668 0.5293274469783352 0.4850077251995439 0.49871226795895096 0.462136566704675 0.5023347035347776 0.4713154446978335 0.5375147468643102
0 0.4100716282782212 0.5303984013683011 0.4199559589509692 0.551054905359179 0.469021314709236 0.5344167354618016 0.46886955644241735 0.5144809726339795 0.4100716282782212 0.5303984013683011