0 0.7220423637400227 0.012113367160775372 0.6888941527936145 0.005991729760547321 0.6698946077537058 0.06247187001140251 0.703020220068415 0.06997769669327253 0.7220423637400227 0.012113367160775372
0 0.44611638084378563 0.816509369441277 0.37966735233751425 0.7335964207525656 0.3389166168757127 0.7661401790193842 0.40808718586088943 0.8518713660205245 0.44611638084378563 0.816509369441277
0 0 0.6270250307867731 0.023805998859749145 0.6400902930444698 0.055248207525655645 0.5852134903078677 0.01529381071835804 0.572045433295325 0 0.6188293591790194 0 0.6270250307867731
0 0.0499530102622577 0.8885750912200684 0.019163657924743442 0.9060497799315849 0.04067461231470924 0.9438387662485747 0.07576468187001141 0.9181238175598632 0.0499530102622577 0.8885750912200684
0 0.08905362371721778 0.8712439144811859 0.1212029794754846 0.8551775507411631 0.09974034549600913 0.8146202371721779 0.07300988597491448 0.8377088050171038 0.08905362371721778 0.8712439144811859
0 0 0.8048858369441276 0.013640505131128848 0.825588006841505 0.02897397149372862 0.8203126225769669 0.010136156214367162 0.7881148905359179 0 0.795937873432155 0 0.8048858369441276
0 0.03662484606613455 0.7788773375142531 0.021243030786773087 0.7869226134549601 0.03592366818700114 0.8190477810718357 0.05548682212086659 0.809690905359179 0.03662484606613455 0.7788773375142531
0 0.0914774606613455 0.8117052736602053 0.06736584834663627 0.7641725404789054 0.05052577080957811 0.776349244013683 0.067760251995439 0.8209896396807298 0.0914774606613455 0.8117052736602053
0 0.9498695370581528 0.7726475188141391 0.9406244526795895 0.6671779179019385 0.9253378004561004 0.6696818244013684 0.9358944857468643 0.7793327639680729 0.9498695370581528 0.7726475188141391
0 0.5015584401368302 0.6567432588369442 0.49111351539338655 0.6995143591790194 0.5435347628278221 0.7129000250855188 0.5553896009122007 0.6687673854047891 0.5015584401368302 0.6567432588369442
0 0.5940054526795895 0.1235004652223489 0.6129566225769669 0.06979177993158495 0.5937077753705816 0.06114202394526796 0.5802254116305587 0.1191030513112885 0.5940054526795895 0.1235004652223489
0 0.5677827491448119 0.11749971493728621 0.581120038768529 0.06784992132269099 0.568798259977195 0.05932107867730901 0.5484129885974914 0.11577702850627139 0.5677827491448119 0.11749971493728621
0 1 0.08018751197263399 0.9896867901938426 0.07913992702394526 0.9956209737742303 0.1360537229190422 1 0.13424 1 0.08018751197263399
0 0.33063597605473205 0.7645110387685291 0.4237144424173318 0.706751685290764 0.37726613911060436 0.6453692018244014 0.2879040376282782 0.7061626271379703 0.33063597605473205 0.7645110387685291
0 0.46579114595210946 0.9165195370581528 0.5242741379703535 0.8670623603192702 0.47149375028506274 0.8028970684150513 0.41300793842645384 0.843741945267959 0.46579114595210946 0.9165195370581528
0 0.5168331961231472 0.8509003489167617 0.5673290718358038 0.8505925142531358 0.5590575108323831 0.7459322155074116 0.5098424595210946 0.7492300456100343 0.5168331961231472 0.8509003489167617
0 0.9303150558722919 0.881869755986317 0.9800498836944127 0.8910516476624858 0.9824401767388826 0.87417048004561 0.9341997810718359 0.8635300729760548 0.9303150558722919 0.881869755986317