0 0.30439462029646525 0.5826691185860889 0.3098039110604333 0.5453875336374002 0.1964368392246294 0.5339166328392246 0.1898609543899658 0.5699901744583808 0.30439462029646525 0.5826691185860889
0 0.6027866670467503 0.5878775712656784 0.6147169863169898 0.517486 0.5670103990877994 0.5084942246294185 0.5558385575826682 0.5864642485746865 0.6027866670467503 0.5878775712656784
0 0.690091527936146 0.593553677309008 0.6437903968072977 0.5891855724059293 0.6288958928164196 0.6589315621436715 0.6769707913340935 0.6639229076396808 0.690091527936146 0.593553677309008
0 0.508817449258837 0.18044271607753706 0.5180299087799316 0.12958324857468642 0.48274187571265675 0.12447129646522236 0.4713700285062714 0.17978906955530216 0.508817449258837 0.18044271607753706
0 0.3777731197263398 0.875242748004561 0.3873618494868871 0.8368479977194984 0.3066571744583808 0.8277271790193843 0.30179291220068416 0.8679843557582667 0.3777731197263398 0.875242748004561
0 0.20396053819840365 0.8182224903078678 0.2108470205245154 0.7643547844925884 0.13819738312428734 0.7536727468643102 0.12855488255416192 0.8121586818700114 0.20396053819840365 0.8182224903078678
0 0.2776781927023945 0.5804228232611175 0.2224715952109464 0.5753054310148232 0.22215066248574686 0.593691692132269 0.27473232383124285 0.5959175210946409 0.2776781927023945 0.5804228232611175
0 0.10927694298745724 0.5199355404789053 0.1169573283922463 0.48862731470923604 0.08583649828962372 0.48319272862029644 0.08140110262257697 0.5158906123147092 0.10927694298745724 0.5199355404789053
0 0.1201833865450399 0.099500913340935 0.11816273090079818 0.11311147092360319 0.15552297035347776 0.118759669327252 0.15878863055872292 0.10195472862029648 0.1201833865450399 0.099500913340935
0 0.133663244013683 0.07659986887115165 0.1310075598631699 0.09257001482326112 0.16481138198403647 0.0975701094640821 0.1704031550741163 0.08376559749144812 0.133663244013683 0.07659986887115165
0 0.18228353819840365 0.18660891448118586 0.17093140364880272 0.22378676738882555 0.1999547023945268 0.23022552451539338 0.2104676875712657 0.1900013124287343 0.18228353819840365 0.18660891448118586
0 0.11235999657924743 0.24115470125427593 0.11442562599771951 0.258988779931585 0.190928574686431 0.27041005473204105 0.19600344355758265 0.2521083352337514 0.11235999657924743 0.24115470125427593
0 0.1435886944127708 0.22330949828962374 0.14092262029646524 0.23987486659064994 0.19368936259977193 0.24850802622576967 0.20441832611174457 0.22993150513112887 0.1435886944127708 0.22330949828962374
0 0.28735005245153933 0.7075500456100342 0.14368077309007982 0.6949563774230332 0.13962756100342075 0.7227695621436716 0.2785517947548461 0.7347693899657924 0.28735005245153933 0.7075500456100342
0 0.526009661345496 0.7965522234891675 0.48263853135689855 0.7946090581527937 0.4782504732041049 0.8075844515393387 0.5215698187001141 0.8124943523375142 0.526009661345496 0.7965522234891675
0 0.5294262291904219 0.7711017229190422 0.532093865450399 0.7545363831242873 0.48707476852907644 0.7448523409350057 0.48672280273660207 0.765016457240593 0.5294262291904219 0.7711017229190422