0 0.44736677765108324 0.4162612485746864 0.4444048392246294 0.3683661550741163 0.37182169783352337 0.38047525883694416 0.37619783238312426 0.4326614994298746 0.44736677765108324 0.4162612485746864
0 0.46602680045610034 0.5572271197263398 0.45863700570125426 0.5190675347776511 0.36324237286202965 0.5364617217787914 0.36211759179019387 0.5731439042189281 0.46602680045610034 0.5572271197263398
0 0.48116835575826683 0.6294089669327252 0.48373054047890535 0.593310535917902 0.4474694082098062 0.5956198950969214 0.44428921550741163 0.6285633956670468 0.48116835575826683 0.6294089669327252
0 0.5439241220068415 0.6206090684150513 0.540261181299886 0.5875389794754846 0.5142102257696693 0.5889582656784492 0.5160952497149374 0.625318732041049 0.5439241220068415 0.6206090684150513
0 0.7868078643101482 0.5013348449258836 0.7924308643101482 0.46431373204104903 0.7343067742303306 0.4644546704675029 0.729840842645382 0.5052817354618017 0.7868078643101482 0.5013348449258836
0 0.32838750741163053 0.48861685632839225 0.3235247993158495 0.4351975803876853 0.28612902850627137 0.4368508643101482 0.2901183911060433 0.4900337502850627 0.32838750741163053 0.48861685632839225
0 0.1217990912200684 0.5336594538198404 0.11310002052451539 0.49002743329532494 0.07813513112884836 0.49455194754846066 0.08321975484606614 0.5386221767388826 0.1217990912200684 0.5336594538198404
0 0.2224040969213227 0.3715719030786773 0.20792256670467504 0.3190960045610034 0.16303594754846068 0.3314323842645382 0.1775482953249715 0.3801497913340935 0.2224040969213227 0.3715719030786773
0 0.2559488301026226 0.29471712656784493 0.25124136944127706 0.23952337742303306 0.20604400684150512 0.24858113568985174 0.21566984378563284 0.3054819190421893 0.2559488301026226 0.29471712656784493
0 0.1961520456100342 0.24244564652223488 0.1791478859749145 0.19153553363740022 0.11768219612314709 0.20602733979475485 0.13143788483466362 0.26000506727480044 0.1961520456100342 0.24244564652223488
0 0.06048333979475485 0.1990170182440137 0.024444802736602055 0.1987641527936146 0.021542924743443558 0.23193276738882554 0.058023094640820984 0.23393233181299888 0.06048333979475485 0.1990170182440137
0 0.42561097833523376 0.2970552405929304 0.41513142189281643 0.266961748004561 0.36450755416191566 0.276732078677309 0.37072249942987456 0.31130687571265675 0.42561097833523376 0.2970552405929304
0 0.32444468757126566 0.39062062371721784 0.31875036031927023 0.36034976738882557 0.2799098107183581 0.36487399315849484 0.2827011755986317 0.3976874538198404 0.32444468757126566 0.39062062371721784
0 0.5129645701254276 0.2046639064994299 0.49891928506271377 0.1540142291904219 0.448882802736602 0.17071368301026227 0.4657882690992018 0.22614019498289623 0.5129645701254276 0.2046639064994299
0 0.43345849372862033 0.11196455872291905 0.4448639817559863 0.145117582668187 0.4857863443557583 0.13381149030786774 0.47081067046750286 0.09379619156214367 0.43345849372862033 0.11196455872291905
0 0.6851400752565564 0.0488363945267959 0.6704151664766249 0.019561948688711518 0.6150890022805017 0.03881634891676169 0.6286778335233751 0.07426370695553022 0.6851400752565564 0.0488363945267959