0 0.5279656248574687 0.6954874994298746 0.5395437502850627 0.6636578129988598 0.4682937502850627 0.6458624994298746 0.4611687502850627 0.676114062713797 0.5279656248574687 0.6954874994298746
0 0.30085468757126566 0.640335937286203 0.3091671870011402 0.6067124994298746 0.2616671870011403 0.5942546875712658 0.2491984378563284 0.6286593751425315 0.30085468757126566 0.640335937286203
0 0.271464062713797 0.9925875005701255 0.27651093728620296 0.9572796875712656 0.24563593728620298 0.947789062713797 0.2319796875712657 0.9804124994298746 0.271464062713797 0.9925875005701255
0 0.10847812542759408 0.5958609372862029 0.11619687457240592 0.5616312497149373 0.07225937514253135 0.5462078129988598 0.058009375142531364 0.5794265621436716 0.10847812542759408 0.5958609372862029
0 0.1503374994298746 0.4757765621436716 0.13638593728620296 0.5325656248574686 0.2016984378563284 0.5562921870011402 0.2278234378563284 0.5035000000000001 0.1503374994298746 0.4757765621436716
0 0.2625578129988598 0.3049875005701254 0.28660468757126567 0.2514 0.2201046875712657 0.22707968757126568 0.20051093728620298 0.2798734378563284 0.2625578129988598 0.3049875005701254
0 0.794264062713797 0.49267656214367156 0.8049515621436716 0.46375781299885976 0.7437953124287343 0.4477406248574686 0.7437953124287343 0.48807656214367157 0.794264062713797 0.49267656214367156
0 0.931421874572406 0.329003125427594 0.9480468745724059 0.29173593728620295 0.9147968745724059 0.2745343751425314 0.8963906248574687 0.3142765621436716 0.931421874572406 0.329003125427594
0 0.13074375028506272 0.2489484378563284 0.15776093728620297 0.20038749942987458 0.12866562485746866 0.18792968757126569 0.10550937514253136 0.23835 0.13074375028506272 0.2489484378563284
0 0.032775 0.18045468757126568 0.056228125427594075 0.15056093728620298 0.019415624857468644 0.1232734378563284 0.0012468745724059293 0.15174687457240593 0.032775 0.18045468757126568
0 0.0114 0.525589062713797 0.028915624857468646 0.49045 0.0012468745724059293 0.47384062485746864 0.0012468745724059293 0.5183281254275941 0.0114 0.525589062713797