0 0.6455827605473203 0.39694551995439 0.614796322690992 0.2893903683010262 0.5524568095781072 0.3076130239452679 0.5907079122006842 0.4162192394526796 0.6455827605473203 0.39694551995439
0 0.627481740022805 0.6952308175598633 0.624045472063854 0.6563301698973774 0.571053503990878 0.6700660547320411 0.5799905062713797 0.7048175165336373 0.627481740022805 0.6952308175598633
0 0.7306084834663626 0.6880633181299886 0.7249706830102624 0.6712295074116306 0.680088142531357 0.6959734583808438 0.6906923306727479 0.7104590763968074 0.7306084834663626 0.6880633181299886
0 0.36717079475484604 0.8968133375142532 0.38163242873432157 0.8430790262257697 0.3541691778791334 0.8392836054732041 0.33986807525655643 0.8891083705815279 0.36717079475484604 0.8968133375142532
0 0.7655971641961231 0.966949621436716 0.715484433295325 0.875991558722919 0.6710594389965793 0.9137931208665907 0.7272626168757126 0.9920590228050171 0.7655971641961231 0.966949621436716
0 0.815937795895097 0.8348013192702395 0.8565380627137971 0.7979697662485746 0.8452129806157355 0.779943086659065 0.8012347616875714 0.8135702645381984 0.815937795895097 0.8348013192702395
0 0.24494815849486887 0.6123430547320411 0.2380604344355758 0.5937424150513112 0.1637349087799316 0.6260513318129989 0.1702698825541619 0.6430570615735463 0.24494815849486887 0.6123430547320411
0 0.921494558722919 0.48890516761687575 0.8940291858608893 0.4424713477765108 0.8643260285062714 0.45955431698973775 0.887366945267959 0.5068868460661345 0.921494558722919 0.48890516761687575
0 0.9805987936145952 0.39504934777651085 0.9755543135689853 0.36117976510832384 0.943614952109464 0.36526567274800453 0.9412568563283923 0.3998174549600912 0.9805987936145952 0.39504934777651085
0 0.9161888848346637 0.5326216522234892 0.8953036659064995 0.547020244013683 0.9159425530216647 0.5766070433295325 0.9384836077537058 0.5585859566704675 0.9161888848346637 0.5326216522234892
0 1 0.8586456944127708 0.9710513660205244 0.8617183933865451 0.9715280718358039 0.8753694469783353 1 0.8739618369441277 1 0.8586456944127708
0 0.31910186659064993 0.9409412383124287 0.27959077651083236 0.9408654218928164 0.27523501140250856 0.9947705860889396 0.31327397263397944 0.9952230079817559 0.31910186659064993 0.9409412383124287
0 0.6081203397947549 0.7787855461801596 0.5850639475484607 0.7480230250855189 0.5585971128848346 0.7727164344355759 0.5826512782212087 0.7980251858608893 0.6081203397947549 0.7787855461801596