0 0.11071685860889396 0.15994005017103763 0.07802526567844925 0.2665756077537058 0.16487986202964652 0.30002826681870015 0.20234728506271382 0.1978930661345496 0.11071685860889396 0.15994005017103763
0 0.8416803375142531 0.7830442098061574 0.7893770570125428 0.7656972109464082 0.7506945039908779 0.8766754389965793 0.8057505450399088 0.8971924948688711 0.8416803375142531 0.7830442098061574
0 0.9116622611174457 0.8328754139110605 0.9658593500570125 0.85243803990878 0.9803757981755986 0.7980995404789054 0.9305089817559863 0.7797325153933866 0.9116622611174457 0.8328754139110605
0 0.9532551242873432 0.607524716077537 0.973580724059293 0.5464484675028506 0.9365374994298746 0.5319541550741164 0.9191704082098061 0.593235717217788 0.9532551242873432 0.607524716077537
0 0.9169351288483466 0.7064665541619155 0.8682885575826682 0.6831256590649943 0.8517084059293044 0.7331534503990879 0.9051548757126568 0.7511755883694412 0.9169351288483466 0.7064665541619155
0 0.7442170011402509 0.8300960638540479 0.7007715644241734 0.808309267958951 0.6746520752565563 0.8671916362599772 0.7278085108323831 0.8893614583808438 0.7442170011402509 0.8300960638540479
0 0.7611937297605473 0.10275227822120866 0.8334460364880274 0.13548144583808439 0.8648708449258836 0.03470930330672748 0.7922217046750284 0.019213183580387688 0.7611937297605473 0.10275227822120866
0 0.6731235655644242 0.07427381641961231 0.7069733591790194 0.09033198859749145 0.7365360296465222 0.01621206157354618 0.7010957879133409 0.012841038768529076 0.6731235655644242 0.07427381641961231
0 0.6655084469783352 0.24694604561003422 0.6330976510832382 0.23694206499429876 0.6080492998859749 0.30601929874572403 0.6443345507411631 0.3228414070695553 0.6655084469783352 0.24694604561003422
0 0.7431952440136831 0.28362642987457237 0.7287984846066133 0.27994131014823265 0.7024303785632839 0.34237905929304446 0.7174972462941848 0.35652860205245157 0.7431952440136831 0.28362642987457237
0 0.6710055461801596 0.6812342839224629 0.6571371881413911 0.6755029156214367 0.6442899258836945 0.7061501413911061 0.6579527525655645 0.7148431368301026 0.6710055461801596 0.6812342839224629
0 0.6542923454960091 0.7898799600912201 0.6420835416191562 0.7887286385404789 0.6199106465222349 0.8591989099201824 0.633355598631699 0.8625183055872292 0.6542923454960091 0.7898799600912201
0 0.6411966567844926 0.6711146453819841 0.6311711505131129 0.6641639942987457 0.6174433261117446 0.6989144777651083 0.6319882725199545 0.7035043249714937 0.6411966567844926 0.6711146453819841
0 0.6168480923603192 0.6622696294184721 0.6047510729760547 0.6593405233751425 0.5939800912200683 0.6942977696693272 0.6073835165336374 0.6982110273660205 0.6168480923603192 0.6622696294184721
0 0.5911327354618016 0.6729706328392246 0.5808845530216648 0.6689804116305588 0.5739737217787914 0.6827819555302166 0.5864949179019384 0.6907999213226911 0.5911327354618016 0.6729706328392246
0 0.022256551881413913 0.3668358574686431 0.010230253135689853 0.3540924652223489 0.006833985176738883 0.40266136602052455 0.010770462941847206 0.4035302645381984 0.022256551881413913 0.3668358574686431
0 0.04311494412770809 0.561735945267959 0.0076451026225769665 0.550030054732041 0.0020489053591790196 0.5707683249714938 0.03739950513112885 0.5839554446978334 0.04311494412770809 0.561735945267959