0 0.17305884150513112 0.12401963968072977 0.20001063397947547 0.07697034663625998 0.1616083489167617 0.06557496123147093 0.14171926111744584 0.1163449566704675 0.17305884150513112 0.12401963968072977
0 0.2304380535917902 0.1369026944127708 0.25040197377423035 0.11586665792474345 0.22344677194982895 0.09515869555302167 0.2046590992018244 0.1168497354618016 0.2304380535917902 0.1369026944127708
0 0.27031224287343214 0.19996757354618017 0.2973039475484607 0.15054205473204105 0.27089588369441275 0.1325096738882554 0.24281445724059295 0.17632313340935007 0.27031224287343214 0.19996757354618017
0 0.6680351619156215 0.07266597035347777 0.719120716077537 0.0037486020524515394 0.6751899087799317 0.00298178677309008 0.6404545051311288 0.053769242873432155 0.6680351619156215 0.07266597035347777
0 0.8043112029646523 0.26037446636259975 0.8365230307867731 0.21816771151653364 0.7751847571265679 0.1769409338654504 0.743848401368301 0.22011311288483465 0.8043112029646523 0.26037446636259975
0 0.9438699236031927 0.3281501117445838 0.9627605370581528 0.3005615347776511 0.9346550752565564 0.2777097343215507 0.9115902383124288 0.30620216191562144 0.9438699236031927 0.3281501117445838
0 0.6393682976054732 0.7623988392246295 0.6514057787913341 0.7531043819840365 0.5717163238312429 0.708741228050171 0.5634687582668187 0.7218695997719499 0.6393682976054732 0.7623988392246295
0 0.6098006111744584 0.7892072075256557 0.6224747639680729 0.7775485017103763 0.5568607331812999 0.7432215872291904 0.5516294948688711 0.7537397046750285 0.6098006111744584 0.7892072075256557
0 0.5774320421892816 0.8064621140250856 0.5877522816419612 0.7935746396807298 0.5553174139110605 0.7806065974914481 0.5468312474344356 0.7904834344355758 0.5774320421892816 0.8064621140250856
0 0.5081490855188141 0.6591273945267958 0.45804042417331814 0.6380574811858609 0.4535738540478905 0.6557994184720638 0.5007556670467502 0.6744428825541618 0.5081490855188141 0.6591273945267958
0 0.15443207525655642 0.9190672086659064 0.16341705245153934 0.8806134743443557 0.09239475142531357 0.8669468825541619 0.08462743443557583 0.9035934686431014 0.15443207525655642 0.9190672086659064
0 0.2143849794754846 0.7163717229190423 0.21767462029646523 0.6980138380843786 0.1642110330672748 0.6820314618015962 0.15878830900798177 0.7035197822120867 0.2143849794754846 0.7163717229190423
0 0.36466764652223493 0.8841263169897378 0.3815671128848347 0.8345261984036487 0.33369731584948686 0.8212762371721779 0.3244438962371722 0.8751088791334094 0.36466764652223493 0.8841263169897378
0 0.44967938198403645 0.9129346761687572 0.45148860661345497 0.8773264526795895 0.41028544127708094 0.873388007981756 0.40757100228050175 0.9098243101482326 0.44967938198403645 0.9129346761687572
0 0.44416675028506275 0.7524577765108325 0.45030028620296464 0.7412787434435576 0.4234583101482326 0.7310946727480045 0.42051209464082095 0.7466987559863171 0.44416675028506275 0.7524577765108325
0 0.4602030809578107 0.7182855689851768 0.4271032451539339 0.7093924811858608 0.4274880672748005 0.7212775689851767 0.4517052690992018 0.7288294925883694 0.4602030809578107 0.7182855689851768