0 0.8508268129988598 0.9625528323831243 0.8910149954389966 0.932824259977195 0.8606333762827822 0.8900056339794755 0.8195806579247434 0.9097103797035349 0.8508268129988598 0.9625528323831243
0 0.37882368187001136 0.9237219304446979 0.4050253797035348 0.9639918437856329 0.4374188038768529 0.9440645096921323 0.406497858608894 0.9032151470923603 0.37882368187001136 0.9237219304446979
0 0.8426661379703534 0.7314639201824402 0.8071155667046751 0.7575776043329533 0.8431187274800456 0.7960630877993159 0.8729567080957811 0.7750112565564424 0.8426661379703534 0.7314639201824402
0 0.8956558939566704 0.6608752770809578 0.8729304207525656 0.6849775803876853 0.89403717331813 0.713073330672748 0.9234590034207526 0.6929747628278221 0.8956558939566704 0.6608752770809578
0 1 0.2523788198403649 0.9756522166476624 0.2678951619156214 0.9904856989737743 0.3031831265678449 1 0.29607436259977193 1 0.2523788198403649
0 0.9532317856328393 0.055374010262257696 0.9504974013683011 0.053245217787913336 0.9048195632839224 0.047205344355758266 0.9136471049030787 0.06067372862029646 0.9532317856328393 0.055374010262257696
0 0.7693468734321551 0.03100272976054732 0.7892845450399087 0.10277531470923602 0.8329842155074116 0.09078345496009123 0.8171963489167616 0.036446566704675026 0.7693468734321551 0.03100272976054732
0 0.22036396123147092 0 0.22021105929304446 0.020352083238312425 0.260468251995439 0.019319251995438994 0.25966793272519956 0 0.22036396123147092 0
0 0.49582629988597493 0.136665929304447 0.5357708483466362 0.12842250057012541 0.5317021391106044 0.09326143899657925 0.4924931847206385 0.10039876966932726 0.49582629988597493 0.136665929304447
0 0.42679148232611175 0.09890719156214367 0.42857060205245157 0.13318891790193843 0.4599052029646522 0.12921867616875712 0.45812578335233756 0.09737540136830103 0.42679148232611175 0.09890719156214367
0 0.36921261915621434 0.7336904207525656 0.3399258244013683 0.7575868791334093 0.36689535233751425 0.7989113511972634 0.3987505940706956 0.7809439783352338 0.36921261915621434 0.7336904207525656
0 0.5007472907639681 0.9697692223489168 0.5304928084378563 0.9519064549600912 0.5076509692132269 0.9281849817559863 0.4874791995438996 0.9412458916761688 0.5007472907639681 0.9697692223489168
0 0.13661731128848348 0.5694701094640822 0.14052718358038768 0.6010271379703536 0.17880805473204103 0.5965764139110604 0.17338268072976054 0.5578484298745724 0.13661731128848348 0.5694701094640822
0 0.05733035461801596 0.5615263740022806 0.06686609122006841 0.6009463819840365 0.11022221550741164 0.5917396636259977 0.1043560992018244 0.5541524059293045 0.05733035461801596 0.5615263740022806
0 0.04517494070695553 0.26540337058152796 0.05090621436716078 0.2870239304446978 0.08346249942987458 0.2828479167616876 0.0805432212086659 0.25540320296465224 0.04517494070695553 0.26540337058152796