0 0.9940593774230331 0.20247680501710377 0.992448181299886 0.16919092360319268 0.9521511505131129 0.17193937742303306 0.9550010467502851 0.20942104446978338 0.9940593774230331 0.20247680501710377
0 1 0.2917289338654504 0.9993727639680731 0.28850527137970355 0.9631797400228049 0.29277756784492587 0.9759168175598631 0.3250683181299886 1 0.32481581755986316 1 0.2917289338654504
0 1 0.34866491790193843 0.9833051641961231 0.35163297605473204 0.9896327616875712 0.40861820638540475 1 0.40898023945267964 1 0.34866491790193843
0 0.77307596009122 0.4965906374002281 0.7388635062713798 0.563238802736602 0.8190573671607754 0.6089591299885975 0.8545567251995438 0.5451263409350057 0.77307596009122 0.4965906374002281
0 0.6149778107183581 0.7762856613454959 0.5800410296465223 0.8636758700114026 0.6317383033067275 0.8917878289623717 0.6602823625997719 0.7889447913340935 0.6149778107183581 0.7762856613454959
0 0 0.7668216795895096 0.016356355758266817 0.7692272736602052 0.026643684150513113 0.7128206852907639 0 0.7074041995438995 0 0.7668216795895096
0 0 0.6513692702394527 0.048811165336374 0.6734422063854049 0.07854722348916761 0.5761769783352337 0 0.5445824914481185 0 0.6513692702394527
0 0.6914978905359179 0.33174943671607754 0.6792612770809577 0.3645517423033067 0.7064210296465222 0.380729771949829 0.7228113614595211 0.3480725165336374 0.6914978905359179 0.33174943671607754
0 0.6294802770809579 0.32127711060433295 0.6089377901938426 0.35378936830102625 0.6525675267958951 0.3746966362599772 0.668909543899658 0.343422913340935 0.6294802770809579 0.32127711060433295
0 0.7296516476624857 0.19185982896237172 0.7159832428734321 0.22599579019384264 0.7620451322690992 0.2566798323831243 0.7813006624857469 0.22135375712656782 0.7296516476624857 0.19185982896237172
0 0.8318053124287342 0.12481378563283924 0.8029223774230331 0.11826898631698975 0.7949859863169898 0.1470658015963512 0.8113110832383124 0.15594407297605475 0.8318053124287342 0.12481378563283924
0 0.6714023420752565 0.07352205701254276 0.6915431231470924 0.09222541619156215 0.7122803192702395 0.0541822086659065 0.6808203990877992 0.04200810718358039 0.6714023420752565 0.07352205701254276
0 0.6421813728620297 0.0766572953249715 0.6739793261117446 0.07915135803876852 0.6740429441277082 0.037617339794754845 0.6378514275940708 0.04189125313568986 0.6421813728620297 0.0766572953249715
0 0.610449385404789 0.1516987023945268 0.6048952702394527 0.19165576966932726 0.6556903728620296 0.20589028962371722 0.6693105176738883 0.1731362976054732 0.610449385404789 0.1516987023945268
0 0.020907275940706956 0.0037338426453819838 0.019168844925883697 0.05351599885974915 0.12801942873432154 0.0725467354618016 0.127472157354618 0.008838826681870011 0.020907275940706956 0.0037338426453819838
0 0.07971486545039909 0 0.08182795438996579 0.00586123945267959 0.13291283352337513 0.0117976921322691 0.1355569771949829 0 0.07971486545039909 0
0 0.3370750695553022 0.11999970353477765 0.39282798175598627 0.15102059977194981 0.4051128004561004 0.11683788597491448 0.35623402622576966 0.08743913226909919 0.3370750695553022 0.11999970353477765
0 0.45833928050171036 0.25991856100342076 0.45178636602052447 0.288765251995439 0.4830530843785633 0.3064719190421893 0.49796174914481184 0.27653179817559864 0.45833928050171036 0.25991856100342076
0 0.76026792018244 0.08358111060433296 0.7171230661345496 0.06011576966932725 0.6872636989737743 0.12402043443557584 0.726113369441277 0.14292997491448117 0.76026792018244 0.08358111060433296
0 0.6883199578107184 0.5446213283922463 0.6706301060433295 0.5748692633979475 0.7113522690992019 0.6081654173318131 0.7308522086659065 0.568660953249715 0.6883199578107184 0.5446213283922463