0 0.1758999566704675 0.500753897377423 0.2429574629418472 0.531934448118586 0.25946620068415055 0.5009686590649943 0.19468349144811858 0.46629867502850625 0.1758999566704675 0.500753897377423
0 0.3324405290763968 0.3575866100342075 0.30232454275940707 0.338425669327252 0.25846546066134546 0.427283275940707 0.2923166202964652 0.44384351539338657 0.3324405290763968 0.3575866100342075
0 0.3604318255416191 0.5493253831242874 0.3851623283922463 0.5619957251995439 0.4071792816419612 0.5242374070695554 0.3777918722919042 0.5097545587229191 0.3604318255416191 0.5493253831242874
0 0.6180226431014824 0.35261184606613455 0.5815345929304446 0.3382593397947548 0.570773196123147 0.37185604675028505 0.6081370296465223 0.38546990193842645 0.6180226431014824 0.35261184606613455
0 0.5041434982896237 0.8234409509692133 0.5756818643101482 0.8440000935005701 0.5954816909920182 0.7722409099201825 0.5361954161915622 0.7455952497149373 0.5041434982896237 0.8234409509692133
0 0.5494527582668187 1 0.5684039840364881 0.9674896351197264 0.5107123717217787 0.9450871459521094 0.49822066248574687 0.9813702383124288 0.5317601687571266 1 0.5494527582668187 1
0 0.669611038768529 0.8302003340935006 0.7418916031927023 0.8593718289623717 0.7603385142531357 0.8048906944127708 0.683990070695553 0.7830941345496009 0.669611038768529 0.8302003340935006
0 0.896811598631699 0.7400840558722919 0.9318931356898518 0.7523453911060434 0.946392598631699 0.6995179931584948 0.9098057993158495 0.6887770615735462 0.896811598631699 0.7400840558722919
0 0.811567086659065 0.36724827936145954 0.844821094640821 0.38580787343215506 0.8775562736602053 0.3280554652223489 0.8446520604332953 0.30895741049030784 0.811567086659065 0.36724827936145954
0 0.7316421824401369 0.2779175701254276 0.7459876647662486 0.2849400900798176 0.7561659201824401 0.2512316237172178 0.7358197480045611 0.2460670022805017 0.7316421824401369 0.2779175701254276
0 0.6894793261117446 0.24613228164196124 0.7214376830102622 0.262022165336374 0.7304103740022805 0.24592282098061574 0.6977628244013683 0.22838681413911058 0.6894793261117446 0.24613228164196124
0 0.22577879475484608 0.9405101641961231 0.25945445496009123 0.9506852291904219 0.27031020752565565 0.9113622542759406 0.2378833283922463 0.8968918654503991 0.22577879475484608 0.9405101641961231
0 0.24730156670467504 0.7178685370581528 0.26236453705815277 0.6838998369441277 0.2153794070695553 0.6644841801596351 0.19888928164196124 0.696058449258837 0.24730156670467504 0.7178685370581528
0 0.38691975142531354 0.20788600228050172 0.4048298848346636 0.1623734732041049 0.3702333363740023 0.1538324047890536 0.35397053819840363 0.18726704218928164 0.38691975142531354 0.20788600228050172
0 0.33949303648802737 0.21560334777651083 0.37065987799315847 0.23557341733181297 0.3813255404789054 0.21435938540478905 0.34986493842645383 0.19644923489167618 0.33949303648802737 0.21560334777651083
0 0.18565137400228052 0.38530595210946406 0.1983646921322691 0.3914063489167617 0.22184636830102625 0.3448597970353478 0.209127511972634 0.3360364401368301 0.18565137400228052 0.38530595210946406
0 0.6544392633979476 0.15282576966932726 0.7226760581527937 0.18725827366020523 0.7392112177879133 0.1260544686431015 0.6706863124287343 0.10033488483466363 0.6544392633979476 0.15282576966932726