0 0.8061137753705815 0.2949836271379704 0.8559525165336374 0.2995527616875712 0.8548266875712657 0.2740304606613455 0.8067535108323831 0.275401913340935 0.8061137753705815 0.2949836271379704
0 0.2348223660205245 0.6387985484606613 0.2798480843785633 0.6467377970353477 0.2834567103762828 0.6262722611174458 0.23843099201824403 0.6183330125427594 0.2348223660205245 0.6387985484606613
0 0.07762094184720639 0.20592289167616876 0.08452077080957811 0.17478231356898516 0.05383583352337514 0.1581179486887115 0.04709991220068415 0.19631925769669326 0.07762094184720639 0.20592289167616876
0 0.07320887115165335 0.21499138996579248 0.045896856328392244 0.20314212770809578 0.0365144275940707 0.2563525233751425 0.059572777651083236 0.26041833181299884 0.07320887115165335 0.21499138996579248
0 0.08541619726339794 0.27341595781071837 0.08212807183580388 0.28409154161915623 0.1879892314709236 0.3140115028506271 0.19039507297605474 0.30036729988597494 0.08541619726339794 0.27341595781071837
0 0.09063037058152792 0.2518262052451539 0.08846519498289625 0.2641055256556442 0.17955920182440138 0.2900159087799316 0.18244610262257696 0.27364348004561 0.09063037058152792 0.2518262052451539
0 0.10603698745724059 0.23625560889395666 0.10708136830102623 0.24628622576966933 0.18067872862029646 0.26770416077537057 0.1849302417331813 0.25157393500570124 0.10603698745724059 0.23625560889395666
0 0.11012694412770808 0.21306030786773092 0.11068999429874572 0.2258206898517674 0.21454465336374004 0.2511664834663626 0.21695022348916762 0.23752381870011402 0.11012694412770808 0.21306030786773092
0 0.2096446818700114 0.21513223375142532 0.11718552109464082 0.1889827251995439 0.1151824424173318 0.20832404446978336 0.20587368757126567 0.22853731128848348 0.2096446818700114 0.21513223375142532
0 0.13668705473204107 0.17413258608893958 0.12882168529076396 0.18681412656784493 0.17424989623717219 0.20045203192702396 0.17665573660205244 0.18680782782212088 0.13668705473204107 0.17413258608893958
0 0.2682804948688711 0.5687315165336374 0.26443147434435577 0.5905603956670468 0.2948490592930445 0.6015515222348917 0.30262936145952113 0.5733808312428734 0.2682804948688711 0.5687315165336374
0 0.7906241847206386 0.289942298745724 0.7918295883694412 0.2694290353477765 0.7229007058152794 0.26028956100342077 0.7189816841505131 0.28251544127708095 0.7906241847206386 0.289942298745724