0 0.2330724777651083 1 0.2350802497149373 0.9966714925883695 0.18710181185860889 0.9591841927023945 0.16380921094640818 1 0.2330724777651083 1
0 0.37177340364880274 0.926929330672748 0.3501357069555302 0.9823575621436716 0.38945715393386543 0.9968693728620297 0.4072478836944127 0.9423525963511973 0.37177340364880274 0.926929330672748
0 0.2438387913340935 0.8510079954389966 0.23154493956670466 0.8875229236031927 0.2662883135689852 0.8979506202964652 0.27721156100342076 0.8607526282782212 0.2438387913340935 0.8510079954389966
0 0.082206417331813 1 0.12270955302166477 0.9282040695553022 0.06642045724059292 0.8911329042189281 0.06148109236031927 0.9195665940706956 0.07422049258836945 1 0.082206417331813 1
0 0.04507444925883695 0.4607784652223489 0.031195126567844924 0.4867237867730901 0.05960886887115165 0.5068691083238313 0.07867960775370582 0.4755960763968073 0.04507444925883695 0.4607784652223489
0 0.06685158380843785 0.1092611984036488 0.07657769555302166 0.12485354161915621 0.10071206727480046 0.10660340478905359 0.09663221664766249 0.09222080957810719 0.06685158380843785 0.1092611984036488
0 0.05216273318129988 0.09205027023945268 0.061161823261117444 0.10745718700114025 0.08904535461801596 0.08981554389965792 0.08049352337514254 0.07373663740022804 0.05216273318129988 0.09205027023945268
0 0.31415134549600915 0.1467395370581528 0.39640647320410494 0.18000182668187 0.4092469635119726 0.1473078015963512 0.33469030102622577 0.11643626567844925 0.31415134549600915 0.1467395370581528
0 0.3812817502850627 0.25513663968072975 0.4150549498289624 0.26361396579247437 0.4240999395667047 0.22971921778791332 0.3921134139110604 0.21735042075256558 0.3812817502850627 0.25513663968072975
0 0.36941929418472064 0.22274985062713798 0.35032353591790194 0.2113451117445838 0.325016929304447 0.2790768905359179 0.3438643717217788 0.2881147730900798 0.36941929418472064 0.22274985062713798
0 0.37490638882554167 0.26877057240592933 0.3592335450399088 0.25622412656784493 0.3384192759407069 0.3106186328392246 0.35291676168757125 0.3149351197263398 0.37490638882554167 0.26877057240592933
0 0.46064914823261116 0 0.45277457582668185 0.0012472098061573546 0.44558354503990877 0.016513209806157354 0.48846041961231473 0.03316707525655644 0.5038381265678449 0 0.46064914823261116 0
0 0.719684314709236 0.2962202474344356 0.7559115188141391 0.31122213683010264 0.7730660695553021 0.27544180957810716 0.7334913819840364 0.26066953249714936 0.719684314709236 0.2962202474344356
0 0.8284448437856328 0.283502905359179 0.8692276088939568 0.2872647023945268 0.876944394526796 0.2487695290763968 0.836790267958951 0.2455108985176739 0.8284448437856328 0.283502905359179
0 0.8537246134549601 0.8908744675028507 0.8137783945267959 0.8737564310148233 0.7873002075256555 0.9416721892816419 0.8293039817559863 0.952813518814139 0.8537246134549601 0.8908744675028507
0 0.36063329076396805 0.37503194298745723 0.34106690992018246 0.42472016875712654 0.35943321208665907 0.42812331927023944 0.3759667229190422 0.3846263888255416 0.36063329076396805 0.37503194298745723
0 0.2802418574686431 0.872294118586089 0.25248261687571266 0.9401121984036488 0.3285617844925884 0.9650348209806158 0.3485315655644242 0.8939418358038769 0.2802418574686431 0.872294118586089
0 0 0.4946748095781072 0.007210378563283923 0.4983375632839224 0.027586290763968072 0.4373998244013683 0 0.4200948825541619 0 0.4946748095781072