0 0.5229951277080958 0.2916977206385405 0.557134314709236 0.2750675610034208 0.5378440820980616 0.2404975085518814 0.5051202987457241 0.26109203762827826 0.5229951277080958 0.2916977206385405
0 0.09480584834663626 0.4974717525655645 0.11446009464082098 0.5281084948688711 0.1515587787913341 0.512123834663626 0.13464276624857469 0.47752958950969215 0.09480584834663626 0.4974717525655645
0 0.6314019828962372 0.8513608574686431 0.6431847274800455 0.8907709350057013 0.6691014435575826 0.8859209418472064 0.664094709236032 0.8495561493728621 0.6314019828962372 0.8513608574686431
0 0.7928481379703535 0.7537917457240594 0.8020875507411631 0.7688037194982896 0.8624099578107184 0.749065985176739 0.8535591106043329 0.7288037434435576 0.7928481379703535 0.7537917457240594
0 0 0.8690747377423033 0.0033083135689851765 0.8742557229190422 0.06836960889395667 0.8551961094640821 0.0659978038768529 0.8379817810718359 0 0.8593759270239453 0 0.8690747377423033
0 0.1447110228050171 0.7003048597491448 0.15673218358038768 0.7260560809578107 0.19140282668187 0.7129998027366021 0.17556266590649944 0.6849018859749145 0.1447110228050171 0.7003048597491448
0 0.05853640022805018 0.46594958722919044 0.06365231584948688 0.46203827594070696 0.03871189851767389 0.4109561630558723 0.004624550741163055 0.42461646294184724 0.024791092360319268 0.460014433295325 0.037965616875712656 0.4537105872291904 0.05128964424173318 0.4729523055872292 0.05853640022805018 0.46594958722919044
0 0.13121064310148234 0.31693429418472063 0.1410660022805017 0.330769338654504 0.20526132155074117 0.29327930330672747 0.19152282326111744 0.28077200456100343 0.13121064310148234 0.31693429418472063
0 0.14742004332953249 0.34097866134549604 0.15911545724059292 0.35128121892816416 0.21614697377423034 0.3160415017103763 0.20714906157354618 0.30420453819840365 0.14742004332953249 0.34097866134549604
0 0.3823979475484607 0.8618636123147092 0.39280236374002275 0.878085165336374 0.43108836830102626 0.8621212291904219 0.4171826054732041 0.8422755176738882 0.3823979475484607 0.8618636123147092
0 0.19412805701254277 0.7950192314709236 0.1992740524515393 0.8063951482326112 0.26528427822120865 0.8010135541619156 0.26435607297605473 0.7861482155074117 0.19412805701254277 0.7950192314709236