0 0.20730777423033067 0.2782138551881414 0.2032385792474344 0.3132638893956671 0.2606451835803877 0.30374446522234894 0.257491417331813 0.2687622143671608 0.20730777423033067 0.2782138551881414
0 0.08250846978335233 0.09871903420752566 0.08470555530216647 0.119736503990878 0.12938583010262258 0.11667668301026225 0.1335548015963512 0.09245032041049031 0.08250846978335233 0.09871903420752566
0 0.2100642269099202 0.32461990079817554 0.21079116647662485 0.35951600684150514 0.25856613568985176 0.35350045496009125 0.25455222006841505 0.32047860091220065 0.2100642269099202 0.32461990079817554
0 0.22985189167616876 0.39068117787913337 0.2362850205245154 0.4459712451539339 0.2838558631698974 0.4387890410490308 0.27964031242873433 0.38411703648802736 0.22985189167616876 0.39068117787913337
0 0.1406984047890536 0.46463288711516537 0.14168429988597492 0.49758733979475483 0.17095566818700114 0.49604029076396805 0.17437038084378562 0.46411703420752565 0.1406984047890536 0.46463288711516537
0 0.13412659977194982 0.31452642645381984 0.13863319498289622 0.3571809452679589 0.1713085701254276 0.3544323557582668 0.17617148688711518 0.3102066567844926 0.13412659977194982 0.31452642645381984
0 0.6566538415051311 0.1014058677309008 0.654338834663626 0.13614659179019384 0.6859475826681869 0.134187401368301 0.6915981094640821 0.10126700000000001 0.6566538415051311 0.1014058677309008
0 0.8077775005701254 0.08825751767388826 0.81155982668187 0.12167560661345496 0.8470539361459521 0.11782550171037628 0.845655897377423 0.08253366932725201 0.8077775005701254 0.08825751767388826
0 0.7492201710376283 0.08955021778791333 0.7509887514253135 0.12693449486887115 0.7774044150513113 0.12287802394526796 0.7790333979475486 0.08765694184720639 0.7492201710376283 0.08955021778791333
0 0.25925712656784494 0.6822499087799316 0.2612411630558723 0.7174368289623717 0.33832236716077535 0.7032424230330673 0.3331389931584949 0.6704267765108324 0.25925712656784494 0.6822499087799316
0 0.26321712428734323 0.7235141596351198 0.26143460547320413 0.7595651356898518 0.29923609464082096 0.7516954811858609 0.2998997445838084 0.7178472588369441 0.26321712428734323 0.7235141596351198
0 0.36810453591790193 0.7131494389965792 0.37139101026225774 0.7642710250855188 0.4074729258836944 0.7603172748004562 0.40514955644241735 0.7095288198403649 0.36810453591790193 0.7131494389965792
0 0.3246416259977195 0.7795222326111744 0.3296804196123147 0.8457106191562144 0.39843617103762824 0.8390085496009123 0.3974597126567845 0.7753341915621437 0.3246416259977195 0.7795222326111744
0 0.1887683717217788 0.8757406488027366 0.18754528392246295 0.9081167776510832 0.24013454275940707 0.9054695313568984 0.23959565564424173 0.8682206522234892 0.1887683717217788 0.8757406488027366
0 0.13662857582668186 0.7219408791334093 0.13946692132269098 0.7756499030786773 0.1887904150513113 0.7681586602052453 0.19018135803876854 0.7179195051311289 0.13662857582668186 0.7219408791334093
0 0.04530948916761687 0.6878713033067275 0.04252684150513113 0.7216695393386545 0.07403248574686432 0.7191256180159635 0.07129240136830102 0.6864804766248574 0.04530948916761687 0.6878713033067275
0 0.08064807411630559 0.6848308187001141 0.08111899429874572 0.7148647012542759 0.1068801755986317 0.7139350068415051 0.1052067172177879 0.6805004675028506 0.08064807411630559 0.6848308187001141
0 0.1088986362599772 0.6364812462941848 0.1452898631698974 0.6342816841505131 0.14385720752565564 0.5953832576966933 0.10805098175598632 0.5974812542759407 0.1088986362599772 0.6364812462941848
0 0.047918005701254276 0.6052157411630559 0.050771392246294185 0.641913717217788 0.07932003762827822 0.6362769110604333 0.08056868871151653 0.6023271242873433 0.047918005701254276 0.6052157411630559
0 0.342607842645382 0.8608980889395667 0.34809414595210947 0.9159473500570126 0.3791879179019384 0.9110675883694412 0.37820686545039905 0.8576339817559863 0.342607842645382 0.8608980889395667
0 0.14283166020524515 0.9075681961231471 0.1408867001140251 0.8914088757126568 0.06317836259977194 0.8969177286202965 0.06539166362599771 0.9145988836944128 0.14283166020524515 0.9075681961231471
0 0.43176642531356896 1 0.4315857149372862 0.9723006362599772 0.36131533067274796 0.9840898779931585 0.3570894640820981 1 0.43176642531356896 1
0 0.7303539064994299 0.7775345883694412 0.7285596966932726 0.8169385336374002 0.8165751220068416 0.8134661242873432 0.8187203261117446 0.7709238643101483 0.7303539064994299 0.7775345883694412
0 0.794697141391106 0.8962557696693272 0.794320700114025 0.9300232029646522 0.8311920159635119 0.9271360798175599 0.8339889190421893 0.8917090615735462 0.794697141391106 0.8962557696693272
0 0.5978053021664766 0.6618073169897378 0.6022273454960091 0.7091112143671607 0.639650038768529 0.7025125838084378 0.6325808882554163 0.6555739007981756 0.5978053021664766 0.6618073169897378
0 0.7282250057012543 0.8167500387685291 0.7316370547320411 0.8754223432155075 0.7857476009122006 0.8472100376282782 0.7821455575826681 0.816524023945268 0.7282250057012543 0.8167500387685291
0 0.6819776556442418 0.29289413340935005 0.683961125427594 0.33149711060433296 0.7198355678449259 0.3263757115165336 0.7183000786773089 0.286894094640821 0.6819776556442418 0.29289413340935005
0 0.7936321311288485 0.36877712086659065 0.8512795598631699 0.36403374914481185 0.8444769099201825 0.3357208175598632 0.7902014287343215 0.3458923717217788 0.7936321311288485 0.36877712086659065
0 0.9799613477765109 0.45442095096921326 0.9830455256556443 0.46849292360319267 0.9995541368301026 0.46979761801596354 0.9981905176738883 0.45317404561003416 0.9799613477765109 0.45442095096921326
0 1 0.4871875108323831 0.9832453500570125 0.4901418072976054 0.9835844127708095 0.505741803876853 1 0.5028472941847206 1 0.4871875108323831
0 0.5767538597491448 0.5219030262257697 0.5792305222348917 0.5547548631698974 0.6112193318129988 0.5515228392246294 0.6119514675028506 0.5146527525655644 0.5767538597491448 0.5219030262257697
0 0.5616649247434435 0.29784899543899657 0.5599668882554162 0.339508 0.6196108472063855 0.32899116077537055 0.6157679794754846 0.293529094640821 0.5616649247434435 0.29784899543899657
0 0.5380903557582668 0.23253636830102623 0.5443737058152794 0.26817102166476625 0.5944181117445837 0.264768267958951 0.5933291128848347 0.23122908551881413 0.5380903557582668 0.23253636830102623