0 0.971927401368301 0.20627916989737743 0.9889078700114025 0.17363542303306728 0.9218391539338655 0.14149713454960092 0.9029753671607754 0.17129393614595212 0.971927401368301 0.20627916989737743
0 0.7498048004561003 0.03834758608893957 0.7534618916761687 0.07502042189281642 0.8052372257696693 0.06902233409350057 0.7989748129988598 0.034257212086659064 0.7498048004561003 0.03834758608893957
0 0.7063291824401369 0.15441994754846067 0.711186725199544 0.17442979931584948 0.7605876351197263 0.16848961231470924 0.7528135302166477 0.141519496009122 0.7063291824401369 0.15441994754846067
0 0.8406239600912201 0.5123808745724059 0.8153206921322691 0.536412961231471 0.8471291493728621 0.5626047537058152 0.8776678517673888 0.5354224104903078 0.8406239600912201 0.5123808745724059
0 0.9424922098061573 0.5883563808437857 0.9550929304446978 0.5748599635119727 0.917040038768529 0.5399823683010262 0.9059806807297606 0.555040007981756 0.9424922098061573 0.5883563808437857
0 0.95772865336374 0.5652715119726339 0.9863423044469783 0.534002298745724 0.9632345564424173 0.5187822896237172 0.9404455096921323 0.546714944127708 0.95772865336374 0.5652715119726339
0 0.7867634880273661 0.9606008095781072 0.815066787913341 0.9714837297605473 0.8383192223489168 0.9398076225769669 0.7985138791334093 0.9227989486887115 0.7867634880273661 0.9606008095781072
0 0.15577347890535917 0.6021787023945268 0.1142070763968073 0.5858240741163055 0.08587646408209806 0.6592246978335233 0.12326171835803877 0.6749389190421893 0.15577347890535917 0.6021787023945268
0 0.43518327137970353 0.04577443215507412 0.4374807844925884 0.009487769669327252 0.3825695929304447 0.01079712770809578 0.38601487457240596 0.049866313568985174 0.43518327137970353 0.04577443215507412
0 0.06692165108323832 0.38864012884834664 0.10077400684150513 0.4052641379703535 0.11262784264538199 0.3704245347776511 0.07841647206385405 0.36053278107183584 0.06692165108323832 0.38864012884834664
0 0.07331868985176739 0.16346720638540477 0.07088166476624858 0.21281669441277082 0.10272903876852908 0.2146032006841505 0.11086776168757126 0.16690416875712658 0.07331868985176739 0.16346720638540477
0 0.8934221391106043 0.9865661687571265 0.900992424173318 0.9821352075256556 0.8429687058152794 0.9453080843785632 0.8159515667046751 0.979762582668187 0.8293362018244014 0.9888040980615735 0.8934221391106043 0.9865661687571265
0 0.1526751801596351 0.5304681470923603 0.13804767046750285 0.5879589737742303 0.19043844127708096 0.6080912633979475 0.21744276624857467 0.5477949076396808 0.1526751801596351 0.5304681470923603