0 0.07891794526795895 0.13744613911060433 0.1155591299885975 0.08881845496009122 0.07640779019384264 0.051140417331813 0.03287638198403649 0.09093996579247435 0.07891794526795895 0.13744613911060433
0 0.29591905929304446 0.09672621664766248 0.26462455302166477 0.04867163511972634 0.23039888483466361 0.07286610604332953 0.2656451778791334 0.12080541961231471 0.29591905929304446 0.09672621664766248
0 0.19143324287343216 0.2092016100342075 0.1712546465222349 0.1760982542759407 0.1403940102622577 0.19516288255416192 0.16171971835803878 0.22725171151653362 0.19143324287343216 0.2092016100342075
0 0.09935195210946408 0.6326181208665906 0.07283697719498289 0.6073465632839224 0.05060540250855188 0.6341594663625998 0.07072694184720638 0.6556284903078677 0.09935195210946408 0.6326181208665906
0 0.215917661345496 0.9982837160775371 0.21613600456100343 0.9833352531356898 0.1881005085518814 0.971953409350057 0.18274140136830103 0.9895317594070695 0.215917661345496 0.9982837160775371
0 0.4395966921322691 0.9132794150513113 0.503622755986317 0.8641631174458381 0.48275795895096923 0.8359064777651083 0.41191451995438993 0.8893245758266818 0.4395966921322691 0.9132794150513113
0 0.46894465450399087 0.8009416316989737 0.4966399851767389 0.7807155689851767 0.47913059064994296 0.750316771949829 0.4487022782212086 0.7672463876852907 0.46894465450399087 0.8009416316989737
0 0.40402449714937283 0.7450762873432155 0.388158441277081 0.7586842884834664 0.43013302052451535 0.817558330672748 0.44562634207525653 0.8015998529076397 0.40402449714937283 0.7450762873432155
0 0.4058268164196123 0.716826890535918 0.3929405096921323 0.7247485222348917 0.4271238848346636 0.7719024503990878 0.43901542987457237 0.7557270855188142 0.4058268164196123 0.716826890535918
0 0.5725733306727481 0.9810963922462941 0.583470464082098 0.99398103990878 0.6383338859749145 0.9882146624857469 0.609678873432155 0.9539126419612314 0.5725733306727481 0.9810963922462941
0 0.7874786396807298 0.6707434629418473 0.8218815051311288 0.6462318563283922 0.796050850627138 0.6161106385404789 0.7649408346636261 0.6399776419612315 0.7874786396807298 0.6707434629418473
0 0.8911810444697834 0.6586498597491448 0.9291235564424174 0.6451096123147092 0.9117064298745724 0.6099233808437856 0.8732869281641962 0.6241123534777652 0.8911810444697834 0.6586498597491448
0 0.6639183614595211 0 0.7063513728620296 0.05776718586088939 0.7405059828962373 0.03089359064994299 0.7176311003420752 0 0.6639183614595211 0
0 0.41005394184720634 0.6435445245153935 0.3828259635119726 0.6058089042189281 0.3659662770809578 0.6138496442417332 0.39772620980615736 0.6567806328392246 0.41005394184720634 0.6435445245153935
0 0.25173307753705815 0.15868432269099203 0.2140435313568985 0.09518233181299887 0.14700714709236032 0.13894647320410491 0.19137312542759405 0.19726908779931585 0.25173307753705815 0.15868432269099203
0 0.024432047890535918 0.6291491288483466 0.013138319270239453 0.6392930273660206 0.036829288483466366 0.7075483694412771 0.05988551539338654 0.6827367913340935 0.024432047890535918 0.6291491288483466