0 0.44904757240592935 0.9280903797035347 0.4001072223489167 0.9174681026225769 0.3922356168757127 0.947230267958951 0.44502350285062714 0.958258945267959 0.44904757240592935 0.9280903797035347
0 0.9319788985176739 0.5051899452679589 0.9360650775370581 0.47324277651083235 0.868790401368301 0.4601947890535918 0.8641844982896237 0.4985183283922463 0.9319788985176739 0.5051899452679589
0 0.9528750741163056 0.40013802964652223 0.947591425313569 0.3642974241733181 0.8880867673888255 0.3669739338654504 0.89163734663626 0.4014485359179019 0.9528750741163056 0.40013802964652223
0 0.10954384606613454 0.6464343546180159 0.1100283078677309 0.6155480741163055 0.06579205815279361 0.606278290763968 0.06493246294184721 0.647951802736602 0.10954384606613454 0.6464343546180159
0 0.16268311744583808 0.6898887981755986 0.16994356328392246 0.6521082314709236 0.1462303135689852 0.6506860342075257 0.14112477993158495 0.6862592120866591 0.16268311744583808 0.6898887981755986
0 0.9133566898517674 0.45996874116305586 0.9124486100342075 0.43497807753705814 0.8799143534777651 0.43086983238312426 0.8747016054732041 0.4525448631698974 0.9133566898517674 0.45996874116305586
0 0.6784713842645382 0.6021188950969213 0.6790724732041049 0.5849059486887116 0.6424067833523376 0.5800593204104902 0.6415564401368301 0.5959033580387686 0.6784713842645382 0.6021188950969213
0 0.6792797434435576 0.578970503990878 0.6792460022805018 0.5629236145952109 0.6461406408209807 0.5582013147092361 0.6431909931584948 0.5745708460661346 0.6792797434435576 0.578970503990878
0 0.67538244013683 0.5544695655644242 0.6700066408209806 0.5382361265678449 0.658119716077537 0.5384151379703535 0.6554473842645382 0.5553947172177879 0.67538244013683 0.5544695655644242
0 0.7738086545039908 0.27086932953249715 0.772098354618016 0.25179333295324974 0.7209202941847207 0.2541665017103763 0.7206722086659065 0.2698220684150513 0.7738086545039908 0.27086932953249715
0 0.7961187251995439 0.210439251995439 0.7966576499429875 0.19500647206385405 0.7433563637400228 0.19017302622576968 0.7380415404789054 0.2062645313568985 0.7961187251995439 0.210439251995439
0 1 0.2861381094640821 0.9848284047890536 0.28477665906499433 0.9786588301026226 0.3083319429874572 1 0.3081414686431015 1 0.2861381094640821
0 0.9838306145952109 0.22828398517673887 0.9896762371721779 0.19699236944127707 0.9512924914481186 0.1903049737742303 0.9327535838084379 0.21930220068415052 0.9838306145952109 0.22828398517673887
0 0.9717324196123147 0.28550756100342073 0.9611343158494869 0.28276101938426457 0.9564193911060433 0.2986420820980616 0.9694133306727479 0.30087817673888256 0.9717324196123147 0.28550756100342073
0 0.9443874139110604 0.3029748118586089 0.9313727525655644 0.3013321071835804 0.9296693340935006 0.3161301094640821 0.9499618323831243 0.31347575370581526 0.9443874139110604 0.3029748118586089
0 0.9722038050171038 0.23798256100342075 0.9597426510832383 0.2375474070695553 0.9572992314709236 0.2564783534777651 0.9786846590649944 0.25655286431014823 0.9722038050171038 0.23798256100342075
0 0.234306929304447 0.9526828950969213 0.24404215393386544 0.9631258859749144 0.254022669327252 0.9495315438996579 0.24417423945267958 0.9423303283922463 0.234306929304447 0.9526828950969213
0 0.21944379817559864 0.9699919110604333 0.22684696921322692 0.979163677309008 0.24173664994298744 0.9696009327251995 0.23058077194982896 0.9573072337514253 0.21944379817559864 0.9699919110604333
0 0.2147666134549601 0.9508107445838085 0.22692453591790196 0.9429161790193843 0.21468380045610033 0.927662503990878 0.20454160661345497 0.9373800912200685 0.2147666134549601 0.9508107445838085
0 0.17622318015963512 0.9316382941847207 0.1835242485746864 0.9437786191562144 0.1985069030786773 0.9315534332953249 0.18556088255416192 0.9194833329532497 0.17622318015963512 0.9316382941847207
0 0.21498923033067274 0.910409527936146 0.228712401368301 0.9257446773090079 0.24611648118586088 0.9207380820980616 0.23602725541619157 0.90341917331813 0.21498923033067274 0.910409527936146