0 0.754475125427594 0.2430408950969213 0.8072612633979476 0.24525411516533638 0.8060207685290764 0.19881689395667046 0.7538948688711516 0.19772832155074116 0.754475125427594 0.2430408950969213
0 0.7737693124287344 0.3072822748004561 0.8065329965792474 0.3121985313568985 0.8094051391106043 0.24861090763968074 0.7750547628278222 0.24565405245153935 0.7737693124287344 0.3072822748004561
0 0.9143071927023945 0.16713683352337513 0.9158181778791334 0.2326502827822121 0.9666450786773091 0.23327836488027368 0.9649459247434435 0.16868022462941848 0.9143071927023945 0.16713683352337513
0 0.8797402565564424 0.16778486316989738 0.8737821345496009 0.11109711516533638 0.8372542428734322 0.11015861459521095 0.8404446795895096 0.16892989167616876 0.8797402565564424 0.16778486316989738
0 0.5963446100342076 0.21010837628278223 0.5938106932725199 0.11783651767388825 0.5202919760547321 0.11720535917901939 0.5223262748004561 0.20475356556442414 0.5963446100342076 0.21010837628278223
0 0.5619583876852908 0.5647721641961231 0.5569667103762828 0.48887818129988597 0.516149449258837 0.49257122690992017 0.5197723865450399 0.5668180091220069 0.5619583876852908 0.5647721641961231
0 0.09842593614595212 0.20572478677309008 0.13321409578107182 0.20147138312428733 0.1261473489167617 0.08877865450399088 0.08961962029646522 0.08784170923603192 0.09842593614595212 0.20572478677309008
0 0.015692673888255418 0.44128820866590646 0.047059030786773086 0.438590062713797 0.04151613568985176 0.3293192941847206 0.0054539327251995435 0.3325125644241733 0.015692673888255418 0.44128820866590646
0 0.17643388369441276 0.6524570444697834 0.23475277651083237 0.6505081972633979 0.23103235233751426 0.592389645381984 0.17050768529076396 0.590392755986317 0.17643388369441276 0.6524570444697834
0 0.6114989612314709 0.7918078015963512 0.6911454287343216 0.7882127844925884 0.6845894207525656 0.7390506328392247 0.6110111379703534 0.7417093477765109 0.6114989612314709 0.7918078015963512
0 0.5662338848346636 0.6395473785632839 0.5040604618015964 0.6389193945267959 0.5024061938426454 0.6743174766248575 0.5722576362599773 0.6741384697833523 0.5662338848346636 0.6395473785632839
0 0.5727111721778791 0.5875243933865449 0.5710535678449259 0.6342662166476625 0.6516294378563284 0.6395288244013683 0.650613015963512 0.590081377423033 0.5727111721778791 0.5875243933865449
0 0.643881771949829 0.5089970456100342 0.637363291904219 0.45833839908779933 0.5643714549600912 0.45705484264538204 0.566508197263398 0.5057859464082098 0.643881771949829 0.5089970456100342
0 0.5702884515393386 0.39971599087799314 0.57210217331813 0.33743365222348914 0.49640765678449256 0.3388222405929305 0.5007826237172177 0.4046332645381984 0.5702884515393386 0.39971599087799314
0 0.27956257126567846 0.0768332086659065 0.3908219350057012 0.07290064538198404 0.38410996807297604 0.027337010262257693 0.2768368848346636 0.02816400456100342 0.27956257126567846 0.0768332086659065
0 0.13634930102622578 0.7312992428734321 0.1963774572405929 0.7285721527936145 0.18975115051311287 0.6916563112884835 0.13604416647662484 0.6943144686431014 0.13634930102622578 0.7312992428734321
0 0.1674596567844926 0.5954892805017103 0.1361236031927024 0.6041560182440137 0.13775887913340934 0.6708520148232612 0.17609369897377425 0.6724945575826682 0.1674596567844926 0.5954892805017103
0 0.3555342417331813 0.7769193386545039 0.4155623990877993 0.7741922497149373 0.4140203990877993 0.7379360672748004 0.3515621607753706 0.7391275074116306 0.3555342417331813 0.7769193386545039
0 0.43616109806157355 0.16903335005701253 0.4803047822120866 0.1685728061573546 0.4770536009122007 0.11070344469783353 0.43017088825541616 0.11772058836944127 0.43616109806157355 0.16903335005701253