0 0.8179213888255416 0.14709921322690991 0.8588837514253136 0.11153017901938427 0.8426010877993159 0.08293697377423033 0.7928767582668188 0.1209027377423033 0.8179213888255416 0.14709921322690991
0 0.9368765188141391 0.2565162953249715 0.9109002006841505 0.28509010376282784 0.9411253158494869 0.3257886590649943 0.9733557958950969 0.3015359828962371 0.9368765188141391 0.2565162953249715
0 0.3649321231470924 0.5040348129988598 0.40861864196123143 0.5669829201824401 0.44042205473204105 0.5451346431014823 0.3965552782212087 0.4838422041049031 0.3649321231470924 0.5040348129988598
0 0.19458759064994297 0.41723882782212085 0.22077772633979476 0.4683285370581528 0.25447981071835807 0.44384138540478907 0.22849893044469782 0.4000000501710376 0.19458759064994297 0.41723882782212085
0 0.2885425792474344 0.5521885895096921 0.32234288141391104 0.5248501425313569 0.27459452337514256 0.4633748996579248 0.2435488677309008 0.48754785632839226 0.2885425792474344 0.5521885895096921
0 0.16956158950969213 0.5955908859749145 0.19388977194982895 0.6200534275940707 0.21858564994298746 0.5987037229190422 0.19878902508551882 0.5709514367160775 0.16956158950969213 0.5955908859749145
0 0.07517687799315849 0.59921803990878 0.1093381755986317 0.5855314161915621 0.087932409350057 0.5517908540478905 0.062322443557582666 0.5686026431014823 0.07517687799315849 0.59921803990878
0 0.22653257354618017 0.7378852873432156 0.2588456727480046 0.7148141026225769 0.2403992166476625 0.6893466362599772 0.2077534344355758 0.7076826191562143 0.22653257354618017 0.7378852873432156
0 0.12410610718358038 0.7712098118586089 0.08403864424173318 0.8025530011402509 0.10768035803876853 0.8341996784492588 0.15503402394526797 0.7964012531356899 0.12410610718358038 0.7712098118586089
0 0.39777356442417333 0.8204553192702394 0.4198138095781072 0.8462682474344355 0.4514946362599772 0.8226445085518814 0.42360338198403646 0.7940423055872291 0.39777356442417333 0.8204553192702394
0 0.6347486852907639 0.7705861026225769 0.6633998871151653 0.7887990501710376 0.6788687548460661 0.7716626282782212 0.6489398460661345 0.7479676442417332 0.6347486852907639 0.7705861026225769
0 0.6202725974914481 0.04437376282782212 0.5896122656784493 0.06554534207525656 0.6064902405929304 0.09409535233751426 0.6442153489167617 0.07183612314709235 0.6202725974914481 0.04437376282782212
0 0.1923344652223489 0.18073551311288483 0.23200349714937285 0.16071801710376282 0.2066124275940707 0.1125437331812999 0.1749330501710376 0.13616580501710376 0.1923344652223489 0.18073551311288483
0 0.39794061687571264 0.2525790969213227 0.35933360547320414 0.27073829646522235 0.37579859293044465 0.3189399863169898 0.41939388141391104 0.3040000399087799 0.39794061687571264 0.2525790969213227
0 0.36763422462941847 0.21069582668187 0.33532112656784496 0.2337670125427594 0.3550617765108324 0.26925297833523376 0.3923642565564424 0.2451609521094641 0.36763422462941847 0.21069582668187
0 0.14176263740022804 0.8621434127708096 0.1835541527936146 0.8384094321550741 0.1676139464082098 0.8062242132269098 0.1244592622576967 0.8359992497149372 0.14176263740022804 0.8621434127708096
0 0.20789364196123147 0.23316380957810717 0.17925850969213225 0.25776184036488026 0.21193567502850624 0.299479330672748 0.2426173842645382 0.27435757582668185 0.20789364196123147 0.23316380957810717
0 0.0744477605473204 0.41017872291904217 0.08556670239452681 0.44151067844925884 0.13987776282782213 0.418090078677309 0.12816651767388826 0.38679954161915625 0.0744477605473204 0.41017872291904217
0 0.04296664196123147 0.36005263055872294 0.05298381185860889 0.3926520285062714 0.09133254389965792 0.3792662246294185 0.07040416875712657 0.34386331128848346 0.04296664196123147 0.36005263055872294
0 0.21340424857468643 0.09066353591790194 0.2704698472063854 0.06407588711516533 0.25753803990877994 0.02809813683010262 0.19899277194982895 0.054804916761687576 0.21340424857468643 0.09066353591790194
0 0.24407784834663626 0.8187161037628278 0.27739699315849486 0.8015203021664766 0.2720768882554162 0.7850215359179019 0.23948955872291905 0.804171047890536 0.24407784834663626 0.8187161037628278
0 0.19637785176738884 0.8345382793614595 0.20143429988597492 0.8472665644241734 0.21777051197263397 0.8425561584948689 0.21160271607753706 0.8267024709236032 0.19637785176738884 0.8345382793614595
0 0.26971235917901937 0.8193012303306728 0.2836947787913341 0.832000551881414 0.29910923033067277 0.8225977012542759 0.28333909007981756 0.8056345735461802 0.26971235917901937 0.8193012303306728
0 0.25088278677309006 0.8224019555302167 0.2624829942987457 0.8435928244013683 0.2748945108323831 0.8338047594070696 0.2656743557582668 0.8211373808437856 0.25088278677309006 0.8224019555302167