0 1 0.48690704903078674 0.9981814481185861 0.4522070114025086 0.9563862611174458 0.4488554344355758 0.9527345370581528 0.4850727468643101 1 0.48813010832383125 1 0.48690704903078674
0 0.5810349201824402 0.14291020524515394 0.6547245131128848 0.14597654275940705 0.6506610376282782 0.09492236602052452 0.5865841379703535 0.08996597377423034 0.5810349201824402 0.14291020524515394
0 0.6012170513112884 0 0.5996298015963512 0.04771437514253135 0.6763031870011402 0.05478159749144812 0.6790859703534777 0.001983913340935006 0.6248781356898518 0 0.6012170513112884 0
0 0.3506446522234892 0.14112795895096922 0.4466143169897377 0.14579763169897378 0.45275108551881416 0.07758297149372863 0.36377086088939564 0.07393170809578108 0.3506446522234892 0.14112795895096922
0 0.46324089509692135 0.06594771949828963 0.5731187115165336 0.07127477194982897 0.5685401391106044 0.03687349942987457 0.4678406259977195 0.02136776738882554 0.46324089509692135 0.06594771949828963
0 0.06330942987457241 0.40282300342075256 0.05965117217787914 0.4653673648802737 0.11535451197263398 0.4693763204104903 0.11617388255416192 0.40559602964652225 0.06330942987457241 0.40282300342075256
0 0 0.4892685313568985 0.0017385541619156215 0.5224421208665906 0.11548306841505131 0.5247924139110605 0.10945128848346637 0.4890841550741163 0 0.4851401961231471 0 0.4892685313568985
0 0.09744476054732042 0.7100231299885975 0.10613068757126567 0.6375160513112885 0.05975047662485747 0.6260918095781073 0.05273667388825541 0.7040532269099202 0.09744476054732042 0.7100231299885975
0 0.09600057696693272 0.9207108905359178 0.1927668118586089 0.9405800171037628 0.2042208141391106 0.8679278688711516 0.1161902394526796 0.8559154458380843 0.09600057696693272 0.9207108905359178
0 0.4351310695553021 0.826728685290764 0.43002449714937285 0.8616375336374003 0.4844885404789054 0.8684808597491449 0.4963690022805017 0.8304475860889396 0.4351310695553021 0.826728685290764
0 0.5013242177879134 0.8191023899657925 0.5727527411630559 0.8319880182440137 0.5741448722919043 0.8055883557582668 0.5000931778791334 0.7956127514253136 0.5013242177879134 0.8191023899657925
0 0.6315846134549601 0.8427596955530217 0.6261077673888255 0.8970848449258837 0.7171237742303307 0.9130996328392246 0.7201961242873431 0.8658271790193842 0.6315846134549601 0.8427596955530217
0 0.6114567388825541 0.6969413933865451 0.6841258722919042 0.7069878905359178 0.6800543044469783 0.682260842645382 0.6104428928164196 0.6775960672748005 0.6114567388825541 0.6969413933865451
0 0.3817719122006841 0.5233085860889395 0.4610684686431015 0.5274657844925884 0.4620969407069555 0.49415693500570124 0.3831640433295325 0.4969089236031927 0.3817719122006841 0.5233085860889395
0 0.3917613318129988 0.47567362257696694 0.46275686088939566 0.480267425313569 0.46174301596351197 0.4609220992018244 0.3868157685290764 0.46069160889395666 0.3917613318129988 0.47567362257696694
0 0.33407341961231474 0.5396632839224629 0.37441375826681866 0.5417063956670467 0.3728929897377423 0.5126884059293044 0.3339367708095781 0.5105743204104903 0.33407341961231474 0.5396632839224629
0 0.33714584948688714 0.4923923888255416 0.3703502816419612 0.4906522189281642 0.3655479817559863 0.47843368072976056 0.3320539030786773 0.4746470615735462 0.33714584948688714 0.4923923888255416
0 0.2360772816419612 0.891549251995439 0.3119117069555302 0.9033575051311289 0.3126079794754846 0.8542756761687571 0.23456075940706955 0.8512374378563283 0.2360772816419612 0.891549251995439
0 0.7615996351197263 0.1072644526795895 0.755406535917902 0.15926765450399086 0.829056410490308 0.15778452337514254 0.8332814070695552 0.11360754846066135 0.7615996351197263 0.1072644526795895