0 0.16296377423033068 0.8645548175598632 0.1601356944127708 0.8292733477765108 0.09818666818700114 0.8218646088939566 0.09792457468643101 0.8557913021664766 0.16296377423033068 0.8645548175598632
0 0.2985071014823261 0.9424756134549601 0.2994817685290764 0.8831745518814139 0.27361515963511973 0.8832825781071836 0.27038761573546183 0.9416256670467502 0.2985071014823261 0.9424756134549601
0 0.42710466704675026 0.8289180592930445 0.42912399657924744 0.7895998802736602 0.37041699429874575 0.7845049167616875 0.364855409350057 0.8215171379703535 0.42710466704675026 0.8289180592930445
0 0.26961232953249714 0.7643357137970354 0.2766891778791334 0.7348263432155074 0.24372578221208666 0.7266044435575826 0.23861009007981757 0.7645969236031928 0.26961232953249714 0.7643357137970354
0 0.4954335758266819 0.48480324401368297 0.49174065108323833 0.45118666704675026 0.440163566704675 0.44662140364880276 0.4395939771949829 0.48436732725199544 0.4954335758266819 0.48480324401368297
0 0.6401509509692132 0.9185129657924744 0.6337743557582668 0.8790673055872292 0.5979681425313569 0.8812032132269099 0.6029965473204105 0.9177744572405929 0.6401509509692132 0.9185129657924744
0 0.6748139167616877 0.9197997274800456 0.7107130125427593 0.9170773797035349 0.7049231014823262 0.8777230581527936 0.664547637400228 0.8821394424173319 0.6748139167616877 0.9197997274800456
0 0.7724761482326112 0.4512099110604333 0.7554474937286203 0.4220859156214367 0.7307796488027365 0.4373983477765108 0.749475228050171 0.46738434663626 0.7724761482326112 0.4512099110604333
0 0.4458788289623717 0 0.44669747092360323 0.006838448118586089 0.5016691379703535 0.008938769669327253 0.5003918483466363 0 0.4458788289623717 0
0 0.06161607297605473 0.7073700262257697 0.054810714937286203 0.6630504104903079 0.025732201824401366 0.6644500102622577 0.024607347776510833 0.705711732041049 0.06161607297605473 0.7073700262257697
0 0.2720950387685291 0.43741794526795896 0.2728112394526796 0.4177139566704675 0.2132674811858609 0.4178920798175599 0.21270871379703535 0.43281653819840366 0.2720950387685291 0.43741794526795896