0 0.6426689578107183 0.9437136499429875 0.6440746465222349 0.9289030513112885 0.5544763534777651 0.9275600045610035 0.552557228050171 0.9452914446978334 0.6426689578107183 0.9437136499429875
0 0.7254821322690992 0.9185618950969213 0.7280572805017104 0.9039575039908779 0.5506179589509692 0.9015812633979475 0.5477087856328392 0.9146607343215507 0.7254821322690992 0.9185618950969213
0 0.6262722976054732 0.8896751208665907 0.6263507343215506 0.8926495541619156 0.8035525815279361 0.899800850627138 0.8067455370581529 0.8816926989737742 0.6235589452679589 0.877700149372862 0.6262722976054732 0.8896751208665907
0 0.44333301254275936 0.8962564697833524 0.4435806088939567 0.8965619167616876 0.5185924732041048 0.8917186989737742 0.5179349338654504 0.8783514401368301 0.439826834663626 0.8802386567844925 0.44333301254275936 0.8962564697833524
0 0.5104332269099202 0.8661874196123148 0.51046351995439 0.852338535917902 0.4330065769669327 0.8471135872291905 0.4342422348916762 0.8657503534777651 0.5104332269099202 0.8661874196123148
0 0.49322761573546176 0.8372522953249715 0.4943573443557583 0.8205874823261117 0.431658149372862 0.8239874732041049 0.43454048004561 0.8332854914481186 0.49322761573546176 0.8372522953249715
0 0.4745765849486887 0.8062567491448118 0.4674536716077537 0.7953637537058152 0.4234989030786773 0.7984561938426454 0.4281103112884835 0.8064962919042189 0.4745765849486887 0.8062567491448118
0 0.4549984355758267 0.7805191516533638 0.45368641163055873 0.7640251140250855 0.418054582668187 0.7643663340935006 0.4165687286202965 0.781341204104903 0.4549984355758267 0.7805191516533638
0 0.44776325199543904 0.7394894412770809 0.4472085438996579 0.725538992018244 0.36005381071835807 0.7240239007981757 0.35990378107183585 0.7334139418472064 0.44776325199543904 0.7394894412770809
0 0.4440061505131129 0.7129272383124287 0.44403644469783354 0.6990783523375143 0.3516506841505131 0.6930281938426454 0.34622339338654506 0.7084211710376283 0.4440061505131129 0.7129272383124287
0 0.45149509350057015 0.6841324093500569 0.44994378563283927 0.6724146955530216 0.41892003876852907 0.6705570695553021 0.41570873318129986 0.6836403842645382 0.45149509350057015 0.6841324093500569
0 0.5682839771949829 0.7535135153933866 0.5684173751425314 0.7390799007981756 0.4612784606613455 0.7346455564424172 0.46768302850627136 0.7479028563283923 0.5682839771949829 0.7535135153933866
0 0.5709607126567845 0.7280841847206385 0.5691319030786773 0.7145119863169898 0.47090065678449256 0.7074295222348918 0.47097647434435574 0.7240958871151654 0.5709607126567845 0.7280841847206385
0 0.5422315575826682 0.6995271984036489 0.5422615803876852 0.6856798529076397 0.4688646670467503 0.684783496009122 0.46771658950969214 0.6964234709236031 0.5422315575826682 0.6995271984036489
0 0.58870017331813 0.8155385496009122 0.5953668893956671 0.8016556123147092 0.5544024675028506 0.7980467639680731 0.5521595701254276 0.8124765096921323 0.58870017331813 0.8155385496009122
0 0.6631242531356899 0.8003517468643102 0.6661112725199544 0.7834115142531357 0.6029635313568986 0.7825168072976055 0.6025073454960092 0.7987720456100342 0.6631242531356899 0.8003517468643102
0 0.6636995438996579 0.7697349452679589 0.6622513397947549 0.7574325028506272 0.6204962531356898 0.7548884697833523 0.619317267958951 0.7701230011402509 0.6636995438996579 0.7697349452679589
0 0.6404294549600912 0.7102180661345496 0.6484746442417332 0.6953739589509693 0.6098824903078677 0.6885691208665907 0.6032824503990878 0.7054751892816419 0.6404294549600912 0.7102180661345496
0 0.63983682668187 0.6793953272519955 0.6460234549600913 0.6648248289623717 0.6067085815279362 0.6621097491448119 0.5995253842645383 0.6772121527936147 0.63983682668187 0.6793953272519955
0 0.6227009703534777 0.6534838768529077 0.6271316009122007 0.6386053352337514 0.5907055074116305 0.6297739657924744 0.5855539657924744 0.648741 0.6227009703534777 0.6534838768529077
0 0.630324827822121 0.6204956431014823 0.6302202075256557 0.6108401630558723 0.6033905906499429 0.6091223386545039 0.600948945267959 0.6178496898517675 0.630324827822121 0.6204956431014823