0 0.46189786088939566 0.6700214925883694 0.5332278540478905 0.6528095838084379 0.5336487582668187 0.6174080433295325 0.460647669327252 0.6312620319270239 0.46189786088939566 0.6700214925883694
0 0.4282954424173318 0.5717147696693272 0.49239454047890535 0.558513865450399 0.4866056259977195 0.5215898722919042 0.421237984036488 0.5385634127708095 0.4282954424173318 0.5717147696693272
0 0.3456072348916762 0.5977116807297606 0.35039544241733184 0.6317815450399088 0.43860237856328393 0.6045340900798175 0.4298203112884834 0.5655109224629419 0.3456072348916762 0.5977116807297606
0 0.005388624857468644 0.4849936841505131 0.01303405701254276 0.5180624047890536 0.0660254070695553 0.5068849053591791 0.05974985860889396 0.47076458608893956 0.005388624857468644 0.4849936841505131
0 0.021506145952109465 0.38209603990877994 0.016793986316989737 0.4210938700114025 0.05350662143671607 0.42420851995438996 0.05676429190421892 0.3855271334093501 0.021506145952109465 0.38209603990877994
0 0.3027718950969213 0.28865612542759406 0.334185677309008 0.35432481755986317 0.36996016419612315 0.3464979258836944 0.34739526111744584 0.2733988323831243 0.3027718950969213 0.28865612542759406
0 0.5686595769669327 0.23511502964652226 0.572726685290764 0.2896516180159635 0.6160909509692133 0.28675548232611175 0.6110675336374002 0.2339469270239453 0.5686595769669327 0.23511502964652226
0 0.7114600342075257 0.4917858244013683 0.7106246305587229 0.5242492713797036 0.7723249828962372 0.5216999327251995 0.7774577582668187 0.4920943432155074 0.7114600342075257 0.4917858244013683
0 0.6177687628278221 0.5546699258836943 0.6200298472063853 0.5920897229190423 0.6540197947548462 0.5886302565564424 0.6541288563283922 0.5531542029646522 0.6177687628278221 0.5546699258836943
0 0.7556513409350057 0.6910340273660205 0.7481645917901939 0.7316209714937286 0.8622265017103763 0.7390217708095781 0.864448054732041 0.7015005610034207 0.7556513409350057 0.6910340273660205
0 0.8041623671607754 0.45599521664766246 0.7978630763968073 0.4922213329532497 0.8552766966932726 0.4911785655644242 0.8558128187001139 0.45233057354618017 0.8041623671607754 0.45599521664766246
0 0.908019606613455 0.49530962485746866 0.9083530558722919 0.5318011630558722 0.9647642291904218 0.5278918882554162 0.9623520467502851 0.49366323717217786 0.908019606613455 0.49530962485746866
0 0.7745434526795895 0.5865472713797035 0.7689958540478905 0.6238669144811859 0.8031798095781072 0.6260541505131129 0.8089659418472064 0.5882986305587229 0.7745434526795895 0.5865472713797035
0 0.8937384503990878 0.6027411311288483 0.8933288437856328 0.6339455667046751 0.9434903876852907 0.6260974264538198 0.9460796602052451 0.5911926909920183 0.8937384503990878 0.6027411311288483
0 0.38417503648802737 0.3772485484606613 0.38665188255416194 0.39487222462941846 0.4614383705815279 0.37237943443557586 0.4560119156214367 0.35936581527936146 0.38417503648802737 0.3772485484606613
0 0.2124754378563284 0.7895349817559864 0.2081474378563284 0.844053834663626 0.2448072132269099 0.8446592337514254 0.24598140136830102 0.7890199657924744 0.2124754378563284 0.7895349817559864
0 0.41352478449258834 0.8121951607753706 0.4143724275940707 0.8438240638540478 0.453258834663626 0.8432076875712657 0.4498979418472064 0.8064836624857469 0.41352478449258834 0.8121951607753706
0 0.5349634059293045 1 0.5446565518814139 0.9986377172177879 0.5336869099201824 0.9504485484606613 0.4991516636259977 0.9606936921322691 0.5165314709236032 1 0.5349634059293045 1
0 0.678564574686431 0.6928819783352338 0.6757902348916762 0.7286142736602053 0.7037985564424173 0.7316441938426455 0.7060124903078677 0.6962131356898518 0.678564574686431 0.6928819783352338
0 0.7475320228050172 0.08717953477765109 0.7467386932725198 0.1028660433295325 0.7739913295324972 0.0983858574686431 0.7775086100342075 0.08716054047890537 0.7475320228050172 0.08717953477765109
0 0.6888376442417332 0.08764177423033066 0.7730724572405929 0.08119329874572406 0.7691622326111746 0.06616941049030786 0.692406 0.07036924857468643 0.6888376442417332 0.08764177423033066
0 0.2236711151653364 0.045795069555302166 0.22521084720638543 0.06953841163055872 0.2632232474344356 0.06058124971493729 0.25685518129988594 0.03873459064994299 0.2236711151653364 0.045795069555302166
0 0.18278799543899657 0.56548782668187 0.25560366248574684 0.5588470285062713 0.2534571345496009 0.5435736921322691 0.18172459179019385 0.5536550433295325 0.18278799543899657 0.56548782668187
0 0.004688968072976054 0.5593679874572406 0.006835496009122006 0.5746413249714938 0.03161452907639681 0.5692102075256557 0.032253716077537055 0.5566931847206386 0.004688968072976054 0.5593679874572406
0 0.07402345838084377 0.6107229612314709 0.12514665336374 0.6161167297605473 0.13405857810718358 0.5771266681870011 0.0814291220068415 0.5695478289623718 0.07402345838084377 0.6107229612314709
0 0.025905473204104905 0.7103312599771949 0.0520262212086659 0.7144469452679589 0.05349015849486887 0.6992657753705815 0.023511477765108323 0.6932971014823262 0.025905473204104905 0.7103312599771949
0 0.02958050969213227 0.7253882018244013 0.030280727480045608 0.7414628118586089 0.050076639680729756 0.7453707856328392 0.050221997719498285 0.7314731174458381 0.02958050969213227 0.7253882018244013
0 0.24026421778791332 0.9659310809578108 0.23728538084378561 0.983120755986317 0.31640261459521096 0.976522110604333 0.3145050592930445 0.960887165336374 0.24026421778791332 0.9659310809578108
0 0.2379743409350057 0.9410939954389965 0.23525182668187003 0.9558524618015963 0.27137576852907636 0.9505120706955531 0.2664546339794755 0.9346945883694413 0.2379743409350057 0.9410939954389965
0 0.592265290763968 0.5097351448118586 0.6371177343215507 0.5046291368301026 0.6314399942987458 0.4215672234891676 0.5838242576966932 0.42406523831242876 0.592265290763968 0.5097351448118586