0 0.915479810718358 0.6623029007981757 0.9265541721778792 0.6268385735461802 0.893879157354618 0.615026369441277 0.8830293033067275 0.6518793500570125 0.915479810718358 0.6623029007981757
0 0.736380968072976 0.8123602405929304 0.7543976932725199 0.7805674047890535 0.723810180159635 0.7629283420752566 0.7037838449258838 0.7933594481185862 0.736380968072976 0.8123602405929304
0 0.645471242873432 0.7261529988597492 0.6270161356898517 0.7549656830102623 0.680842518814139 0.7773071049030787 0.6984350421892815 0.7479360125427594 0.645471242873432 0.7261529988597492
0 0.7705467844925884 1 0.771527409350057 0.9982716362599773 0.7259897046750284 0.9766024287343216 0.7109857582668186 0.9962879110604334 0.7214935085518814 1 0.7705467844925884 1
0 0.3053913489167617 0.9527792383124287 0.2929004891676169 0.9755645564424174 0.3372195017103763 0.9921552086659066 0.34894699885974917 0.9725608757126568 0.3053913489167617 0.9527792383124287
0 0.08798584150513113 0.7276065849486888 0.05821594070695553 0.7114138563283923 0.04271417787913341 0.7462409110604332 0.07486160661345495 0.756834771949829 0.08798584150513113 0.7276065849486888
0 0.17509757810718357 0.7161390068415051 0.19283427137970355 0.6840170011402509 0.16901902394526794 0.6732652485746864 0.15258285974914482 0.7032915085518814 0.17509757810718357 0.7161390068415051
0 0.16323911402508554 0.49995805245153935 0.1768593534777651 0.4669678563283922 0.1201190992018244 0.4491441858608894 0.11188933865450398 0.48138265564424176 0.16323911402508554 0.49995805245153935
0 0.13734459064994298 0.3133267525655644 0.17567205701254276 0.3534532748004561 0.208996078677309 0.3302514595210947 0.16813316761687572 0.28177924287343215 0.13734459064994298 0.3133267525655644
0 0.048071100342075256 0.1278284458380844 0.07761585974914481 0.10299691790193843 0.024830595210946407 0.055087442417331815 0.021739884834663624 0.0959097582668187 0.048071100342075256 0.1278284458380844
0 0.4737288688711517 0.3273916465222349 0.49740064994298744 0.29547116077537056 0.47146348688711515 0.27985794298745725 0.45143715051311284 0.31028904903078675 0.4737288688711517 0.3273916465222349
0 0.5581853683010263 0.36655918586088937 0.5839491151653364 0.33445887571265676 0.5376612622576967 0.3100560387685291 0.5163869042189282 0.3416108700114025 0.5581853683010263 0.36655918586088937
0 0.7070531961231471 0.4019722953249715 0.7140597115165337 0.37038476168757123 0.6763291470923604 0.36424856214367163 0.6680683945267959 0.3970784070695553 0.7070531961231471 0.4019722953249715
0 0.774853677309008 0.4696587730900798 0.782917937286203 0.42923323489167614 0.7566393648802736 0.4201345142531357 0.7444795028506273 0.4592939703534778 0.774853677309008 0.4696587730900798
0 0.843171078677309 0.5444992964652223 0.8527493340935006 0.5035773135689852 0.8125212474344355 0.4996869190421893 0.8025436716077536 0.5312407890535917 0.843171078677309 0.5444992964652223
0 0.3606431265678449 0.6019306921322691 0.34404533295324974 0.5896013842645382 0.32092102166476627 0.622420503990878 0.3405546396807298 0.6335476727480046 0.3606431265678449 0.6019306921322691
0 0.6817771391106043 0.5439189817559863 0.6886475210946409 0.5319465176738882 0.6597671482326111 0.5100957149372862 0.6499727628278221 0.5268091470923603 0.6817771391106043 0.5439189817559863