0 0.7901603683010262 0.22767287457240593 0.7513088152793614 0.22401297833523376 0.7562584184720639 0.29975141049030785 0.7941388916761687 0.2990714230330673 0.7901603683010262 0.22767287457240593
0 0.8348963363740022 0.3573294766248575 0.7761145575826682 0.35477218472063854 0.7795294914481187 0.4200877856328392 0.8392624047890537 0.4260827810718358 0.8348963363740022 0.3573294766248575
0 0.886153622576967 0.5149186339794755 0.8989334629418472 0.5605396624857468 0.9487228586088939 0.5519273797035348 0.9397100855188142 0.5008336168757127 0.886153622576967 0.5149186339794755
0 0.5568863979475485 0.2876410182440137 0.4863580057012543 0.2870335142531357 0.4882218369441277 0.3335218928164196 0.5609671915621437 0.33654267502850627 0.5568863979475485 0.2876410182440137
0 0.38960161231470924 0.2500230684150513 0.3941762759407069 0.30709800000000004 0.4309723215507411 0.30986785062713795 0.42580080501710377 0.24850720752565564 0.38960161231470924 0.2500230684150513
0 0.29306860205245155 0.2577683340935006 0.26506349372862026 0.2613367537058153 0.2661461128848347 0.2963074446978335 0.29672837514253136 0.3006055017103763 0.29306860205245155 0.2577683340935006
0 0.2501274481185861 0.26253850285062713 0.22450016191562144 0.26404118586088937 0.23087404561003422 0.3381778779931585 0.25422495324971495 0.33845697377423034 0.2501274481185861 0.26253850285062713
0 0.3652579692132269 0.8064154857468643 0.31702131812998857 0.7963338141391106 0.315161834663626 0.8693149600912201 0.3580945974914481 0.8753487662485747 0.3652579692132269 0.8064154857468643
0 0.2817348859749145 0.7991802816419613 0.24822761117445838 0.7950707263397947 0.25246087343215506 0.8502973443557583 0.2834585062713797 0.8516511185860889 0.2817348859749145 0.7991802816419613
0 0.23045817901938426 0.6136729737742304 0.21391396807297605 0.6167519920182439 0.21432576396807299 0.6522295678449258 0.23002994526795897 0.6514339885974914 0.23045817901938426 0.6136729737742304
0 0.20563920182440137 0.611085849486887 0.1875288118586089 0.6124426374002281 0.18962321778791336 0.6487578517673889 0.2052463124287343 0.6485504606613456 0.20563920182440137 0.611085849486887
0 0.1820876818700114 0.6122790992018243 0.16712085746864308 0.6125771459521094 0.16636404446978334 0.6520923135689851 0.18223349258836943 0.6501207901938426 0.1820876818700114 0.6122790992018243
0 0.257263149372862 0.9029010661345497 0.23946416761687572 0.9000997890535918 0.24050945153933867 0.9566786989737742 0.2588240684150513 0.958651488027366 0.257263149372862 0.9029010661345497
0 0.67111821322691 0.7860662166476625 0.6530608164196123 0.786529496009122 0.6622108825541619 0.8238363192702395 0.6737990444697833 0.8224638472063854 0.67111821322691 0.7860662166476625
0 0.6517635746864311 0.7836458928164196 0.6359310262257697 0.7889250535917902 0.6356719988597491 0.8249095142531357 0.6506225039908781 0.825210338654504 0.6517635746864311 0.7836458928164196
0 0.6307353055872291 0.7860947172177879 0.6144266670467502 0.7883058871151652 0.6197181516533637 0.8274703397947549 0.6313891641961231 0.8255083500570125 0.6307353055872291 0.7860947172177879
0 0.6083272930444698 0.791950298745724 0.5911674937286203 0.7916403489167617 0.5947776966932725 0.8299689281641961 0.6084698415051312 0.8306909076396808 0.6083272930444698 0.791950298745724
0 0.0977380330672748 0.8732783614595211 0.050581139110604335 0.8699517662485746 0.04628761459521094 0.9047680535917902 0.08560969669327252 0.910895574686431 0.0977380330672748 0.8732783614595211
0 0.21539629304446978 0.7592402907639682 0.17087026111744583 0.7565832314709237 0.17424255302166478 0.8008821151653364 0.21388539566704676 0.8004498129988598 0.21539629304446978 0.7592402907639682
0 0.1333563968072976 0.31906850969213224 0.10215551539338655 0.31948650513112886 0.10262197149372862 0.3417651117445838 0.13479554846066133 0.34328415393386547 0.1333563968072976 0.31906850969213224