0 0.6217552006841505 0.9394825404789053 0.7348560216647663 0.9558943876852908 0.7408931117445837 0.9021066887115166 0.6361479874572407 0.8846029726339795 0.6217552006841505 0.9394825404789053
0 0.7294460604332953 0.8726314230330673 0.7654444298745724 0.8738885142531356 0.7740585074116305 0.825730117445838 0.7369164503990877 0.8175116841505131 0.7294460604332953 0.8726314230330673
0 0.6692151927023945 0.8109934116305587 0.7562033740022804 0.8209540718358038 0.7631908962371722 0.7796618415051311 0.6748191835803876 0.7696528665906499 0.6692151927023945 0.8109934116305587
0 1 0.4639480992018244 0.9475634925883695 0.46211697605473206 0.9418644891676169 0.5062230775370581 0.9997267685290764 0.5165518574686431 1 0.5087275324971494 1 0.4639480992018244
0 0.8012972223489168 0.5220832611174459 0.8383909646522235 0.5316852257696693 0.8477125051311288 0.5029352177879134 0.8090420832383124 0.4988159418472064 0.8012972223489168 0.5220832611174459
0 0.6978720125427594 0.5461618791334093 0.7407460262257697 0.5490427274800456 0.7442060239452679 0.4896288494868871 0.7085472497149373 0.4786917753705815 0.6978720125427594 0.5461618791334093
0 0.5442947571265678 0.4978789475484607 0.6394455963511972 0.512275621436716 0.6523735267958951 0.41996431584948685 0.5546955781071836 0.3985548631698974 0.5442947571265678 0.4978789475484607
0 0.8184234264538198 0.0713204275940707 0.8028717035347777 0.15938757810718357 0.8928217115165337 0.16391235803876852 0.8984893192702395 0.0810377936145952 0.8184234264538198 0.0713204275940707
0 0.3078555553021665 0.5200814891676169 0.4361862075256556 0.5370236100342075 0.4539271151653364 0.4656461516533637 0.32302098289623715 0.44307634435575827 0.3078555553021665 0.5200814891676169
0 0.19338494412770807 0.4634707867730901 0.2554009954389966 0.47394305701254275 0.25517640022805016 0.44070715963511975 0.19998617331813 0.4332405621436716 0.19338494412770807 0.4634707867730901
0 0.19918052109464082 0.41659918358038767 0.26262992474344354 0.42573785290763966 0.2704697970353478 0.39970497605473204 0.20157971721778792 0.3876074401368301 0.19918052109464082 0.41659918358038767
0 0.03856831356898517 0.2919195096921323 0.026880532497149372 0.3884297787913341 0.08197424059293044 0.39866031584948686 0.09944223831242872 0.2954304925883694 0.03856831356898517 0.2919195096921323
0 0.03987360091220068 0.4927248882554162 0.029634587229190424 0.547747945267959 0.08477655530216648 0.5565965131128848 0.09768923717217788 0.5044341322690992 0.03987360091220068 0.4927248882554162
0 0.13640864994298746 0.6262424355758267 0.13328668643101482 0.6759762770809578 0.19396590535917904 0.6850182098061574 0.19317717217787914 0.6282248369441277 0.13640864994298746 0.6262424355758267
0 0.18984441049030787 0.6045706773090079 0.26036104446978336 0.6098020478905358 0.26997230444697834 0.5727555324971494 0.1856094218928164 0.5670406408209806 0.18984441049030787 0.6045706773090079
0 0.49411445381984037 0.6248878631698974 0.5218053876852908 0.6258548517673888 0.5257812622576967 0.5913804196123147 0.5028235427594071 0.5739639099201824 0.49411445381984037 0.6248878631698974
0 0.5513957719498289 0.41366922120866595 0.5267149247434436 0.40588437970353475 0.5158634583808438 0.4387334914481186 0.5487551151653364 0.44957549942987457 0.5513957719498289 0.41366922120866595
0 0.5510906932725199 0.4621177753705815 0.5181491619156214 0.4526592451539339 0.5155100661345496 0.4885655781071836 0.544391385404789 0.4951118836944128 0.5510906932725199 0.4621177753705815
0 0.5660446681870012 0.5414207833523376 0.5079547240592931 0.5376114652223489 0.5046702953249714 0.5636126795895097 0.5519757491448118 0.57001282668187 0.5660446681870012 0.5414207833523376
0 0.5649889042189282 0.5716539167616875 0.511687456100342 0.5668251562143671 0.5116391288483466 0.5852221778791334 0.5542181448118586 0.5908647251995439 0.5649889042189282 0.5716539167616875
0 0.5378657331812999 0.4977029087799316 0.5147235895096922 0.49689476738882554 0.5070784446978335 0.5286785667046751 0.5330426419612314 0.5337393500570126 0.5378657331812999 0.4977029087799316
0 0.5326631881413911 0.5105791858608894 0.5349421197263399 0.5303848460661346 0.585669432155074 0.5409194344355759 0.5929626932725199 0.5192123044469784 0.5326631881413911 0.5105791858608894