0 0.09546400570125428 0.24823212884834664 0.12104472063854048 0.22376196807297608 0.0762643990877993 0.17826007525655646 0.051523990877993156 0.2023424458380844 0.09546400570125428 0.24823212884834664
0 0.22832577651083238 0.09266233409350057 0.19887002964652226 0.06609786316989738 0.16495688597491448 0.09489192474344356 0.19240804218928162 0.1277774937286203 0.22832577651083238 0.09266233409350057
0 0.3083978015963512 0.290780157354618 0.28477657810718354 0.266893748004561 0.24112953021664765 0.3025496978335234 0.26785179931584946 0.3308332565564424 0.3083978015963512 0.290780157354618
0 0.32991804903078675 0.30899255986316987 0.2892420421892816 0.3292472462941847 0.2943083489167617 0.34225706043329535 0.3317456659064994 0.32431720524515395 0.32991804903078675 0.30899255986316987
0 0.33567621664766245 0.35672476054732044 0.33317106499429877 0.34090785746864305 0.3076306750285063 0.3523582907639681 0.31092192474344355 0.3636496282782212 0.33567621664766245 0.35672476054732044
0 0.3656107833523375 0.3369706305587229 0.3123508244013683 0.3916489429874572 0.32476423603192706 0.40169480045610034 0.37576952907639677 0.34797316191562144 0.3656107833523375 0.3369706305587229
0 0.08438785404789054 0.5502709190421893 0.039213583808437855 0.5952619589509692 0.06564449372862029 0.6217059486887115 0.10847300456100342 0.577086441277081 0.08438785404789054 0.5502709190421893
0 0.11574978449258838 0.7368858095781072 0.08766612086659066 0.7569495176738883 0.13234692246294186 0.8075263340935006 0.15743562371721778 0.783735251995439 0.11574978449258838 0.7368858095781072
0 0.1686373329532497 0.8696421368301026 0.1334992063854048 0.8337691698973774 0.09285121550741163 0.863699534777651 0.1253433534777651 0.9113327765108323 0.1686373329532497 0.8696421368301026
0 0.2972115838084379 0.5351812371721779 0.33574233523375147 0.5621102394526796 0.35011743899657927 0.5352099794754845 0.3229073842645382 0.5057444241733181 0.2972115838084379 0.5351812371721779
0 0.13435888597491447 0.349575015963512 0.1277594025085519 0.3686358221208666 0.1865257787913341 0.4075641961231471 0.19706343671607754 0.3924926875712657 0.13435888597491447 0.349575015963512
0 0.4500203500570125 0.11460335575826681 0.4318628517673888 0.09105388027366021 0.4118306396807298 0.11070296009122006 0.4280807879133409 0.13549422234891675 0.4500203500570125 0.11460335575826681
0 0.5799001140250856 0.1793136237172178 0.5682268312428734 0.1625442063854048 0.5255695484606613 0.20256151767388828 0.5399390068415051 0.21927408665906498 0.5799001140250856 0.1793136237172178
0 0.3233529407069555 0.6205253683010262 0.31464547890535915 0.6110948472063853 0.2877103683010262 0.636502488027366 0.2973715518814139 0.6462612930444698 0.3233529407069555 0.6205253683010262
0 0.34271449258836945 0.6402803968072975 0.33030132611174456 0.6302360809578107 0.3074853785632839 0.6531846921322692 0.3198492827822121 0.6667234868871151 0.34271449258836945 0.6402803968072975
0 0.228007834663626 0.43984268757126566 0.223713244013683 0.42790978335233754 0.1916279498289624 0.44548130102622574 0.1978877457240593 0.45842548004561007 0.228007834663626 0.43984268757126566
0 0.5905709315849487 0.6262484127708097 0.6245934834663627 0.6436813660205245 0.6484445085518814 0.615881417331813 0.6217969030786773 0.591874771949829 0.5905709315849487 0.6262484127708097
0 0.5937036339794755 0.6725961550741164 0.6147153432155075 0.6458470604332953 0.5994493990877994 0.6348608608893956 0.5766597537058153 0.6560777867730901 0.5937036339794755 0.6725961550741164
0 0.802266606613455 0.2738163261117446 0.7710908631698973 0.27815292702394523 0.7771085347776511 0.32753357582668186 0.8069123033067275 0.32593119954389965 0.802266606613455 0.2738163261117446
0 0.23881977537058152 0.46635587343215507 0.2323948198403649 0.45235894526795895 0.21742279817559862 0.460308330672748 0.21993118244013685 0.4723501254275941 0.23881977537058152 0.46635587343215507
0 0.5644329874572406 0.457424409350057 0.574771550741163 0.446779165336374 0.541094503990878 0.41444780159635125 0.531889149372862 0.42654457924743444 0.5644329874572406 0.457424409350057
0 0.31564848460661343 0.8451587194982897 0.31088996693272525 0.8302967023945268 0.27749171721778787 0.8452618358038768 0.2808034994298746 0.8566828072976055 0.31564848460661343 0.8451587194982897
0 0.32222908437856324 0.8639338779931586 0.32018761459521095 0.8510445450399088 0.30476593728620294 0.8580526841505131 0.3107786898517674 0.867549314709236 0.32222908437856324 0.8639338779931586
0 0.37625351311288485 0.7875136100342076 0.3705693454960091 0.7782038152793614 0.35535073318129984 0.7788930159635119 0.3578584777651083 0.7928285381984036 0.37625351311288485 0.7875136100342076
0 0.38221828620296466 0.8099916305587229 0.38264330216647663 0.7937074720638541 0.36382770011402504 0.7982648004561003 0.3662899806157355 0.8119132748004562 0.38221828620296466 0.8099916305587229
0 0.35516976168757125 0.787249205245154 0.3482527947548461 0.773931354618016 0.32969997149372865 0.7820555530216647 0.3377324538198404 0.7948154663625998 0.35516976168757125 0.787249205245154
0 0.14352257126567844 0.7186747924743443 0.16612656100342074 0.7475251961231472 0.20361065678449258 0.7317784606613456 0.18889139794754847 0.6976752565564425 0.14352257126567844 0.7186747924743443