0 0.1179910969213227 0.6320968950969214 0.21478866590649945 0.6320065438996578 0.22165697605473206 0.5787323614595211 0.12134699657924744 0.5759219076396808 0.1179910969213227 0.6320968950969214
0 0.13594798859749146 0 0.1225517685290764 0.030605191562143672 0.19708372633979476 0.047330375142531356 0.20494263283922462 0.005347075256556442 0.16939741163055874 0 0.13594798859749146 0
0 0.19232445724059294 0.14988324629418473 0.20457749372862027 0.19637136031927024 0.23863348004561005 0.184507661345496 0.22699482896237172 0.13684259179019384 0.19232445724059294 0.14988324629418473
0 0.3182889395667047 0.17996589965792475 0.3740049828962372 0.1518683740022805 0.36265975370581527 0.12141417217787913 0.307787015963512 0.15214087799315848 0.3182889395667047 0.17996589965792475
0 0.4225595792474344 0.33010228962371724 0.41292287343215506 0.30383010490307866 0.35921936602052457 0.3185138358038769 0.3623411482326112 0.3438831197263398 0.4225595792474344 0.33010228962371724
0 0.2903634321550741 0.35093113340935 0.2939998597491448 0.38065850057012546 0.34902029076396807 0.35848098631698977 0.3392715347776511 0.3386281368301026 0.2903634321550741 0.35093113340935
0 0.3770786978335234 0.6561972668187002 0.41055294982896234 0.643729574686431 0.39937313911060435 0.6208090935005701 0.36737107297605476 0.6340776009122007 0.3770786978335234 0.6561972668187002
0 0.4278953318129989 0.6707285404789054 0.42101106841505126 0.656964109464082 0.38874642189281644 0.6682652348916762 0.3955375062713797 0.6873679144811858 0.4278953318129989 0.6707285404789054
0 0.4295536339794755 0.6778773204104903 0.3930903865450399 0.6914789578107183 0.40111330786773086 0.7082309042189282 0.43823077309007985 0.6910807685290764 0.4295536339794755 0.6778773204104903
0 0 0.9220698232611174 0.04497730102622577 0.9025388175598631 0.02786113911060433 0.8624902497149373 0 0.8763961459521095 0 0.9220698232611174
0 0.24172545153933866 0.9599594161915621 0.2402896818700114 0.9741724618015963 0.27714833181299886 0.9718497537058153 0.2733032862029647 0.9539846157354618 0.24172545153933866 0.9599594161915621
0 0.2496329361459521 0.9832353409350058 0.25357094298745725 0.9957747286202965 0.2868158791334094 0.9963550216647663 0.28465885062713797 0.9838467206385405 0.2496329361459521 0.9832353409350058