0 0.4743952964652223 0.25196844583808437 0.40898713568985173 0.24043522234891676 0.39607472291904217 0.32960075484606616 0.45763659635119724 0.3390484561003421 0.4743952964652223 0.25196844583808437
0 0.5921569144811858 0.1419000376282782 0.6066700592930444 0.075527496009122 0.5489562816419612 0.06816404903078677 0.5402941128848346 0.14119754618015964 0.5921569144811858 0.1419000376282782
0 0.5647502006841505 0.03437137172177879 0.5711414732041049 0.0060969646522234895 0.5452502622576967 0.0015316453819840365 0.5402223329532497 0.030046446978335233 0.5647502006841505 0.03437137172177879
0 0.443571598631699 0.8331675621436716 0.47515349942987456 0.8373305724059293 0.4830123694412771 0.8007330011402508 0.44237274116305586 0.7921598209806157 0.443571598631699 0.8331675621436716
0 0.4991534150513113 0 0.4935694321550741 0.031668332953249716 0.5235491356898518 0.036954563283922465 0.5304458871151654 0.005813443557582668 0.5042028757126568 0 0.4991534150513113 0
0 0.38442455074116305 0.24484636374002283 0.28272780843785633 0.22269411744583809 0.26554466590649944 0.3167342907639681 0.35722253477765104 0.3365170296465222 0.38442455074116305 0.24484636374002283
0 0.819150921322691 0.7296717058152794 0.8215222554161915 0.6957255769669327 0.8066103637400228 0.6949033511972634 0.8057836624857468 0.730329244013683 0.819150921322691 0.7296717058152794
0 0.8302300410490309 0.7286107058152793 0.8421751995438997 0.7289098175598632 0.8454054161915622 0.6969222748004561 0.8335153876852907 0.6960315621436716 0.8302300410490309 0.7286107058152793
0 0.8539344595210947 0.7273658335233752 0.8635135051311288 0.7308620205245154 0.8699736009122007 0.6976352645381985 0.8571926100342075 0.6983961790193843 0.8539344595210947 0.7273658335233752
0 0.8758341220068415 0.7312273352337515 0.8897325062713797 0.7324705895096921 0.8917948004561004 0.7002771128848346 0.8801125188141392 0.6982172109464082 0.8758341220068415 0.7312273352337515
0 0.40636935917901934 0 0.40350609692132267 0.02392860205245154 0.41551182212086657 0.023029401368301023 0.4208845929304447 0 0.40636935917901934 0