0 0.18670127251995441 0 0.18791907069555303 0.03667513683010263 0.22547736488027367 0.03513506841505131 0.22048856556442417 0 0.18670127251995441 0
0 0.3065958654503991 0 0.3090685427594071 0.029870458380843786 0.3417841402508552 0.01826807069555302 0.34223037970353476 0 0.3065958654503991 0
0 0.3669134834663626 0 0.36859046408209806 0.011811318129988597 0.425761810718358 0.007476330672748005 0.42628460661345496 0 0.3669134834663626 0
0 0.5061229281641961 0.2269714047890536 0.5715364948688711 0.26348900456100344 0.6200276955530216 0.18493961231470923 0.5574727023945268 0.14723414823261116 0.5061229281641961 0.2269714047890536
0 0.7801300228050171 0.3947344606613455 0.8662477206385405 0.432699834663626 0.8961467628278221 0.3820151459521095 0.7943625473204105 0.3498993055872292 0.7801300228050171 0.3947344606613455
0 0.7508571448118586 1 0.7521843477765108 0.9927449179019384 0.6961711425313569 0.9804952941847206 0.6914916248574687 1 0.7508571448118586 1
0 0.6362912223489168 1 0.6575902862029647 0.9569670285062714 0.5614220832383124 0.9238545769669327 0.5276604013683011 1 0.6362912223489168 1
0 0.33853511060433294 0.302746905359179 0.3708903819840365 0.31612084834663623 0.38800641847206385 0.2895422451539339 0.35594107183580387 0.27202217673888257 0.33853511060433294 0.302746905359179
0 0.32590477993158495 0.364361259977195 0.3576803101482326 0.3860258950969213 0.38009749714937285 0.3431523888255416 0.34941315393386546 0.3257288893956671 0.32590477993158495 0.364361259977195
0 0.20006226681870012 0.2597343135689852 0.23370041277080958 0.27458571949828964 0.26597329988597496 0.22962274686431017 0.23134075256556444 0.20914608551881414 0.20006226681870012 0.2597343135689852
0 0.13662217787913342 0.15530300456100343 0.12907336488027366 0.18393993500570127 0.15757566248574686 0.1928764857468643 0.16701826339794756 0.17687118015963513 0.13662217787913342 0.15530300456100343
0 0.07976371037628278 0.3138182063854048 0.09915858038768528 0.2943424321550741 0.0618622645381984 0.27229018015963513 0.048597644241733184 0.30330606499429874 0.07976371037628278 0.3138182063854048
0 0.0818772417331813 0.34313079247434436 0.08547951881413911 0.31143925085518814 0.0439730228050171 0.30992615621436714 0.04698126567844926 0.34624478335233755 0.0818772417331813 0.34313079247434436
0 0.15576550513112886 0.37746235803876854 0.19550439680729761 0.3844075712656785 0.21150296807297606 0.3341401881413911 0.17924426567844928 0.3193852428734322 0.15576550513112886 0.37746235803876854
0 0 0.9623683819840365 0.03700722006841505 0.9649561790193842 0.05982519384264538 0.8568360672748006 0 0.8552613158494868 0 0.9623683819840365
0 0.11454519042189282 0.6495638620296466 0.1474929384264538 0.5949275267958951 0.11375978221208666 0.5814572326111744 0.08267309236031926 0.6292802291904219 0.11454519042189282 0.6495638620296466
0 0.25861087343215505 0.5332566202964653 0.28721129874572404 0.5408122770809578 0.3059983717217788 0.51018255986317 0.27659679475484605 0.4942380820980616 0.25861087343215505 0.5332566202964653
0 0.09291800114025085 0.22535781870011404 0.0679612212086659 0.2676574606613455 0.1307848802736602 0.2997288791334094 0.1510387354618016 0.26156280843785634 0.09291800114025085 0.22535781870011404
0 0.5511664184720638 0.3133520228050171 0.58077855986317 0.33208673660205246 0.61547561345496 0.29255139908779937 0.5766757525655645 0.27168465222348914 0.5511664184720638 0.3133520228050171