0 0.22076167046750286 0.7141948905359179 0.16839603648802737 0.7216196362599772 0.1770214196123147 0.7773751562143671 0.2286537913340935 0.7661607936145952 0.22076167046750286 0.7141948905359179
0 0.3718919110604333 0.7538666031927025 0.3547297491448118 0.7249385484606614 0.3227613648802736 0.7459496305587229 0.3431249692132269 0.7788350068415052 0.3718919110604333 0.7538666031927025
0 0.04491358950969213 0.3804382006841505 0.02447875598631699 0.377409409350057 0.01741635575826682 0.4262845553021665 0.03455592588369441 0.42959293614595206 0.04491358950969213 0.3804382006841505
0 0.20100186088939564 0.4071790741163056 0.15964749258836944 0.4018098643101482 0.14841283580387687 0.4854834937286203 0.18237296579247433 0.4930624583808438 0.20100186088939564 0.4071790741163056
0 0.23269102394526797 0.39194486659065 0.23479681984036488 0.3457508449258837 0.18357125883694414 0.339107645381984 0.1797971277080958 0.3813738859749145 0.23269102394526797 0.39194486659065
0 0.3381457229190422 0.538547574686431 0.3474071927023945 0.5055632303306727 0.2964584777651083 0.4868130250855188 0.2827561801596351 0.5241978631698974 0.3381457229190422 0.538547574686431
0 0.46158932383124285 0.35278815279361464 0.44267000798175593 0.33441939452679587 0.4044367810718358 0.35261781185860885 0.4332347970353478 0.38009547434435575 0.46158932383124285 0.35278815279361464
0 0.895168125427594 0 0.8749134937286203 0.029097576966932725 0.9330777901938426 0.07672095895096921 0.9195498152793615 0 0.895168125427594 0
0 0.818746992018244 0.30910472519954385 0.8427569407069556 0.3392385541619156 0.8822950478905359 0.2966952565564424 0.8523255188141391 0.2718326282782212 0.818746992018244 0.30910472519954385
0 0.7830640946408209 0.524004874572406 0.7476661687571265 0.5079388301026225 0.722063481185861 0.5588788962371722 0.7619989977194982 0.5789665302166477 0.7830640946408209 0.524004874572406
0 0.48465376510832386 0.4596582132269099 0.4521058836944128 0.4666031026225769 0.4588076180159635 0.5046105256556442 0.48923505245153937 0.4950249817559863 0.48465376510832386 0.4596582132269099
0 0.7655289030786773 0 0.8112241584948688 0.0680599771949829 0.8594994287343215 0.030608086659064997 0.8379922269099201 0 0.7655289030786773 0
0 0.2955764811858609 0.9777400923603193 0.337219228050171 0.8992540250855188 0.2647704811858609 0.868014709236032 0.23130894868871152 0.9556107115165337 0.2955764811858609 0.9777400923603193