0 0.10002366476624858 0.5276119498289624 0.1216701299885975 0.5225270820980616 0.12004348688711516 0.4482392770809578 0.09381701824401369 0.45215797605473207 0.10002366476624858 0.5276119498289624
0 0.3320055940706955 0.4947245974914481 0.3935475017103763 0.4904211676168757 0.39268300114025084 0.4440560285062714 0.3307866031927024 0.44897944583808436 0.3320055940706955 0.4947245974914481
0 0.3475920547320411 0.5900570649942988 0.36212465792474346 0.5938024458380843 0.3601667810718358 0.5147777708095781 0.34413182212086657 0.5123278449258837 0.3475920547320411 0.5900570649942988
0 0.3719359600912201 0.58954517331813 0.3855878928164196 0.5891857377423033 0.38095998175598633 0.5145141676168757 0.36586314367160777 0.5170578415051311 0.3719359600912201 0.58954517331813
0 0.4192200718358039 0.6534978985176739 0.4475537662485747 0.6419934161915621 0.43880642645381984 0.6104627297605473 0.4131248415051312 0.6191049258836944 0.4192200718358039 0.6534978985176739
0 0.5582182348916762 0.6854421915621436 0.5931298597491448 0.6830009327251995 0.5859411049030787 0.597198070695553 0.552830669327252 0.6021917787913341 0.5582182348916762 0.6854421915621436
0 0.581134984036488 0.7665724800456101 0.6392199179019384 0.7553683865450399 0.6393567092360319 0.6791732371721779 0.5742362645381984 0.6849173021664766 0.581134984036488 0.7665724800456101
0 0.6758289099201824 0.89625317331813 0.7226585313568985 0.8941689270239452 0.7223517537058153 0.8132431949828962 0.6705328722919042 0.8189483568985176 0.6758289099201824 0.89625317331813
0 0.6025562041049031 0.9793480843785634 0.6410169749144812 0.9766586442417332 0.635650717217788 0.9169187023945268 0.5959788540478905 0.9259424275940707 0.6025562041049031 0.9793480843785634
0 0.40806668985176736 0.8596217776510832 0.4454273568985177 0.8582012303306727 0.4410080125427594 0.8010719064994299 0.4062081596351197 0.7990413500570126 0.40806668985176736 0.8596217776510832
0 0.7693341448118586 0.7623403101482326 0.8392832063854048 0.7592345952109464 0.8400532930444697 0.6937087594070696 0.767784465222349 0.7050118859749145 0.7693341448118586 0.7623403101482326
0 0.8473375678449259 0.8318809635119727 0.8620054275940706 0.8290712531356899 0.8579697103762828 0.754356708095781 0.8390763363740024 0.7553802611174458 0.8473375678449259 0.8318809635119727
0 0.8701655222348917 0.8267134789053592 0.8837760364880274 0.8257617388825541 0.8803741505131129 0.7515996374002281 0.8674089350057013 0.7525062531356899 0.8701655222348917 0.8267134789053592
0 0.8919885530216648 0.8156642656784493 0.9057234310148232 0.8164909954389965 0.9046766374002281 0.7504954412770809 0.890604976054732 0.7526698278221209 0.8919885530216648 0.8156642656784493
0 0.8433257343215508 0.561939189281642 0.8466931470923603 0.6015836738882554 0.8930423523375142 0.5962578551881413 0.8910087286202966 0.5550352348916762 0.8433257343215508 0.561939189281642
0 0.847931794754846 0.11759642645381983 0.845670662485747 0.161799330672748 0.8809857594070696 0.156056259977195 0.8818674595210946 0.11819941277080957 0.847931794754846 0.11759642645381983
0 0.8668823831242873 0 0.8672584070695554 0.019821031927023943 0.9070404903078677 0.010491998859749144 0.9066181573546179 0 0.8668823831242873 0
0 0.9427590296465223 0.7168820684150513 0.9951342508551881 0.7090532371721779 0.997503511972634 0.6746620022805018 0.9447592006841505 0.6774590102622577 0.9427590296465223 0.7168820684150513
0 0.42531533979475483 0.7066396647662485 0.4376708631698974 0.6962524846066135 0.41725714937286207 0.6679183911060432 0.4054407046750285 0.674994274800456 0.42531533979475483 0.7066396647662485