0 0.979840258836944 0.7389341003420753 0.9871150228050172 0.706019724059293 0.9313323637400228 0.6850606237172179 0.9226750410490308 0.7179041071835803 0.979840258836944 0.7389341003420753
0 0.18556395096921324 0.4351031881413911 0.27074542873432156 0.37158825883694413 0.23964367502850628 0.32972658608893957 0.1515506944127708 0.39586304332953254 0.18556395096921324 0.4351031881413911
0 0.3880450102622577 0 0.3766139771949829 0.01920700228050171 0.43036003306727477 0.052545230330672744 0.4449144561003421 0.013074730900798175 0.40919134777651084 0 0.3880450102622577 0
0 0.12736803192702395 0.03666609236031927 0.11097852109464082 0.0052856374002280505 0.07246183352337514 0.025464671607753706 0.09693649144811858 0.06143080387685291 0.12736803192702395 0.03666609236031927
0 0.14332405929304448 0.0763477354618016 0.1582586385404789 0.10903821436716078 0.19954028164196122 0.08900408437856329 0.17739865792474344 0.061484129988597494 0.14332405929304448 0.0763477354618016
0 0.19580401368301026 0 0.19158403420752565 0.0025739247434435576 0.1963210741163056 0.018082158494868873 0.22915662257696695 0.000379502850627138 0.2288843181299886 0 0.19580401368301026 0
0 0.23746410718358038 0.027174442417331815 0.2299605496009122 0.011521222348916763 0.19734260433295325 0.025071763968072976 0.20601103648802738 0.04494955074116305 0.23746410718358038 0.027174442417331815
0 0.20274184036488027 0.08084796465222349 0.25108710034207526 0.05840990877993159 0.2395055245153934 0.04115512884834664 0.19429084834663626 0.05682118358038769 0.20274184036488027 0.08084796465222349
0 0.21181835005701252 0.9400802280501711 0.3175463500570126 0.9345216100342075 0.31557746636259976 0.9191568859749145 0.20562489965792474 0.925880377423033 0.21181835005701252 0.9400802280501711
0 0.3432978369441277 0.49608723033067276 0.3009173135689852 0.4841559783352337 0.2857103261117446 0.5360781391106043 0.32940235347776514 0.5494659623717217 0.3432978369441277 0.49608723033067276
0 0.8729894378563283 0.6070878312428735 0.9260040205245155 0.6279018620296465 0.9353202816419612 0.6089666134549601 0.8778650900798176 0.5934696522234892 0.8729894378563283 0.6070878312428735
0 0.8799016921322691 0.5810905245153934 0.9290557765108324 0.5961524424173318 0.9380094469783352 0.5841358232611175 0.8822993238312429 0.561792685290764 0.8799016921322691 0.5810905245153934
0 0.24156081299885976 0.32150784606613453 0.29603659064994303 0.41654538312428735 0.35900270353477765 0.3722675929304447 0.30136500342075256 0.28083826909920184 0.24156081299885976 0.32150784606613453
0 0.08492806727480046 0.4512756636259977 0.1323140889395667 0.5114490592930444 0.1982823021664766 0.4609401607753706 0.15950343215507412 0.40106451083238315 0.08492806727480046 0.4512756636259977
0 0.14872593956670468 0.5045766955530216 0.14727130672748004 0.5550525541619157 0.25215652223489166 0.5504386237172177 0.2505782816419612 0.5011384606613455 0.14872593956670468 0.5045766955530216
0 0.10334509007981757 0.9167258574686431 0.09243307183580388 0.9661099441277081 0.10922053477765109 0.9690879258836944 0.12153802622576966 0.9212482622576966 0.10334509007981757 0.9167258574686431