0 0.8088661242873432 0.9293111527936146 0.7725438643101483 0.8890151881413911 0.7444933648802736 0.9119642269099202 0.7892201938426454 0.9557068711516534 0.8088661242873432 0.9293111527936146
0 0.8816464846066135 0.7633841288483466 0.9039469087799316 0.7949106681870012 0.9456407936145952 0.7546722565564424 0.9166062132269099 0.726672449258837 0.8816464846066135 0.7633841288483466
0 0.41746294982896237 0.42237977423033063 0.36643061915621433 0.47953462827822124 0.3953571995438997 0.5034306180159634 0.446366669327252 0.4479410581527936 0.41746294982896237 0.42237977423033063
0 0.21899922576966932 0.4974067537058153 0.18677803876852908 0.5449238734321551 0.21833572976054733 0.5661669087799316 0.2494658677309008 0.5258186328392246 0.21899922576966932 0.4974067537058153
0 0.32669558152793615 0.45368412998859753 0.2964789395667047 0.4224302383124287 0.2439428802736602 0.4811057958950969 0.27181118472063853 0.5088820855188141 0.32669558152793615 0.45368412998859753
0 0.21080230330672747 0.3435359806157354 0.18367422576966935 0.3648513215507411 0.20968101140250853 0.3928690410490308 0.23271222805017105 0.3677362177879133 0.21080230330672747 0.3435359806157354
0 0.12267376624857468 0.3674964218928164 0.09043508209806157 0.34974860091220067 0.0739453842645382 0.3785692337514253 0.0973156157354618 0.398376779931585 0.12267376624857468 0.3674964218928164
0 0.2868224538198404 0.25739776966932726 0.2575618825541619 0.23056057810718358 0.23524194070695553 0.2582495188141391 0.2654097924743444 0.28042734777651085 0.2868224538198404 0.25739776966932726
0 0.12401109236031926 0.14900924515393385 0.1599601242873432 0.1850018038768529 0.193727574686431 0.1637672998859749 0.15133334435575826 0.12047965792474344 0.12401109236031926 0.14900924515393385
0 0.4626109897377423 0.14654054503990877 0.4375892246294185 0.1694750376282782 0.46000757354618016 0.1988390353477765 0.4911766624857469 0.1738491174458381 0.4626109897377423 0.14654054503990877
0 0.6973776795895097 0.2332670513112885 0.6667204401368302 0.24785253819840367 0.6780493249714937 0.2720318711516534 0.7106428403648803 0.25216092132269097 0.6973776795895097 0.2332670513112885
0 0.5359976054732041 0.9421372862029647 0.5638492337514253 0.9668876111744583 0.5909603386545039 0.9425478380843786 0.5562291459521095 0.915856992018244 0.5359976054732041 0.9421372862029647
0 0.19265302964652223 0.8040924686431015 0.1557192041049031 0.7793897411630559 0.13301581527936146 0.8215065347776511 0.16158025313568986 0.8488132759407069 0.19265302964652223 0.8040924686431015
0 0.33244213911060433 0.7104098996579248 0.36854832839224627 0.733138754846066 0.3961083204104903 0.684715590649943 0.3546587069555302 0.6645740763968073 0.33244213911060433 0.7104098996579248
0 0.30410297833523375 0.7441792212086659 0.3333635496009122 0.7710164139110603 0.3621094903078677 0.7398220182440136 0.32802113568985175 0.7113635416191562 0.30410297833523375 0.7441792212086659
0 0.22715462713797036 0.12554797263397946 0.18856706385404787 0.09689779703534777 0.16820649372862032 0.12073833409350057 0.20741084492588371 0.15555066590649944 0.22715462713797036 0.12554797263397946
0 0.1521278620296465 0.7013439977194982 0.17755180729760545 0.7292484241733181 0.21703698061573545 0.6925934697833523 0.18964554047890536 0.6639198084378563 0.1521278620296465 0.7013439977194982
0 0.08152776966932725 0.5075466374002281 0.06667330216647663 0.5372899908779932 0.11714244241733182 0.5670415769669327 0.13257975142531356 0.5374115165336374 0.08152776966932725 0.5075466374002281
0 0.04323337628278222 0.5520702462941848 0.029318004561003422 0.5832058677309008 0.054578035347776506 0.602618307867731 0.07966494298745724 0.5700298095781071 0.04323337628278222 0.5520702462941848
0 0.21905494526795896 0.9047021117445838 0.1656549236031927 0.8713580957810718 0.1469808015963512 0.9051931128848347 0.20183494412770808 0.9388356978335234 0.21905494526795896 0.9047021117445838
0 0.3158023238312429 0.1735987023945268 0.2848271755986317 0.15247049258836945 0.2785004903078677 0.16634796009122005 0.30851118015963513 0.18932613112884836 0.3158023238312429 0.1735987023945268
0 0.2459809110604333 0.11893590193842646 0.23941096579247434 0.130953086659065 0.253567401368301 0.1405859315849487 0.2616213021664766 0.12560208095781072 0.2459809110604333 0.11893590193842646
0 0.32576777423033065 0.14411315507411632 0.31034191904218933 0.15501378905359178 0.32220153249714933 0.17023925769669326 0.3399214104903079 0.15532446636259978 0.32576777423033065 0.14411315507411632
0 0.306126842645382 0.13002222348916762 0.292030582668187 0.1496414275940707 0.30655778563283925 0.15269921664766248 0.3172529794754846 0.14124991220068414 0.306126842645382 0.13002222348916762