0 0 0.5944508665906499 0.037369190421892816 0.6061590285062713 0.06362090307867731 0.5618688517673889 0.008558799315849486 0.5489429783352338 0 0.5713564150513113 0 0.5944508665906499
0 0 0.48455907525655645 0.04814344127708096 0.4925868551881414 0.06319817787913341 0.4392857092360319 0.009464843785632839 0.42176582782212085 0 0.46650424059293044 0 0.48455907525655645
0 0.3551807286202964 0.3113650524515394 0.40023997719498294 0.3305136864310148 0.4138671345496009 0.2900314139110604 0.36818637742303306 0.27669460889395664 0.3551807286202964 0.3113650524515394
0 0.4398285849486887 0.27792804218928163 0.535479102622577 0.3002850832383124 0.5437004982896237 0.2673548289623717 0.4487136818700114 0.2408173329532497 0.4398285849486887 0.27792804218928163
0 0.746529527936146 0.0760667046750285 0.772270212086659 0.03689080273660205 0.7145074207525656 0.02774207525655644 0.7016891790193842 0.04794496579247435 0.746529527936146 0.0760667046750285
0 0.5962208745724059 0.5999800558722919 0.5829612576966933 0.6495283169897378 0.6352279475484607 0.6630239064994298 0.6480726180159635 0.6141977502850627 0.5962208745724059 0.5999800558722919
0 0.29686515735461805 0.8996951824401369 0.21455191334093499 0.8728458072976054 0.19545532725199544 0.9364841231470923 0.26608352565564425 0.9611995963511972 0.29686515735461805 0.8996951824401369
0 0.35716964196123147 0.9326692223489168 0.36915316305587226 0.9063400148232611 0.3369895210946408 0.8949764207525656 0.32741709464082097 0.9231524184720639 0.35716964196123147 0.9326692223489168
0 0.1455909543899658 0.41630117673888256 0.21108296237172178 0.4392856100342076 0.21963827936145952 0.42322465792474345 0.15127732383124287 0.39558093272519956 0.1455909543899658 0.41630117673888256
0 0.2084771927023945 0.4785109064994299 0.20714467616875715 0.49451511858608893 0.23963745267958952 0.5076061562143671 0.24236445039908777 0.49228632725199545 0.2084771927023945 0.4785109064994299
0 0.17205865336374004 0.4655352907639681 0.1694307434435576 0.47833174002280504 0.20470603420752567 0.49473002736602056 0.20144274686431016 0.4925505142531357 0.20289119726339794 0.4758242998859749 0.17205865336374004 0.4655352907639681
0 0.13644170695553023 0.4550896567844926 0.13186741277080957 0.4687785496009122 0.1625554811858609 0.4818874903078677 0.16335469327251995 0.463557149372862 0.13644170695553023 0.4550896567844926