0 0.06882786202964652 0.19288778107183582 0.04139679247434435 0.1639934150513113 0.009111581527936147 0.20341737286202966 0.03353666248574687 0.23067764652223488 0.06882786202964652 0.19288778107183582
0 0.7985836202964652 0.27803878449258834 0.7826565963511972 0.2459117126567845 0.7600940011402508 0.25832290763968074 0.7751418848346636 0.292302661345496 0.7985836202964652 0.27803878449258834
0 0.8178926944127708 0.23006160433295325 0.8229616123147093 0.21772364310148232 0.7660068494868871 0.2096948825541619 0.7671167776510832 0.23139430900798175 0.8178926944127708 0.23006160433295325
0 0.7354782964652223 0.9095614697833524 0.7595200330672748 0.8336442497149372 0.7050485860889396 0.8191564526795895 0.6832183717217788 0.8956214036488027 0.7354782964652223 0.9095614697833524
0 0.27971641847206385 0.9814901984036487 0.26874934663626 0.9466829977194983 0.22366977080957812 0.9546317434435576 0.22825436259977197 0.985779149372862 0.27971641847206385 0.9814901984036487
0 0.34048005131128845 0.946082023945268 0.335150763968073 0.9295532098061573 0.28256816989737743 0.9291879064994298 0.28302917673888256 0.9472161185860889 0.34048005131128845 0.946082023945268
0 0.17291051311288483 0.7557796738882554 0.12685298403648804 0.7205342086659065 0.10483384834663625 0.7497135929304447 0.1503053785632839 0.7850639714937285 0.17291051311288483 0.7557796738882554
0 0.3178259407069555 0.4067788928164196 0.28529414367160777 0.38661381527936145 0.26874993728620294 0.4160336396807297 0.29556330216647664 0.4328676681870012 0.3178259407069555 0.4067788928164196
0 0.4692912873432155 0.30718922006841504 0.4372429258836944 0.28633757696693274 0.4191807377423033 0.32084357810718356 0.449339023945268 0.33439534207525656 0.4692912873432155 0.30718922006841504
0 0.6252202827822121 0.17127731470923604 0.595648558722919 0.15420457924743444 0.5781438848346636 0.1747580513112885 0.6084589144811858 0.19433665678449258 0.6252202827822121 0.17127731470923604
0 0.38825407753705815 0.26184892474344357 0.356064669327252 0.24704490193842646 0.34579064994298747 0.26752923261117445 0.37457318814139107 0.28525518015963514 0.38825407753705815 0.26184892474344357
0 0.10500854618015963 0.3467266031927024 0.07561122120866591 0.32721465336374 0.05290298403648802 0.35591422006841505 0.08293644355758266 0.37732423033067275 0.10500854618015963 0.3467266031927024
0 0.21925471151653364 0.8987922713797035 0.241449511972634 0.8671718608893957 0.21029338084378563 0.8479700353477765 0.19123003648802736 0.8784988392246295 0.21925471151653364 0.8987922713797035
0 0.161346763968073 0.21090672748004563 0.17244506841505133 0.19509715735461802 0.14807258494868872 0.1801206180159635 0.13593745610034208 0.19004107411630558 0.161346763968073 0.21090672748004563
0 0.14491179361459522 0.23067025769669328 0.158832181299886 0.21376016875712658 0.13225847776510832 0.19314742759407072 0.11902592246294184 0.21053914367160775 0.14491179361459522 0.23067025769669328
0 0.19391253591790195 0.29973086659064996 0.18868635233751427 0.28378678335233753 0.15960787913340935 0.3105966339794755 0.16918102622576967 0.3169558848346636 0.19391253591790195 0.29973086659064996
0 0.09088773090079817 0.28717709236031924 0.08197442759407068 0.2742931984036488 0.049904340935005696 0.2944035701254276 0.05973299429874572 0.3073497730900798 0.09088773090079817 0.28717709236031924
0 0.5175562041049031 0.9335298768529076 0.5297588084378564 0.9102970205245153 0.5005976898517674 0.8955619361459521 0.48686848004561 0.9221134287343216 0.5175562041049031 0.9335298768529076