0 0.20417751197263398 0.8468695667046751 0.20751197377423033 0.7737037366020525 0.16520723489167616 0.767296709236032 0.15372192018244013 0.8419422827822121 0.20417751197263398 0.8468695667046751
0 0.12740384834663626 0.775073236031927 0.13233985860889397 0.7403362291904219 0.07507567844925883 0.7237598415051312 0.07085599201824401 0.7641387480045609 0.12740384834663626 0.775073236031927
0 0.1644475598631699 0.9081219247434436 0.16003382554161913 0.9432756180159635 0.19675281755986318 0.9504130661345496 0.20387054846066133 0.9200190193842646 0.1644475598631699 0.9081219247434436
0 0 0.6674913272519954 0.015165387685290764 0.6725643762827823 0.029920581527936144 0.619993614595211 0 0.6098632451539339 0 0.6674913272519954
0 0.21231650171037628 0.38802351539338653 0.24850118700114024 0.4041332348916762 0.2695150125427594 0.3271439771949829 0.23276356556442418 0.3139499965792474 0.21231650171037628 0.38802351539338653
0 0.5422707263397948 0.4206976909920182 0.5538297309007981 0.3830140216647663 0.5084653363740023 0.3705653078677309 0.4986135724059293 0.4072453557582668 0.5422707263397948 0.4206976909920182
0 0.5692920866590649 0.48706037856328394 0.5794594196123147 0.450312740022805 0.5503009863169898 0.441620598631699 0.5384689076396807 0.4775973637400228 0.5692920866590649 0.48706037856328394
0 0.5074798323831243 0.5778990695553021 0.5640315017103763 0.5919175074116306 0.5679186408209805 0.5781516020524515 0.5122881562143671 0.5624976362599772 0.5074798323831243 0.5778990695553021
0 0.8324936362599772 0.4057199623717218 0.8413816955530217 0.3693301117445838 0.805099795895097 0.3568322656784492 0.7928282816419612 0.39195798403648807 0.8324936362599772 0.4057199623717218
0 0.9299442953249715 0.5329615860889395 0.9364686875712657 0.5118435005701254 0.8838817810718358 0.49920218928164195 0.877732630558723 0.5199538928164197 0.9299442953249715 0.5329615860889395
0 0.9313024321550741 0.3299342976054732 0.9320454127708095 0.3167685484606613 0.8606469988597492 0.2920009771949829 0.8564933660205245 0.3071460581527936 0.9313024321550741 0.3299342976054732
0 0.4409088517673888 0.8021305541619156 0.4477082109464082 0.767150882554162 0.3912695359179019 0.7525511379703534 0.38362366248574686 0.7841063694412771 0.4409088517673888 0.8021305541619156
0 0.48586876396807294 0.8477776636259977 0.5006026932725199 0.7937686054732042 0.44871192018244016 0.7806577457240593 0.4415211607753706 0.8316538779931585 0.48586876396807294 0.8477776636259977
0 0.8549883238312428 0.9092413831242873 0.8608325062713797 0.8698404104903079 0.7813392280501711 0.8555998004561004 0.7768504811858609 0.889575345496009 0.8549883238312428 0.9092413831242873
0 0.24564037628278224 0.8918369179019384 0.2786518141391106 0.9024893249714938 0.296830322690992 0.8198601299885975 0.2664112394526796 0.8129858449258838 0.24564037628278224 0.8918369179019384
0 0.9411013945267959 0.7680678369441277 0.9483703021664767 0.7337842998859749 0.8750295336374002 0.7158975290763968 0.8763608483466362 0.7510489498289624 0.9411013945267959 0.7680678369441277
0 0.7153891197263398 0.15243907069555301 0.7211362428734321 0.13843143899657925 0.6827488289623717 0.12276264538198405 0.6780372177879134 0.13610246750285063 0.7153891197263398 0.15243907069555301
0 0.6833974618015963 0.11475809350057013 0.731109299885975 0.13068901254275941 0.7356910376282783 0.11645326225769669 0.6912169076396807 0.09631278563283922 0.6833974618015963 0.11475809350057013