0 0.3379372827822121 0.9838561128848347 0.42673561687571265 0.9914548597491448 0.4318638631698974 0.9789207844925883 0.3426365655644242 0.9601867594070695 0.3379372827822121 0.9838561128848347
0 0.5093573010262258 0.7813972360319271 0.5165861060433296 0.7517682930444698 0.4621910490307867 0.7319256738882555 0.44685386659064996 0.7618325895096921 0.5093573010262258 0.7813972360319271
0 0.3624021676168757 0.424076054732041 0.3842789418472064 0.3579476898517674 0.34828680159635117 0.34414282668187 0.32408428392246297 0.4145839646522235 0.3624021676168757 0.424076054732041
0 0.06939249714937286 0.26722772177879134 0.025777467502850628 0.25947806043329535 0.021362180159635123 0.2954376966932725 0.059890750285062716 0.30076504446978336 0.06939249714937286 0.26722772177879134
0 0.11120453135689852 0.32621456784492586 0.14236635803876851 0.3306389692132269 0.1538949441277081 0.28059436259977194 0.12420313797035348 0.2690696259977195 0.11120453135689852 0.32621456784492586
0 0.2081419874572406 0.4380462234891676 0.24784398517673886 0.4411248152793615 0.25109642873432153 0.4048917377423033 0.21122210262257696 0.39833182098061576 0.2081419874572406 0.4380462234891676
0 0.2883862542759407 0.18401484150513112 0.2804454652223489 0.22432727251995438 0.3207365963511973 0.22747977537058153 0.32685084378563284 0.18986327594070698 0.2883862542759407 0.18401484150513112
0 0.2818313283922463 0.18380820638540477 0.28595698631698974 0.150207417331813 0.25527814709236035 0.14428540250855187 0.232690078677309 0.17478180159635118 0.2818313283922463 0.18380820638540477
0 0.1355840992018244 0.19098237742303306 0.21110177194982896 0.20444381870011402 0.21394527023945267 0.19102942873432152 0.1338577229190422 0.17581045952109464 0.1355840992018244 0.19098237742303306
0 0.036417423033067275 0.1728225781071836 0.10721372862029646 0.18331147206385404 0.10729523261117446 0.1655956031927024 0.03873873432155074 0.1563530250855188 0.036417423033067275 0.1728225781071836
0 0.197613078677309 0 0.2471560057012543 0.01799011402508552 0.25313631927023944 0 0.197613078677309 0
0 0.5596447206385405 0.02105355644241733 0.5426986488027365 0.051883778791334094 0.5807563044469783 0.07809849030786772 0.5994600969213226 0.04269684378563284 0.5596447206385405 0.02105355644241733
0 0.6498829201824401 0.09974991676168757 0.6281806556442417 0.1449560992018244 0.655911401368301 0.16272116989737742 0.6830520490307868 0.11219907297605473 0.6498829201824401 0.09974991676168757
0 0.589977503990878 0.18813465222348916 0.5732589555302167 0.22198385632839227 0.6033452576966932 0.2400397274800456 0.6175515347776511 0.20229122690992016 0.589977503990878 0.18813465222348916
0 0.7078742862029647 0.2510796499429875 0.728501023945268 0.21950493956670467 0.6880919464082098 0.19294011402508554 0.6708490068415051 0.22618811744583806 0.7078742862029647 0.2510796499429875
0 0.690481858608894 0.45119385518814137 0.7037989247434436 0.410943338654504 0.6605839714937286 0.39505048460661346 0.648979574686431 0.4335324789053592 0.690481858608894 0.45119385518814137
0 0.7725658791334092 0.230899086659065 0.8044927035347778 0.2485811630558723 0.8393359714937286 0.1840464572405929 0.8029118244013683 0.16401597833523376 0.7725658791334092 0.230899086659065
0 0.1902471220068415 0.13067743329532497 0.18826323261117445 0.16633582554161916 0.21810169099201823 0.17179415393386546 0.2231135404789054 0.1358479441277081 0.1902471220068415 0.13067743329532497
0 0.3587152930444698 0.8341080535917902 0.4315655302166477 0.8400618928164196 0.4321240912200684 0.8257687377423032 0.3595648449258837 0.8174577913340935 0.3587152930444698 0.8341080535917902
0 0.7001226921322691 0.9280859589509692 0.7089110935005701 0.9052303831242874 0.692255038768529 0.899594449258837 0.6806645461801597 0.9209111265678449 0.7001226921322691 0.9280859589509692
0 0.6707079418472064 0.9484089361459521 0.6921509486887115 0.9540344264538198 0.6988719543899659 0.9309643625997719 0.6825876841505132 0.9247365131128849 0.6707079418472064 0.9484089361459521
0 0.9543776396807298 0.3920450250855188 0.8709213147092361 0.3506831391106043 0.8612940034207526 0.36087017217787914 0.9397581003420753 0.40879917103762825 0.9543776396807298 0.3920450250855188
0 0.20380872862029645 0.5464181083238313 0.21330041049030787 0.5080907286202965 0.17314219498289624 0.49897088255416194 0.16726036830102622 0.5371432873432155 0.20380872862029645 0.5464181083238313
0 0.384110417331813 0.6224093454960091 0.3930245803876853 0.5887983033067276 0.36128817445838085 0.581732629418472 0.35478022006841503 0.6128243865450399 0.384110417331813 0.6224093454960091
0 0.7991369338654504 0.25809625769669325 0.7881980604332953 0.2741059156214367 0.8519430091220068 0.3054833523375143 0.8607054561003421 0.2925831961231471 0.7991369338654504 0.25809625769669325
0 0.7721727377423032 0.25358905245153934 0.7866266579247434 0.26254385404789055 0.7968092896237172 0.25025728392246294 0.7801754332953249 0.24200455074116306 0.7721727377423032 0.25358905245153934
0 0.8238419110604334 0.7194852234891677 0.8298491106043329 0.7046646590649943 0.8148163090079817 0.7004244526795895 0.8065427525655644 0.7117789190421893 0.8238419110604334 0.7194852234891677
0 0.8003322075256556 0.745320496009122 0.818601259977195 0.7475636533637401 0.823056015963512 0.7307578460661346 0.8030189908779932 0.7282976077537058 0.8003322075256556 0.745320496009122
0 0.5375162234891676 0.2792280387685291 0.5539662291904218 0.223205834663626 0.5157927400228051 0.20767854389965792 0.4966771744583809 0.26104988939566703 0.5375162234891676 0.2792280387685291