0 0.22403828506271378 0.7683697502850627 0.21127741163055871 0.8064502793614595 0.2839941676168757 0.8269170410490307 0.29430686431014824 0.7915100592930444 0.22403828506271378 0.7683697502850627
0 0.4606929942987457 0.5711951881413911 0.44901911744583806 0.6217001322690991 0.4954735245153934 0.6349251265678449 0.5087666271379704 0.582490464082098 0.4606929942987457 0.5711951881413911
0 0.5948735769669327 0.6333825336374003 0.5929811368301026 0.6526269521094641 0.663871534777651 0.6726559122006841 0.667798882554162 0.6562151220068415 0.5948735769669327 0.6333825336374003
0 0.5864083842645382 0.6728752941847206 0.5829704492588369 0.688079661345496 0.6309719087799316 0.7053445701254275 0.6390379977194983 0.6885401174458381 0.5864083842645382 0.6728752941847206
0 0.6058483044469783 0.7111187080957811 0.5868390912200684 0.7050304275940708 0.5826529988597491 0.7185137651083239 0.6001686043329532 0.7211550433295325 0.6058483044469783 0.7111187080957811
0 0.6229559327251996 0.16411334663625998 0.6466840228050171 0.1900580969213227 0.6902101904218928 0.16300064196123146 0.6633401824401368 0.13518824629418472 0.6229559327251996 0.16411334663625998
0 0.5757633055872292 0.11518244583808437 0.5905064686431015 0.12700968757126568 0.6318439030786773 0.09537244241733181 0.6193323683010262 0.08182070011402509 0.5757633055872292 0.11518244583808437
0 0.7927513283922464 0.0747355313568985 0.8183277571265679 0.0945568244013683 0.839125913340935 0.08021770581527936 0.8105445222348916 0.04989334435575826 0.7927513283922464 0.0747355313568985
0 0.8531600364880274 0.15887825313568985 0.8752667901938427 0.13905891676168755 0.8527764446978335 0.10341783010262257 0.824982441277081 0.12974510718358037 0.8531600364880274 0.15887825313568985
0 0.9489303181299886 0.19759741163055874 0.9754070319270239 0.19707062257696695 0.9723211744583808 0.161799102622577 0.9460315735461801 0.164464598631699 0.9489303181299886 0.19759741163055874
0 0.7951434503990878 0.2587475781071836 0.8070180535917901 0.29228714025085517 0.8589345416191562 0.2793992155074116 0.8513900353477766 0.2510535860889396 0.7951434503990878 0.2587475781071836
0 0.36029856556442413 0.8679352622576967 0.3535987765108324 0.8935620171037629 0.4023673979475485 0.9059885256556441 0.4090047753705815 0.8762421584948689 0.36029856556442413 0.8679352622576967
0 0.4947753044469783 0.9539452611174458 0.48902315621436715 0.9699481151653364 0.5376882805017104 0.9811916419612315 0.5402924971493729 0.966676622576967 0.4947753044469783 0.9539452611174458
0 0.6633051949828962 0.9863709281641961 0.7277792269099201 0.980730181299886 0.7247172588369442 0.9389191961231471 0.6592613055872292 0.9401490501710377 0.6633051949828962 0.9863709281641961
0 0.7785112588369442 0.6477226488027367 0.7719239007981756 0.6882415860889395 0.8290251379703534 0.7005351037628278 0.8349036978335234 0.6655395849486887 0.7785112588369442 0.6477226488027367
0 0.7297842542759407 0.43139629988597494 0.7271745724059292 0.45606763055872296 0.8041277468643102 0.46364423831242874 0.8076236727480046 0.43547767844925883 0.7297842542759407 0.43139629988597494
0 0.48394793500570127 0.7211875895096922 0.43378920296465223 0.7064970592930445 0.4224034047890536 0.7534822531356898 0.4607251094640821 0.769125261117446 0.48394793500570127 0.7211875895096922
0 1 0.6524545849486887 0.968788330672748 0.6698261436716078 0.9759532394526795 0.6835962690992018 1 0.6743883329532497 1 0.6524545849486887