0 0.6908546875712657 0.6352765621436717 0.6962 0.599014062713797 0.6409656248574687 0.5936625005701255 0.6336531254275941 0.6308187502850626 0.6908546875712657 0.6352765621436717
0 0.4396281254275941 0.44028281299885974 0.3826125005701254 0.4361218745724059 0.37626249942987455 0.49081562485746866 0.42537343785632836 0.49497656214367164 0.4396281254275941 0.44028281299885974
0 0.26086093728620297 0.4052078129988598 0.20681406271379704 0.40104687457240595 0.1984984378563284 0.4385 0.25670312542759405 0.442660937286203 0.26086093728620297 0.4052078129988598
0 0.015573437856328391 0.5728546875712657 0.0025078129988597496 0.6465734378563284 0.05563437514253136 0.6593546875712657 0.0714015621436716 0.5805843751425314 0.015573437856328391 0.5728546875712657
0 0.4235921870011402 0.6644062497149373 0.384989062713797 0.6632187502850627 0.37447968757126565 0.6950234378563285 0.4170593751425314 0.7000781254275941 0.4235921870011402 0.6644062497149373
0 0.5103046875712657 0.046728125427594074 0.49723750057012545 0.044943750285062714 0.4893718745724059 0.12163437514253136 0.5025828129988598 0.11866093728620296 0.5103046875712657 0.046728125427594074
0 0.5304968745724059 0.06277968757126567 0.5174312497149374 0.0657515621436716 0.5098562497149373 0.12163437514253136 0.5245593751425314 0.1192562497149373 0.5304968745724059 0.06277968757126567
0 0.998503125427594 0.665596874572406 0.9272328129988597 0.6632187502850627 0.9236703124287343 0.7036437502850627 1 0.7066171870011402 0.998503125427594 0.665596874572406
0 0.9735593751425313 0.5443203124287344 0.9349531254275941 0.5413468745724059 0.9278265621436715 0.6602453124287343 0.96675 0.6629218745724059 0.9735593751425313 0.5443203124287344
0 0.22166249942987457 0.8582140627137971 0.18840312542759408 0.8534562497149373 0.17949375028506273 0.8909093751425314 0.2132765621436716 0.8912078129988598 0.22166249942987457 0.8582140627137971
0 0.40933906271379705 0.710778125427594 0.353510937286203 0.7024562497149373 0.34687031242873434 0.7458546875712656 0.39449062485746866 0.7523937502850627 0.40933906271379705 0.710778125427594