0 0.42399653819840366 0.095028078677309 0.46224267502850624 0.09140944583808437 0.456882181299886 0.05708088825541619 0.41995634549600913 0.06118487001140251 0.42399653819840366 0.095028078677309
0 0.25091418129988596 0.24398461687571266 0.28460738882554165 0.23013275028506272 0.2731287765108324 0.1967415245153934 0.23848231242873433 0.20836087343215506 0.25091418129988596 0.24398461687571266
0 0.2944824618015964 0.25790234663626 0.26229418700114027 0.2695673774230331 0.27395457582668187 0.3266677628278221 0.3057592907639681 0.3140494469783352 0.2944824618015964 0.25790234663626
0 0.04507590193842645 0.14430488939566705 0.05308827594070696 0.19819444583808438 0.07527496807297605 0.18722233181299885 0.06269288939566704 0.13838660319270238 0.04507590193842645 0.14430488939566705
0 0 0.6105241927023946 0.01840650969213227 0.6046387901938427 0.0072991277080957815 0.5581088654503991 0 0.5607512770809578 0 0.6105241927023946
0 0.16676377651083238 0.8683210193842645 0.1710289794754846 0.9018992132269099 0.20817403876852908 0.8933275758266818 0.19795918129988596 0.861014914481186 0.16676377651083238 0.8683210193842645
0 0.2341532143671608 0.8022442611174458 0.2667639749144812 0.791839354618016 0.26075392474344355 0.7664101299885976 0.2258377708095781 0.7776917822120867 0.2341532143671608 0.8022442611174458
0 0.44422028620296466 0.884532331812999 0.477436755986317 0.882605165336374 0.47076710832383123 0.823506473204105 0.43578416989737745 0.8305816442417332 0.44422028620296466 0.884532331812999
0 0.6508882508551881 0.8674079874572406 0.6111036157354618 0.8180469076396808 0.5819695598631699 0.8463315587229191 0.6140456202964653 0.8916113432155074 0.6508882508551881 0.8674079874572406
0 0.6769591972633979 0.5838691687571266 0.7106524047890536 0.5700173021664766 0.7002750889395667 0.5415775347776511 0.664424283922463 0.5587236830102623 0.6769591972633979 0.5838691687571266
0 0.6586058449258836 0.5141362405929305 0.6936402633979475 0.4992736978335233 0.678517913340935 0.4491800022805017 0.6420914230330673 0.4683453683010262 0.6586058449258836 0.5141362405929305
0 0.6330995940706955 0.35465786088939566 0.6669024891676169 0.3528131117445838 0.6680783603192703 0.314604921322691 0.6357342713797035 0.3154555222348917 0.6330995940706955 0.35465786088939566
0 0.5866070342075257 0.26777935119726337 0.6273672314709235 0.26331487571265677 0.6234498677309008 0.23578299657924745 0.5822283272519955 0.23598553819840365 0.5866070342075257 0.26777935119726337
0 0.5270612462941847 0.1970538836944128 0.5599391938426453 0.19328038768529077 0.563796157354618 0.1530490809578107 0.5217984093500571 0.15464307525655643 0.5270612462941847 0.1970538836944128
0 0.3384823660205245 0.631033802736602 0.34565882554161914 0.6524298597491448 0.3822872930444698 0.635992590649943 0.3733515165336374 0.6173472029646523 0.3384823660205245 0.631033802736602
0 0.5022995644241733 0.34766723261117444 0.5205747810718359 0.34124187115165333 0.5046360741163056 0.30872278221208665 0.4915726465222349 0.3131824811858609 0.5022995644241733 0.34766723261117444