0 0.36713548004561003 0.011818502850627138 0.36661382326111747 0.04376208323831243 0.4517555701254276 0.03871281071835804 0.4491529623717218 0.002590099201824401 0.36713548004561003 0.011818502850627138
0 0.6253220068415052 0.10243645153933865 0.6244306738882555 0.14223828392246293 0.658026961231471 0.13811015165336374 0.6556116864310149 0.10376980843785634 0.6253220068415052 0.10243645153933865
0 0.8036395153933866 0.21704377765108326 0.8176385017103763 0.15712097035347777 0.7823976123147092 0.1512820353477765 0.770605448118586 0.2038149338654504 0.8036395153933866 0.21704377765108326
0 0.44318613797035344 0.7296969692132269 0.45259935347776514 0.7681502337514253 0.47826479703534774 0.7623937434435576 0.4754154036488027 0.7239230262257697 0.44318613797035344 0.7296969692132269
0 0.5128351790193842 0.7164110684150513 0.4817870729760547 0.7220624378563283 0.4869981311288483 0.7602817913340935 0.5158085370581528 0.7560612257696694 0.5128351790193842 0.7164110684150513
0 0.6705352588369442 0.8024246761687571 0.6306929657924744 0.7982634082098061 0.6294144036488027 0.814500062713797 0.6608643797035348 0.8183524994298746 0.6705352588369442 0.8024246761687571
0 0.6304478004561004 0.7845702725199544 0.6616712873432155 0.7891079498289624 0.6689261596351197 0.775754582668187 0.6315401698973774 0.766562125427594 0.6304478004561004 0.7845702725199544
0 0.6775033397947549 0.8971228916761688 0.6772804184720639 0.9120576955530216 0.7127709521094642 0.9202569030786772 0.717218724059293 0.9001065986316991 0.6775033397947549 0.8971228916761688
0 0.6829786556442417 0.869708197263398 0.6844855438996579 0.8868854082098061 0.734657621436716 0.8899232645381985 0.7359360193842646 0.873685055872292 0.6829786556442417 0.869708197263398
0 0.8216321322690991 0.9392333283922463 0.8245911049030786 0.9673860684150514 0.9066717924743444 0.95875903990878 0.9024063078677309 0.9295511505131129 0.8216321322690991 0.9392333283922463
0 0.9379286431014823 0.6938012805017103 0.9392048757126568 0.7116390330672748 0.9692515655644243 0.7078054218928165 0.9711206237172177 0.6915067046750285 0.9379286431014823 0.6938012805017103
0 0.9711883774230331 0.6694302474344356 0.9352283842645381 0.673805244013683 0.9374326237172178 0.6890819635119726 0.9723959338654504 0.6865996408209806 0.9711883774230331 0.6694302474344356
0 0.8976689931584949 0.39312021094640826 0.9063111220068415 0.37027452223489166 0.8739932337514253 0.35816444697833527 0.8638247981755987 0.380703937286203 0.8976689931584949 0.39312021094640826
0 0.7539270729760547 0.28370217901938427 0.7543581037628277 0.29916369783352337 0.8051055381984036 0.3105307924743444 0.8154894880273661 0.29572206271379703 0.7539270729760547 0.28370217901938427
0 0.8465939692132268 0.3133281448118586 0.8444149167616876 0.32667748460661344 0.863901330672748 0.3246293797035348 0.8660198722919041 0.31068937856328394 0.8465939692132268 0.3133281448118586
0 0.9136576670467503 0.08798047548460662 0.9174458175598631 0.1013012291904219 0.9588868403648803 0.09455909007981755 0.9576468711516534 0.08276157468643101 0.9136576670467503 0.08798047548460662
0 0.9075106168757127 0.06357683238312428 0.9095990193842646 0.08060651311288483 0.9560200273660205 0.07637162143671608 0.9553526351197263 0.06093337286202964 0.9075106168757127 0.06357683238312428