0 0.6620329543899658 0.8375158278221209 0.6635712177879133 0.799495842645382 0.6008214652223489 0.794601969213227 0.5966420581527936 0.8321540433295325 0.6620329543899658 0.8375158278221209
0 0.7152141174458381 0.9381541425313569 0.7200943295324972 0.90281061345496 0.6803905929304447 0.8933752371721779 0.6751301231470923 0.9364713762827822 0.7152141174458381 0.9381541425313569
0 0.9975374515393386 0.12283269783352338 0.9884290205245154 0.08387968072976054 0.9552743603192703 0.08813280843785633 0.9569420992018244 0.1269947936145952 0.9975374515393386 0.12283269783352338
0 0.7438886818700113 0.19483881870011405 0.7574483124287342 0.23060202052451542 0.806919433295325 0.20333338426453818 0.7938895632839225 0.17173376168757126 0.7438886818700113 0.19483881870011405
0 0.8563552063854047 0.053843454960091214 0.8583803523375143 0.030695937286202964 0.8116525952109465 0.026607787913340935 0.815082274800456 0.07256282782212087 0.8563552063854047 0.053843454960091214
0 0.5141679954389966 0.10915848916761688 0.5092061311288484 0.15224781527936146 0.5422262451539339 0.15632716875712657 0.5458496088939566 0.11491193044469783 0.5141679954389966 0.10915848916761688
0 0.35068454047890535 0.1860729623717218 0.3757206738882554 0.2133023717217788 0.3958745883694413 0.1804871550741163 0.370167141391106 0.1609488164196123 0.35068454047890535 0.1860729623717218
0 0.18942672405929306 0.3806290752565564 0.21474981071835805 0.39774814709236034 0.23402115621436717 0.3784449247434436 0.2157484686431015 0.3590833671607754 0.18942672405929306 0.3806290752565564
0 0.27795475256556446 0.6495023204104903 0.2943764025085519 0.6253024104903079 0.27232982326111743 0.5945765039908779 0.2498593614595211 0.6231957297605473 0.27795475256556446 0.6495023204104903
0 0.36391962485746865 0.15742057126567843 0.3756548722919042 0.14592932497149372 0.33263753135689855 0.12666305245153933 0.32522796351197264 0.14324756328392246 0.36391962485746865 0.15742057126567843
0 0.37792342873432155 0.13360671379703534 0.3830991094640821 0.12213602850627138 0.34417329532497154 0.10382687457240593 0.3366818437856328 0.11449893728620296 0.37792342873432155 0.13360671379703534
0 0.7358730992018244 0.2728323158494869 0.7496181584948689 0.25197591220068416 0.7187522907639681 0.2232734275940707 0.7026315210946409 0.2508467730900798 0.7358730992018244 0.2728323158494869
0 0.8456082474344355 0.3742447685290764 0.8730330136830102 0.36054693272519955 0.8572110547320411 0.3233921984036488 0.8273168289623718 0.33806602166476624 0.8456082474344355 0.3742447685290764
0 1 0.21745591676168757 0.9614402588369441 0.24248725427594073 0.9706069794754846 0.2569302098061574 1 0.24248940592930443 1 0.21745591676168757