0 0.9417848700114025 0.7343068643101482 0.9678197993158495 0.7194837354618017 0.9563138711516533 0.6853886932725199 0.9170682303306728 0.7103869509692132 0.9417848700114025 0.7343068643101482
0 0.7047844971493729 0.1712263557582668 0.7150994435575826 0.2024626054732041 0.7416498061573547 0.2001590535917902 0.7291489338654504 0.1604465496009122 0.7047844971493729 0.1712263557582668
0 0.6070773511972634 0.17826529646522235 0.6144653922462943 0.23149 0.6915712862029646 0.24104190421892818 0.6876209064994299 0.17834799543899657 0.6070773511972634 0.17826529646522235
0 0.3973090171037628 0.8543607810718358 0.4034761698973774 0.8853085553021666 0.49475937058152797 0.870884763968073 0.4922524891676169 0.8471301527936146 0.3973090171037628 0.8543607810718358
0 0.3037367844925884 0.5440479179019384 0.3126691698973774 0.5751874891676169 0.3524285769669327 0.5627102588369441 0.337678015963512 0.535323976054732 0.3037367844925884 0.5440479179019384
0 0.2776138392246294 0.4409651938426454 0.2948384743443558 0.4726846168757126 0.33074135461801596 0.4557760114025085 0.311941236031927 0.4267187993158495 0.2776138392246294 0.4409651938426454
0 0.12528576966932725 0.6134062588369441 0.14566002736602052 0.6397980342075257 0.1922993261117446 0.6083842793614594 0.16668608779931585 0.5774628928164196 0.12528576966932725 0.6134062588369441
0 0.019035122006841508 0.5241396385404788 0.048891164196123146 0.5539683899657925 0.06840257126567845 0.5331396362599772 0.04545622006841505 0.5037940581527935 0.019035122006841508 0.5241396385404788
0 0.11299513797035349 0.33235803762827826 0.09030869441277081 0.27944975484606616 0.05617298517673888 0.2909324766248575 0.0772853968072976 0.3465046374002281 0.11299513797035349 0.33235803762827826
0 0.9135934868871152 0.760078110604333 0.8778851949828962 0.7742263785632839 0.8951098301026226 0.8059457993158495 0.9277665176738883 0.795745842645382 0.9135934868871152 0.760078110604333
0 0.7962768061573545 0.7893266978335234 0.8421754526795895 0.7883729771949829 0.8361030923603193 0.7560472098061574 0.7846775347776511 0.7566113181299886 0.7962768061573545 0.7893266978335234
0 0.07274554389965793 0.9079540535917903 0.08148634891676168 0.941855740022805 0.14345540478905358 0.9295453694412771 0.1306650433295325 0.893972755986317 0.07274554389965793 0.9079540535917903
0 0.4877366339794755 0.1768542588369441 0.47475469327251996 0.14404375940706954 0.4408134629418472 0.15276770239452678 0.446403086659065 0.1919969258836944 0.4877366339794755 0.1768542588369441
0 0.7582736488027366 0.538381629418472 0.75094665336374 0.5239979863169898 0.6846695815279362 0.5582018004561003 0.6960462428734321 0.5742548129988597 0.7582736488027366 0.538381629418472
0 0.7244943090079818 0.5249222029646522 0.7175533717217788 0.5050176659064994 0.6868895803876852 0.5264543249714937 0.6968836807297605 0.5424106590649943 0.7244943090079818 0.5249222029646522