0 0.15381394412770807 0.5919156202964653 0.27116423717217786 0.6060855393386545 0.2768959794754846 0.5602867058152794 0.15240069327251995 0.5485299464082098 0.15381394412770807 0.5919156202964653
0 0.39715203990877995 0.7530093808437857 0.4358720649942987 0.7531979247434435 0.44216266248574687 0.702582054732041 0.40875615507411633 0.6998425735461802 0.39715203990877995 0.7530093808437857
0 0.5237027628278221 0.7294212474344356 0.5614188631698974 0.72492948004561 0.5507565404789053 0.6847370695553021 0.5154802725199543 0.694975558722919 0.5237027628278221 0.7294212474344356
0 0.8872025484606614 0.8347032839224628 0.9028493135689852 0.8774397035347777 0.9371792086659064 0.8610273888255416 0.9207504127708096 0.8234255416191562 0.8872025484606614 0.8347032839224628
0 0.3310385872291904 0.28316803306727484 0.3258926795895097 0.3128231254275941 0.3578610285062714 0.3243306898517674 0.36306925199543905 0.2899020022805017 0.3310385872291904 0.28316803306727484
0 0.10863251083238312 0.10951620296465223 0.11665808893956671 0.1672222542759407 0.15588586202964655 0.15693606157354617 0.1511038038768529 0.11176062713797036 0.10863251083238312 0.10951620296465223
0 0.16278673888255416 0.9803319429874573 0.19573121208665906 0.9893716043329532 0.2044969521094641 0.9534396374002281 0.16908471265678449 0.943425409350057 0.16278673888255416 0.9803319429874573
0 0.08478007069555302 0.8101392873432155 0.07597759521094641 0.8252138369441278 0.14680931356898516 0.8589500718358039 0.1584788095781072 0.8397505735461802 0.08478007069555302 0.8101392873432155
0 0.03305970581527936 0.8110881254275941 0.025676150513112884 0.8153102109464082 0.0291434503990878 0.8549416374002281 0.0541214732041049 0.8408344139110605 0.03305970581527936 0.8110881254275941
0 0.06765329076396807 0.7436916316989738 0.07019777423033068 0.7863823158494869 0.0839264047890536 0.7836911721778791 0.0824782953249715 0.7429906294184722 0.06765329076396807 0.7436916316989738
0 0.020506354618015962 0.7424507229190421 0.022738925883694413 0.7815941562143671 0.03907572748004561 0.7813569076396807 0.03666661003420752 0.7434225245153934 0.020506354618015962 0.7424507229190421
0 0.303953661345496 0.10971077080957811 0.287353165336374 0.06288566590649942 0.23589674686431017 0.0712616362599772 0.25260447092360316 0.12850924401368302 0.303953661345496 0.10971077080957811
0 0.2643897206385405 0.2836348916761688 0.34190377194982896 0.27804532725199543 0.3381038597491448 0.24142465906499427 0.26580505701254276 0.24536591220068413 0.2643897206385405 0.2836348916761688
0 0.0751411550741163 0.2984039418472064 0.152210165336374 0.28093295210946406 0.15344800228050173 0.2474476465222349 0.07560275940706955 0.25604627594070695 0.0751411550741163 0.2984039418472064