0 0.9484344515393387 0.8616168996579248 0.968461023945268 0.829839410490308 0.8856224606613454 0.7885489942987457 0.8727841527936145 0.8203931391106043 0.9484344515393387 0.8616168996579248
0 0.9400076545039908 0.9440316123147092 0.9567049167616876 0.9192432086659065 0.9183881949828963 0.8946278015963511 0.9103448688711516 0.9363046259977195 0.9400076545039908 0.9440316123147092
0 0.4251197058152793 0.8869772690992018 0.4318619144811859 0.8346908654503992 0.3707461220068415 0.829029622576967 0.36668944355758265 0.8861230102622576 0.4251197058152793 0.8869772690992018
0 0.845390527936146 0.5583266157354618 0.8663782805017104 0.4905291254275941 0.8300259144811859 0.4770400684150513 0.8067688369441276 0.5458434937286203 0.845390527936146 0.5583266157354618
0 0.6532797069555302 0.5771291870011402 0.7008808962371722 0.5994081881413911 0.7190269007981756 0.5523018734321551 0.6627408209806157 0.5274984139110604 0.6532797069555302 0.5771291870011402
0 0.669438329532497 0.32382812884834666 0.6689917856328392 0.29097201938426454 0.6184147628278222 0.2834201425313569 0.6200204241733182 0.3184212919042189 0.669438329532497 0.32382812884834666
0 0.2414192189281642 0.28243669897377427 0.2546006556442417 0.21439813683010261 0.18746915165336375 0.19870619384264537 0.17669256328392244 0.2741506305587229 0.2414192189281642 0.28243669897377427
0 0.061408326111744585 0.59953813340935 0.006339117445838084 0.5822092782212086 0.013523505131128847 0.6407214241733181 0.04870225655644242 0.65196017331813 0.061408326111744585 0.59953813340935
0 0.18934626225769668 0.8327535245153934 0.194030677309008 0.7783238015963512 0.15264351311288482 0.777421841505131 0.15017502166476626 0.8328467423033068 0.18934626225769668 0.8327535245153934
0 0.27805659407069555 0.8146811824401369 0.273745007981756 0.7990542143671607 0.21387151995438997 0.798625889395667 0.21562290193842645 0.8104537377423033 0.27805659407069555 0.8146811824401369
0 0.12752427137970354 0.2659047115165336 0.12891961117445838 0.2334206567844926 0.058241906499429875 0.22295137742303306 0.05620746066134549 0.25753837058152795 0.12752427137970354 0.2659047115165336
0 0.07597270923603193 0.16273229760547323 0.0854825724059293 0.12326824059293044 0.0218042086659065 0.11133976738882555 0.020460529076396807 0.15398860661345498 0.07597270923603193 0.16273229760547323
0 0 0.41270830216647664 0.03706476624857469 0.4231998437856328 0.04683811972633979 0.3883049201824401 0 0.37552290763968077 0 0.41270830216647664
0 0.820719771949829 0.3866315598631699 0.8260233021664766 0.3518730136830102 0.7875930136830103 0.34582075028506276 0.7858047822120867 0.3824129954389966 0.820719771949829 0.3866315598631699
0 0.8943564823261118 0.4260592029646523 0.9098437537058153 0.3816721755986317 0.8705552098061573 0.3637579657924743 0.8539036795895096 0.4108429270239453 0.8943564823261118 0.4260592029646523
0 0.9863751550741163 0.368684472063854 0.9811639076396806 0.3262422690992018 0.9449646556442418 0.316923449258837 0.9524299384264538 0.36554325313568986 0.9863751550741163 0.368684472063854
0 0.872105717217788 0.46409502736602054 0.8856613375142531 0.4283232508551882 0.8654277411630559 0.41943850627137974 0.8558424161915622 0.4583136191562143 0.872105717217788 0.46409502736602054
0 1 0.7086163888255417 0.9982565324971494 0.7071027662485747 0.9822830592930444 0.7377859635119726 1 0.7489689122006842 1 0.7086163888255417
0 0.3969652451539339 0.759990015963512 0.40064707297605473 0.7266270068415052 0.37141844811858604 0.7224359657924743 0.37075559977194983 0.7560264994298747 0.3969652451539339 0.759990015963512