0 0.6669936624857469 0.760614810718358 0.6591829623717218 0.7948594754846067 0.7098311607753706 0.801378030786773 0.7245322508551882 0.7693009179019384 0.6669936624857469 0.760614810718358
0 0.7753259931584949 1 0.7774606043329533 0.9899851163055873 0.7340216020524515 0.9790882155074115 0.7230128266818701 1 0.7753259931584949 1
0 0.6843464002280502 0.7139365131128849 0.6779595473204104 0.7465825313568986 0.7215498745724059 0.7563914663625998 0.7316420045610034 0.7229786613454959 0.6843464002280502 0.7139365131128849
0 0.686650062713797 0.6250072930444698 0.6737647115165336 0.6783061356898517 0.7231447445838085 0.6874487343215508 0.7341120467502851 0.6328768095781072 0.686650062713797 0.6250072930444698
0 0.8117161391106044 0.605446197263398 0.7986037251995438 0.6347518152793614 0.8307870843785633 0.6446664230330672 0.8400329281641962 0.6130202166476625 0.8117161391106044 0.605446197263398
0 0.7676212508551882 0.7400142953249714 0.7493298494868871 0.780572709236032 0.790651794754846 0.7894569498289624 0.7995467388825541 0.7474974766248574 0.7676212508551882 0.7400142953249714
0 0.21011102964652223 0.7904474925883694 0.19456409692132268 0.8200105461801597 0.22784098175598633 0.8306768472063855 0.24077815963511973 0.7983518323831242 0.21011102964652223 0.7904474925883694
0 0.05183367730900798 0.7562239828962372 0.04225751653363741 0.7902205279361459 0.08005077879133408 0.7964818928164197 0.08678032953249715 0.763530598631699 0.05183367730900798 0.7562239828962372
0 0.11963562485746865 0.7729416339794755 0.10720245610034207 0.8059354914481186 0.136141574686431 0.8133476716077538 0.14601193158494868 0.777246590649943 0.11963562485746865 0.7729416339794755
0 0.716569929304447 0.3566661049030787 0.7113590182440137 0.3894773911060433 0.7852783979475485 0.4010636761687571 0.7942648232611175 0.3669858255416191 0.716569929304447 0.3566661049030787
0 0.7687160022805017 0.3226628312428734 0.757625157354618 0.3546493238312429 0.7942635701254276 0.3605953352337515 0.8070992109464082 0.3268596465222349 0.7687160022805017 0.3226628312428734
0 0.6684409384264538 0.2810159977194983 0.6549560992018243 0.3300366488027366 0.6913068403648803 0.33804077765108326 0.7039786556442417 0.28840568301026226 0.6684409384264538 0.2810159977194983
0 0.7013523443557582 0.2089686590649943 0.6826045530216648 0.269828314709236 0.7531528449258836 0.2883472770809578 0.7688140034207526 0.2238413078677309 0.7013523443557582 0.2089686590649943
0 0.8724437126567846 0.19467840250855187 0.8614456875712657 0.2302707172177879 0.9121091151653364 0.23882526909920182 0.9232771140250855 0.2084116955530217 0.8724437126567846 0.19467840250855187
0 0.8788434868871151 0.34113500912200684 0.8619958688711516 0.3884854606613455 0.9141702645381984 0.4012096259977195 0.9280678380843785 0.3492522120866591 0.8788434868871151 0.34113500912200684
0 1 0.4296943318129989 0.9728327194982896 0.4232303534777651 0.9653507913340935 0.4551244618015964 0.9904917981755986 0.46183086773090076 1 0.43910814709236035 1 0.4296943318129989
0 0.9399887229190421 0.41801642417331814 0.9312484355758267 0.4503316875712657 0.9559432451539338 0.4538023169897377 0.9647763534777651 0.4250928745724059 0.9399887229190421 0.41801642417331814
0 0.8681869714937287 0.5193393067274801 0.9028890330672747 0.5284087251995438 0.9141345256556442 0.49105558950969214 0.8788447092360319 0.4819019897377423 0.8681869714937287 0.5193393067274801
0 0.9422023010262258 0.5003902132269099 0.930523701254276 0.5322925245153933 0.9624689794754846 0.5396349030786773 0.9710955450399088 0.5038513090079817 0.9422023010262258 0.5003902132269099
0 0.7419259885974914 0.14638447776510832 0.7263471322690992 0.19750601938426454 0.76121248004561 0.20540237172177878 0.7730058517673889 0.1513520535917902 0.7419259885974914 0.14638447776510832
0 1 0.2305665644241733 0.9656327765108325 0.22275069897377422 0.9624890387685291 0.23872015051311288 1 0.2480344503990878 1 0.2305665644241733
0 0.8090720353477766 0.03978100684150513 0.7249920866590649 0.027964339794754847 0.7110147742303308 0.07195657924743443 0.7814889578107184 0.082459086659065 0.8090720353477766 0.03978100684150513
0 0.2957855267958951 0.10404890763968072 0.2805990353477765 0.1438460969213227 0.36668332041049034 0.16486564994298747 0.38056620410490305 0.1279447126567845 0.2957855267958951 0.10404890763968072
0 0.3134558403648803 0 0.30340241847206384 0.02425429304446978 0.3421761299885975 0.0320719441277081 0.35296885746864315 0.00007353249714937287 0.3526631071835804 0 0.3134558403648803 0
0 0.42976475142531356 0.2642448529076397 0.42198306157354615 0.3110706807297606 0.4569828403648803 0.31588859635119726 0.46739493614595207 0.2695334298745724 0.42976475142531356 0.2642448529076397
0 0.3355316841505131 0.08148276624857469 0.3294749315849487 0.11177999201824401 0.38082626681870013 0.12822740592930443 0.3957119532497149 0.07137234777651083 0.3355316841505131 0.08148276624857469
0 0.23727109578107183 0.5971935838084379 0.2265309407069555 0.6352173261117446 0.26292973318129986 0.6407351961231471 0.27297231698973773 0.6034086567844926 0.23727109578107183 0.5971935838084379
0 0.12161793044469783 0.5497895678449259 0.17638016419612315 0.5568878905359179 0.18018914823261117 0.5340630558722919 0.12389740364880274 0.5207602348916762 0.12161793044469783 0.5497895678449259
0 0.01556273432155074 0.3743534549600912 0.011722646522234892 0.39058479247434436 0.02944493158494869 0.39503203762827827 0.03086018244013683 0.38069573432155074 0.01556273432155074 0.3743534549600912
0 0.01642822006841505 0.3571029007981756 0.03736001140250855 0.36004467274800456 0.0418582086659065 0.345103417331813 0.018574530216647664 0.34183111060433297 0.01642822006841505 0.3571029007981756
0 0.41014556328392243 0.41663020524515393 0.3980557765108324 0.45146949828962374 0.43377114937286204 0.4554507377423033 0.4415674789053592 0.42344145267958955 0.41014556328392243 0.41663020524515393
0 0.3333986875712657 0.6256772862029646 0.3260950900798175 0.6605912269099202 0.37888507525655646 0.67320151995439 0.39337334435575827 0.6341061744583809 0.3333986875712657 0.6256772862029646
0 0.3375124367160775 0.6945418711516533 0.32818395895096925 0.726776047890536 0.38112311174458385 0.7426024629418472 0.3861590034207526 0.7067702314709235 0.3375124367160775 0.6945418711516533