0 0.49984834663626 0.6578360615735462 0.5739216716077536 0.6529753751425313 0.5739015997719499 0.6178938198403648 0.4969767810718358 0.6207242748004561 0.49984834663626 0.6578360615735462
0 0.42864384834663627 0.7250780547320411 0.46474850399087797 0.7202847115165337 0.46283716077537057 0.6448050102622578 0.42535638654503993 0.6460546431014823 0.42864384834663627 0.7250780547320411
0 0.40411518358038767 0.7813959657924744 0.41252977993158496 0.8555729087799316 0.42613874914481187 0.853550717217788 0.42009881641961233 0.7793338859749145 0.40411518358038767 0.7813959657924744
0 0.8955489874572407 0.8614111379703535 0.9285862998859749 0.8507266807297605 0.909849550741163 0.7969470535917902 0.8792166385404789 0.8066987810718358 0.8955489874572407 0.8614111379703535
0 0.7186711356898517 0.31272388939566703 0.754152606613455 0.3061599030786773 0.7539288722919042 0.225299929304447 0.7134431630558723 0.22897893728620297 0.7186711356898517 0.31272388939566703
0 0.9398477434435576 0.17032494982896237 0.9411453534777651 0.21073345724059292 0.9760139760547321 0.20299092474344357 0.9753810535917902 0.16673082326111743 0.9398477434435576 0.17032494982896237
0 0.4644166659064994 0.29337860775370583 0.5159112953249715 0.2865335484606613 0.514736606613455 0.25325679247434435 0.46400740592930445 0.26097925313568987 0.4644166659064994 0.29337860775370583
0 0.2919044583808438 0.23276762941847207 0.3398506716077537 0.2265814732041049 0.3362837183580388 0.19215723147092362 0.2867264754846066 0.19629306727480048 0.2919044583808438 0.23276762941847207
0 0.30320358608893955 0.06430414937286204 0.29739395553021664 0.0034603375142531357 0.2624024104903079 0.004071117445838084 0.2652453055872292 0.06496671379703535 0.30320358608893955 0.06430414937286204
0 0.5181053591790193 0 0.4545985245153934 0.0027978882554161918 0.45657496465222347 0.03903297605473204 0.5399692919042189 0.033414189281641964 0.5329844914481185 0 0.5181053591790193 0
0 0.09878720980615735 0.24922174686431015 0.13675429076396808 0.24915286887115165 0.13532177765108325 0.20101585062713795 0.09471314481185861 0.20499392474344355 0.09878720980615735 0.24922174686431015
0 0.15316102964652226 0.3053516545039909 0.15499007183580385 0.3421847172177879 0.21963647434435574 0.3410563101482326 0.22246901482326112 0.2993849030786773 0.15316102964652226 0.3053516545039909
0 0 0.054530131128848344 0.06533888255416191 0.051212842645381985 0.06253285632839224 0.007559852907639681 0 0.008651368301026226 0 0.054530131128848344
0 0.03800270125427594 0.4375768950969213 0.039831717217787915 0.4744083956670468 0.07422960091220068 0.4738079783352338 0.07052933637400229 0.4316567616875712 0.03800270125427594 0.4375768950969213
0 0.8054603044469784 0.6965004732041049 0.8055167069555301 0.6316896168757127 0.7889098631698974 0.6319794914481185 0.7924657206385405 0.6996996225769669 0.8054603044469784 0.6965004732041049