0 0.5921609874572407 0.23741109806157354 0.5567878802736602 0.24627574458380844 0.5913640843785632 0.32828395553021666 0.6238531619156215 0.320209763968073 0.5921609874572407 0.23741109806157354
0 0.49351927594070694 0.25416625769669327 0.5392826134549601 0.3561692633979475 0.5699469338654504 0.34595195895096925 0.5342950433295325 0.24370794070695553 0.49351927594070694 0.25416625769669327
0 0.4838071870011402 0.2769974697833523 0.4679200935005701 0.28951314139110607 0.49605035233751427 0.3689198084378563 0.5171759486887115 0.35955606385404787 0.4838071870011402 0.2769974697833523
0 0.42212849714937284 0.20533250741163056 0.43292186431014823 0.23660324059293045 0.46714963854047886 0.2265103740022805 0.4571361539338655 0.18991986887115164 0.42212849714937284 0.20533250741163056
0 0.4466893808437856 0.30184221208665907 0.4167427776510832 0.30851990763968073 0.4475502736602053 0.39247590421892814 0.48392924287343214 0.3756258722919042 0.4466893808437856 0.30184221208665907
0 0.6240350877993158 0.8902680649942987 0.5745117423033067 0.7768456316989738 0.521000755986317 0.7945826795895097 0.5719682291904219 0.9128100022805017 0.6240350877993158 0.8902680649942987
0 0.5985677708095781 0.9048256374002281 0.5504609509692132 0.9209706316989738 0.5594860250855188 0.9640618517673889 0.6143509281641961 0.9463705199543899 0.5985677708095781 0.9048256374002281
0 0.3049702770809578 0.9735914355758267 0.3113983261117446 0.9937186567844926 0.37016094526795895 0.9957706921322691 0.35416021208665904 0.9604563876852907 0.3049702770809578 0.9735914355758267
0 0.5901615496009123 0.6520329578107183 0.54852296009122 0.6701861619156214 0.5832427092360319 0.74803903990878 0.6363525028506272 0.7279115336374002 0.5901615496009123 0.6520329578107183
0 0.604330259977195 0.6887701299885975 0.6590396465222349 0.6877100638540479 0.6517535974914481 0.6411133363740023 0.6019840820980615 0.6402665142531357 0.604330259977195 0.6887701299885975
0 0.514592905359179 0.46759579475484603 0.48415496009122005 0.4712857742303307 0.49733992246294184 0.5234339395667047 0.5361648939566704 0.5135016111744584 0.514592905359179 0.46759579475484603
0 0.653181850627138 0.41302423603192706 0.6292935131128848 0.41634725655644245 0.6526607286202964 0.4905376431014823 0.6797998164196123 0.48465307525655643 0.653181850627138 0.41302423603192706
0 0.7579756248574687 0.5093651744583808 0.7267709806157354 0.5350105210946409 0.7463046054732041 0.565101189281642 0.7756441151653363 0.5480053340935006 0.7579756248574687 0.5093651744583808
0 0.863394748004561 0.6728641596351197 0.8461139908779931 0.6401786602052452 0.798946905359179 0.6634842485746864 0.8182530136830103 0.6995080923603193 0.863394748004561 0.6728641596351197
0 0.9348515267958951 0.6177290661345496 0.9109782109464083 0.5865956841505132 0.870283141391106 0.6130994059293045 0.8850398916761687 0.6486673249714938 0.9348515267958951 0.6177290661345496
0 0.9917307023945269 0.5715922656784492 0.9752298289623718 0.533586992018244 0.9433873785632839 0.561289457240593 0.9585254937286203 0.5864737366020524 0.9917307023945269 0.5715922656784492
0 0.9581306316989738 0.35950763169897376 0.9141392098061574 0.3769845621436716 0.929948566704675 0.41021279247434433 0.9748610045610033 0.39098568871151657 0.9581306316989738 0.35950763169897376
0 1 0.343117259977195 0.9681400307867731 0.3622336157354618 0.9882080513112884 0.40066051311288486 1 0.38857029076396804 1 0.343117259977195
0 1 0.2072867913340935 0.9894222713797036 0.1782080022805017 0.9492398928164196 0.18868704104903078 0.9758768985176738 0.24338435347776513 1 0.23389212542759405 1 0.2072867913340935
0 1 0.10777506841505131 0.9964993477765108 0.09468379475484608 0.9656899760547321 0.10905481755986317 0.9759221231470924 0.14001045952109464 1 0.13204001938426455 1 0.10777506841505131
0 0.9773935370581528 0.8800313614595211 0.9860660296465222 0.8720166442417332 0.9884904549600911 0.8025902132269099 0.9604103648802736 0.8218110034207525 0.9773935370581528 0.8800313614595211
0 0.24738812542759406 0.27408854047890535 0.23483375142531357 0.24216220182440137 0.20007631584948687 0.250454236031927 0.21172364652223488 0.28086518472063854 0.24738812542759406 0.27408854047890535
0 0.1424891801596351 0.18071448916761687 0.15014983352337513 0.21662872063854047 0.18200249258836945 0.206452913340935 0.1683027879133409 0.17329835461801596 0.1424891801596351 0.18071448916761687
0 0.07418295895096921 0.43498709464082097 0.039446244013683004 0.44268574116305587 0.05466786202964652 0.49104330102622573 0.08984178563283922 0.4800923078677309 0.07418295895096921 0.43498709464082097