0 1 0.15534322462941846 0.9808143375142532 0.08410249144811859 0.8990677993158495 0.06821257468643102 0.9280652098061574 0.1751636590649943 1 0.16261759064994297 1 0.15534322462941846
0 0.649519984036488 0.3024804549600912 0.6604699361459521 0.30521377309007985 0.6889832132269099 0.23061184036488028 0.6763309338654504 0.22361601368301026 0.649519984036488 0.3024804549600912
0 0.5686637297605474 0.16821043557582668 0.5971214082098062 0.24874506499429874 0.6119857571265678 0.24377118244013685 0.585181700114025 0.16325396237172177 0.5686637297605474 0.16821043557582668
0 0.2441234218928164 0.3767112862029646 0.26708883808437855 0.40778928506271384 0.341811322690992 0.36636403420752567 0.32066832611174456 0.3311022132269099 0.2441234218928164 0.3767112862029646
0 0.27034137514253137 0 0.27827782782212085 0.03313134777651083 0.31557885860889395 0.024655494868871152 0.30757832725199546 0 0.27034137514253137 0
0 0 0.6018544355758266 0.034246323831242875 0.5984274618015963 0.025173099201824402 0.5361775017103763 0 0.537095078677309 0 0.6018544355758266
0 0.009910352337514253 0.4073976202964652 0.0023197320410490306 0.4464479771949829 0.04647908209806157 0.42357880729760544 0.03574961459521095 0.38852817445838084 0.009910352337514253 0.4073976202964652
0 0.3908791584948689 0.6320629429874572 0.4205290387685291 0.6069782805017103 0.3893696932725199 0.5552543580387685 0.36279115393386546 0.5776076887115165 0.3908791584948689 0.6320629429874572
0 0.41952396921322693 0.7707007981755986 0.44914090763968073 0.7613361721778791 0.4338275085518814 0.7181361562143672 0.4017519258836944 0.7315593432155074 0.41952396921322693 0.7707007981755986
0 0.3808074047890536 0.8641871881413911 0.40964411744583806 0.8837059179019384 0.4350648129988598 0.8562870285062714 0.4005430478905359 0.834152669327252 0.3808074047890536 0.8641871881413911
0 0.252823417331813 0.6614798871151653 0.30581134549600913 0.6717796966932725 0.30790583010262257 0.6247034834663626 0.26141883010262257 0.6141567605473205 0.252823417331813 0.6614798871151653
0 0.07080353363740023 0.7150136727480046 0.09062969099201826 0.7466911870011402 0.13404528050171038 0.7285163489167616 0.1091883637400228 0.6916269122006841 0.07080353363740023 0.7150136727480046
0 0.488406314709236 0.416331850627138 0.4212107172177879 0.4698052839224629 0.4439628563283923 0.50507586659065 0.5108858038768529 0.4436862166476625 0.488406314709236 0.416331850627138
0 0.36802416761687573 0.48850029190421895 0.40989272291904216 0.5528925689851767 0.451323937286203 0.5255599019384265 0.41871999657924747 0.4608530547320411 0.36802416761687573 0.48850029190421895
0 0.8805798905359179 0.6836993911060434 0.8487297388825541 0.689002338654504 0.8590275074116306 0.7263885108323831 0.8872871550741164 0.720690070695553 0.8805798905359179 0.6836993911060434
0 0.8647650456100342 0.6407043375142532 0.8977642052451539 0.6326020114025086 0.8889521607753705 0.5939924777651083 0.852833189281642 0.6057224150513113 0.8647650456100342 0.6407043375142532
0 0.18263834207525656 0.43189959407069556 0.1594775621436716 0.4080419771949829 0.11573493272519955 0.4385529384264538 0.14232600114025085 0.46519435575826684 0.18263834207525656 0.43189959407069556
0 0.2339965974914481 0.9324297354618015 0.24847174914481188 0.9418969122006842 0.2847207126567845 0.897832070695553 0.2741319692132269 0.8876065860889395 0.2339965974914481 0.9324297354618015