0 0.25310426111744583 0.35288463283922467 0.2885510820980616 0.3252021619156214 0.23704270581527934 0.2561522668187001 0.2069963865450399 0.2870599977194983 0.25310426111744583 0.35288463283922467
0 0.0510758779931585 0.5619405336374003 0.0677769771949829 0.5616845233751425 0.07589839110604332 0.47693651083238314 0.06030215963511972 0.479152165336374 0.0510758779931585 0.5619405336374003
0 0.4708763899657925 0.8220639543899658 0.4839738369441277 0.8216522063854048 0.47838933067274797 0.7469635701254276 0.46147148232611174 0.7538264925883694 0.4708763899657925 0.8220639543899658
0 0.4897885165336374 0.8203400456100343 0.5073803751425314 0.8175818278221209 0.5026858757126568 0.7744889863169898 0.4897895678449259 0.7727823044469784 0.4897885165336374 0.8203400456100343
0 0.6200378380843786 0.8103295290763968 0.6372574526795894 0.8094116453819841 0.6397926989737742 0.7570561755986317 0.6227799566704676 0.753761197263398 0.6200378380843786 0.8103295290763968
0 0.6436614561003421 0.8080271231470924 0.6597749726339796 0.8078448323831243 0.6626822736602053 0.7536474811858609 0.646276835803877 0.7553627103762828 0.6436614561003421 0.8080271231470924
0 0.6470359509692132 0.4558643454960091 0.6725459236031927 0.43000017331813 0.6325378905359179 0.38645604218928165 0.6095694264538198 0.4126079384264538 0.6470359509692132 0.4558643454960091
0 0.8572148985176739 0.5760221755986317 0.8945109452679589 0.5439251835803877 0.8741179395667047 0.5141258472063854 0.8289665689851767 0.549877716077537 0.8572148985176739 0.5760221755986317
0 0.8200206944127708 0.7014272588369441 0.8530472041049031 0.7416395769669327 0.8781230182440136 0.7122394595210947 0.852379274800456 0.6729275575826682 0.8200206944127708 0.7014272588369441
0 1 0.6157619429874572 0.9795999236031927 0.6333784675028507 1 0.6567371402508552 1 0.6157619429874572
0 1 0.7537281299885975 0.9930858038768529 0.7405966396807298 0.9642420262257697 0.7662719429874573 0.9791910478905359 0.7955432998859748 1 0.7735267502850628 1 0.7537281299885975