0 0.36799345610034206 0.7852113340935006 0.3679031049030787 0.8820089030786773 0.4240780923603193 0.8786530034207525 0.42126763854047894 0.778343023945268 0.36799345610034206 0.7852113340935006
0 1 0.8306025883694413 0.9946529247434436 0.7950573671607754 0.9526696248574686 0.8029162736602052 0.9693948084378564 0.8774482314709237 1 0.8640520114025085 1 0.8306025883694413
0 0.8036286396807298 0.7954225062713798 0.8501167537058153 0.8076755427594071 0.8631574082098062 0.7730051710376282 0.815492338654504 0.76136651995439 0.8036286396807298 0.7954225062713798
0 0.8481316259977194 0.6259950171037628 0.8200341003420752 0.6817110604332953 0.8478591220068415 0.692212984036488 0.8785858278221208 0.6373402462941847 0.8481316259977194 0.6259950171037628
0 0.6961698950969213 0.5870771265678448 0.6698977103762828 0.5774404207525656 0.6561168802736602 0.6376588517673888 0.6814861641961232 0.6407806339794755 0.6961698950969213 0.5870771265678448
0 0.6193414994298746 0.7060001402508551 0.6490688665906499 0.7096365678449259 0.6613718631698975 0.6607284652223488 0.6415190136830102 0.650979709236032 0.6193414994298746 0.7060001402508551
0 0.356270425313569 0.5894470501710376 0.3438027331812999 0.6229213021664766 0.36592239908779933 0.6326289270239452 0.3791909064994299 0.6006268608893958 0.356270425313569 0.5894470501710376
0 0.3430358905359179 0.5789889315849487 0.32927145952109466 0.5721046681870011 0.3126320855188141 0.6044624937286203 0.33173476510832384 0.6112535781071836 0.3430358905359179 0.5789889315849487
0 0.3085210421892816 0.6069096134549601 0.32212267958950974 0.5704463660205245 0.3089192314709236 0.5617692269099201 0.29176909578107185 0.5988866921322691 0.3085210421892816 0.6069096134549601
0 0.12360385404789054 1 0.1375097502850627 0.9721388608893957 0.09746118244013682 0.9550226989737742 0.07793017673888254 1 0.12360385404789054 1
0 0.025827538198403648 0.7597103181299886 0.040040583808437856 0.7582745484606614 0.046015384264538196 0.7266967137970354 0.028150246294184722 0.7228516681870012 0.025827538198403648 0.7597103181299886
0 0.01615327936145952 0.7153411493728621 0.0036449783352337515 0.7131841208665907 0.004225271379703535 0.7464290570125428 0.0167646590649943 0.7503670638540478 0.01615327936145952 0.7153411493728621