0 0.8294994629418473 0.2879221060433295 0.8668793751425313 0.27757064994298747 0.8564144389965792 0.23366243899657924 0.8162380045610035 0.24301904675028504 0.8294994629418473 0.2879221060433295
0 0.8488589167616876 0.19014598061573545 0.8855636887115166 0.17865133523375143 0.8795379042189282 0.13026630900798175 0.8375523842645383 0.13915265564424173 0.8488589167616876 0.19014598061573545
0 0.34682784834663627 0.19668181870011403 0.4250337525655644 0.19121312884834665 0.42337983352337516 0.11841679703534777 0.34169191904218926 0.12323460661345496 0.34682784834663627 0.19668181870011403
0 0.2582619635119726 0.30941572633979475 0.2726874583808438 0.31138299657924745 0.2763043705815279 0.23673009350057012 0.2609104857468643 0.2366161391106043 0.2582619635119726 0.30941572633979475
0 0.2845916887115165 0.10699221436716078 0.2784931949828962 0.05384910718358039 0.2439645598631699 0.05388278563283923 0.2502684754846066 0.10998596123147093 0.2845916887115165 0.10699221436716078
0 0.14399863055872292 0.1227754378563284 0.17235405473204105 0.11960066704675029 0.17538742303306729 0.0830813614595211 0.13881133181299887 0.08266301140250856 0.14399863055872292 0.1227754378563284
0 0.687059047890536 0.8817782873432155 0.7233230684150513 0.8810264937286202 0.7242488118586089 0.8205489726339794 0.6836447103762828 0.8159498551881414 0.687059047890536 0.8817782873432155
0 0.5934792645381984 0.8121348734321551 0.6465935313568986 0.8054447628278221 0.6361350501710377 0.7606433010262257 0.5881388540478906 0.7613211220068415 0.5934792645381984 0.8121348734321551
0 0.4104078323831243 0.7398228928164196 0.41305857810718355 0.7777303272519954 0.4475457958950969 0.7771043454960092 0.4437690114025086 0.7419540501710377 0.4104078323831243 0.7398228928164196
0 0.49958571037628274 1 0.5077448050171037 0.9994294606613455 0.5052767799315849 0.9831745245153933 0.4614912862029647 0.985045905359179 0.46510570239452675 1 0.49958571037628274 1
0 0.4614697822120867 1 0.4569895496009122 0.9820870980615736 0.3973521277080958 0.9788173534777651 0.3979416031927024 1 0.4614697822120867 1
0 0.7326494982896237 0.08637299201824403 0.7194020524515394 0.033136155074116304 0.6823245176738882 0.039300067274800454 0.6963729167616877 0.09545689623717218 0.7326494982896237 0.08637299201824403
0 0.6685517571265678 0.08073674458380843 0.6536500946408209 0.029401181299885972 0.623420803876853 0.03984781755986317 0.6312686921322691 0.08393903078677309 0.6685517571265678 0.08073674458380843
0 0.6678565461801597 0.23256289395667049 0.7011301904218927 0.22309377537058153 0.6925769007981756 0.18887268643101482 0.6588131539338654 0.19688807639680728 0.6678565461801597 0.23256289395667049
0 0.6077715085518814 0.1480781014823261 0.6009302098061574 0.10987006499429874 0.568209007981756 0.11870535233751427 0.5788636396807297 0.15188670125427592 0.6077715085518814 0.1480781014823261
0 0.44873435803876854 0.3002629988597491 0.4595506020524515 0.3102202508551881 0.4695665142531357 0.2937470729760547 0.4602630992018244 0.286362433295325 0.44873435803876854 0.3002629988597491
0 0.47248177651083234 0.1545624811858609 0.5026970558722919 0.15244962257696693 0.5006754606613455 0.1130117605473204 0.4649652291904219 0.11520969783352338 0.47248177651083234 0.1545624811858609
0 0.12427636944127708 0.18129374002280502 0.14607347662485745 0.17798237286202964 0.1358913511972634 0.14387518358038767 0.11658158836944127 0.1479038529076397 0.12427636944127708 0.18129374002280502
0 0.11963639338654504 0.3107765724059293 0.13639124401368302 0.3119857594070696 0.13626224743443557 0.27687798631698973 0.1172341550741163 0.2764229600912201 0.11963639338654504 0.3107765724059293
0 0.08050447776510833 0.30458494526795893 0.09603330216647663 0.3052846636259977 0.09838797605473204 0.2714912155074116 0.08008779817559863 0.27306848802736605 0.08050447776510833 0.30458494526795893
0 0.45674057126567846 0.9085957571265678 0.45254241049030786 0.8315133363740024 0.39431394298745726 0.8332058335233751 0.39699771379703536 0.9056325518814139 0.45674057126567846 0.9085957571265678
0 0.3029616659064994 0.7187666670467503 0.30294098631698974 0.6759121562143671 0.24454840592930444 0.6752353295324971 0.24719915165336373 0.713142763968073 0.3029616659064994 0.7187666670467503