0 0.8463333831242873 0.7280563181299886 0.8043375507411631 0.7317304766248575 0.8056315416191562 0.7465208551881414 0.8473027194982896 0.7459304754846066 0.8463333831242873 0.7280563181299886
0 0.8468374036488028 0.7065492976054732 0.8444844914481185 0.6864858335233752 0.7959822622576967 0.6907292280501711 0.803605283922463 0.7097356009122007 0.8468374036488028 0.7065492976054732
0 0 0.43674637286202966 0.03862949828962372 0.43403507183580387 0.03707502052451539 0.34814214367160773 0 0.34741908209806155 0 0.43674637286202966
0 0 0.34585021550741163 0.056829763968072974 0.3457205644241733 0.0563941755986317 0.310085425313569 0 0.31135954618015965 0 0.34585021550741163
0 0 0.28749279703534775 0.05857321550741163 0.283880165336374 0.053502388825541626 0.24296956556442417 0 0.24224722805017104 0 0.28749279703534775
0 0 0.24407274116305588 0.02894064538198404 0.24154076282782214 0.024673352337514252 0.15189028392246293 0 0.15351867046750287 0 0.24407274116305588
0 0.09643555074116306 0.12057130558722919 0.0877415598631699 0.06886822919042189 0.0276149566704675 0.07651269783352338 0.03520308323831243 0.12235234435575826 0.09643555074116306 0.12057130558722919
0 0.6069716613454961 0.723958724059293 0.6009073283922463 0.736411212086659 0.7089241870011402 0.7482027309007983 0.7107473523375143 0.7315727377423034 0.6069716613454961 0.723958724059293
0 0.4535081995438997 0.7683858152793615 0.45125324629418473 0.7834866875712657 0.5571734663625998 0.771313496009122 0.5575587970353477 0.7586865507411631 0.4535081995438997 0.7683858152793615
0 0.5057809749144812 0.7459272953249715 0.5548228095781073 0.7410391037628279 0.5522940889395667 0.7257607331812999 0.5008344059293044 0.7302628711516533 0.5057809749144812 0.7459272953249715
0 0.027942345496009123 0.8091941128848347 0.032733667046750285 0.823084063854048 0.08215527137970353 0.819130393386545 0.07870703990877992 0.803560740022805 0.027942345496009123 0.8091941128848347
0 0.02643371265678449 0.7783253204104903 0.02847457582668187 0.7948399783352338 0.082255417331813 0.7896187388825542 0.07447006727480046 0.7687569532497149 0.02643371265678449 0.7783253204104903