0 0.9331727217787913 0.21828645496009122 0.9649306442417332 0.21550516419612314 0.9488832086659065 0.10429688825541619 0.9242473169897377 0.09515217103762827 0.9331727217787913 0.21828645496009122
0 0.6343043751425314 0.7864271824401369 0.7469087229190422 0.8126247023945268 0.7533048688711517 0.7558349817559864 0.6416815974914482 0.731599708095781 0.6343043751425314 0.7864271824401369
0 0.6276667628278221 0.8226598244013683 0.6208780900798175 0.9412793340935006 0.7027446408209806 0.9633931094640821 0.7173256259977194 0.842837464082098 0.6276667628278221 0.8226598244013683
0 0.4605004207525656 0.7301685131128849 0.4561577457240593 0.7946535860889395 0.5693118472063854 0.7770703979475484 0.5690158472063854 0.7271034435575826 0.4605004207525656 0.7301685131128849
0 0.5017869714937286 0.8689260399087799 0.6107063899657925 0.8569808244013682 0.6032930296465222 0.8042320285062714 0.4936950193842645 0.8175348985176739 0.5017869714937286 0.8689260399087799
0 0.46863294412770806 0.6312490068415051 0.4624928711516534 0.5676770501710376 0.42628712086659065 0.5685620285062714 0.427333102622577 0.6356537628278222 0.46863294412770806 0.6312490068415051
0 0.518788409350057 0.6003871197263397 0.5219774857468643 0.6727806271379703 0.5664037901938427 0.6707387468643101 0.5563650604332954 0.5993094720638541 0.518788409350057 0.6003871197263397
0 0.8463915017103762 0.7871770330672747 0.8587682873432154 0.7218026738882554 0.8092946898517673 0.7107445131128849 0.792541472063854 0.780635976054732 0.8463915017103762 0.7871770330672747
0 1 0.5374410535917902 0.8562487822120866 0.49252671037628276 0.8206767970353478 0.6383038791334094 0.9642340843785633 0.6709579794754846 1 0.5706236898517674 1 0.5374410535917902
0 0.813082212086659 0.7036088848346636 0.9014578597491448 0.7272077856328392 0.9158070592930444 0.6606552656784492 0.8270469988597491 0.6410124275940707 0.813082212086659 0.7036088848346636
0 0.8990248859749145 0.7269501322690992 0.8653124207525656 0.7214825404789054 0.8478719897377424 0.8019775267958951 0.8833097742303307 0.8129065883694413 0.8990248859749145 0.7269501322690992