0 0.08785378791334093 0.7944950456100343 0.055175298745724057 0.786869472063854 0.04847568985176739 0.8256189543899658 0.08163772063854048 0.8315003454960092 0.08785378791334093 0.7944950456100343
0 0.11202996009122007 0.16423192246294185 0.10095778107183581 0.16147517673888256 0.0903939669327252 0.22402688255416192 0.10381950513112885 0.2308636362599772 0.11202996009122007 0.16423192246294185
0 0.34927282668187004 0.8555114013683011 0.3410514903078677 0.8541961094640821 0.33492530216647665 0.9195216978335233 0.352443488027366 0.9213507822120867 0.34927282668187004 0.8555114013683011
0 0.5180459224629419 0.7844505381984036 0.5043892770809578 0.8452431801596352 0.5576978164196122 0.8552712348916761 0.5700679828962372 0.7955580775370581 0.5180459224629419 0.7844505381984036
0 0.5056802189281642 0.3744971755986317 0.49794002964652223 0.46978046750285063 0.5321620478905359 0.4733705245153934 0.541416409350057 0.3811997947548461 0.5056802189281642 0.3744971755986317
0 0.7308379669327252 1 0.7353235541619155 0.9867369806157354 0.6977301630558723 0.9765937765108325 0.6919280912200684 1 0.7308379669327252 1
0 0.7325845393386545 0.9116970855188142 0.6993974948688713 0.8962772155074117 0.6801295815279362 0.9541932953249715 0.709475212086659 0.9716595883694412 0.7325845393386545 0.9116970855188142
0 0.7640841413911061 0.6605476944127708 0.7353673021664766 0.6484974401368301 0.7213724378563284 0.6869098152793615 0.7529871299885975 0.6989140216647662 0.7640841413911061 0.6605476944127708
0 0.9207863249714938 0.7070383500570125 0.8555952189281641 0.6763021106043329 0.8186389543899658 0.7794580752565565 0.875580118586089 0.8085785108323831 0.9207863249714938 0.7070383500570125
0 1 0.10308547776510832 0.9697746522234892 0.09265285518814138 0.9548420171037628 0.14081591448118586 0.9919369965792475 0.1524071265678449 1 0.1289383945267959 1 0.10308547776510832
0 0.6616806670467503 0.306490976054732 0.6785595849486887 0.31094777993158496 0.6929035838084378 0.25707105017103765 0.6797523819840364 0.24966227936145954 0.6616806670467503 0.306490976054732
0 0.5659831995438996 0.005114500570125428 0.5281636009122007 0.001805714937286203 0.5279140570125428 0.020022034207525657 0.5626490285062714 0.029617148232611176 0.5659831995438996 0.005114500570125428
0 0.48844732725199547 0.27881864310148236 0.498595267958951 0.2785144378563284 0.5084569144811859 0.20159686659064996 0.491039031927024 0.2015614766248575 0.48844732725199547 0.27881864310148236
0 0.7782724184720639 0.06278618358038768 0.7463113078677308 0.0605859669327252 0.7432515119726341 0.08982273090079818 0.771186976054732 0.09613931584948687 0.7782724184720639 0.06278618358038768
0 0.6951187822120867 0.04001471493728621 0.687460992018244 0.07987397035347776 0.7218605108323832 0.08824770125427595 0.7332902690992018 0.05289057582668187 0.6951187822120867 0.04001471493728621
0 0.7925529201824401 0.23986245267958953 0.7721452736602054 0.3370160068415051 0.8115514891676168 0.34940387571265674 0.8362363432155074 0.2517305005701254 0.7925529201824401 0.23986245267958953
0 0.635763511972634 0.8817696944127708 0.6214281938426454 0.8823020011402509 0.617295535917902 0.9159134686431015 0.6317610182440137 0.9150945393386545 0.635763511972634 0.8817696944127708
0 0.9559105210946408 0.28514732839224627 0.9402663329532497 0.28020253021664765 0.9186147400228051 0.37158508437856325 0.9325261436716077 0.37548582326111746 0.9559105210946408 0.28514732839224627