0 0.07290417787913342 0.2294439315849487 0.015445530216647664 0.22643265108323832 0.010098950969213228 0.2998800524515393 0.06447002850627138 0.31105186316989736 0.07290417787913342 0.2294439315849487
0 0.763949015963512 0.12296293272519955 0.7023093397947548 0.10903036830102622 0.6961683249714937 0.16013838768529076 0.760277102622577 0.1703372462941847 0.763949015963512 0.12296293272519955
0 1 0.026766302166476623 0.9455895416191562 0.023914770809578108 0.9468185461801597 0.056442420752565566 1 0.0480448015963512 1 0.026766302166476623
0 0.9324490900798175 0.2513027434435576 0.9371784139110605 0.19506693728620295 0.8748590182440137 0.18377429190421893 0.8633601619156215 0.24351999201824404 0.9324490900798175 0.2513027434435576
0 0.6022869885974914 0.06811609350057013 0.5749779384264538 0.06787245153933866 0.5693484150513113 0.15260019042189282 0.598718465222349 0.1588974937286203 0.6022869885974914 0.06811609350057013
0 0.6770853249714937 0.4543428574686431 0.6615587263397947 0.45590740250855183 0.6529413945267959 0.5770458597491448 0.6710889122006841 0.5800763432155074 0.6770853249714937 0.4543428574686431
0 0.6541992143671608 0.4376847628278221 0.6385794754846067 0.4410265564424173 0.6258198871151652 0.5711636807297605 0.6264769156214367 0.572091526795895 0.643248992018244 0.578617314709236 0.6541992143671608 0.4376847628278221
0 0.59206234663626 0.43323917673888257 0.5677132155074117 0.43315222348916765 0.5609686020524516 0.5133622884834663 0.5948830638540479 0.515436952109464 0.59206234663626 0.43323917673888257
0 0.6179546590649942 0.5172406476624858 0.6274799806157354 0.437472031927024 0.6109243614595211 0.4360113888255416 0.6027077309007981 0.5134687662485747 0.6179546590649942 0.5172406476624858
0 0.601837645381984 0.5300709817559863 0.5906518118586088 0.5734841197263398 0.6081431470923603 0.5797503192702395 0.6141525279361459 0.5330946362599772 0.601837645381984 0.5300709817559863
0 0.3174993694412771 0.49257598061573543 0.32493825769669327 0.41864366704675027 0.30882020182440134 0.42017878107183576 0.2993849669327252 0.4907347970353478 0.3174993694412771 0.49257598061573543
0 0.3338944937286203 0.4744091391106043 0.34870385746864313 0.4751852645381984 0.35371537172177875 0.4249098962371722 0.3396232417331813 0.4217930992018244 0.3338944937286203 0.4744091391106043
0 0.3910128802736602 0.4839427993158495 0.4053225324971494 0.4829090410490308 0.4124681208665906 0.42352976054732044 0.3957112109464082 0.428298369441277 0.3910128802736602 0.4839427993158495
0 0.36724564082098066 0.4274026818700114 0.36485542645381985 0.48435563968072975 0.38175278335233753 0.4792955450399088 0.38445634435575826 0.42770852679589505 0.36724564082098066 0.4274026818700114
0 0.8708349064994299 0.37293385974914484 0.8200772052451539 0.36670637172177883 0.8169259315849486 0.4393754127708096 0.8678527183580388 0.4411525245153934 0.8708349064994299 0.37293385974914484