0 0.874051834663626 0.6260068084378563 0.8229206716077536 0.6085486841505131 0.8127132554161915 0.6561890114025085 0.8635354891676168 0.6651503432155075 0.874051834663626 0.6260068084378563
0 0.8726892383124287 0.20673964880273663 0.7757511630558722 0.22702882896237173 0.7817288551881414 0.2648603397947549 0.8767501516533638 0.24212458266818698 0.8726892383124287 0.20673964880273663
0 1 0.3085059076396807 0.98439917331813 0.3042140433295325 0.9703451755986316 0.3463512497149373 1 0.3482448015963512 1 0.3085059076396807
0 0.9854272246294186 0.4316092314709236 0.9492092212086659 0.41497514367160776 0.9330227822120867 0.4555289384264538 0.9693333614595211 0.4700723397947549 0.9854272246294186 0.4316092314709236
0 0.3776557628278221 0.3395170490307868 0.3975881436716077 0.2947973158494869 0.3243613591790194 0.27284340136830104 0.3091024697833524 0.31838561117445835 0.3776557628278221 0.3395170490307868
0 0 0.6676480330672748 0.0672136488027366 0.6790821619156214 0.06865908437856329 0.6298984469783352 0 0.6216905324971493 0 0.6676480330672748
0 0.3834903283922463 0.6377818358038768 0.391772669327252 0.5976398905359179 0.34019454618015965 0.5963846864310148 0.3347300547320411 0.6273753557582668 0.3834903283922463 0.6377818358038768
0 0.3765504355758267 0.5268270205245154 0.3827366522234892 0.491743244013683 0.3449739042189282 0.483878834663626 0.3391646704675028 0.5202349019384265 0.3765504355758267 0.5268270205245154
0 0.3045835758266819 0.9349713614595211 0.29265943443557585 0.9581910148232612 0.32712217901938423 0.9772302816419611 0.33705755872291904 0.945520677309008 0.3045835758266819 0.9349713614595211
0 0.7839960228050171 0.354490716077537 0.7668480433295326 0.35267288483466364 0.7561943204104903 0.4062636100342075 0.7701732348916761 0.40601537742303306 0.7839960228050171 0.354490716077537
0 0.7589111619156214 0.3464501220068415 0.7419693899657924 0.3434628301026226 0.7293229179019385 0.40152545724059296 0.7448723603192703 0.406074385404789 0.7589111619156214 0.3464501220068415
0 0.9463620570125427 0.22274470125427595 0.9106254572405929 0.22729733295324972 0.9119638198403649 0.2606933477765108 0.9493038164196123 0.2558205290763968 0.9463620570125427 0.22274470125427595
0 0.5141542063854048 0.03680525883694413 0.46662952679589514 0.029631193842645384 0.4640157890535918 0.08885995324971493 0.50816213340935 0.09393105245153933 0.5141542063854048 0.03680525883694413
0 0.45916682326111746 0.25983417217787913 0.42538792360319266 0.25327513112884836 0.40982137400228047 0.29032235803876855 0.44662240935005704 0.2968113740022805 0.45916682326111746 0.25983417217787913
0 0.4972327514253136 0.5221814583808438 0.49342001368301025 0.49256951197263393 0.45878228278221206 0.5045492314709236 0.459812984036488 0.5294502633979475 0.4972327514253136 0.5221814583808438