0 0.24797317673888256 0.1728135416191562 0.13313804903078677 0.196675 0.14509540820980615 0.23173161915621437 0.2526195735461802 0.20468748802736603 0.24797317673888256 0.1728135416191562
0 0.3772712668187001 0.16365905701254277 0.3681262565564424 0.12548066020524515 0.294376905359179 0.1495170935005701 0.30221280159635117 0.18543590763968074 0.3772712668187001 0.16365905701254277
0 0.5241524446978335 0.4105054971493729 0.5086017126567844 0.3750426339794755 0.46167516419612314 0.3940355461801596 0.47334235119726337 0.429227850627138 0.5241524446978335 0.4105054971493729
0 0.24597798631698972 0.611828992018244 0.2359564503990878 0.5796453101482326 0.16723130216647664 0.6029975473204104 0.17591637058152795 0.6381020524515393 0.24597798631698972 0.611828992018244
0 0.026313019384264537 0.6346410068415052 0.0064558437856328385 0.6362778061573546 0.008538405929304447 0.6760154606613454 0.03494976510832383 0.6687936123147092 0.026313019384264537 0.6346410068415052
0 0.2635948928164196 0.7435312383124287 0.2580696966932725 0.728953551881414 0.20534090992018245 0.7508322086659065 0.21153513568985177 0.7611283899657925 0.2635948928164196 0.7435312383124287
0 0.26418547206385407 0.7548001482326112 0.21003059977194982 0.777859748004561 0.21308926795895097 0.7907830057012543 0.266899881413911 0.7724995313568985 0.26418547206385407 0.7548001482326112
0 0.20652778791334092 0.9041254891676168 0.2874326339794755 0.8689602508551881 0.27972373432155073 0.8354646738882555 0.19188473660205246 0.8632624082098062 0.20652778791334092 0.9041254891676168
0 0.7518101014823261 0.9831944161915621 0.7357332964652223 0.9263485302166476 0.701234795895097 0.9382672519954389 0.7181282588369442 0.9880059692132269 0.7518101014823261 0.9831944161915621
0 0.9982709452679589 0.8923680535917902 0.9900607719498289 0.8606824412770809 0.9579266282782213 0.8665738494868871 0.9688042862029647 0.8980758529076397 0.9982709452679589 0.8923680535917902
0 0.962796338654504 0.9311011698973775 0.9287353192702394 0.9400225758266819 0.9365996738882554 0.976484393386545 0.9707212816419613 0.9687489429874572 0.962796338654504 0.9311011698973775
0 0.7302566659064995 0.7309689578107185 0.7281056784492588 0.7126454811858609 0.6626425917901939 0.7357845165336374 0.6657280820980616 0.7492195712656784 0.7302566659064995 0.7309689578107185
0 0.691891314709236 0.7145433956670467 0.6889282269099202 0.6920989635119726 0.6518731562143671 0.7006750296465222 0.6571130604332953 0.7211241311288484 0.691891314709236 0.7145433956670467
0 0.801005929304447 0.46795890535917906 0.7815899076396807 0.4041516784492588 0.7571782805017103 0.40976353705815277 0.7768834971493729 0.47338662713797036 0.801005929304447 0.46795890535917906
0 0.8205084868871152 0.4538532645381984 0.8055234538198404 0.406464763968073 0.7859081687571265 0.41271710490307867 0.800164314709236 0.463244929304447 0.8205084868871152 0.4538532645381984
0 0.8537574070695553 0.4408109007981756 0.8328702006841506 0.3830264241733181 0.807776378563284 0.3926685724059293 0.8250701299885975 0.4500452451539339 0.8537574070695553 0.4408109007981756