0 0.7799066875712657 0.02313279589509692 0.779811488027366 0.059930014823261116 0.8580148323831243 0.05197630102622577 0.8539209828962371 0.015911458380843787 0.7799066875712657 0.02313279589509692
0 0.782533165336374 0.067146582668187 0.7885522576966933 0.08219550057012542 0.8620229167616876 0.07348397035347777 0.8569496522234892 0.056959348916761694 0.782533165336374 0.067146582668187
0 0.41457376624857467 0.24719748004561004 0.4147324378563284 0.25966686316989734 0.44906846294184716 0.2644274481185861 0.44959915279361456 0.24923046066134552 0.41457376624857467 0.24719748004561004
0 0.41132765678449257 0.27201180843785633 0.4119968848346636 0.286873905359179 0.44756263625997716 0.2904907730900798 0.4459929486887115 0.2758051698973774 0.41132765678449257 0.27201180843785633
0 0.3724950182440137 0.29380421892816416 0.36822768643101483 0.313836244013683 0.4469776009122007 0.32430188939566706 0.4449374572405929 0.30603049600912197 0.3724950182440137 0.29380421892816416
0 0.5666457616875713 0.4917036624857469 0.5400912497149373 0.5536912462941848 0.5640374059293044 0.5663971949828962 0.5907833740022805 0.49892701596351197 0.5666457616875713 0.4917036624857469
0 0.42001918700114027 0.6533661995438996 0.41233178335233756 0.6691231356898518 0.5120300741163055 0.7099977685290764 0.5179738141391106 0.6930886522234891 0.42001918700114027 0.6533661995438996
0 0.4114883911060433 0.6762167742303307 0.40677105131128843 0.6920774275940708 0.5029043295324972 0.7328275667046751 0.51006765336374 0.7150651812998859 0.4114883911060433 0.6762167742303307
0 0.38968723261117444 0.7383703489167617 0.3815030011402508 0.7683545507411631 0.4314651984036488 0.7855321083238312 0.44192332269099205 0.7500676750285062 0.38968723261117444 0.7383703489167617
0 0.4168728848346636 0.9138197434435575 0.4038661984036488 0.9626299258836944 0.44453030444697833 0.9735463580387685 0.4586425518814139 0.927148102622577 0.4168728848346636 0.9138197434435575
0 0.9369992474344355 0.7200898141391107 0.9913975085518814 0.7124930330672749 0.9889242702394526 0.6981620513112885 0.9308988848346637 0.7074129429874573 0.9369992474344355 0.7200898141391107
0 0.9039875917901938 0.2856543272519954 0.9027731562143673 0.30341807753705813 0.9361676681870011 0.3010242588369441 0.9285340193842646 0.28117075484606613 0.9039875917901938 0.2856543272519954
0 1 0.03710068301026225 0.9768063888255417 0.04009920638540479 0.9828392098061574 0.07176810376282781 1 0.07122698175598631 1 0.03710068301026225