0 0.8972954310148232 0.12768903762827824 0.8799753181299885 0.15915798289623717 0.9143589509692132 0.17398266704675028 0.9279929521094641 0.13908089965792475 0.8972954310148232 0.12768903762827824
0 0.7985505997719499 0.3454037457240593 0.763520023945268 0.34603449258836944 0.765990282782212 0.38274720752565566 0.7992614161915622 0.38277201596351196 0.7985505997719499 0.3454037457240593
0 0.4458488677309008 0.4022365416191562 0.47956844811858607 0.3980900330672748 0.4718749749144812 0.34790921208665904 0.4350005062713797 0.34682201254275946 0.4458488677309008 0.4022365416191562
0 0.04220999429874573 0.24242442075256554 0.08317456214367161 0.24158958152793616 0.08196686431014823 0.18999248460661347 0.03568257696693273 0.19160876738882554 0.04220999429874573 0.24242442075256554
0 0.22007671265678447 0.36797938312428735 0.1693351470923603 0.37806106727480043 0.17768411858608893 0.4299997696693273 0.2339111197263398 0.42388218586088944 0.22007671265678447 0.36797938312428735
0 0.46120156100342075 0.5696699247434436 0.455343425313569 0.5039937377423033 0.417366574686431 0.5053199190421893 0.4226772896237172 0.572333212086659 0.46120156100342075 0.5696699247434436
0 0.6164005336374002 0.6586233717217789 0.6205747730900798 0.608026558722919 0.5698676590649943 0.6020816522234892 0.5605599224629418 0.6587925963511974 0.6164005336374002 0.6586233717217789
0 0.5750078939566705 0.5621341755986317 0.6343345564424173 0.5766819418472064 0.6366735678449259 0.5415836180159636 0.5764355963511972 0.5349208962371722 0.5750078939566705 0.5621341755986317
0 0.6426000798175598 0.8814728985176739 0.6391569783352338 0.8679410695553021 0.5843597651083239 0.8639182006841505 0.5885204743443558 0.8809865165336375 0.6426000798175598 0.8814728985176739
0 0.6374941870011402 0.9053906624857468 0.6410683021664766 0.8886479167616876 0.6066310581527936 0.8892563785632839 0.6054318608893957 0.9059552782212087 0.6374941870011402 0.9053906624857468
0 0.4631967525655644 0.899014984036488 0.464356015963512 0.9322119361459521 0.4879201094640821 0.9349803101482326 0.4900647810718358 0.9028233728620297 0.4631967525655644 0.899014984036488
0 0.40204868301026225 0.9343877559863171 0.4019521208665906 0.9486357434435575 0.4448846921322691 0.9530729338654504 0.4459800832383124 0.9334461858608893 0.40204868301026225 0.9343877559863171
0 0.41343511288483464 0.9541711778791334 0.4133384971493729 0.9684176031927024 0.4437239589509692 0.970918062713797 0.4422567069555302 0.9543763808437856 0.41343511288483464 0.9541711778791334
0 0.3283511037628278 0.8995682417331813 0.32128556214367165 0.8843821368301026 0.3037737970353478 0.8933049737742303 0.30770815165336374 0.9038913033067275 0.3283511037628278 0.8995682417331813
0 0.3629830307867731 0.8704637491448118 0.35188643101482325 0.8589799566704676 0.2986677594070696 0.8661791482326111 0.30435652679589514 0.8844276670467502 0.3629830307867731 0.8704637491448118