0 0.42309417217787915 0.007731681870011403 0.40207810832383123 0.02786113454960091 0.43098175940706956 0.0579721094640821 0.4504858848346636 0.0379891755986317 0.42309417217787915 0.007731681870011403
0 0.6927281915621436 0.20877314709236033 0.7277938779931584 0.2447522622576967 0.7690308072976055 0.21096972063854047 0.7271948574686432 0.176550582668187 0.6927281915621436 0.20877314709236033
0 0.6514206431014823 0.24314365336374003 0.634311409350057 0.26554585746864307 0.6637419817559863 0.29626306613454956 0.6913311436716078 0.2737434196123147 0.6514206431014823 0.24314365336374003
0 0.5767870798175598 0.4222345895096921 0.5947748871151654 0.397549 0.5571040011402509 0.3754795085518814 0.5456643740022805 0.4028755108323831 0.5767870798175598 0.4222345895096921
0 0.5294395689851767 0.00883766818700114 0.51454465336374 0.032706599771949826 0.5355654709236032 0.046642582668186994 0.5590440535917902 0.02350959749144812 0.5294395689851767 0.00883766818700114
0 0.3483748905359179 0.8208962725199543 0.3755892166476625 0.837982409350057 0.3940924378563284 0.8139583124287344 0.3635566624857469 0.7971271049030787 0.3483748905359179 0.8208962725199543
0 0.34734228164196124 0.7562258859749145 0.37530147662485747 0.7769895860889395 0.39601746636259977 0.7544320273660206 0.3640716818700114 0.7344555393386546 0.34734228164196124 0.7562258859749145
0 0.6629215712656784 0.7925828882554162 0.6550151698973774 0.8131271619156214 0.6948221949828962 0.8299664355758267 0.7011051516533638 0.808027984036488 0.6657810889395667 0.7912180775370581 0.6629215712656784 0.7925828882554162
0 0.8132664948688713 0.6156190763968072 0.8406143329532496 0.6267458141391106 0.850183488027366 0.592659488027366 0.8270165222348917 0.5815864218928164 0.8132664948688713 0.6156190763968072
0 0.8159192633979475 0.5209208768529077 0.8395252827822122 0.5381621778791335 0.8573778358038768 0.5194373477765108 0.8279509338654504 0.5008831231470924 0.8159192633979475 0.5209208768529077
0 0.05501098745724059 0.7741173979475484 0.04281275484606613 0.785767646522235 0.09185498061573547 0.8175374481185861 0.10104418700114025 0.8084568323831244 0.05501098745724059 0.7741173979475484
0 0.011760709236031928 0.8291693637400227 0.043619009122006835 0.8474223443557583 0.05007799429874573 0.8386535096921324 0.02167400456100342 0.8166403523375142 0.011760709236031928 0.8291693637400227
0 0.9277524264538198 0.34580084264538197 0.9091044857468643 0.37100358836944125 0.9305795632839226 0.3909711391106043 0.9498889977194983 0.36525298061573547 0.9277524264538198 0.34580084264538197
0 0.9019120216647663 0.541637992018244 0.9312775803876854 0.5655638437856328 0.9502145792474344 0.5380069030786774 0.9164568631698974 0.5181841790193843 0.9019120216647663 0.541637992018244