0 0.29780427137970356 0.3907323591790194 0.30447089737742306 0.44983945952109466 0.35788436145952107 0.43633801140250855 0.35286964424173317 0.38606124629418476 0.29780427137970356 0.3907323591790194
0 0.25034954047890534 0.5519681653363739 0.3017641550741163 0.545706251995439 0.29859047776510833 0.49652369555302167 0.24274278677309008 0.5104499977194983 0.25034954047890534 0.5519681653363739
0 0.25726068072976055 0.6271157023945267 0.31211017445838085 0.6182955131128849 0.3102196750285063 0.5595326727480046 0.2502195689851768 0.5680282280501711 0.25726068072976055 0.6271157023945267
0 0.11736576624857468 0.4429974082098062 0.1543251835803877 0.4446278358038768 0.14528925313568986 0.37434661003420755 0.11460549828962371 0.37981934891676167 0.11736576624857468 0.4429974082098062
0 0.6049087890535918 0.6219766624857468 0.6547647183580387 0.6086632223489168 0.6474725210946408 0.5489943420752565 0.5976031470923603 0.5596329464082098 0.6049087890535918 0.6219766624857468
0 0.8281169030786772 0.5460673842645382 0.9034440969213227 0.5308213568985176 0.8945987753705815 0.4528023637400228 0.8178192394526796 0.473176740022805 0.8281169030786772 0.5460673842645382
0 0.8571013067274801 0.6111396362599772 0.9114183705815279 0.6035349167616876 0.9015384686431015 0.5398396989737743 0.8485084184720638 0.548267251995439 0.8571013067274801 0.6111396362599772
0 0.9904049509692132 0.6921490832383124 0.9750662462941847 0.6037682269099202 0.8664023580387685 0.6183799680729761 0.8729977913340935 0.7101934287343216 0.9904049509692132 0.6921490832383124
0 0.877907558722919 0.8038773625997719 0.9127152759407069 0.7984857776510832 0.90258017331813 0.7526408802736603 0.8737408950969213 0.7574223888255417 0.877907558722919 0.8038773625997719
0 0.7975279110604332 0.9383011436716077 0.8264963683010262 0.9349992770809579 0.8232906545039909 0.8965205667046751 0.7910736830102623 0.9059367651083238 0.7975279110604332 0.9383011436716077
0 0.8905789635119726 0.16048557126567844 0.9205156887115165 0.15296944127708095 0.9112196795895098 0.12313538312428735 0.8853030045610035 0.12716759521094642 0.8905789635119726 0.16048557126567844
0 0.25294179019384266 0.9418699703534777 0.28600021208665904 0.9371646271379703 0.28706682896237173 0.9121370057012543 0.2513597810718358 0.9131164846066135 0.25294179019384266 0.9418699703534777
0 0.00804 0.025096358038768526 0.013629513112884835 0.08634088483466362 0.050369931584948686 0.08382240022805017 0.043391086659065 0.025027380843785633 0.00804 0.025096358038768526
0 0.20257771493728619 0.014901068415051311 0.19197942645381985 0.016942913340935006 0.20208693500570127 0.03960122919042189 0.2159799361459521 0.03381932725199544 0.20257771493728619 0.014901068415051311
0 0.2327089418472064 0.0451311755986317 0.243165834663626 0.04042119954389966 0.23705506727480044 0.014580599771949828 0.22707607753705816 0.024319330672748007 0.2327089418472064 0.0451311755986317
0 0.26108446180159633 0.0418603842645382 0.27204262827822123 0.035340442417331815 0.2618869464082098 0.011792803876852907 0.25258913568985175 0.017631164196123147 0.26108446180159633 0.0418603842645382
0 0.6399484948688712 0.6891113945267958 0.6452478437856328 0.7221292976054733 0.7017477673888255 0.722141086659065 0.7006652029646522 0.6787945883694413 0.6399484948688712 0.6891113945267958
0 0.6566211835803877 0.9391455393386545 0.6530450159635119 0.8822531698973775 0.6108719885974915 0.8832758004561003 0.6176939874572406 0.9453475803876853 0.6566211835803877 0.9391455393386545