0 0.5541338152793615 0.360893259977195 0.5659034823261118 0.3321287388825542 0.502959661345496 0.30254448802736605 0.48654482098061574 0.33217108095781067 0.5541338152793615 0.360893259977195
0 0.7501432223489167 0.4441892098061574 0.7678405393386545 0.4121586431014823 0.7186468802736603 0.39254502166476624 0.7051768574686431 0.4244541379703535 0.7501432223489167 0.4441892098061574
0 0.8212820615735462 0.09751527023945268 0.8398736100342076 0.06742979019384264 0.8027799429874573 0.04922796579247434 0.7922718449258837 0.08331157582668186 0.8212820615735462 0.09751527023945268
0 0.9297029224629418 0.521274457240593 0.948974038768529 0.4906938779931585 0.9016975450399087 0.46656678449258837 0.8887191231470923 0.49916757012542756 0.9297029224629418 0.521274457240593
0 0.8034350125427595 0.4910655085518814 0.7693731379703534 0.5391208859749145 0.8415681949828963 0.5786244732041049 0.864231755986317 0.5247170832383125 0.8034350125427595 0.4910655085518814
0 0.7337551938426453 0.8133454834663626 0.7613664743443558 0.764266850627138 0.7040122041049032 0.7297557137970354 0.6718784538198403 0.7789217035347776 0.7337551938426453 0.8133454834663626
0 0.25103104446978336 0.5134779863169897 0.25734097605473205 0.4736386510832383 0.2082131778791334 0.46120023261117443 0.1931333705815279 0.4880910513112885 0.25103104446978336 0.5134779863169897
0 0.05503936830102622 0.6578012417331813 0.07943605473204104 0.6214277183580388 0.047139840364880274 0.6014023694412771 0.024889648802736603 0.6356100136830103 0.05503936830102622 0.6578012417331813
0 0.8179440809578107 0.8663177035347777 0.8487027126567844 0.8201405838084378 0.8254369760547321 0.8057251049030786 0.791155810718358 0.8494617582668188 0.8179440809578107 0.8663177035347777
0 0.9157345655644241 0.9472683922462941 0.9381338551881414 0.9219877297605473 0.9114847844925884 0.8887012725199545 0.8836439931584948 0.9145581037628278 0.9157345655644241 0.9472683922462941
0 0.9885204184720638 0.6038594880273661 0.9954797970353478 0.5599197023945268 0.986587534777651 0.5511598608893956 0.9637905952109465 0.5831262554161916 0.9885204184720638 0.6038594880273661