0 0.501166181299886 0.3361631322690992 0.4693480604332953 0.3538333021664766 0.5069087901938426 0.44729331812998857 0.5361851345496009 0.4288670980615735 0.501166181299886 0.3361631322690992
0 0.4841220661345496 0.2668193238312429 0.46219720752565563 0.21762922690992018 0.39319783124287344 0.2533091505131129 0.4148472713797035 0.3043565393386545 0.4841220661345496 0.2668193238312429
0 0.4371079350057013 0.10267705131128849 0.48240110262257696 0.2092434583808438 0.533793236031927 0.180587078677309 0.4912288802736602 0.0816772006841505 0.4371079350057013 0.10267705131128849
0 0.6251116031927024 0.284162732041049 0.5920898597491447 0.2984260900798175 0.6222969475484607 0.37750868985176744 0.6562931698973774 0.35794718700114025 0.6251116031927024 0.284162732041049
0 0.5514053842645382 0.31705672976054733 0.5200329167616876 0.330424779931585 0.5477995210946408 0.40933479133409345 0.5813028916761688 0.39438360091220065 0.5514053842645382 0.31705672976054733
0 0.8185019304446978 0.13068670923603193 0.7454817354618015 0.1640610638540479 0.7688161516533637 0.21782589395667046 0.8448815438996579 0.1827087685290764 0.8185019304446978 0.13068670923603193
0 0.794164078677309 0 0.8224512189281642 0.06427320182440137 0.8539423306727479 0.04455050741163055 0.8338678711516534 0 0.794164078677309 0
0 0.876832566704675 0 0.9089079464082098 0.05927642417331813 0.9284378574686432 0.05040658836944128 0.9193847274800455 0 0.876832566704675 0
0 0.8944174732041049 0.44166767616875713 0.8809133295324971 0.4470633683010262 0.8888530239452679 0.5330868574686431 0.9057140387685291 0.532826898517674 0.8944174732041049 0.44166767616875713
0 0.8672035347776511 0.5025368141391106 0.8496785735461801 0.5056269384264538 0.8568974754846066 0.5568071824401368 0.8706417194982896 0.5561924298745724 0.8672035347776511 0.5025368141391106
0 0.3655299179019384 0.05199109692132269 0.318659401368301 0.07653419270239452 0.3410658848346636 0.12503645610034206 0.3847596567844926 0.10376659977194984 0.3655299179019384 0.05199109692132269
0 0.06638134549600912 0.5382342018244013 0.043564653363740026 0.5488894059293045 0.07432065678449258 0.6140067103762827 0.09416526567844925 0.6071915678449259 0.06638134549600912 0.5382342018244013
0 0.1939749714937286 0.7255501140250855 0.1833237251995439 0.7334573112884835 0.19806544469783352 0.7658267035347776 0.20955352679589512 0.7595790900798175 0.1939749714937286 0.7255501140250855
0 0.1670415313568985 0.9690513888255416 0.1428154401368301 0.9648839543899658 0.13748992930444698 0.9790869965792475 0.16388135575826682 0.9852858472063853 0.1670415313568985 0.9690513888255416
0 0.1771773078677309 0.937723196123147 0.15518495096921323 0.9325558129988597 0.15243718928164196 0.951129189281642 0.17586721208665906 0.9527254846066134 0.1771773078677309 0.937723196123147
0 0.19099031698973773 0.893083921322691 0.1632583842645382 0.8895314891676168 0.1589994503990878 0.9234424789053592 0.18354232269099202 0.9296674116305587 0.19099031698973773 0.893083921322691
0 0.2707810752565564 0.8844392565564424 0.27425083352337515 0.8699605256556442 0.2516740182440137 0.8648977844925884 0.24610851767388825 0.8845693283922462 0.2707810752565564 0.8844392565564424
0 0.27614097377423036 0.8943481208665907 0.2568986807297605 0.8911090513112886 0.2507127502850627 0.9072709498289623 0.27377225541619155 0.9137574401368301 0.27614097377423036 0.8943481208665907
0 0.3063449783352337 0.881182929304447 0.28290955302166476 0.8780803124287343 0.28431949486887115 0.8929060273660205 0.30463818700114026 0.8992713010262258 0.3063449783352337 0.881182929304447
0 0.3210882383124287 0.9135520478905359 0.30029823603192707 0.9117932884834663 0.29868396009122006 0.9265461710376284 0.3211825701254276 0.9316242884834663 0.3210882383124287 0.9135520478905359
0 0.3402290136830103 0.895708771949829 0.31737650855188143 0.8925017822120866 0.3168614834663626 0.9100785587229191 0.34148303078677306 0.913573354618016 0.3402290136830103 0.895708771949829
0 0.36280435347776513 0.9315185735461802 0.34294217217787915 0.9247729350057012 0.3396109486887115 0.943447606613455 0.35802768529076395 0.9459278802736603 0.36280435347776513 0.9315185735461802
0 0.37431590763968076 0.9114030763968073 0.3527359646522235 0.9085746100342075 0.3527717787913341 0.9224368015963512 0.3750374732041049 0.925744086659065 0.37431590763968076 0.9114030763968073
0 0.39514040706955533 0.9475231847206386 0.37496991220068415 0.9390200102622577 0.3708464834663626 0.9566301356898517 0.3935841163055872 0.9631717947548462 0.39514040706955533 0.9475231847206386
0 0.41190936944127704 0.9264774914481185 0.3946938791334093 0.9210738996579246 0.3900882816419612 0.9393687810718357 0.4064133603192702 0.9437267309007982 0.41190936944127704 0.9264774914481185
0 0.43496830558722915 0.9513528244013683 0.41696160661345494 0.944881338654504 0.41242549258836947 0.9601510068415051 0.43129080045610035 0.9646623671607755 0.43496830558722915 0.9513528244013683
0 0.4454132326111745 0.932026724059293 0.4239365530216647 0.9195350855188141 0.4175444139110604 0.9345275245153934 0.43888436944127707 0.9428244925883694 0.4454132326111745 0.932026724059293