0 0.4708442314709236 0.6463936339794755 0.4642482782212087 0.6767649384264538 0.5313730923603193 0.6949696579247434 0.5423939498289624 0.6629427537058153 0.4708442314709236 0.6463936339794755
0 0.2633484572405929 0.5983998129988598 0.2514820513112885 0.6330168700114025 0.30333421778791336 0.6437901288483466 0.31105864196123145 0.6100267388825542 0.2633484572405929 0.5983998129988598
0 0.2534896750285063 0.9521601277080958 0.2404048620296465 0.985016929304447 0.2800957069555302 0.9965009794754847 0.28452560661345494 0.961110464082098 0.2534896750285063 0.9521601277080958
0 0.07313096009122007 0.5536658779931585 0.059462876852907645 0.5871282656784492 0.11021076054732042 0.6026793363740022 0.11733094298745723 0.5683201516533637 0.07313096009122007 0.5536658779931585
0 0.2027263044469783 0.56148969327252 0.22792597491448116 0.5082496031927024 0.14996799771949829 0.48188270353477763 0.13700966590649943 0.5389066054732041 0.2027263044469783 0.56148969327252
0 0.2153842006841505 0.2320061014823261 0.19671481299885973 0.2851337685290764 0.2591905393386545 0.30916113911060433 0.28229851995439 0.25516212428734325 0.2153842006841505 0.2320061014823261
0 0.7428461288483466 0.44349376966932724 0.7435500889395668 0.48382356328392245 0.7940914332953249 0.4875420615735462 0.8042726031927024 0.45844119384264537 0.7428461288483466 0.44349376966932724
0 0.9107987810718358 0.2673295108323831 0.8930889315849487 0.30738687799315845 0.9283718597491448 0.321499818700114 0.9443439258836944 0.2839481607753706 0.9107987810718358 0.2673295108323831
0 0.12327580273660206 0.1944578962371722 0.1010030353477765 0.245274661345496 0.12641853591790195 0.25543108437856327 0.15258410262257696 0.20640602736602054 0.12327580273660206 0.1944578962371722
0 0 0.164684582668187 0.027269326111744586 0.18865755644241733 0.05019716191562144 0.15835904561003422 0.012914035347776512 0.13171816875712658 0 0.15275754389965793 0 0.164684582668187
0 0.0008662930444697834 0.4825490513112885 0.0016427069555302169 0.5270297765108324 0.01192100684150513 0.5341124116305587 0.028820702394526797 0.4986730102622577 0.0008662930444697834 0.4825490513112885