0 0.49048129304446975 0.8083256978335235 0.5570698232611174 0.7864417605473204 0.5343533443557582 0.6831492303306728 0.461931590649943 0.7077130182440137 0.49048129304446975 0.8083256978335235
0 0.7035344914481185 0.9699918129988597 0.6758642816419612 0.916963497149373 0.6307009144811858 0.9326319201824401 0.6536292531356899 0.9852350843785632 0.7035344914481185 0.9699918129988597
0 0.7883828517673888 0.889742645381984 0.7772816043329532 0.8573541470923604 0.7502087388825541 0.8650781755986316 0.7599585781071835 0.9003058472063854 0.7883828517673888 0.889742645381984
0 0.8020216978335234 0.2456890513112885 0.7822536123147092 0.1921104355758267 0.7262543785632839 0.20786449714937288 0.7441222805017104 0.26016607183580387 0.8020216978335234 0.2456890513112885
0 0.7100993580387684 0.1542569851767389 0.7469893135689852 0.14148307753705816 0.7213309418472064 0.07195699315849487 0.6878074823261118 0.07865776624857469 0.7100993580387684 0.1542569851767389
0 0 0.8184571037628278 0.03966144127708096 0.8270085142531357 0.050092932725199546 0.702316125427594 0 0.6983044116305587 0 0.8184571037628278
0 0.28717743443557586 0.941883472063854 0.3407342793614595 0.9377545245153933 0.32713512770809583 0.8983640604332953 0.2774978392246294 0.9043145267958951 0.28717743443557586 0.941883472063854
0 0.26395837058152793 0.6823623238312428 0.257826802736602 0.6489606556442418 0.22313021778791334 0.6554772063854049 0.22904776054732043 0.688332416191562 0.26395837058152793 0.6823623238312428
0 0 0.5095668529076397 0.03324923489167617 0.5069192816419612 0.009783964652223488 0.44631960889395667 0.002453466362599772 0.4451585724059293 0 0.46064914823261116 0 0.5095668529076397
0 0.6585023352337513 0.11185242417331813 0.634322676168757 0.055773214367160776 0.5695564754846066 0.07374246750285063 0.5831722793614595 0.1320053865450399 0.6585023352337513 0.11185242417331813
0 0.7100979395667046 0.6287058289623717 0.74856169327252 0.6173819076396807 0.7286412177879132 0.5571744036488028 0.6947451698973774 0.5662176054732041 0.7100979395667046 0.6287058289623717
0 0.13365763169897377 0.05515053021664767 0.07522878791334094 0.04829933295324971 0.07654257696693273 0.08934614709236033 0.1363946157354618 0.09101714139110605 0.13365763169897377 0.05515053021664767
0 0.10126198517673887 0.6734101607753705 0.06705765792474344 0.6806042474344355 0.07920762827822121 0.7348477491448118 0.11720185176738883 0.7245805735461802 0.10126198517673887 0.6734101607753705