0 0.011092129988597491 0.17363542303306728 0.02807259863169897 0.20627916989737743 0.09702463283922463 0.17129393614595212 0.07816084606613455 0.14149713454960092 0.011092129988597491 0.17363542303306728
0 0.24653810832383125 0.07502042189281642 0.2501951995438996 0.03834758608893957 0.20102518700114025 0.034257212086659064 0.19476277423033067 0.06902233409350057 0.24653810832383125 0.07502042189281642
0 0.2888132748004561 0.17442979931584948 0.2936708175598632 0.15441994754846067 0.24718646978335235 0.141519496009122 0.23941236488027365 0.16848961231470924 0.2888132748004561 0.17442979931584948
0 0.1846793078677309 0.536412961231471 0.15937603990877994 0.5123808745724059 0.12233214823261117 0.5354224104903078 0.15287085062713796 0.5626047537058152 0.1846793078677309 0.536412961231471
0 0.044907069555302166 0.5748599635119727 0.05750779019384264 0.5883563808437857 0.09401931927023945 0.555040007981756 0.08295996123147092 0.5399823683010262 0.044907069555302166 0.5748599635119727
0 0.013657695553021664 0.534002298745724 0.04227134663625998 0.5652715119726339 0.059554490307867726 0.546714944127708 0.03676544355758267 0.5187822896237172 0.013657695553021664 0.534002298745724
0 0.18493321208665908 0.9714837297605473 0.213236511972634 0.9606008095781072 0.20148612086659065 0.9227989486887115 0.16168077765108324 0.9398076225769669 0.18493321208665908 0.9714837297605473
0 0.8857929236031926 0.5858240741163055 0.8442265210946408 0.6021787023945268 0.8767382816419612 0.6749389190421893 0.9141235359179019 0.6592246978335233 0.8857929236031926 0.5858240741163055
0 0.5625192155074116 0.009487769669327252 0.5648167286202964 0.04577443215507412 0.6139851254275941 0.049866313568985174 0.6174304070695552 0.01079712770809578 0.5625192155074116 0.009487769669327252
0 0.8992259931584949 0.4052641379703535 0.9330783489167617 0.38864012884834664 0.921583527936146 0.36053278107183584 0.8873721573546179 0.3704245347776511 0.8992259931584949 0.4052641379703535
0 0.9291183352337514 0.21281669441277082 0.9266813101482326 0.16346720638540477 0.8891322383124287 0.16690416875712658 0.897270961231471 0.2146032006841505 0.9291183352337514 0.21281669441277082
0 0.17066379817559865 0.9888040980615735 0.18404843329532497 0.979762582668187 0.15703129418472064 0.9453080843785632 0.09900757582668188 0.9821352075256556 0.10657786088939566 0.9865661687571265 0.17066379817559865 0.9888040980615735
0 0.8619523295324971 0.5879589737742303 0.8473248198403649 0.5304681470923603 0.7825572337514253 0.5477949076396808 0.8095615587229191 0.6080912633979475 0.8619523295324971 0.5879589737742303