0 0.8933670376282782 0.2414522748004561 0.9174067137970354 0.27229808779931586 0.944587496009122 0.24592675940706954 0.922911236031927 0.21911501254275942 0.8933670376282782 0.2414522748004561
0 0.6934323477765109 0.410197842645382 0.719787259977195 0.4334695188141391 0.7522203112884835 0.3922863021664766 0.72704378677309 0.36374336031927024 0.6934323477765109 0.410197842645382
0 0.7613316442417332 0.5119649692132269 0.7851931972633979 0.5368463272519954 0.8039374150513113 0.5208962542759407 0.7794118677309009 0.4918020661345496 0.7613316442417332 0.5119649692132269
0 0.7382563660205245 0.5865369737742303 0.7977996955530217 0.6460542371721779 0.8146860798175599 0.6225358198403649 0.7582807309007982 0.5641292177879134 0.7382563660205245 0.5865369737742303
0 0.7154461083238313 0.6402955131128849 0.7383824549600913 0.6698737730900798 0.7731337331812999 0.6294509954389965 0.7445386602052452 0.5988818392246295 0.7154461083238313 0.6402955131128849
0 0.7182576921322692 0.736320865450399 0.7549979885974915 0.6877028084378564 0.7262721949828962 0.6642669099201824 0.6890224298745723 0.7116589418472065 0.7182576921322692 0.736320865450399
0 0.8174758745724059 0.9265820045610035 0.8419711470923603 0.9509124766248575 0.8703308494868871 0.928490818700114 0.8428254196123146 0.8968090250855189 0.8174758745724059 0.9265820045610035
0 0.41598213340935003 0.8616028688711517 0.3848871242873432 0.838001298745724 0.34191526111744586 0.8974939669327252 0.37083455872291904 0.9197529965792475 0.41598213340935003 0.8616028688711517
0 0.43637759064994297 0.8338658301026226 0.4074737810718358 0.8044639179019384 0.3894691470923603 0.8302880729760548 0.4171112018244014 0.8539457890535918 0.43637759064994297 0.8338658301026226
0 0.29381781870011403 0.6929515416191562 0.32411187571265676 0.7194731026225769 0.3663938757126568 0.6751097924743443 0.33872923033067276 0.6466904629418472 0.29381781870011403 0.6929515416191562
0 0.19321833523375143 0.7097249350057012 0.22651844697833523 0.7358615005701254 0.2417888118586089 0.7047885142531356 0.21024778221208665 0.6865125541619156 0.19321833523375143 0.7097249350057012
0 0.12276869783352337 0.3208931299885975 0.10414019726339795 0.3148273318129988 0.08039426909920183 0.37298444355758265 0.0960302976054732 0.3797337856328392 0.12276869783352337 0.3208931299885975
0 0.48913198745724057 0.07093107069555303 0.5451074834663626 0.12186604903078678 0.5758222782212087 0.09127784378563283 0.49840521778791336 0.012952329532497149 0.44017629760547317 0.07286455416191562 0.4658147605473204 0.097870165336374 0.48913198745724057 0.07093107069555303
0 0.5369244766248574 0.5028200900798175 0.5625694982896237 0.47663897149372864 0.5322324652223489 0.4507096043329532 0.5051957457240593 0.47976940592930445 0.5369244766248574 0.5028200900798175
0 0.6356154515393386 0.42817728620296464 0.5967236476624858 0.3968881117445838 0.57681417331813 0.4237679007981756 0.613442865450399 0.455793189281642 0.6356154515393386 0.42817728620296464
0 0.46620237058152797 0.5776315028506271 0.40458564538198405 0.5733228415051311 0.4040069407069555 0.6223879304446978 0.46094468757126567 0.627262205245154 0.46620237058152797 0.5776315028506271