0 0.1521261630558723 0.7103768198403648 0.11557735347776511 0.67181957354618 0.07856362485746865 0.7130138768529076 0.11621410262257698 0.7493674047890535 0.1521261630558723 0.7103768198403648
0 0.21421571607753706 0.7405916966932725 0.18824539338654503 0.7083247423033067 0.1601143819840365 0.7349143671607754 0.18225399315849486 0.7640172565564425 0.21421571607753706 0.7405916966932725
0 0.33112907981755985 0.8803599429874572 0.3233997708095781 0.8585930136830103 0.28313828164196125 0.8791955370581528 0.29031805245153935 0.8951094469783353 0.33112907981755985 0.8803599429874572
0 0.37582660091220066 0.6945816111744584 0.38890918700114024 0.7049894184720639 0.4007342611174458 0.6970053090079817 0.41831266020524516 0.7215924104903079 0.4642785370581528 0.6848601117445837 0.42359633979475486 0.6415678061573545 0.37582660091220066 0.6945816111744584
0 0.22819046750285063 0.49349808779931587 0.20062592018244016 0.5171735085518814 0.2255633774230331 0.5474251071835804 0.2627216180159635 0.5117026602052451 0.22819046750285063 0.49349808779931587
0 0.1235564606613455 0.41448758152793613 0.10404503762827821 0.401622 0.08066906955530218 0.42550673546180157 0.10064299543899659 0.4408816716077537 0.1235564606613455 0.41448758152793613
0 0.09253600798175599 0.3875900433295325 0.07690741847206385 0.37336218700114027 0.05414551425313569 0.40341491220068415 0.06829716305587229 0.4176581128848346 0.09253600798175599 0.3875900433295325
0 0.3146923614595211 0.2656436624857469 0.29379220752565566 0.24615707639680728 0.2545322565564424 0.2802612645381984 0.27397247092360316 0.30460540364880273 0.3146923614595211 0.2656436624857469
0 0.16360930900798176 0.36692809920182445 0.14631629874572405 0.3426989042189282 0.12307029874572406 0.3690267628278221 0.14192584150513113 0.39325884378563286 0.16360930900798176 0.36692809920182445
0 0.5591266020524516 0.08421461345496009 0.5335016442417332 0.13760290992018243 0.5539591744583808 0.1418834732041049 0.5860881881413911 0.10094940478905359 0.5591266020524516 0.08421461345496009
0 0.9791324846066135 0.24569740820980618 0.9484548084378562 0.2218924047890536 0.9237009475484607 0.2573041322690992 0.9518418232611174 0.2772908779931585 0.9791324846066135 0.24569740820980618
0 0.8809753591790195 0.49911157810718354 0.8563653375142531 0.5291074982896237 0.8832287730900799 0.5494507981755986 0.9027399589509693 0.5205791927023945 0.8809753591790195 0.49911157810718354
0 0.7963500855188141 0.4430435621436716 0.7838838380843786 0.4811446009122007 0.8125363283922463 0.49034325883694413 0.8256421003420753 0.4602281596351197 0.7963500855188141 0.4430435621436716
0 0.5875392793614594 0.871225298745724 0.5762434903078677 0.8448366898517674 0.5356112018244014 0.8611315028506271 0.5533205062713797 0.8881650935005702 0.5875392793614594 0.871225298745724
0 1 0.5065610478905359 0.9833565963511972 0.4975382451539339 0.9657435427594071 0.5291982622576967 0.9856483979475484 0.53548682668187 1 0.5119877525655644 1 0.5065610478905359
0 0.5686494914481186 0.8285398301026226 0.5532010900798175 0.7986205598631698 0.5333699543899658 0.8104922166476626 0.5404991710376282 0.8390968323831243 0.5686494914481186 0.8285398301026226
0 0.5212413603192703 0.9046119030786773 0.5153741927023945 0.8844182554161916 0.48472154047890537 0.8959994196123147 0.49305061573546183 0.909112417331813 0.5212413603192703 0.9046119030786773
0 0.7648403112884835 0.33469523717217786 0.7517654606613455 0.37086657012542756 0.7660948643101482 0.3748600581527936 0.7784732816419612 0.3391598072976055 0.7648403112884835 0.33469523717217786
0 0.7356341106043329 0.36107586773090083 0.7473555712656784 0.32827223261117444 0.7333796545039909 0.3255555895096921 0.7200488301026227 0.35683667046750284 0.7356341106043329 0.36107586773090083
0 0.4728997309007982 0.19296448004561004 0.4538512805017104 0.17504755530216648 0.4273375895096921 0.19953210376282782 0.4477959064994299 0.2186303740022805 0.4728997309007982 0.19296448004561004
0 0.5071264275940707 0.3338970706955531 0.49743925655644244 0.3238484241733181 0.4684836784492588 0.3484647742303307 0.4766833831242874 0.3591315803876853 0.5071264275940707 0.3338970706955531
0 0.47947761231470926 0.3176351505131129 0.4700257343215507 0.3094468289623717 0.44328545838084377 0.3350970615735462 0.4547361778791334 0.34458121208665904 0.47731909578107184 0.3247763660205245 0.47947761231470926 0.3176351505131129
0 0.21984451539338654 0.31071772748004556 0.23467976624857467 0.3326545940706956 0.26239006157354616 0.3144528631698974 0.24865912770809576 0.29182176738882554 0.21984451539338654 0.31071772748004556