0 0.5696683477765108 0.8725416510832383 0.569971275940707 0.8947752645381983 0.6446854675028506 0.8825435781071836 0.6421430079817559 0.8561481288483466 0.5696683477765108 0.8725416510832383
0 0.5350474903078677 0.6009730752565565 0.5457602257696693 0.6617280193842645 0.5904414503990878 0.6518440456100343 0.580244527936146 0.5905951527936146 0.5350474903078677 0.6009730752565565
0 0.4423389521094641 0.6564727206385405 0.44948883352337515 0.6696675541619156 0.5257462702394526 0.6542206020524516 0.5194899099201824 0.6392546419612314 0.4423389521094641 0.6564727206385405
0 0.4411422542759407 0.6325895610034207 0.4440961961231471 0.6459229281641962 0.5158994914481185 0.6342790832383124 0.5147153523375143 0.6190153158494869 0.4411422542759407 0.6325895610034207
0 0.37491228734321547 0.5852396727480045 0.370604078677309 0.6155149224629419 0.4054500022805017 0.6131086841505131 0.40762255074116305 0.5860992166476625 0.37491228734321547 0.5852396727480045
0 0.2999048244013683 0.45390842759407074 0.30598196807297606 0.4883736214367161 0.38806285860889395 0.47346105701254276 0.3848980923603193 0.440126054732041 0.2999048244013683 0.45390842759407074
0 0.21853679931584946 0.42669471265678444 0.2217175324971494 0.4857647913340935 0.30261615507411627 0.47270441391106044 0.29243553477765105 0.40812870923603195 0.21853679931584946 0.42669471265678444
0 0.06367360091220069 0.3793134720638541 0.0729803762827822 0.4252562793614595 0.14927013568985176 0.41169327366020525 0.14226970809578107 0.36003343101482327 0.06367360091220069 0.3793134720638541
0 0.0033850604332953246 0.4784859954389966 0.010080011402508552 0.5164549509692132 0.063490496009122 0.5099169270239452 0.06264868643101482 0.46924045153933863 0.0033850604332953246 0.4784859954389966
0 0.16564119498289623 0.6396083238312429 0.17330120752565564 0.6762028802736603 0.232531755986317 0.6633504720638541 0.222142669327252 0.6300755587229191 0.16564119498289623 0.6396083238312429
0 0.16638574458380845 0.23350948004561004 0.18029449144811857 0.30213209578107186 0.2362949179019384 0.28976674116305584 0.22977888141391106 0.21691013340935006 0.16638574458380845 0.23350948004561004
0 0.09312653021664766 0.22835722234891676 0.09394875712656785 0.24326911402508553 0.1701756339794755 0.232777755986317 0.1665980615735462 0.21419797605473206 0.09312653021664766 0.22835722234891676
0 0.09107095096921324 0.20643264994298746 0.0934401630558723 0.2198691197263398 0.16610999543899657 0.2045914709236032 0.1638531117445838 0.19179204903078678 0.09107095096921324 0.20643264994298746
0 0.09475675826681869 0.18289439110604333 0.09888169783352338 0.19602127936145952 0.16033964994298747 0.1821240250855188 0.15904520410490308 0.16794432041049032 0.09475675826681869 0.18289439110604333
0 0.31756113226909916 0.18818043671607754 0.35684265792474346 0.18185695324971496 0.3520059737742304 0.13392012998859748 0.3115158631698974 0.14191956784492588 0.31756113226909916 0.18818043671607754
0 0.7445293614595212 0.08277908665906498 0.7868722337514253 0.06989146978335234 0.778077378563284 0.03710971379703535 0.7415583443557583 0.04712362371721779 0.7445293614595212 0.08277908665906498
0 0.8766828038768529 0 0.8770677502850627 0.02748493158494869 0.9225571527936146 0.017055458380843786 0.9195498152793615 0 0.8766828038768529 0
0 0.17737272063854048 0.07014790763968072 0.18244715279361462 0.12286132725199544 0.22021529190421893 0.11138326909920182 0.21016921322690993 0.059529030786773095 0.17737272063854048 0.07014790763968072
0 0.32465583580387686 0.6079554675028507 0.31756627137970356 0.6224568665906499 0.35307976738882557 0.6340854264538199 0.35708681071835807 0.6209081687571266 0.32465583580387686 0.6079554675028507