0 0.10176367844925883 0.2150714275940707 0.1493671858608894 0.3510585952109464 0.18480573090079816 0.3301245952109464 0.14007012086659065 0.20108084948688712 0.10176367844925883 0.2150714275940707
0 0.1743946590649943 0.18975107981755987 0.19078106043329532 0.23682895096921325 0.21646966020524516 0.22967583010262257 0.19399433181299885 0.18063980501710378 0.1743946590649943 0.18975107981755987
0 0.8716449167616875 0.1382582394526796 0.8708853728620297 0.1827226590649943 0.9340026795895098 0.1830737993158495 0.93896817331813 0.14343085632839225 0.8716449167616875 0.1382582394526796
0 0.9481058392246294 0.17196451311288485 0.9370269498289624 0.22632287685290764 0.9723457354618016 0.22921151197263398 0.9768917970353478 0.1699516031927024 0.9481058392246294 0.17196451311288485
0 0.6964861516533637 0.49334322805017106 0.6918034116305587 0.5072161744583809 0.7303323318129988 0.5134531003420753 0.7325190353477764 0.49365389623717215 0.6964861516533637 0.49334322805017106
0 0.6925237696693273 0.5132619007981756 0.6928253911060434 0.5303653363740023 0.7311900900798175 0.5342313808437856 0.7288040364880274 0.5171327343215508 0.6925237696693273 0.5132619007981756
0 0.6905852451539339 0.5366102508551881 0.6926657742303307 0.5535955587229191 0.7285354458380843 0.5558504720638541 0.731562961231471 0.5395636716077536 0.6905852451539339 0.5366102508551881
0 0.2894103705815279 0.545021534777651 0.2892578449258837 0.5556079623717218 0.3267817331812999 0.5559616020524516 0.328113614595211 0.5409837730900798 0.2894103705815279 0.545021534777651
0 0.30524262371721783 0.5671287981755987 0.3036434082098062 0.582584251995439 0.3347762098061573 0.5851704002280501 0.33839446978335236 0.5688422907639681 0.30524262371721783 0.5671287981755987
0 0.31280825541619156 0.5987389840364881 0.31168097149372864 0.6123868015963512 0.34632450969213224 0.6141306898517674 0.34812599885974915 0.5973344218928165 0.31280825541619156 0.5987389840364881
0 0.3209413329532497 0.64269748004561 0.35621870011402507 0.6449938118586089 0.36098170809578106 0.6279904538198403 0.32096591106043326 0.6260254663625997 0.3209413329532497 0.64269748004561
0 0.46946207639680726 0.7323336716077536 0.5426024150513113 0.7057857388825542 0.5334893272519954 0.6605800672748005 0.46081848916761686 0.6853080034207526 0.46946207639680726 0.7323336716077536
0 0.031763224629418475 0.47375799771949834 0.0350738244013683 0.48705476396807296 0.15239292474344357 0.47944621322690995 0.1500467297605473 0.4629399794754846 0.031763224629418475 0.47375799771949834
0 0.15764609806157354 0.39710262257696693 0.15943165336374002 0.4098920364880274 0.19144668301026227 0.41658289167616874 0.1950250843785633 0.3996623705815279 0.15764609806157354 0.39710262257696693
0 0.1529223671607754 0.43594706955530216 0.17711018814139112 0.44140122348916766 0.17954695781071836 0.42515573204104906 0.15307130900798177 0.42105352451539335 0.1529223671607754 0.43594706955530216
0 0.04343667616875713 0.4959963078677309 0.04281979361459521 0.512709740022805 0.12396695210946408 0.5070353774230331 0.12897846864310147 0.49358584150513113 0.04343667616875713 0.4959963078677309
0 0.08449231812998859 0.6022051915621437 0.0842056259977195 0.6193622964652223 0.18454121550741162 0.6242532793614596 0.18748589623717218 0.6067818722919042 0.08449231812998859 0.6022051915621437
0 0.17517345952109464 0.5498927901938426 0.1781533740022805 0.5669499099201825 0.19012370125427594 0.5678984618015963 0.19877198403648802 0.5553865860889395 0.17517345952109464 0.5498927901938426
0 0.10334235233751425 0.6419558608893956 0.10276649828962373 0.6549777514253136 0.17005733751425314 0.663965046750285 0.17490318129988597 0.6481462976054733 0.10334235233751425 0.6419558608893956
0 0.19029084150513112 0.6554062189281642 0.2411461197263398 0.6506596704675028 0.2386234686431015 0.6401193409350058 0.19179006157354617 0.6427990524515393 0.19029084150513112 0.6554062189281642
0 0.12396940706955531 0.6815838346636259 0.12449597833523375 0.6933476351197263 0.1556686385404789 0.6965261949828963 0.16174050741163057 0.6812169122006841 0.12396940706955531 0.6815838346636259
0 0.20270231698973776 0.4796607673888255 0.20359638540478905 0.4967024127708096 0.2354980558722919 0.4932827981755986 0.236831496009122 0.478304858608894 0.20270231698973776 0.4796607673888255
0 0.2837399977194983 0.5107460877993159 0.3127752212086659 0.5003813819840365 0.29351002736602055 0.4546936488027366 0.26528664994298745 0.4596447844925884 0.2837399977194983 0.5107460877993159
0 0.20694562257696691 0.5275752371721779 0.20702731242873432 0.5798139771949828 0.23359824971493728 0.5767671220068415 0.23963633181299887 0.526927645381984 0.20694562257696691 0.5275752371721779
0 0.06715881527936146 0.3543245541619156 0.07845946522234891 0.38399917103762826 0.12048540022805017 0.37212930102622577 0.11301106727480045 0.33335780159635114 0.06715881527936146 0.3543245541619156
0 0.04604900456100342 0.2566999156214367 0.05315022462941847 0.27741282896237174 0.10618142303306728 0.2612021961231471 0.10011562485746864 0.24257369555302166 0.04604900456100342 0.2566999156214367
0 0.8998342166476625 0.2987766180159635 0.8916432976054732 0.3348749828962372 0.9352144754846066 0.3365913557582669 0.9404701117445838 0.30109765564424174 0.8998342166476625 0.2987766180159635
0 0.9421641870011404 0.29978879361459526 0.9459588848346636 0.337032 0.9878344298745724 0.34005733979475483 0.9860477708095782 0.3008881208665906 0.9421641870011404 0.29978879361459526