0 0.9347000809578108 0.7318322246294184 0.7795846727480045 0.9680706807297605 0.8075562234891677 0.9790496442417331 0.9669194903078677 0.7525468472063853 0.9347000809578108 0.7318322246294184
0 0.8829141322690992 0.7326856271379704 0.7490784389965792 0.9260415074116306 0.7703071311288483 0.9408274834663626 0.9012402109464082 0.7461319179019384 0.8829141322690992 0.7326856271379704
0 0.7962377115165337 0.377942858608894 0.755877606613455 0.37642224059293045 0.7583257491448119 0.43184350627137974 0.7997525929304447 0.4313406180159635 0.7962377115165337 0.377942858608894
0 0.7208860456100342 0.3858835769669327 0.6948201231470924 0.3839229555302166 0.6917696989737742 0.4194385438996579 0.718113913340935 0.4234931630558723 0.7208860456100342 0.3858835769669327
0 0.7269597354618016 0.3267454025085519 0.6996768643101483 0.3253155678449259 0.6970666088939567 0.3751222166476625 0.7225029771949829 0.3737797388825541 0.7269597354618016 0.3267454025085519
0 0.7938219053591791 0.7190980285062714 0.727480717217788 0.8161026909920183 0.747525015963512 0.8308281596351197 0.817267488027366 0.7256778437856329 0.7938219053591791 0.7190980285062714
0 0.7895740467502851 0.709362370581528 0.7739966887115165 0.7002220889395667 0.7064369110604333 0.797759015963512 0.7202681767388825 0.806211661345496 0.7895740467502851 0.709362370581528
0 0.7013306944127707 0.8498115518814139 0.7098172075256556 0.8353937548460661 0.691366913340935 0.8243176499429874 0.6850619327251996 0.8329056921322692 0.7013306944127707 0.8498115518814139
0 0.6959189304446979 0.8129637605473203 0.6990430490307867 0.8140177708095782 0.7143422964652224 0.8284945621436717 0.7208014857468643 0.818725472063854 0.7019135450399088 0.8046551698973774 0.6959189304446979 0.8129637605473203
0 0.7401335929304448 0.8583853375142532 0.7450314948688711 0.8443724697833522 0.7295768745724059 0.8328603614595211 0.7227484618015964 0.8455844903078676 0.7401335929304448 0.8583853375142532
0 0.42258420638540484 0.22220359749144813 0.4517560182440137 0.1648705096921323 0.4378642462941847 0.157602259977195 0.4063559144811859 0.21184007183580386 0.42258420638540484 0.22220359749144813
0 0.5481732189281642 0.2656484583808438 0.5565850581527936 0.1959306545039909 0.5400418700114025 0.19387453363740023 0.5312101619156214 0.26297576738882555 0.5481732189281642 0.2656484583808438