0 0.0972402394526796 0.5982571288483467 0.12848864424173317 0.572615582668187 0.10282040935005703 0.5477303671607754 0.07142585518814139 0.5726315997719499 0.0972402394526796 0.5982571288483467
0 0.13311438768529077 0.43091041847206385 0.16569843101482326 0.46894427936145955 0.23108764994298747 0.4183398848346636 0.19141535119726338 0.37651348004561 0.13311438768529077 0.43091041847206385
0 0.14058640592930446 0.33292267160775374 0.16439912770809578 0.3594054526795895 0.19092831584948688 0.3302640592930444 0.1665086157354618 0.3080722873432155 0.14058640592930446 0.33292267160775374
0 0.02739248118586089 0.3185763922462942 0.04449279475484607 0.33665014025085516 0.07114060889395667 0.3169458848346636 0.05085958494868871 0.289562070695553 0.030726539338654504 0.3028908791334094 0.02739248118586089 0.3185763922462942
0 0.8940219863169897 1 0.8635173375142532 0.9699026932725199 0.834071448118586 1 0.8940219863169897 1
0 0.937609299885975 0.726991267958951 0.908832054732041 0.7552858209806158 0.941325976054732 0.7951790752565564 0.9491241231470924 0.7859071630558723 0.9549277833523375 0.7586030900798175 0.937609299885975 0.726991267958951
0 0.8873123922462941 0.6009355849486887 0.9086211619156215 0.6277679019384265 0.9524037856328392 0.5916982371721778 0.9290099806157355 0.5618317377423033 0.8873123922462941 0.6009355849486887
0 0.5354570399087799 0.43142656442417326 0.5565155381984036 0.45229687571265675 0.6078490513112885 0.39641736259977195 0.5842570216647662 0.3731874868871151 0.5354570399087799 0.43142656442417326
0 0 0.9036172862029647 0.03267702394526796 0.9105630022805017 0.04497937172177879 0.8912455461801596 0.013517119726339795 0.8736285781071836 0 0.8901135724059293 0 0.9036172862029647
0 0.344454102622577 0.644630078677309 0.3605926567844926 0.661516992018244 0.41731685062713797 0.6188293511972635 0.4070963842645382 0.6069414925883695 0.344454102622577 0.644630078677309
0 0.4650356134549601 0.5057131539338655 0.48790121208665904 0.5337885051311289 0.5167108654503991 0.5081972645381985 0.4908325222348917 0.4814447468643101 0.4650356134549601 0.5057131539338655
0 0.49846253705815274 0.35130762029646523 0.5153316031927023 0.3447672873432155 0.48357804218928163 0.3013909099201824 0.4685050330672748 0.3151882485746864 0.49846253705815274 0.35130762029646523
0 0.15893466020524516 0.10238404104903077 0.24482591448118585 0.06241689623717218 0.2300636647662486 0.011917557582668187 0.1455772976054732 0.05528548460661346 0.15893466020524516 0.10238404104903077