0 0.2184272896237172 0.033978625997719496 0.24560750969213227 0.05746301368301026 0.2672569977194983 0.026912971493728618 0.23595258608893957 0.006320420752565564 0.2184272896237172 0.033978625997719496
0 0.4108542041049031 0.17583107753705815 0.4041879019384264 0.21022729190421893 0.4406119521094641 0.21544401596351198 0.44755367502850624 0.182905094640821 0.4108542041049031 0.17583107753705815
0 0.39311425427594077 0.5326416351197263 0.39606905131128844 0.49879680045610036 0.34538523945267957 0.49588897263397946 0.3366551641961231 0.5317316043329533 0.39311425427594077 0.5326416351197263
0 0.1528731710376283 0.8942332212086659 0.16057358722919043 0.8539902542759407 0.10985291676168757 0.8444439224629419 0.10181083580387686 0.8900528312428734 0.1528731710376283 0.8942332212086659
0 0.31266502622576964 0.7463576624857469 0.3119766374002281 0.7980865028506272 0.3645162029646522 0.8007186396807298 0.37022255416191563 0.7444484161915621 0.31266502622576964 0.7463576624857469
0 0.5600808209806157 0.5524357924743444 0.4946218415051311 0.5445110661345496 0.4880232109464082 0.5819337605473204 0.5546762622576967 0.5906719441277082 0.5600808209806157 0.5524357924743444
0 0.679358102622577 0.4191227502850627 0.6307348232611175 0.40452005929304446 0.6143772269099201 0.4528830855188142 0.6679137126567845 0.4737782941847206 0.679358102622577 0.4191227502850627
0 0.5763714127708096 0.4395496294184721 0.6029359828962372 0.3845440478905359 0.5690909486887115 0.37495879817559863 0.5500496442417332 0.43249516761687573 0.5763714127708096 0.4395496294184721
0 0.9027850250855188 0.43982874914481185 0.8888330364880274 0.44038318472063853 0.8735050957810719 0.4931465473204105 0.8910654891676169 0.4926254618015964 0.9027850250855188 0.43982874914481185
0 0.9251185518814139 0.4497958483466363 0.9094847765108324 0.44281882440136827 0.9029200364880273 0.4766300376282782 0.9190046978335235 0.4812749258836944 0.9251185518814139 0.4497958483466363
0 0.882643724059293 0.6189588882554162 0.9153562679589509 0.624726992018244 0.9229633968072976 0.6022534070695553 0.8919550672748005 0.5934697993158495 0.882643724059293 0.6189588882554162
0 0.9045301174458381 0.6861251391106044 0.9184466750285063 0.689181913340935 0.931713086659065 0.6481100661345496 0.9127429749144812 0.6429579806157355 0.9045301174458381 0.6861251391106044
0 0.9262485952109464 0.6791007343215507 0.940163614595211 0.6821572371721779 0.9489269270239453 0.652955645381984 0.932441661345496 0.6509516259977195 0.9262485952109464 0.6791007343215507
0 0.8551489042189282 0.7509728643101482 0.8388256431014823 0.754726638540479 0.8439125940706956 0.7737108916761687 0.8550855860889396 0.7720635336374003 0.8551489042189282 0.7509728643101482
0 0.8338807981755986 0.7110465644241734 0.8203408415051311 0.7195130615735462 0.8163179281641961 0.773065574686431 0.8353504344355759 0.7712952006841505 0.8338807981755986 0.7110465644241734