0 0.45720835917901936 0.9218532075256557 0.4638432645381984 0.911578945267959 0.38803129646522233 0.8867670752565564 0.3816825142531357 0.8971282805017105 0.45720835917901936 0.9218532075256557
0 0.4728140330672748 0.8914766157354618 0.4773159566704675 0.8796220193842645 0.39830643899657925 0.8626775473204105 0.3974506134549601 0.8709594435575826 0.4728140330672748 0.8914766157354618
0 0.5534078472063854 0.6942708996579248 0.6802384492588369 0.7545813660205246 0.7071474298745725 0.6840354355758267 0.5934911858608893 0.6242424082098061 0.5534078472063854 0.6942708996579248
0 0.4501675222348917 0.6164375028506272 0.4631221835803877 0.5771606647662485 0.38411087799315846 0.5499775233751425 0.3735245267958951 0.5894910855188142 0.4501675222348917 0.6164375028506272
0 0.173862590649943 0.675533582668187 0.22755793728620297 0.6958427867730901 0.24449927480045608 0.6476334618015964 0.18141517787913342 0.629281465222349 0.173862590649943 0.675533582668187
0 0.32259317217787914 0.7107929201824402 0.32953073546180156 0.6782865838084379 0.25681527366020523 0.6564291755986318 0.24695734207525658 0.6918206647662486 0.32259317217787914 0.7107929201824402
0 0.8809977685290764 0.30330095553021663 0.9035789270239453 0.257290314709236 0.88204551995439 0.24265054161915622 0.8580124811858609 0.28832901938426453 0.8809977685290764 0.30330095553021663
0 1 0.3478730478905359 0.9699464218928164 0.32199637742303305 0.9398365655644242 0.3901707651083238 0.9934031071835804 0.4351543363740023 1 0.42355114709236036 1 0.3478730478905359
0 0.7960573603192702 0.12509384150513114 0.8329681356898517 0.14485352451539338 0.8544211060433295 0.11550796921322691 0.8077758643101483 0.09282760433295324 0.7960573603192702 0.12509384150513114
0 0.5205723135689851 0.05302713454960092 0.5300213808437857 0.023373695553021663 0.49452086773090076 0.009284106043329533 0.48265259293044466 0.04239974116305587 0.5205723135689851 0.05302713454960092
0 0.08829054618015963 0 0.08720257240592931 0.023252169897377422 0.15447429874572408 0.036660930444697835 0.162726992018244 0 0.08829054618015963 0
0 0.8125477046750285 0.7393613375142531 0.8379858346636261 0.6908430855188141 0.7984255644241732 0.6724233671607753 0.7774281003420752 0.72483913340935 0.8125477046750285 0.7393613375142531
0 0.8502491448118586 0.758056204104903 0.8874704971493729 0.7760635085518814 0.8914210410490307 0.7604974036488028 0.8582594446978336 0.7468202291904218 0.8502491448118586 0.758056204104903
0 0.36993920524515395 0.6577032337514254 0.38533534663625996 0.618257158494869 0.3589530307867731 0.6105922839224629 0.34604742075256556 0.6478723033067274 0.36993920524515395 0.6577032337514254