0 0.36650610034207526 0.449032661345496 0.4144753865450399 0.4503212816419612 0.42838188711516534 0.37862332953249717 0.3760747126567845 0.37607113340935006 0.36650610034207526 0.449032661345496
0 0.5176123717217788 0.457996755986317 0.5560066111744584 0.46405029760547317 0.5682873204104903 0.3596489007981756 0.5316667388825541 0.3620531858608894 0.5176123717217788 0.457996755986317
0 0.592685897377423 0.4804839612314709 0.6286729201824401 0.47666351995439 0.6265407993158495 0.439836354618016 0.5937283546180159 0.44416432155074115 0.592685897377423 0.4804839612314709
0 0.5888907491448119 0.5371815895096921 0.6220685256556442 0.5396881687571266 0.6258041071835804 0.5117118848346636 0.5894000045610035 0.5110969703534778 0.5888907491448119 0.5371815895096921
0 0.47454116077537056 0.7934981562143671 0.5113434823261117 0.7865865632839224 0.5132998472063854 0.7295164994298746 0.472653511972634 0.7354045553021664 0.47454116077537056 0.7934981562143671
0 0.4290781607753706 0.32589387571265677 0.48263460091220073 0.328889314709236 0.4827150592930445 0.29059406157354617 0.42942534435575824 0.28846318586088937 0.4290781607753706 0.32589387571265677
0 0.4765308939566705 0.11368374686431015 0.5204399281641962 0.12085478335233751 0.5240532291904219 0.08212575256556442 0.47983239452679594 0.0785822542759407 0.4765308939566705 0.11368374686431015
0 0.30901285176738885 0.21441394982896236 0.3619621801596351 0.2270552770809578 0.36896939794754846 0.18192743671607756 0.3197751949828962 0.1691241425313569 0.30901285176738885 0.21441394982896236
0 0.23100050171037625 0.26048340935005704 0.28632491562143675 0.2632617685290764 0.29567743557582665 0.22263163283922463 0.23847537628278223 0.21499746864310149 0.23100050171037625 0.26048340935005704
0 0.18052586431014822 0.1901085952109464 0.23199840136830105 0.20532565792474344 0.24728863283922461 0.14003810490307866 0.19286372177879132 0.12817459179019383 0.18052586431014822 0.1901085952109464
0 0.21866964082098064 0.06757796237172178 0.2153981550741163 0.031189799315849486 0.18235102052451538 0.03524747776510832 0.18386145838084378 0.07125523603192703 0.21866964082098064 0.06757796237172178
0 0.2641418369441277 0.4233160387685291 0.29458272976054733 0.4327389635119726 0.30691010376282785 0.3773865473204105 0.27213946864310146 0.3723820307867731 0.2641418369441277 0.4233160387685291
0 0.35410931698973774 0.32373449600912196 0.3845604629418472 0.3283689156214367 0.3901661607753706 0.2864042041049031 0.35727527137970355 0.28475971265678446 0.35410931698973774 0.32373449600912196
0 0.15418727822120865 0.5109946727480046 0.20529627480045612 0.5232637537058152 0.22511305017103764 0.47536667844925884 0.16913031128848346 0.46040586887115165 0.15418727822120865 0.5109946727480046
0 0.14340954846066134 0.4572827867730901 0.10987867388825541 0.44704127023945267 0.0930249464082098 0.4850047605473204 0.13353851311288484 0.49857479703534774 0.14340954846066134 0.4572827867730901
0 0.025802022805017106 0.6870784002280502 0.0555725267958951 0.7007726761687572 0.07901384606613454 0.6434574287343217 0.04311383808437857 0.6311139703534777 0.025802022805017106 0.6870784002280502