0 0.6854397890535917 0.8411202702394527 0.7134831619156214 0.8853260034207526 0.7378524150513114 0.8664913010262257 0.7150974948688711 0.8196081197263398 0.6854397890535917 0.8411202702394527
0 0.49832865336374 0.9464280387685291 0.5266190136830102 0.995998685290764 0.5686526100342075 0.9653378848346637 0.5475821197263397 0.9158054595210946 0.49832865336374 0.9464280387685291
0 0.5795351949828962 0.8404763454960091 0.6040583865450398 0.8852396214367161 0.6408051140250856 0.8629495518814139 0.615642197263398 0.8179427274800456 0.5795351949828962 0.8404763454960091
0 0.3337219201824401 0.5941409669327252 0.3660541071835804 0.6388665575826682 0.4157574686431015 0.5977902086659065 0.38812708551881414 0.5542942314709236 0.3337219201824401 0.5941409669327252
0 0.38427174458380847 0.4654187605473204 0.40178354161915625 0.4962779897377423 0.449334 0.46818736716077536 0.43006827936145947 0.4395485997719498 0.38427174458380847 0.4654187605473204
0 0.04586384150513113 0.7124013101482326 0.08141533295324971 0.6863503500570125 0.05176877537058153 0.647204582668187 0.02328573660205245 0.6685322656784494 0.04586384150513113 0.7124013101482326
0 0.4817800798175599 0.37130008893956673 0.4965451984036488 0.40379507069555304 0.5364007936145953 0.38595153591790193 0.516870094640821 0.35373200912200686 0.4817800798175599 0.37130008893956673
0 0.7383396966932725 0.8183283580387686 0.7547712508551881 0.8499582497149373 0.8183041767388826 0.8051158643101483 0.799811771949829 0.773758590649943 0.7383396966932725 0.8183283580387686
0 0.25554538084378564 0.0588030102622577 0.23349423261117444 0.03723863968072976 0.20150864766248575 0.05353194754846066 0.22493173432155072 0.07806512656784492 0.25554538084378564 0.0588030102622577
0 0.9389796088939566 0.1721672953249715 0.9528204538198404 0.1627692166476625 0.9434387856328392 0.10353569441277082 0.9148872132269099 0.12253290763968074 0.9389796088939566 0.1721672953249715
0 0.7556537366020525 0.5291154036488027 0.7658792360319271 0.5557214732041049 0.7895251003420752 0.5493992964652223 0.7720404344355759 0.5187113683010263 0.7556537366020525 0.5291154036488027
0 0.7306853477765108 0.5384740410490308 0.7454504652223489 0.5709690216647663 0.7640307776510832 0.5668238871151654 0.7480001425313569 0.5339297753705815 0.7306853477765108 0.5384740410490308