0 0.835657165336374 0.3942277753705815 0.8874041767388826 0.405160897377423 0.8983684789053592 0.34981779361459525 0.8460143831242873 0.34269653591790195 0.835657165336374 0.3942277753705815
0 0.7072097183580388 0.30525897377423034 0.7134428973774231 0.3383122576966933 0.7506695655644242 0.32950212998859746 0.7427814971493728 0.29163522234891676 0.7072097183580388 0.30525897377423034
0 0.8867487981755986 0.7680000592930445 0.9049153523375143 0.7778353181299885 0.9282681231470924 0.7343231870011403 0.9132937274800457 0.7253522474344356 0.8867487981755986 0.7680000592930445
0 0.7492197183580388 0.6894865256556442 0.7862437354618016 0.7086759600912201 0.8254189258836944 0.633890945267959 0.7960990011402508 0.6151540011402509 0.7492197183580388 0.6894865256556442
0 0.7142312405929305 0.6929636659064995 0.6964531527936145 0.7356516225769669 0.7423173261117446 0.7594143614595211 0.760319755986317 0.7209879167616876 0.7142312405929305 0.6929636659064995
0 0.6652773169897378 0.5191345518814139 0.6452930718358039 0.546962086659065 0.6867562554161917 0.5820070034207525 0.7124185701254275 0.5515632086659065 0.6652773169897378 0.5191345518814139
0 0.4857448118586089 0.6514711117445837 0.4972406670467503 0.6752028848346636 0.5393923740022806 0.6711785005701255 0.5217290057012542 0.6355084424173318 0.4857448118586089 0.6514711117445837
0 0.13518577423033068 0.5703649897377423 0.12293017901938426 0.533836566704675 0.0712258472063854 0.5602913603192702 0.09088447320410489 0.593904770809578 0.13518577423033068 0.5703649897377423
0 0.24221690992018244 0.38062917445838085 0.2699851687571266 0.4078331220068415 0.31146635347776513 0.36872175142531355 0.2808096191562144 0.3361867993158495 0.24221690992018244 0.38062917445838085
0 0.5006230399087799 0.5431576009122007 0.5335833363740022 0.5477635712656784 0.5402850706955531 0.5097561470923604 0.5084141847206385 0.5083568164196124 0.5006230399087799 0.5431576009122007
0 0.030083709236031927 0.9235882759407069 0.08691076624857469 0.9091302907639681 0.059812766248574685 0.7994459201824401 0.0016395507411630559 0.8181280718358039 0.030083709236031927 0.9235882759407069
0 0.8554920068415051 0.1209881220068415 0.7895168095781072 0.1804982417331813 0.8469118859749144 0.2346325267958951 0.9083150387685291 0.16376372862029648 0.8554920068415051 0.1209881220068415