0 0.5444112622576966 0.9523087183580388 0.55823969327252 0.9970083021664765 0.5898765849486888 0.9919975108323831 0.580270197263398 0.9427217388825542 0.5444112622576966 0.9523087183580388
0 0.6615696180159635 0.4663544606613455 0.6160924207525655 0.4825746088939567 0.6639480900798176 0.6216759007981756 0.7025277924743444 0.614364755986317 0.6615696180159635 0.4663544606613455
0 0.5480610068415052 0.47771979589509694 0.5159942976054732 0.4876078722919043 0.5278417194982896 0.5434419372862029 0.5700735062713798 0.5343484743443557 0.5480610068415052 0.47771979589509694
0 0.3390471345496009 0.5420842006841505 0.30100171835803874 0.5559249680729761 0.327779054732041 0.6226212748004561 0.3619715256556442 0.6078862941847206 0.3390471345496009 0.5420842006841505
0 0.2116624766248575 0.606143984036488 0.24104883580387687 0.7006795860889395 0.2730471368301026 0.6832879543899657 0.2489080889395667 0.5948344982896236 0.2116624766248575 0.606143984036488
0 0.09347397491448119 0.6296724139110604 0.14700934777651084 0.7780952805017103 0.19045284720638542 0.7531799714937286 0.14415921778791335 0.6084193340935006 0.09347397491448119 0.6296724139110604
0 0.2121899315849487 0.36680069669327253 0.1834254116305587 0.37857036259977195 0.19662863625997717 0.43539357468643103 0.23214691220068415 0.42074918358038765 0.2121899315849487 0.36680069669327253
0 0.30302964310148234 0.20092300570125426 0.29054604104903076 0.16382538882554162 0.2584530330672748 0.17732295553021665 0.2685911197263398 0.2147936488027366 0.30302964310148234 0.20092300570125426
0 0.45381416647662487 0.6675820193842645 0.4891453774230331 0.651766534777651 0.454132818700114 0.5301685074116306 0.4178677160775371 0.5392186659064995 0.45381416647662487 0.6675820193842645
0 0.28239738540478904 0.9351954002280503 0.2891125575826682 0.9738077993158495 0.36020935575826685 0.9436109110604334 0.3478499749144812 0.9085960661345496 0.28239738540478904 0.9351954002280503
0 0.41334686659064995 1 0.40158585746864306 0.9824444310148231 0.3523160022805017 0.9974618232611174 0.3528931619156214 1 0.41334686659064995 1