0 0.19621105473204106 0.43781391562143673 0.23523329646522234 0.45098016989737744 0.2541400889395667 0.39856551197263396 0.21632741505131128 0.3810612063854048 0.19621105473204106 0.43781391562143673
0 0.2890829646522235 0.30444900912200684 0.3058731151653364 0.2407075952109464 0.2678108928164196 0.229453842645382 0.2532936841505131 0.2892868779931585 0.2890829646522235 0.30444900912200684
0 0.6971085610034207 0.36411959635119723 0.7455120068415051 0.35929503192702394 0.7458210057012542 0.30639147776510833 0.696618732041049 0.30483676624857464 0.6971085610034207 0.36411959635119723
0 0.4709539224629418 0.8723496738882554 0.529623582668187 0.7790542976054733 0.45118706271379705 0.7206694743443557 0.39115736259977196 0.8164897981755986 0.4709539224629418 0.8723496738882554
0 0.20609959749144813 0 0.20131175712656785 0.021485410490307867 0.23436415393386545 0.029731196123147095 0.23856463055872293 0 0.20609959749144813 0
0 0.03358872976054732 0.20607885860889394 0.0606001425313569 0.21836857696693274 0.07252283922462942 0.18453817217787913 0.03879864424173318 0.16364751083238313 0.03358872976054732 0.20607885860889394
0 0.45499618700114025 0.3403740250855188 0.4898238985176739 0.35362346408209805 0.5061681915621437 0.30209058950969214 0.46835718700114026 0.2899703694412771 0.45499618700114025 0.3403740250855188
0 0.6598730296465223 0.14658525883694412 0.6765019600912201 0.14742904218928163 0.6815480216647662 0.1145504937286203 0.6689955655644242 0.11121304446978335 0.6598730296465223 0.14658525883694412
0 0.6498108004561003 0.15551932497149373 0.6550209053591791 0.11308642645381983 0.6406000900798176 0.11370860889395666 0.6350829475484607 0.14892372633979475 0.6498108004561003 0.15551932497149373
0 0.8706997297605473 0.2693813740022805 0.9433749327251996 0.2615549167616876 0.9406120296465222 0.22352850969213228 0.8687290205245154 0.2416217890535918 0.8706997297605473 0.2693813740022805
0 0.8735899281641961 0.1728263945267959 0.8967778369441277 0.17866455644241733 0.9014176636259976 0.15590253135689852 0.875616196123147 0.156323763968073 0.8735899281641961 0.1728263945267959
0 0.8321887035347776 0.18389460433295324 0.8532499418472064 0.1924626898517674 0.8637137537058153 0.17101396921322692 0.8336271984036487 0.16731980501710378 0.8321887035347776 0.18389460433295324
0 0.9216211299885976 0.16616149600912203 0.9403163660205246 0.16965182668187 0.9424497137970353 0.15017444697833524 0.924009197263398 0.14671224401368302 0.9216211299885976 0.16616149600912203
0 0.9443685222348916 0.13664966704675027 0.9605749087799317 0.14581964310148232 0.9676267662485746 0.1057081881413911 0.9519535222348917 0.10408128620296464 0.9443685222348916 0.13664966704675027