0 0.5285988608893957 0.9535831151653363 0.5408588757126568 0.9987380741163056 0.5726513694412771 0.9948344458380844 0.5647705336374003 0.9452534344355759 0.5285988608893957 0.9535831151653363
0 0.6626454070695553 0.47201365564424175 0.6166298380843785 0.4866367913340935 0.6596017890535918 0.6273234846066135 0.6984131459521095 0.6213632063854048 0.6626454070695553 0.47201365564424175
0 0.5488092964652224 0.47941067388825537 0.5164170330672748 0.48817361459521097 0.5263086567844926 0.5443871356898518 0.5688320741163055 0.5367730809578107 0.5488092964652224 0.47941067388825537
0 0.33767646522234895 0.5364413911060433 0.29917119042189283 0.548945961231471 0.32360454618015966 0.6165361527936146 0.3582904310148233 0.603003449258837 0.33767646522234895 0.5364413911060433
0 0.2081337525655644 0.5960164903078677 0.23420296465222348 0.6915200718358039 0.26678873318129986 0.6752557594070695 0.24575137058152793 0.5860137468643102 0.2081337525655644 0.5960164903078677
0 0.0891961174458381 0.61540586659065 0.13751899543899657 0.7656066761687571 0.18180556100342077 0.7422227012542759 0.1405922063854048 0.5959346248574687 0.0891961174458381 0.61540586659065
0 0.21701384606613455 0.35683741163055877 0.18785609350057014 0.3675960410490308 0.19906817331812998 0.42484542303306727 0.23507589395667047 0.4114495233751425 0.21701384606613455 0.35683741163055877
0 0.3135872690992018 0.19423102850627136 0.3024059600912201 0.15672033979475483 0.2698614435575827 0.16908965450399088 0.27868564538198404 0.20689133523375142 0.3135872690992018 0.19423102850627136
0 0.4479937730900798 0.6658680706955531 0.48385541391106046 0.6512952622576966 0.4531078939566705 0.5285493876852908 0.4165490376282782 0.5363284002280502 0.4479937730900798 0.6658680706955531
0 0.26734184264538197 0.9273360695553021 0.2727053717217788 0.9661593033067275 0.3448127149372862 0.9384620524515392 0.33368286431014826 0.9030372006841505 0.26734184264538197 0.9273360695553021
0 0.39801536488027367 1 0.384808740022805 0.9787159338654504 0.3350447993158495 0.992004685290764 0.33657154047890536 1 0.39801536488027367 1