0 0.8400511995438997 0.8063346202964653 0.8829250820980615 0.7763184960091221 0.8528112633979475 0.7298411402508552 0.8106807468643101 0.7622061904218929 0.8400511995438997 0.8063346202964653
0 0.7725326271379703 0.8104731927023945 0.7989523580387685 0.7851920068415051 0.7753272212086658 0.7545290832383124 0.7446289726339795 0.7823361254275941 0.7725326271379703 0.8104731927023945
0 0.6452916795895096 0.9230464766248574 0.6548725393386545 0.9084516567844926 0.6183296807297606 0.8818045005701254 0.6072904344355758 0.9020943135689852 0.6452916795895096 0.9230464766248574
0 0.553316921322691 0.6517770376282782 0.5063631801596351 0.6881722451539338 0.5460169418472064 0.7316429555302167 0.5672251927023946 0.7101084287343216 0.5776556909920182 0.7198440912200684 0.5922053489167617 0.7116109874572406 0.553316921322691 0.6517770376282782
0 0.7325263922462942 0.5486770980615736 0.7636389315849488 0.5897725712656785 0.7930017594070695 0.5637944971493728 0.7694802303306727 0.5360985153933865 0.7325263922462942 0.5486770980615736
0 0.9036884002280502 0.5040827149372862 0.9258215849486887 0.4920216818700114 0.9064698095781072 0.46477419954389965 0.885185984036488 0.4744291254275941 0.9036884002280502 0.5040827149372862
0 0.939268968072976 0.48620508095781073 0.9554745142531357 0.4743510433295325 0.9376941277080958 0.44110757012542756 0.9200322257696693 0.45271540820980616 0.939268968072976 0.48620508095781073
0 0.7538112041049031 0.3423695302166477 0.7768203397947548 0.32136622805017107 0.7433788141391106 0.28154030900798177 0.7196876020524515 0.2975174789053592 0.7538112041049031 0.3423695302166477
0 0.8703636670467503 0.4505881448118586 0.8927777993158496 0.4296040570125428 0.8739365815279361 0.3999638620296465 0.8530661949828963 0.4211895336374002 0.8703636670467503 0.4505881448118586
0 0.4773969669327252 0.09239522006841505 0.5027269201824401 0.13785140820980615 0.5236022109464082 0.13682380843785633 0.5066445096921323 0.08008418358038769 0.4773969669327252 0.09239522006841505
0 0.08856048232611174 0.20934916191562142 0.11948151197263397 0.1940106898517674 0.10057202736602053 0.155162582668187 0.06654812086659065 0.1738754606613455 0.08856048232611174 0.20934916191562142
0 0.0989991425313569 0.4573234184720638 0.11375359977194982 0.488891787913341 0.14346869555302166 0.4730013158494869 0.12385405929304447 0.4395248392246294 0.0989991425313569 0.4573234184720638
0 0.18458878107183582 0.4097761687571265 0.19282215963511973 0.44157069555302164 0.2225608779931585 0.4369675256556443 0.21620842531356899 0.3973854230330673 0.18458878107183582 0.4097761687571265
0 0.386613558722919 0.8750449726339795 0.4083338175598632 0.8511145553021665 0.370750850627138 0.8286640684150512 0.35546604332953247 0.8529607388825542 0.386613558722919 0.8750449726339795
0 0.0024590752565564426 0.429206740022805 0.014779377423033067 0.45907777765108326 0.035422919042189284 0.455980441277081 0.02297942873432155 0.42195492246294186 0.0024590752565564426 0.429206740022805
0 0.4069530091220068 0.8285865222348917 0.4184692018244014 0.801449330672748 0.40073935575826686 0.7866215621436716 0.3808007445838084 0.8137558129988598 0.4069530091220068 0.8285865222348917
0 0.4428645438996579 0.9051626875712657 0.45314239908779935 0.8935140877993158 0.4246788244013683 0.8772803751425314 0.4157249087799316 0.8963075781071835 0.4428645438996579 0.9051626875712657
0 0.25011613683010264 0.2975771984036488 0.25675740478905357 0.334774330672748 0.2715351094640821 0.3330716214367161 0.2642796750285063 0.2953002611174458 0.25011613683010264 0.2975771984036488
0 0.3050560148232611 0.3241760273660205 0.29678275484606614 0.2911946681870011 0.2825539270239453 0.29169155074116304 0.2889994583808438 0.32592495781071834 0.3050560148232611 0.3241760273660205
0 0.5955772816419612 0.23026102052451541 0.6187713500570126 0.21459826795895098 0.596414314709236 0.18626750969213227 0.5747975564424174 0.2009840125427594 0.5955772816419612 0.23026102052451541
0 0.5450662269099201 0.36451342645381984 0.5548336351197263 0.3552606624857469 0.530085393386545 0.3264177309007982 0.5189455336374003 0.33482725427594073 0.5450662269099201 0.36451342645381984
0 0.5487978700114025 0.32309077309007983 0.5498126807297605 0.3304817343215507 0.5690194036488028 0.35357549714937286 0.5818127936145953 0.3459993990877993 0.5594143158494869 0.3164818631698974 0.5487978700114025 0.32309077309007983
0 0.780812700114025 0.33370316191562144 0.7637105336374003 0.35390763968072975 0.7882322896237173 0.3762201220068415 0.8063165769669327 0.35687407981755986 0.780812700114025 0.33370316191562144