0 0.9146802668187001 0.6607490741163056 0.8759863340935006 0.6643714070695553 0.8758547080957811 0.7433188278221209 0.9171944561003421 0.7427132998859749 0.9146802668187001 0.6607490741163056
0 0.8640169726339795 0.7472507913340934 0.833186047890536 0.7452598563283922 0.8261760296465223 0.8072110752565564 0.8643662246294185 0.8080118836944128 0.8640169726339795 0.7472507913340934
0 0.9833627719498289 0.6075651277080958 0.9252409179019384 0.6088051607753706 0.9246261995438997 0.6673525860889397 0.9837473831242873 0.6629482554161915 0.9833627719498289 0.6075651277080958
0 0.988359503990878 0.5328043204104903 0.9484159224629418 0.536873 0.9493116795895097 0.5782594036488027 0.9883579452679588 0.5791653238312429 0.988359503990878 0.5328043204104903
0 0.9776731710376282 0.48842115963511973 0.941470621436716 0.4863688802736602 0.9402366031927024 0.5304848244013682 0.9772279885974915 0.5311384378563284 0.9776731710376282 0.48842115963511973
0 0.7241728529076397 0.5087412041049031 0.6912121550741163 0.509479810718358 0.6859379794754845 0.5913850604332953 0.7288763169897376 0.590376030786773 0.7241728529076397 0.5087412041049031
0 0.761317221208666 0.2889720250855188 0.6942926396807297 0.28971557582668184 0.695785062713797 0.33596091220068414 0.7641014458380845 0.3326840342075256 0.761317221208666 0.2889720250855188
0 0.663429968072976 0.05920334549600913 0.6113296191562144 0.055199063854047895 0.608171669327252 0.12958743557582666 0.6577754629418473 0.13298764994298745 0.663429968072976 0.05920334549600913
0 0.6319307981755986 0.768405535917902 0.5920595781071837 0.7718848916761687 0.5910000638540479 0.8291828597491447 0.632266622576967 0.829763188141391 0.6319307981755986 0.768405535917902
0 0.7900612793614595 0.8482406225769669 0.7501088038768529 0.8475225381984037 0.7501345005701254 0.8959821927023945 0.7912765701254276 0.8923581995438997 0.7900612793614595 0.8482406225769669
0 0.7204829087799316 0.75295717331813 0.6959201619156214 0.75831617331813 0.6962265929304448 0.7996302177879133 0.7160551744583807 0.7969800843785634 0.7204829087799316 0.75295717331813
0 0.7660663648802737 0.6299391927023945 0.6869045427594072 0.6321819486887116 0.6863618038768529 0.6901431516533637 0.7656969201824402 0.6846299509692133 0.7660663648802737 0.6299391927023945
0 0.3906596077537058 0.7962092189281642 0.3546106716077537 0.7977650558722919 0.3531870102622577 0.8921072679589509 0.3874476031927024 0.889436110604333 0.3906596077537058 0.7962092189281642
0 0.4058060695553022 0.6485167309007982 0.3298031060433295 0.6493542930444698 0.3297775210946408 0.707975629418472 0.4031770319270239 0.7029300456100342 0.4058060695553022 0.6485167309007982
0 0.09575235575826682 0.4674734059293044 0.06367042303306727 0.4659270763968073 0.06411112884834663 0.5012755165336374 0.10132779931584948 0.49717111972633976 0.09575235575826682 0.4674734059293044
0 0.08792511858608894 0.02503098289623717 0.053328706955530214 0.04530964538198404 0.07045220410490308 0.07971700456100342 0.10474589737742303 0.06059601596351197 0.08792511858608894 0.02503098289623717
0 0.20312338540478905 0.15762249942987455 0.1965770102622577 0.12331900342075257 0.16928782212086657 0.12654861117445837 0.17768187457240592 0.16526643557582668 0.20312338540478905 0.15762249942987455
0 0.3665932508551881 0.15017488825541617 0.3347901208665906 0.1414858574686431 0.3333985917901938 0.2160911197263398 0.36423725199543894 0.21718569099201823 0.3665932508551881 0.15017488825541617
0 0.3859639942987457 0 0.38645619954389965 0.04194509464082098 0.4197136602052452 0.04273844811858609 0.42037270125427595 0 0.3859639942987457 0
0 0 0.6045209304446978 0.05167019498289623 0.6023423728620297 0.055480657924743444 0.45475194754846066 0.0029658209806157354 0.45548244355758266 0 0.47963711630558725 0 0.6045209304446978
0 0.2608743409350057 0.9041044207525656 0.22232648802736604 0.9065498472063854 0.22449838312428735 0.9618517468643102 0.2622522189281642 0.960206141391106 0.2608743409350057 0.9041044207525656
0 0.9793459327251995 0.2654930330672748 0.9629447160775371 0.26766667844925884 0.9578032633979475 0.34360613454960093 0.9743084264538198 0.34323987799315847 0.9793459327251995 0.2654930330672748