0 0.6871636887115166 0.025288702394526796 0.5988847366020524 0.013053022805017104 0.5931075359179019 0.02530153021664766 0.6812320877993159 0.048679676168757124 0.6871636887115166 0.025288702394526796
0 0.505382716077537 0.2184986864310148 0.49661315849486887 0.2477086966932725 0.5498951870011403 0.2703709395667047 0.5667765575826682 0.2413076966932725 0.505382716077537 0.2184986864310148
0 0.6334357069555302 0.5830212086659065 0.6081280228050171 0.6479140045610035 0.64334834663626 0.6635836316989738 0.6712042987457241 0.5945056932725199 0.6334357069555302 0.5830212086659065
0 0.9178350102622577 0.754989526795895 0.9609846807297605 0.7650112029646522 0.9672758996579248 0.7293319258836944 0.9290789429874572 0.721995449258837 0.9178350102622577 0.754989526795895
0 0.8791674104903079 0.6938952474344355 0.8482798460661345 0.6878460262257696 0.8341479281641961 0.7372186887115165 0.8631958836944128 0.7502815803876852 0.8791674104903079 0.6938952474344355
0 0.7882156214367161 0.5771435393386545 0.7487291550741162 0.5719913238312428 0.7435848757126567 0.6080045256556442 0.783061236031927 0.6166423135689851 0.7882156214367161 0.5771435393386545
0 0.6947863511972634 0.8266271197263398 0.704826046750285 0.7867855233751425 0.6647551231470923 0.7815286670467503 0.65668055986317 0.8187736191562144 0.6947863511972634 0.8266271197263398
0 0.70132148004561 0.8271765290763968 0.6954429464082098 0.8605153500570125 0.7257698061573546 0.8680348551881414 0.7499229771949829 0.8387624184720639 0.70132148004561 0.8271765290763968
0 0.8477437491448119 0.8276661790193843 0.7730340877993158 0.8102708962371722 0.7694924321550741 0.8235180855188141 0.8486737217787913 0.8429076567844925 0.8477437491448119 0.8276661790193843
0 0.9458241094640821 0.8509910741163056 0.8756737753705816 0.836811362599772 0.8746652052451539 0.8544986875712657 0.9426440307867731 0.8673165678449258 0.9458241094640821 0.8509910741163056
0 0.41537089965792473 0.9751685005701254 0.4339072770809578 0.9452674196123146 0.39727375028506273 0.917096850627138 0.37674281185860886 0.9514710992018244 0.41537089965792473 0.9751685005701254
0 0.3293750182440137 0.8918572884834665 0.35341344925883694 0.8478488688711516 0.3266504595210946 0.8286568289623717 0.2969028859749145 0.8776892554161916 0.3293750182440137 0.8918572884834665
0 0.3938240364880274 0.8067288882554161 0.4122912018244014 0.773801054732041 0.38319110376282783 0.7541953329532497 0.36702869327251997 0.7911486009122006 0.3938240364880274 0.8067288882554161
0 0.27938311402508553 0.737699913340935 0.2571321516533637 0.7681518312428735 0.29609555530216647 0.7967950992018245 0.315054929304447 0.764495086659065 0.27938311402508553 0.737699913340935
0 0.30722487457240594 0.5387702075256556 0.29181950855188143 0.5782686009122007 0.3341434697833523 0.5964013694412771 0.34774595553021664 0.5585794412770809 0.30722487457240594 0.5387702075256556
0 0.21372400912200684 0.7544671242873433 0.18276634777651085 0.7351383603192703 0.1445933454960091 0.7977610672748005 0.17991926111744586 0.8196703865450399 0.21372400912200684 0.7544671242873433
0 0.7899995222348917 0.8850276362599772 0.7938469087799316 0.8495219407069555 0.7643350102622577 0.8425094686431015 0.7574487502850628 0.8781441151653364 0.7899995222348917 0.8850276362599772
0 0.658576945267959 0.17374410034207527 0.5861381470923602 0.16398573318129986 0.5848323055872292 0.17823006727480045 0.6568571505131129 0.19032708095781073 0.658576945267959 0.17374410034207527
0 0.32255585746864307 0.06202710604332953 0.31258333181299885 0.08439140820980615 0.3289215974914481 0.09089132953249715 0.341611834663626 0.07021046522234892 0.32255585746864307 0.06202710604332953
0 0.35299391790193846 0.043271428734321556 0.33187471379703537 0.03653140820980615 0.3239555245153934 0.059218104903078675 0.3398915381984037 0.06628967274800456 0.35299391790193846 0.043271428734321556
0 0.0405951425313569 0.5840267388825542 0.12177237970353477 0.6296997058152793 0.1319196442417332 0.620030488027366 0.05607149030786773 0.5680606807297606 0.0405951425313569 0.5840267388825542
0 0.7982146875712657 0.4691469600912201 0.7867301128848346 0.506925055872292 0.8263559977194983 0.5181341231470923 0.8342275530216647 0.4803218631698974 0.7982146875712657 0.4691469600912201
0 0.6221371710376282 0.3838236043329532 0.611476157354618 0.41692205245153935 0.6427992816419612 0.4256389988597491 0.6509255324971494 0.3949304515393387 0.6221371710376282 0.3838236043329532
0 0.18861275940706954 0.7259166031927025 0.20037452109464082 0.7105013842645382 0.13835910262257697 0.6758307947548461 0.12893352109464082 0.6882546818700114 0.18861275940706954 0.7259166031927025
0 0.21530411288483467 0.7318288289623718 0.2013386590649943 0.7221298403648803 0.19052695324971494 0.7338666545039908 0.20670609806157356 0.7429786271379704 0.21530411288483467 0.7318288289623718
0 0.1880888722919042 0.2638669977194983 0.18131425655644243 0.27835285860889397 0.19610454161915622 0.28337400912200683 0.20496100570125428 0.2724681083238312 0.1880888722919042 0.2638669977194983
0 0.21291846978335235 0.23929753477765106 0.19479185176738884 0.23610132269099202 0.18946365336374002 0.25265095438996577 0.20934445952109465 0.25615647662485747 0.21291846978335235 0.23929753477765106
0 0.45098087913340934 0.718505953249715 0.43162144241733186 0.7735904549600913 0.46892997947548465 0.7910943112884835 0.49081258836944125 0.7387965416191562 0.45098087913340934 0.718505953249715