0 0.7258159190421893 0.623569149372862 0.5332470900798175 0.25173217673888254 0.4928355085518814 0.27701128164196126 0.6815700364880274 0.6507551596351197 0.7258159190421893 0.623569149372862
0 0.7520442542759408 0.678873692132269 0.710076417331813 0.703293709236032 0.8127935701254276 0.9117732839224629 0.864124141391106 0.8971492611174459 0.7520442542759408 0.678873692132269
0 0.8529278928164196 0.7041780376282781 0.8127802326111745 0.733665401368301 0.8901823762827822 0.8719501698973774 0.9260597058152793 0.8494888095781071 0.8529278928164196 0.7041780376282781
0 1 0.8239840604332953 0.9655784469783353 0.7581724789053592 0.9255578779931585 0.7752444298745724 0.9760001493728621 0.876177550741163 1 0.8614647229190422 1 0.8239840604332953
0 1 0.6402744789053592 0.8890377765108325 0.41218199429874575 0.8415189350057013 0.43845580045610033 1 0.7526253580387686 1 0.6402744789053592
0 1 0.4871496396807298 0.9887611128848347 0.4315171071835804 0.9409522508551881 0.4562988836944128 1 0.5746525655644242 1 0.4871496396807298
0 0.6229040376282782 0.0755544196123147 0.6051809657924743 0.05073324287343216 0.4931159361459521 0.11123700456100341 0.5057955233751426 0.1366505644241733 0.6229040376282782 0.0755544196123147
0 0.47433654389965796 0.11798415393386545 0.45512706955530213 0.13875517673888255 0.47348139224629415 0.1615172770809578 0.490259086659065 0.14431691220068416 0.47433654389965796 0.11798415393386545
0 0.6227885712656784 0.04576226795895096 0.6393308677309008 0.07042499315849486 0.6683208437856328 0.05704557468643101 0.6473141915621436 0.028604262257696692 0.6227885712656784 0.04576226795895096
0 0.5040205427594071 0.2469589087799316 0.44739033751425317 0.13871064196123148 0.3789391516533637 0.17679645952109466 0.43325882782212083 0.2731043010262258 0.5040205427594071 0.2469589087799316
0 0.47174194754846066 0.18431245952109465 0.5001258358038769 0.25081393044469785 0.6991491140250855 0.1439805724059293 0.6681972793614595 0.08030144469783353 0.47174194754846066 0.18431245952109465