0 0.0807713888255416 0.49113854047890537 0.15326971379703536 0.5105702588369442 0.17158614139110603 0.43485692018244015 0.10124949030786774 0.4219031163055872 0.0807713888255416 0.49113854047890537
0 0.3717794241733181 0.9002717708095782 0.29629583922462943 0.8857033854047891 0.2906325142531357 0.9533074424173318 0.3609702941847206 0.9662614047890535 0.3717794241733181 0.9002717708095782
0 0.6604806248574686 1 0.6630583956670467 0.9688260513112884 0.6119905872291904 0.9607772862029647 0.6003888905359179 1 0.6604806248574686 1
0 0.7448148768529076 0.9005317366020524 0.7380179954389965 0.9516223420752566 0.7933298791334094 0.9595168232611174 0.7951321049030787 0.9029998380843784 0.7448148768529076 0.9005317366020524
0 0.6660972326111745 0.4337785313568985 0.5330513135689852 0.40274113683010265 0.5149844082098062 0.4493634446978335 0.6629753705815279 0.4778343740022805 0.6660972326111745 0.4337785313568985
0 0.5373393774230331 0.35584389053591786 0.5318414846066134 0.39496343101482323 0.5890772120866591 0.41374817673888253 0.5984574287343216 0.3797766339794755 0.5373393774230331 0.35584389053591786
0 0.5420439270239452 0.33875536602052453 0.603981331812999 0.3514015370581528 0.6060698950969212 0.3256111163055872 0.5385069931584948 0.30384239110604333 0.5420439270239452 0.33875536602052453
0 0.8832424321550741 0.5191252155074116 0.9623918244013684 0.5321891413911061 0.9370431448118586 0.450377070695553 0.8922998996579248 0.44102018472063853 0.8832424321550741 0.5191252155074116
0 1 0.40583752793614597 0.9883166100342075 0.4023477058152794 0.9721437468643102 0.4737219315849487 1 0.48111979931584953 1 0.40583752793614597
0 0.4686433363740023 0.3093657046750285 0.4670620855188141 0.2769234116305587 0.3777609612314709 0.2459611630558723 0.3666892451539339 0.29196835917901937 0.4686433363740023 0.3093657046750285
0 0.4976377628278221 0.38708777993158494 0.4628301470923603 0.36984306043329535 0.459390259977195 0.3970556043329532 0.4933824458380844 0.40643641961231475 0.4976377628278221 0.38708777993158494
0 0.4021033249714937 0.35678438768529075 0.3805548175598632 0.3544422109464082 0.37872546408209806 0.38111653477765106 0.40196787685290764 0.39052030672748006 0.4021033249714937 0.35678438768529075
0 0.3495707103762828 0.32638609350057013 0.38055257126567843 0.33534383352337516 0.38414742645381983 0.30976510832383125 0.3529540285062714 0.3023125290763968 0.3495707103762828 0.32638609350057013
0 0.506831322690992 0.3653656841505131 0.5080751870011402 0.34559381185860893 0.4896310832383124 0.34291278677309006 0.4842482428734321 0.36219183922462944 0.506831322690992 0.3653656841505131
0 0.4731759806157354 0.30988642873432154 0.4725255017103763 0.3145148312428734 0.474716165336374 0.33169961117445834 0.5117198038768529 0.3415036567844926 0.5088699669327251 0.3180878209806157 0.4731759806157354 0.30988642873432154
0 0.4366041094640821 0.30793151767388827 0.3960174994298746 0.299042511972634 0.39513361687571263 0.3189812725199544 0.43042071493728623 0.3300778152793615 0.4366041094640821 0.30793151767388827