0 0.7675219258836944 0.3401217023945268 0.7623858095781072 0.2277262314709236 0.7396150399087799 0.22813140820980615 0.7501286328392246 0.34103706385404786 0.7675219258836944 0.3401217023945268
0 0.8493343192702395 0.2073914275940707 0.8478325735461801 0.16597899771949828 0.8058681174458381 0.16583500114025085 0.8090388415051312 0.20984689395667047 0.8493343192702395 0.2073914275940707
0 0.7593317993158495 0.35704807525655646 0.6759697023945268 0.24260822120866593 0.6596990661345495 0.25500057582668184 0.7432352565564424 0.3680793740022805 0.7593317993158495 0.35704807525655646
0 0.7047089281641961 0.3541854116305587 0.6771777502850628 0.2849187126567845 0.6571171835803877 0.2868361037628278 0.6833888027366021 0.36037569099201827 0.7047089281641961 0.3541854116305587
0 0.6511093489167618 0.9414667172177879 0.653980410490308 0.9215212269099202 0.6319880399087799 0.9231090136830102 0.6238191892816419 0.9980407366020525 0.656390015963512 0.9974640695553021 0.6612184549600912 0.9401696077537057 0.6511093489167618 0.9414667172177879
0 0.6088756499429874 1 0.615058055872292 0.9473416955530217 0.596200031927024 0.9440697571265678 0.5943753956670467 0.9266185336374002 0.5851761014823261 0.9279633238312429 0.5787552269099202 1 0.6088756499429874 1
0 0.5643466020524515 0.9944671835803878 0.5699879384264538 0.9358451448118585 0.53721678677309 0.9373247651083239 0.5325315701254276 0.9918863762827822 0.5643466020524515 0.9944671835803878
0 0.34766653249714935 0.9310446681870012 0.35609262941847203 0.8922078015963512 0.3163700421892816 0.8837318608893956 0.3122577172177879 0.9273620649942987 0.34766653249714935 0.9310446681870012
0 0.42526971265678454 0.9956279087799316 0.4272099224629418 0.9635303888255417 0.40263019954389967 0.9622422200684151 0.3973058084378563 0.9941623831242873 0.42526971265678454 0.9956279087799316
0 0.39003005473204105 0.9926392611174458 0.3944839407069555 0.9609018403648802 0.3772827491448119 0.9581734595210947 0.37363589737742303 0.9929218950969213 0.39003005473204105 0.9926392611174458
0 0.35289672405929307 0.9705972303306727 0.35245334549600915 0.9906699486887115 0.36908456100342074 0.992683369441277 0.370099054732041 0.9733256704675028 0.35289672405929307 0.9705972303306727
0 0.3728773694412771 0.9725578232611175 0.3762367605473204 0.9508110205245154 0.35294172976054733 0.9523305381984036 0.35203465336374007 0.9696385974914482 0.3728773694412771 0.9725578232611175
0 0.41962060205245155 0.8644797753705815 0.42756802964652224 0.8210505610034207 0.3456322474344356 0.8131026784492589 0.3388836909920182 0.8547678175598632 0.41962060205245155 0.8644797753705815
0 0.40860590193842644 0.6391931949828963 0.39794276966932723 0.7327199749144812 0.4711522805017104 0.7347298175598632 0.47860920296465226 0.6446888175598632 0.40860590193842644 0.6391931949828963
0 0.15057322805017104 0.3735322542759407 0.14337816989737742 0.4551124230330673 0.16509585404789054 0.45447393386545043 0.1728001151653364 0.3752040820980616 0.15057322805017104 0.3735322542759407