0 1 0.5341806088939567 0.9961024675028506 0.4028680262257697 0.9732421083238312 0.39377472177879136 0.91527617331813 0.5512260649942987 1 0.5884903808437856 1 0.5341806088939567
0 0.6435231003420753 0 0.5904071755986318 0.0017631493728620295 0.6107258061573546 0.2345499179019384 0.6728865518814139 0.23042685062713797 0.6628096944127707 0 0.6435231003420753 0
0 0.5788869977194983 0.23662412086659065 0.5739101151653364 0.21241002508551882 0.5404738038768528 0.2099556100342075 0.5439592120866591 0.23571533295324973 0.5788869977194983 0.23662412086659065
0 0.5740894652223489 0.30961190421892815 0.5669596499429874 0.24898336716077538 0.5262878551881414 0.24399766818700114 0.5317871470923603 0.3209817537058153 0.5740894652223489 0.30961190421892815
0 0.5332713375142532 0.4060109429874572 0.5199923238312429 0.3409332383124287 0.47856447092360316 0.3378585188141391 0.49248587457240595 0.41735431470923606 0.5332713375142532 0.4060109429874572
0 0.4936255290763968 0.4826450535917902 0.47603332383124286 0.43131100342075257 0.44046307183580385 0.43914710718358035 0.4603493762827822 0.4893008483466363 0.4936255290763968 0.4826450535917902
0 0.46167454732041047 0.5652198072976055 0.4544917183580388 0.5015541459521095 0.4150171847206386 0.5041409612314709 0.42980810262257696 0.5657760376282782 0.46167454732041047 0.5652198072976055
0 0.4297489224629419 0.6493125724059293 0.410691740022805 0.6010421425313569 0.38450802394526795 0.6052970262257698 0.40251482554161916 0.6543444481185862 0.4297489224629419 0.6493125724059293
0 0.3818813831242873 1 0.37398162713797034 0.9327891573546181 0.3588869110604333 0.9376091391106044 0.3599759475484607 1 0.3818813831242873 1
0 0.3521389566704675 1 0.343421141391106 0.9211715393386545 0.3175195210946408 0.9155486966932724 0.3229035689851767 1 0.3521389566704675 1
0 0 0.13426285176738884 0.04402676396807297 0.030286062713797038 0 0.012938436716077537 0 0.13426285176738884
0 0.9046271482326113 0.5498934891676169 0.9579618757126568 0.38796648232611175 0.8069782200684151 0.33592388027366016 0.7517993854047891 0.4902885256556443 0.9046271482326113 0.5498934891676169