0 0.8308316168757126 0.6868142953249715 0.8907373352337514 0.6841897947548461 0.898097425313569 0.6338367582668186 0.828066237172178 0.6380018369441277 0.8308316168757126 0.6868142953249715
0 0.8415631835803877 0.22672454846066134 0.836111527936146 0.1644118323831243 0.8018127708095781 0.1608723033067275 0.7961039395667048 0.2352801425313569 0.8415631835803877 0.22672454846066134
0 0.6986482417331813 0.7598602326111744 0.7003218551881414 0.8238117696693272 0.7317991060433295 0.8249827229190422 0.7303368757126568 0.7544724104903079 0.6986482417331813 0.7598602326111744
0 0.7199304800456101 0.883578771949829 0.7231283865450399 0.950012377423033 0.7734982269099202 0.9429901607753707 0.7725265062713798 0.8815926419612314 0.7199304800456101 0.883578771949829
0 0.8690753854047891 0.3917574389965793 0.868878251995439 0.34468214367160777 0.8327789726339795 0.350456992018244 0.8311120763968074 0.392462228050171 0.8690753854047891 0.3917574389965793
0 0.5000018323831242 0.7157581516533638 0.502518393386545 0.7744039452679589 0.5283524367160776 0.7708354732041048 0.5304976579247435 0.7130901128848347 0.5000018323831242 0.7157581516533638
0 0.4117275290763968 0.2447083078677309 0.4132875507411631 0.3073614982896237 0.44820320980615735 0.30299848916761685 0.447764409350057 0.23468785062713798 0.4117275290763968 0.2447083078677309
0 0.2636895188141391 0.7939904789053592 0.26591198517673886 0.8343471550741163 0.3064719874572406 0.8347234697833524 0.30518097035347774 0.791668732041049 0.2636895188141391 0.7939904789053592
0 0.2627196602052452 0.8725621379703534 0.2668696590649943 0.8303396579247435 0.2224180228050171 0.8303038175598633 0.22246185860889398 0.8741223831242874 0.2627196602052452 0.8725621379703534
0 0.08089135689851767 0.8413775108323831 0.08374745496009121 0.9039173090079818 0.12503681527936145 0.8976895324971494 0.12195240022805016 0.8325531391106042 0.08089135689851767 0.8413775108323831
0 0.0757402976054732 0.6181400250855188 0.07441303876852907 0.662732117445838 0.14221665222348917 0.6607237799315849 0.1426669874572406 0.6162084093500569 0.0757402976054732 0.6181400250855188
0 0.17950717559863172 0.08581278335233752 0.18043356670467503 0.12628285062713798 0.22404225541619158 0.13162443671607754 0.22366685860889396 0.08423852451539338 0.2210236180159635 0.08218056556442417 0.17950717559863172 0.08581278335233752