0 0.5044983603192702 0 0.49448856556442417 0.015013890535917902 0.6364474230330673 0.10444910490307868 0.6915547685290764 0.02787612770809578 0.538160582668187 0 0.5044983603192702 0
0 0.27226280501710376 0.2748440250855188 0.044145117445838086 0.2366866750285063 0.03144752907639681 0.3079791721778791 0.2633718289623717 0.3365036419612315 0.27226280501710376 0.2748440250855188
0 0.25878104446978334 0.36807794868871146 0.23406133295324974 0.3679116795895097 0.22470875256556444 0.40010702622576966 0.2506302212086659 0.4020535302166477 0.25878104446978334 0.36807794868871146
0 0.3291764070695553 0.3879456567844926 0.26839037742303307 0.38231428620296465 0.2550574857468643 0.4210607194982896 0.3315026510832383 0.4316874914481186 0.3291764070695553 0.3879456567844926
0 0.41498232953249714 0.4479142976054732 0.34856586545039914 0.4473727172177879 0.33694500114025083 0.48725600114025086 0.4175980467502851 0.4901669190421893 0.41498232953249714 0.4479142976054732
0 0.4816989737742303 0.5026268768529076 0.42782907069555304 0.509161701254276 0.42809846522234896 0.5455838757126568 0.4812908221208666 0.5365596830102622 0.4816989737742303 0.5026268768529076
0 0.5558262884834664 0.5510479099201825 0.4920584811858609 0.5448369418472064 0.48638155074116307 0.5839866909920183 0.5497449578107183 0.5823336431014824 0.5558262884834664 0.5510479099201825
0 0.6314437137970353 0.5997597525655644 0.5802658985176739 0.6083645028506272 0.5789839019384265 0.6348606830102623 0.6307033443557583 0.6274449042189282 0.6314437137970353 0.5997597525655644
0 0.8987072690992018 0.7290134857468643 0.9624347742303306 0.7414008574686431 0.9647546966932725 0.7195154549600912 0.8971309828962372 0.713246494868871 0.8987072690992018 0.7290134857468643
0 0.8685281356898518 0.7648902748004561 0.9553900535917902 0.7776428015963512 0.960986755986317 0.7488502679589509 0.8794133557582667 0.7407237217787913 0.8685281356898518 0.7648902748004561
0 0.6329299110604333 0.11458836488027366 0.4856303112884835 0.02875261117445838 0.4033336978335234 0.16561664766248574 0.542852779931585 0.2516839064994299 0.6329299110604333 0.11458836488027366