0 0.2449278061573546 0.723160841505131 0.21071640136830103 0.7088563397947548 0.1938157685290764 0.7785090935005702 0.22804352337514253 0.7875706533637401 0.2449278061573546 0.723160841505131
0 0.5360902462941847 0.059292046750285064 0.524378858608894 0.11531576168757127 0.5538816488027366 0.12522610718358038 0.5644253637400228 0.06696387571265679 0.5360902462941847 0.059292046750285064
0 0.5744899122006841 0.03698160775370582 0.5575217993158494 0.12509899087799317 0.5897541334093501 0.13491401824401367 0.6071226978335234 0.0495178015963512 0.5744899122006841 0.03698160775370582
0 0.6232358802736602 0 0.5923894184720638 0.13208684036488028 0.6254687605473205 0.1400488551881414 0.654560511972634 0.007745683010262257 0.6243914059293044 0 0.6232358802736602 0
0 0.656348787913341 0.00677151881413911 0.6272252371721779 0.13816408323831242 0.661214047890536 0.14609433979475486 0.6891820855188141 0.017021418472063857 0.656348787913341 0.00677151881413911
0 0.6938834903078678 0.011842797035347775 0.6843621995438997 0.05229084150513113 0.7175051402508552 0.06207406955530216 0.7269433557582667 0.021400997719498292 0.6938834903078678 0.011842797035347775
0 0.683833181299886 0.06324992018244013 0.6752860957810718 0.10548737970353478 0.7073912337514253 0.11165998061573547 0.7173494720638541 0.07302011174458381 0.683833181299886 0.06324992018244013
0 0.6761637651083239 0.10454501368301025 0.6657966031927024 0.1468460307867731 0.6969604743443557 0.15213978335233752 0.7075965906499431 0.12008619270239453 0.6761637651083239 0.10454501368301025
0 0.7315124503990879 0.019645937286202963 0.7033937662485747 0.15373856214367163 0.7364413090079818 0.16078997149372862 0.7637651117445838 0.03151161801596351 0.7315124503990879 0.019645937286202963
0 0.7692050114025086 0.029270288483466363 0.7644443648802736 0.049494310148232606 0.7966460387685291 0.05839869099201824 0.8027441368301027 0.03812796465222349 0.7692050114025086 0.029270288483466363
0 0.7620964116305587 0.060516908779931586 0.7391708529076397 0.16069465336374003 0.7741338688711517 0.17041432383124286 0.796008543899658 0.07369221664766248 0.7620964116305587 0.060516908779931586