0 0.2854237525655644 0.8839717776510833 0.2986304823261117 0.8013462394526796 0.2354783717217788 0.7920607662485747 0.22094839224629417 0.8729913124287343 0.2854237525655644 0.8839717776510833
0 0.4227491037628278 0.6756656784492588 0.4076632770809578 0.7611232314709236 0.4696785062713797 0.7672052269099202 0.48703922919042186 0.6881547696693273 0.4227491037628278 0.6756656784492588
0 0.5046341904218928 0.37155720182440133 0.4913535450399088 0.43288154732041045 0.5088369726339794 0.43456871607753705 0.5243182303306727 0.3758121995438996 0.5046341904218928 0.37155720182440133
0 0.5148378779931585 0.4380626887115165 0.5374774367160775 0.4408424766248575 0.5510186157354618 0.3827667993158495 0.5276040638540479 0.37897280273660205 0.5148378779931585 0.4380626887115165
0 0.7704957229190421 0.7047306202964653 0.7609354161915621 0.7635248494868871 0.7987651562143671 0.7587494834663626 0.8090546556442417 0.7048698061573547 0.7704957229190421 0.7047306202964653
0 0.7519000136830102 0.706123558722919 0.7777344059293044 0.7056194184720638 0.7814981151653363 0.6674813956670467 0.7609098050171038 0.6631153660205246 0.7519000136830102 0.706123558722919
0 0.8125009042189282 0.6768023660205245 0.7877579064994299 0.6760619361459522 0.7849570421892816 0.6991538369441277 0.8083715929304447 0.7029478335233751 0.8125009042189282 0.6768023660205245
0 0.7312261322690992 0.6355753397947549 0.7255717445838085 0.6959979703534778 0.7502397890535918 0.6976482485746865 0.7577993010262257 0.6360809612314708 0.7312261322690992 0.6355753397947549
0 0.45791625769669325 0.36306380729760546 0.4407835062713797 0.4427557229190422 0.4842156054732041 0.44808851425313573 0.4984109464082098 0.36987403192702395 0.45791625769669325 0.36306380729760546
0 0.8015381493728619 0.8794856647662486 0.7846077012542759 0.9824084618015964 0.8381706385404789 0.9850791961231471 0.8595587844925883 0.8856906522234892 0.8015381493728619 0.8794856647662486
0 0.9173775051311288 1 0.9260536442417332 0.942564905359179 0.8628263352337515 0.9338825165336373 0.8503544903078678 1 0.9173775051311288 1
0 0.86292896009122 0.4991839224629418 0.8438469190421893 0.5841508015963512 0.8873074675028506 0.5848918301026226 0.9052344503990878 0.5062164857468643 0.86292896009122 0.4991839224629418
0 0.922751425313569 0.6627678928164196 0.9111990649942987 0.7279806499429875 0.9680207890535918 0.7354170068415052 0.9805485895096921 0.6707835438996579 0.922751425313569 0.6627678928164196