0 0.41150961915621437 0 0.4487739350057013 0.08472382668187001 0.6062252782212088 0.02675789167616876 0.5971319737742303 0.003897532497149373 0.4658193911060433 0 0.41150961915621437 0
0 1 0.3371903055872292 0.769573149372862 0.32711344811858606 0.7654500820980615 0.3892741938426454 0.998236850627138 0.4095928244013683 1 0.3564768996579248 1 0.3371903055872292
0 0.7642846670467502 0.4560407879133409 0.7900443899657924 0.4595261961231471 0.7875899749144812 0.42608988483466365 0.7633758791334093 0.4211130022805017 0.7642846670467502 0.4560407879133409
0 0.6790182462941847 0.4682128529076397 0.7560023318129989 0.47371214481185864 0.7510166328392246 0.4330403500570125 0.6903880957810719 0.4259105347776511 0.6790182462941847 0.4682128529076397
0 0.5826456852907639 0.507514125427594 0.6621414811858609 0.5214355290763968 0.6590667616875712 0.4800076761687571 0.5939890570125428 0.46672866248574685 0.5826456852907639 0.507514125427594
0 0.5106991516533638 0.5396506237172178 0.5608528928164196 0.5595369281641961 0.5686889965792474 0.5239666761687571 0.5173549464082098 0.5063744709236032 0.5106991516533638 0.5396506237172178
0 0.4342239623717218 0.570191897377423 0.4958590387685291 0.5849828152793615 0.49844585404789055 0.5455082816419612 0.43478019270239454 0.5383254526795895 0.4342239623717218 0.570191897377423
0 0.34565555188141395 0.5974851744583809 0.39470297377423036 0.615491976054732 0.3989578574686431 0.589308259977195 0.3506874275940707 0.5702510775370582 0.34565555188141395 0.5974851744583809
0 0 0.6400240524515394 0.06239086088939567 0.6411130889395666 0.06721084264538198 0.6260183728620297 0 0.6181186168757126 0 0.6400240524515394
0 0 0.6770964310148233 0.08445130330672748 0.6824804789053592 0.0788284606613455 0.656578858608894 0 0.6478610433295324 0 0.6770964310148233
0 0.9870615632839225 1 0.9697139372862029 0.955973236031927 0.8657371482326112 1 0.9870615632839225 1
0 0.5097114743443557 0.24820061459521095 0.6640761197263398 0.19302177993158495 0.6120335176738882 0.042038124287343215 0.4501065108323831 0.09537285176738883 0.5097114743443557 0.24820061459521095