0 0.3448149543899658 0.2297285575826682 0.23234696351197262 0.2329023204104903 0.2323546738882554 0.25567669327251996 0.34542662143671604 0.24713517787913342 0.3448149543899658 0.2297285575826682
0 0.21353271835803878 0.14561216191562143 0.17210038540478906 0.14639093272519954 0.1712240307867731 0.18834648460661346 0.21528455758266818 0.18594435689851768 0.21353271835803878 0.14561216191562143
0 0.36159581071835806 0.238212842645382 0.24571851767388825 0.31956499315849485 0.2578250228050171 0.3360494275940707 0.3723445062713797 0.2544994561003421 0.36159581071835806 0.238212842645382
0 0.3577802827822121 0.2927774344355758 0.2880436488027366 0.31909554846066135 0.2896106419612315 0.3391865222348917 0.3635975324971494 0.3142023489167617 0.3577802827822121 0.2927774344355758
0 1 0.3523037582668187 0.9429162177879135 0.3464881185860889 0.944036701254276 0.35661832269099203 0.9241443557582668 0.3533996009122007 0.9253480809578107 0.37541633295324967 1 0.38487573432155076 1 0.3523037582668187
0 1 0.3996206442417332 0.9492816031927024 0.39276665678449263 0.9456810444697833 0.4115647058152794 0.9282006351197264 0.41308449828962374 0.9293846704675028 0.42230586088939565 1 0.42984436944127713 1 0.3996206442417332
0 0.9955148768529076 0.44429284036488026 0.9370002212086659 0.43762926795895096 0.9379076818700114 0.470421251995439 0.9923792132269099 0.4760579851767389 0.9955148768529076 0.44429284036488026
0 0.9283204321550741 0.6598330330672748 0.8896365370581527 0.6507304230330673 0.8804686328392246 0.6902990342075256 0.9240204218928164 0.6951721847206386 0.9283204321550741 0.6598330330672748
0 0.9942481995438998 0.5833688050171038 0.9621894287343216 0.5808687115165336 0.9604724811858609 0.6054222098061574 0.9922948586088939 0.6113028734321551 0.9942481995438998 0.5833688050171038
0 0.9906449897377423 0.618550936145952 0.9589901334093501 0.613543834663626 0.9559619657924744 0.6306947901938427 0.9906414629418472 0.6349475302166476 0.9906449897377423 0.618550936145952
0 0.9679582497149374 0.6552939258836944 0.98802017331813 0.6560875541619156 0.990323542759407 0.6394940114025085 0.9709864971493729 0.6381418335233752 0.9679582497149374 0.6552939258836944
0 0.9702672554161916 0.6353505404789053 0.948582393386545 0.6316121265678449 0.9496951242873432 0.6549301288483467 0.9669847183580388 0.6561391345496009 0.9702672554161916 0.6353505404789053
0 0.863021449258837 0.5867282041049031 0.8197375507411632 0.5780240433295325 0.8103609019384265 0.6598086374002281 0.8519019179019384 0.6672833226909921 0.863021449258837 0.5867282041049031
0 0.6375769475484607 0.5938094344355759 0.7309033865450398 0.6061032109464082 0.7341906054732041 0.5329399258836944 0.6442934595210946 0.5239127069555303 0.6375769475484607 0.5938094344355759
0 0.3674531778791334 0.8471663854047891 0.44889535005701253 0.8557841185860888 0.448635984036488 0.8340585997719498 0.3695126647662486 0.8249720615735462 0.3674531778791334 0.8471663854047891