0 0.9352934823261118 0.6560755336374002 0.8903280877993158 0.6192831573546179 0.8088409007981756 0.7847928358038769 0.8578213375142532 0.8147544960091221 0.9352934823261118 0.6560755336374002
0 0.9829132246294184 0.6778775974914482 0.9488781071835805 0.6575033352337514 0.8769220399087799 0.8194338711516533 0.9234030513112885 0.8445519270239453 0.9829132246294184 0.6778775974914482
0 0.9606540592930445 0.8648816887115166 0.9719603568985177 0.7820871824401368 0.936582047890536 0.847082322690992 0.9606540592930445 0.8648816887115166
0 0.7001737331812999 0.8313966134549601 0.7071582109464082 0.764943748004561 0.6617978757126568 0.7464334743443558 0.6498086009122007 0.8169412189281642 0.7001737331812999 0.8313966134549601
0 0.6221562531356899 0.7315785792474345 0.6089757183580388 0.7989067993158495 0.6300290513112885 0.8163888893956671 0.6502483101482327 0.7375854914481186 0.6221562531356899 0.7315785792474345
0 0.2997642018244014 0.37244967388825545 0.25512964310148234 0.4777000718358039 0.5230053033067275 0.6005273215507412 0.5584012668187002 0.4855254618015964 0.2997642018244014 0.37244967388825545
0 0.41593473774230333 0.7190656305587229 0.5815996545039909 0.7914485553021664 0.5869710957810718 0.7904865302166477 0.6012628711516534 0.7125855689851768 0.4438098859749145 0.6425934846066135 0.41593473774230333 0.7190656305587229
0 0.6083488266818701 0.8919855632839224 0.6306899156214367 0.8328740171037629 0.6316190957810718 0.8302987194982896 0.596347361459521 0.8174297046750285 0.5753806066134549 0.8717245803876853 0.6083488266818701 0.8919855632839224
0 0.5419298551881414 0.7979674846066135 0.5179444196123147 0.8519450843785633 0.560446023945268 0.8686271619156214 0.5850806214367161 0.8128098449258837 0.5419298551881414 0.7979674846066135
0 0.4985556362599772 0.7750850570125427 0.4698829179019384 0.8300965895096921 0.5042022291904219 0.8520273078677308 0.5377825678449258 0.7906602326111745 0.4985556362599772 0.7750850570125427
0 0.4503341858608894 0.7547474823261118 0.4201526944127708 0.8096004367160775 0.46217808665906496 0.8308133660205246 0.4861127867730901 0.773777259977195 0.4503341858608894 0.7547474823261118
0 0.39042348004561 0.5988073888255416 0.32418838996579247 0.7643935416191563 0.41459154618015964 0.8044350330672747 0.4386162725199544 0.7535158802736602 0.39042348004561 0.5988073888255416
0 0.24242532041049034 0.5404974401368301 0.16594179817559862 0.7019521208665908 0.3242557628278221 0.7701267514253136 0.393124645381984 0.6021456111744583 0.24242532041049034 0.5404974401368301
0 0.05601283010262258 0.8476754196123147 0.03719100912200684 0.896087102622577 0.05816295096921322 0.8998190752565565 0.08093805929304448 0.8514403922462942 0.05601283010262258 0.8476754196123147