0 0.7866340547320411 0.7729434446978335 0.8203406556442417 0.7621029623717217 0.7998178415051311 0.6934301755986317 0.7664019623717218 0.7095055598631699 0.7866340547320411 0.7729434446978335
0 0.41299956898517676 0.0709290992018244 0.42657804332953253 0.128559669327252 0.45552173432155074 0.11711884948688711 0.4408943420752565 0.06178483922462942 0.41299956898517676 0.0709290992018244
0 0.36944769327252 0.05574154047890536 0.391261748004561 0.14011172405929304 0.42293623033067274 0.12862323717217788 0.4013796624857469 0.0415146590649943 0.36944769327252 0.05574154047890536
0 0.31988870809578107 0.016509372862029647 0.35586480273660204 0.14710868415051312 0.3884821117445838 0.13742634207525656 0.3506851094640821 0.0068588141391106045 0.31988870809578107 0.016509372862029647
0 0.28580003534777654 0.027584348916761686 0.32048489851767387 0.1550166465222349 0.3540120923603193 0.1453184218928164 0.3180518985176739 0.01563013454960091 0.28580003534777654 0.027584348916761686
0 0.2483197251995439 0.0339341984036488 0.25987367046750287 0.07405757126567845 0.2924591755986317 0.06255318358038768 0.28083404675028506 0.022658876852907642 0.2483197251995439 0.0339341984036488
0 0.2606019977194983 0.08498046522234891 0.272568842645382 0.1230462063854048 0.30430693272519954 0.11520181071835804 0.2935610228050171 0.07346955644241733 0.2606019977194983 0.08498046522234891
0 0.2728047605473204 0.13147161687571265 0.28510385632839225 0.16292462827822118 0.31594796465222347 0.1560071402508552 0.3033811470923603 0.114306669327252 0.2728047605473204 0.13147161687571265
0 0.21207758152793615 0.04595806499429874 0.24612984378563285 0.17362922919042187 0.27876305473204105 0.1648579087799316 0.24366503990877994 0.032420670467502855 0.21207758152793615 0.04595806499429874
0 0.17349824857468643 0.054605348916761685 0.1806488779931585 0.07452914481185861 0.21234040136830104 0.06395166134549601 0.20652783580387685 0.044004509692132265 0.17349824857468643 0.054605348916761685
0 0.18208589965792474 0.08976834663625997 0.20899263968072976 0.18521306727480047 0.24339905245153934 0.17367689509692133 0.2152620148232611 0.07483627137970354 0.18208589965792474 0.08976834663625997