0 0.707493881413911 0.28838753135689854 0.8157463797035348 0.3221457822120867 0.8208770114025086 0.2999568494868871 0.7120055085518814 0.2715646362599772 0.707493881413911 0.28838753135689854
0 0.8480653523375143 0.2580406214367161 0.8904562485746864 0.27029264424173316 0.8990403010262258 0.2292152748004561 0.8588450615735462 0.21913621664766247 0.8480653523375143 0.2580406214367161
0 0.6796092976054732 0.2895078574686431 0.7728489019384265 0.39472898631698977 0.7883533090079817 0.38139041847206384 0.6937461961231471 0.276056598631699 0.6796092976054732 0.2895078574686431
0 0.674701858608894 0.3496482086659065 0.7411722531356898 0.39063546978335234 0.7472185712656785 0.37141192246294186 0.6851895689851767 0.33008101140250856 0.674701858608894 0.3496482086659065
0 0.10296835575826681 0.25078814823261114 0.04592202622576967 0.24359888597491447 0.038586106043329536 0.2753380661345496 0.11357879019384265 0.282926905359179 0.1197043511972634 0.2617452394526796 0.09959779019384264 0.260406661345496 0.10296835575826681 0.25078814823261114
0 0.10232585290763968 0.3189879532497149 0.08563534435575827 0.31357487571265674 0.08635570923603193 0.2944486704675029 0.0321994937286203 0.2894211459521095 0.024790527936145952 0.31870590992018244 0.09909780843785633 0.3277066225769669 0.10232585290763968 0.3189879532497149
0 0.02562621550741163 0.3659103945267959 0.07996963511972634 0.37267155872291907 0.0882304275940707 0.34092416533637404 0.02971652109464082 0.33425401710376285 0.02562621550741163 0.3659103945267959
0 0.04294300570125427 0.5947860935005701 0.08647478563283922 0.5998348620296465 0.08644285518814139 0.559218062713797 0.04670278335233751 0.5593853899657925 0.04294300570125427 0.5947860935005701
0 0 0.4979162839224629 0.027614561003420753 0.4991364754846066 0.03146495438996579 0.4748260524515393 0 0.4701006579247434 0 0.4979162839224629
0 0 0.5220051037628278 0.026324378563283925 0.5247759657924743 0.027231948688711514 0.5073833990877993 0 0.5054736442417331 0 0.5220051037628278
0 0 0.5443205210946408 0.009101957810718358 0.5460460501710376 0.01000970581527936 0.5286523580387685 0 0.527066976054732 0 0.5443205210946408
0 0.009860407069555302 0.5470885940706955 0.026978835803876854 0.5497998871151654 0.033308457240592934 0.5273298335233751 0.011338417331812999 0.5260944002280502 0.009860407069555302 0.5470885940706955
0 0.1194867457240593 0.5838351550741162 0.16164450627137972 0.5858967400228051 0.17090571151653364 0.5040989931584948 0.126773165336374 0.5028433078677309 0.1194867457240593 0.5838351550741162
0 0.35402558380843785 0.4908408597491448 0.26440181299885973 0.4794142542759407 0.2511466237172178 0.5514418312428734 0.3448466088939567 0.5604570250855188 0.35402558380843785 0.4908408597491448
0 0.5540401459521095 0.8459963124287343 0.4749007251995439 0.8370510889395667 0.4697608278221209 0.8581614389965793 0.5510542109464082 0.8680850809578107 0.5540401459521095 0.8459963124287343