0 0.3077729030786773 0.7255710330672748 0.19742924629418473 0.6994463272519955 0.1938589338654504 0.7219391037628278 0.30444577194982897 0.7426676624857468 0.3077729030786773 0.7255710330672748
0 0.1696607502850627 0.7656497890535918 0.12651845838084377 0.7563846510832383 0.12082072862029647 0.7979607525655645 0.16162113340935005 0.8052113797035348 0.1696607502850627 0.7656497890535918
0 0.33551141163055875 0.7225083055872291 0.235159078677309 0.6240475564424174 0.22062289167616875 0.638435165336374 0.3223472622576967 0.736912937286203 0.33551141163055875 0.7225083055872291
0 0.3362117172177879 0.662172126567845 0.26704411402508554 0.6259214503990879 0.2623534914481186 0.6455199384264538 0.32711449258836944 0.6824232462941847 0.3362117172177879 0.662172126567845
0 0.9134486351197264 0.7209092565564424 0.9708575005701254 0.7241016556442417 0.9759615381984037 0.691928062713797 0.9006221607753706 0.6895889338654504 0.8959890798175598 0.7111462998859749 0.9161400364880273 0.711079054732041 0.9134486351197264 0.7209092565564424
0 0.9093321949828962 0.6528307651083239 0.9263596431014823 0.6570663842645381 0.9269752098061573 0.6761962497149372 0.9813502063854048 0.6774337810718358 0.9866983215507412 0.6477035290763967 0.9119441915621436 0.6439081562143671 0.9093321949828962 0.6528307651083239
0 0.9825718517673888 0.6006723272519954 0.9278891755986317 0.5977184389965793 0.9218630912200684 0.6299647411630558 0.9806997468643102 0.6325369167616876 0.9825718517673888 0.6006723272519954
0 0.9493316830102623 0.3735621163055872 0.9055537594070696 0.3715622702394527 0.908418897377423 0.4120779019384264 0.9480504914481186 0.40913885518814136 0.9493316830102623 0.3735621163055872
0 1 0.4671728791334094 0.9712949680729761 0.46790947890535917 0.969149763968073 0.4924292725199544 1 0.4948793614595211 1 0.4671728791334094
0 1 0.4432668175598632 0.9707934868871152 0.4422424458380844 0.9711013728620296 0.45965595438996576 1 0.45966177423033067 1 0.4432668175598632
0 1 0.42141810832383125 0.9864902291904218 0.4198227993158495 0.9867980148232611 0.4372374424173318 1 0.43839246636259976 1 0.42141810832383125
0 0.9856609030786774 0.41883570125427594 0.9683950433295325 0.4173251345496009 0.9636482725199544 0.44018198403648806 0.9856509737742303 0.4398818563283922 0.9856609030786774 0.41883570125427594
0 0.8737382987457241 0.3898258004561003 0.8315394230330673 0.3907100136830103 0.8280067001140251 0.4729545347776511 0.8721193329532497 0.47112862941847206 0.8737382987457241 0.3898258004561003
0 0.6462577388825542 0.49895416875712656 0.7364602702394527 0.5041011014823261 0.7446587822120866 0.4313243443557583 0.6505581767388826 0.42886729190421896 0.6462577388825542 0.49895416875712656
0 0.4219560102622577 0.15861616761687572 0.501526638540479 0.16201911402508554 0.505181432155074 0.1406016465222349 0.4233938369441277 0.13637291790193842 0.4219560102622577 0.15861616761687572