0 0.09462362371721778 0.4722315701254276 0.16591630216647663 0.47792362143671613 0.16782004675028506 0.40004951197263394 0.09276274230330672 0.4000551641961232 0.09462362371721778 0.4722315701254276
0 0.4863849475484607 0.013642531356898517 0.41509113797035346 0.007950342075256557 0.4030642725199544 0.07471662257696693 0.47974639224629423 0.0801812314709236 0.4863849475484607 0.013642531356898517
0 0.7883425610034208 0.0369405393386545 0.7261027639680729 0.032360042189281644 0.7274325381984037 0.08390861687571266 0.7788434264538199 0.0893514275940707 0.7883425610034208 0.0369405393386545
0 0.8893797548460661 0.18711785860889396 0.9022666111744584 0.1320601915621437 0.8467961915621437 0.1253699064994299 0.8401382531356898 0.17647880387685289 0.8893797548460661 0.18711785860889396
0 0.6516852337514254 0.56359148004561 0.5013681220068414 0.5527894070695553 0.5067526704675028 0.602499157354618 0.6432982291904219 0.6069541539338655 0.6516852337514254 0.56359148004561
0 0.5639864766248575 0.641609511972634 0.5637183660205245 0.6063677423033067 0.5035710478905359 0.6096987172177879 0.4987567229190422 0.6489082508551881 0.5639864766248575 0.641609511972634
0 0.48642557468643105 0.6994400433295325 0.5573204868871151 0.6958996362599772 0.561978141391106 0.6704474424173318 0.4988781322690992 0.6666321254275941 0.48642557468643105 0.6994400433295325
0 0.8636675051311289 0.658504811858609 0.9093079019384265 0.6610471584948688 0.9549673683010262 0.5885834868871151 0.8751337331812999 0.5807169007981756 0.8636675051311289 0.658504811858609
0 0.9464033523375142 0.720710511972634 0.976761196123147 0.7198461767388826 0.9837096077537059 0.6476588928164196 0.949254574686431 0.6475824583808437 0.9464033523375142 0.720710511972634
0 0.31738914823261116 0.666439771949829 0.31617606727480047 0.713744881413911 0.41044794754846065 0.7069504789053592 0.42037200342075254 0.6760228871151653 0.31738914823261116 0.666439771949829
0 0.4693918962371722 0.5886627297605473 0.43413003306727477 0.5889260763968073 0.4304095849486887 0.6161016841505131 0.46849442075256553 0.6084534378563283 0.4693918962371722 0.5886627297605473
0 0.3769728107183581 0.5803766830102622 0.35208848916761687 0.5834444503990878 0.346951685290764 0.6096833397947548 0.3683721448118586 0.612998134549601 0.3769728107183581 0.5803766830102622
0 0.30679921664766246 0.6528931356898517 0.3388585940706956 0.6537679429874572 0.34200649144811857 0.6281303740022804 0.30976187799315846 0.6287641915621437 0.30679921664766246 0.6528931356898517
0 0.4491175940706955 0.6290356066134549 0.44932723261117447 0.6490509236031927 0.46783676966932725 0.6512349361459522 0.4717526259977195 0.6318148392246294 0.4491175940706955 0.6290356066134549
0 0.42488497377423035 0.6766930410490307 0.46148539338654504 0.6780093876852907 0.4702985895096921 0.6561290193842646 0.4320183454960091 0.6560217548460662 0.4254545781071836 0.6720539908779931 0.42488497377423035 0.6766930410490307
0 0.3888124743443558 0.6461237822120867 0.3518557582668187 0.6477092462941848 0.34754899201824396 0.6671973762827823 0.38905329076396805 0.6691158437856329 0.3888124743443558 0.6461237822120867