0 0.8789380661345495 0.3859061185860889 0.8853742542759406 0.3246698779931585 0.8394808996579247 0.318986393386545 0.8319353078677308 0.3752332702394527 0.8789380661345495 0.3859061185860889
0 0.7538535051311288 0.3223118072976055 0.7471789395667047 0.3858160558722919 0.8261402474344356 0.40500727480045606 0.8247736704675028 0.3343519441277081 0.7538535051311288 0.3223118072976055
0 0.7907401470923603 0.6036494150513113 0.7999801368301026 0.5484405256556443 0.776923558722919 0.546017181299886 0.7706992405929305 0.5981034355758267 0.7907401470923603 0.6036494150513113
0 0.7797123261117447 0.6758683717217788 0.7873426921322692 0.6250764298745725 0.7641022166476625 0.613461503990878 0.7575839064994299 0.6792752394526795 0.7797123261117447 0.6758683717217788
0 0.683342511972634 0.8732617297605474 0.7018826647662486 0.7731690592930445 0.6807930410490307 0.7652197913340935 0.6644333432155074 0.8678347001140251 0.683342511972634 0.8732617297605474
0 0.6446262337514254 0.8164520273660205 0.6631778380843785 0.8252810695553021 0.6748250478905359 0.7674588597491449 0.6581615963511973 0.7639876624857469 0.6446262337514254 0.8164520273660205
0 0.604809732041049 0.4648680467502851 0.603799496009122 0.5071835381984037 0.6330062884834664 0.5108265621436716 0.6341565142531357 0.46909904903078675 0.604809732041049 0.4648680467502851
0 0.39651251995439 0.33176155530216644 0.40290000798175596 0.39090602280501713 0.45187992816419614 0.39605401938426454 0.4587829007981756 0.3279876510832383 0.39651251995439 0.33176155530216644
0 0.447212417331813 0.3290646077537058 0.44780378107183577 0.27982589965792476 0.4002031641961232 0.27138327822120867 0.39281422462941845 0.3233471265678449 0.447212417331813 0.3290646077537058
0 0.05786215849486887 0.7917562850627138 0.07705498061573546 0.6527501356898517 0.043055968072976056 0.6422975051311288 0.026963632839224632 0.7804829965792475 0.05786215849486887 0.7917562850627138
0 0 0.791359638540479 0.021656868871151654 0.798269740022805 0.026604911060433296 0.7621007867730901 0 0.755029094640821 0 0.791359638540479