0 0.8093319144811859 0.7469230091220068 0.841965441277081 0.7331860535917902 0.8155354948688712 0.6665632679589509 0.783647834663626 0.6854898677309008 0.8093319144811859 0.7469230091220068
0 0.3759346385404789 0.08014443101482326 0.3944842782212087 0.13637225769669328 0.4223206966932725 0.1224523637400228 0.40292628848346634 0.06860377765108323 0.3759346385404789 0.08014443101482326
0 0.3312248084378563 0.06881046180159635 0.36030919954389967 0.15095837058152795 0.39086186316989735 0.13675298859749146 0.3617953124287343 0.05185466248574687 0.3312248084378563 0.06881046180159635
0 0.27843510034207525 0.0340469338654504 0.3256567753705816 0.16101375142531357 0.35730609464082097 0.14852546864310148 0.30827321094640825 0.02174901596351197 0.27843510034207525 0.0340469338654504
0 0.2454413945267959 0.048050790193842646 0.2911007274800456 0.17197518472063855 0.3236550843785633 0.1593917765108324 0.2765286499429875 0.0333311299885975 0.2454413945267959 0.048050790193842646
0 0.20865713340935008 0.05764310034207526 0.223664094640821 0.09660679931584949 0.25512292930444697 0.08230617559863171 0.24006501938426456 0.04357687571265679 0.20865713340935008 0.05764310034207526
0 0.2253416431014823 0.10742464994298745 0.24058059977194982 0.1443025598631699 0.27151423261117447 0.13372185860889396 0.257172007981756 0.09308497605473205 0.2253416431014823 0.10742464994298745
0 0.2415499418472064 0.15267534891676168 0.25654354732041046 0.18293673546180161 0.2866673842645382 0.1733573283922463 0.2705139521094641 0.1329108118586089 0.2415499418472064 0.15267534891676168
0 0.17360085062713798 0.0727799236031927 0.2186508095781072 0.19699741049030786 0.2503953694412771 0.18541529646522237 0.20388824743443557 0.05654101482326111 0.17360085062713798 0.0727799236031927
0 0.13592198403648803 0.0847567126567845 0.14478187685290764 0.10398147434435577 0.17543091562143673 0.09068214367160775 0.16790196009122008 0.07131749486887115 0.13592198403648803 0.0847567126567845
0 0.14754161459521092 0.11903744127708096 0.18266452223489169 0.21177388939566702 0.21593456442417333 0.19728289965792473 0.17929006841505132 0.10127069783352338 0.14754161459521092 0.11903744127708096