0 0.07050829076396807 0.32027636944127713 0.0014977229190421893 0.3249681630558723 0.005218722919042189 0.38797132269099205 0.07946345267958951 0.38081485632839224 0.07050829076396807 0.32027636944127713
0 0.10970492246294185 0.6155535233751425 0.10072325769669328 0.5542560923603193 0.029519044469783352 0.5590244903078677 0.03795042873432155 0.628708834663626 0.10970492246294185 0.6155535233751425
0 0.15220349714937287 0.7441372713797035 0.1421433945267959 0.6737499338654503 0.07921338654503991 0.6751876271379703 0.08858740820980616 0.7509225781071837 0.15220349714937287 0.7441372713797035
0 0.1180686465222349 0.0714113432155074 0.12209756328392246 0.12147226909920184 0.20545304446978335 0.11399764766248575 0.2025329384264538 0.06808070923603192 0.1180686465222349 0.0714113432155074
0 0.4050513044469783 0.27892927594070693 0.3963614891676168 0.22598935005701254 0.3573283603192703 0.22621147206385406 0.3694214652223489 0.28169551995438996 0.4050513044469783 0.27892927594070693
0 0.42872860547320407 0.4127340615735462 0.4234367115165336 0.34826601938426455 0.33479284264538195 0.35668518472063854 0.3460259771949829 0.41714412314709237 0.42872860547320407 0.4127340615735462
0 0.4122350889395667 0.5281656282782212 0.4026259749144812 0.47069288027366024 0.349906937286203 0.47652718015963513 0.3592487810718358 0.5345797343215508 0.4122350889395667 0.5281656282782212
0 0.48078157126567844 0.46454078905359175 0.48769866476624857 0.5319961220068415 0.5305590387685291 0.5310698779931585 0.5263618745724059 0.46371010034207527 0.48078157126567844 0.46454078905359175
0 0.5231837662485747 0.1550046818700114 0.4829448950969213 0.15640985404789054 0.4940751094640821 0.22143616989737744 0.5344964891676168 0.21774273204104902 0.5231837662485747 0.1550046818700114
0 0.7005015541619156 0.20433902166476625 0.6912915210946408 0.15826179703534776 0.6271989167616876 0.16734563511972633 0.6330100159635119 0.20897776966932727 0.7005015541619156 0.20433902166476625
0 0.6279059635119727 0.04105702622576967 0.6356246111744583 0.08794620182440135 0.6680959338654504 0.08605126795895096 0.6612589703534778 0.03837029190421892 0.6279059635119727 0.04105702622576967
0 0.8379644310148233 0.17900168643101483 0.8367602086659065 0.12275745496009122 0.7968058939566705 0.12339167958950968 0.8059181915621437 0.1755569817559863 0.8379644310148233 0.17900168643101483
0 0.7275308244013683 0.4559241151653363 0.721234370581528 0.42800142075256553 0.66788834663626 0.4340470125427594 0.6757014025085519 0.47370728050171035 0.7275308244013683 0.4559241151653363
0 0.8524065473204105 0.339750661345496 0.857731874572406 0.3616237445838084 0.8773341881413912 0.36017820638540476 0.8742393740022806 0.33366458950969213 0.8524065473204105 0.339750661345496
0 0.8559314321550742 0.3753779680729761 0.8451227810718358 0.32707467616875713 0.8184454196123147 0.33466140820980617 0.8279463215507412 0.379396992018244 0.8559314321550742 0.3753779680729761