0 0.8797550148232611 0.4669682428734322 0.9710407309007981 0.46993312086659067 0.976139646522235 0.41361890877993157 0.8802140615735462 0.4061756009122007 0.8797550148232611 0.4669682428734322
0 0.9095823500570125 0.34639853363740025 0.9704656282782211 0.34989408893956675 0.972631165336374 0.2997095416191562 0.9129322234891677 0.2987296168757127 0.9095823500570125 0.34639853363740025
0 0.8554154903078678 0.3792553797035348 0.9405681607753706 0.37928922006841503 0.937156338654504 0.35807415393386544 0.8549565336374002 0.3529617787913341 0.8554154903078678 0.3792553797035348
0 0.6823016966932726 0.7409052588369441 0.7461195131128848 0.7382722690992018 0.7335340387685291 0.7141780980615736 0.6728098426453819 0.7197963192702395 0.6823016966932726 0.7409052588369441
0 0.10631452565564424 0.7585578004561003 0.06049930216647662 0.7472005826681869 0.055002643101482326 0.7807280729760547 0.10416824743443558 0.7880239201824402 0.10631452565564424 0.7585578004561003
0 0.1161510889395667 0.799415157354618 0.04764038996579248 0.7945325530216648 0.04819723603192703 0.8264341927023945 0.11829870695553023 0.8352953409350058 0.1161510889395667 0.799415157354618
0 0.19908518814139112 0.8465952394526796 0.09558635575826682 0.8408031698973774 0.09611669327251995 0.8711862269099201 0.1990327685290764 0.8871051744583808 0.19908518814139112 0.8465952394526796
0 0.19534689395667046 0.8937680091220069 0.09627579475484606 0.8803011436716077 0.09229885860889396 0.9138021071835803 0.19409523489167615 0.9309083945267959 0.19534689395667046 0.8937680091220069
0 0.6188804846066135 0.24358060775370582 0.7058180273660206 0.2587783101482326 0.7084862360319271 0.23745711630558722 0.6276828996579247 0.22519157354618016 0.6188804846066135 0.24358060775370582
0 0.7033873409350057 0.29377246978335236 0.707523378563284 0.2693864241733181 0.6145057844925883 0.2542937092360319 0.6160809977194983 0.27920273660205247 0.7033873409350057 0.29377246978335236
0 0.5264710501710376 0.002055107183580388 0.5297237708095781 0.014155256556442418 0.5997541927023945 0.01901133409350057 0.599837849486887 0.001982194982896237 0.5264710501710376 0.002055107183580388