0 0.1739672542759407 0.27869968072976053 0.09180213568985177 0.2755744606613455 0.08990176738882555 0.3409505370581528 0.1735612212086659 0.3425294868871152 0.1739672542759407 0.27869968072976053
0 0.23117525997719499 0.5071613728620297 0.3118725496009122 0.5133514446978336 0.3152926408209806 0.44794884150513115 0.22856721322690993 0.4449032223489167 0.23117525997719499 0.5071613728620297
0 0.5660243797035348 0.49964469669327255 0.6263636567844926 0.5067979657924744 0.6278377571265678 0.4867133078677309 0.5652619064994299 0.48209660889395667 0.5660243797035348 0.49964469669327255
0 0.6231927137970354 0.5342063979475484 0.6236911117445839 0.51049169327252 0.563399574686431 0.5060734697833523 0.5637976567844926 0.5288795735461801 0.6231927137970354 0.5342063979475484
0 0.28534872177879134 0.8318685621436716 0.3401360684150513 0.834559323831243 0.3349075324971494 0.7963562713797036 0.2753549475484607 0.7950715803876853 0.28534872177879134 0.8318685621436716
0 0.37332548802736604 0.8020674994298745 0.3747836875712657 0.7810719201824402 0.3309401277080958 0.7781353945267959 0.3350348141391106 0.803648205245154 0.37332548802736604 0.8020674994298745
0 0.34244266932725204 0.8099007172177879 0.34194427137970357 0.8336154218928165 0.3684099817559863 0.8340658004561005 0.3656996465222349 0.8094605518814139 0.34244266932725204 0.8099007172177879
0 0.33910189851767386 0.7753117924743443 0.40112209806157356 0.7742292257696692 0.3979245279361459 0.7478442964652224 0.33730298859749147 0.750654141391106 0.33910189851767386 0.7753117924743443
0 0.5492095245153934 0.47714453591790196 0.6286384378563284 0.48031637628278223 0.629746614595211 0.4392679783352338 0.5484458369441277 0.4333929338654504 0.5492095245153934 0.47714453591790196
0 0.06670581870011402 0.9023895610034207 0.16810377423033065 0.9097373466362599 0.1661734629418472 0.8514177970353477 0.06189604104903079 0.8489761995438997 0.06670581870011402 0.9023895610034207
0 0.05533704675028506 0.9828237126567845 0.12103731242873432 0.983500449258837 0.12083566476624857 0.9196801094640821 0.05166937628278221 0.916439755986317 0.05533704675028506 0.9828237126567845
0 0.46983711288483465 0.8953528779931584 0.5502417480045609 0.9021559042189282 0.5513180843785633 0.8592833842645382 0.4645223899657925 0.8522121516533637 0.46983711288483465 0.8953528779931584
0 0.3320099600912201 0.9962297571265678 0.39775794754846067 0.9996403990877993 0.39765177993158496 0.941290149372862 0.3314658905359179 0.938926078677309 0.3320099600912201 0.9962297571265678