0 0.3839397194982896 0.21076123603192704 0.27212455644241734 0.19825159407069556 0.26896261231470925 0.220805401368301 0.38212290079817557 0.22808358380843785 0.3839397194982896 0.21076123603192704
0 0.2656418517673888 0.10919250057012543 0.22450435233751426 0.10419742531356899 0.2177974424173318 0.14562270353477766 0.2617634857468643 0.14937599315849487 0.2656418517673888 0.10919250057012543
0 0.3993764811858609 0.2214983968072976 0.2733048677309008 0.28593183238312425 0.28299936259977193 0.3039407411630559 0.407753913340935 0.2391224401368301 0.3993764811858609 0.2214983968072976
0 0.3880041630558723 0.27500095210946407 0.3152834264538198 0.2913574754846066 0.3140390478905359 0.31147100912200687 0.39078302736602055 0.29702696465222345 0.3880041630558723 0.27500095210946407
0 1 0.4194690125427594 0.9599705119726339 0.40962410946408206 0.9596702394526796 0.4198116681870011 0.9404194446978335 0.4138557913340935 0.9385473169897377 0.4358257844925884 1 0.4525470558722919 1 0.4194690125427594
0 1 0.46762567046750286 0.9598332223489168 0.4563381584948689 0.9536515210946409 0.47445216533637397 0.936129716077537 0.4735243637400228 0.9360188631698974 0.4828207708095781 1 0.4988840148232611 1 0.46762567046750286
0 0.9984454982896237 0.5137973204104903 0.9414276932725198 0.4990549315849487 0.9377625598631699 0.5316540798175599 0.9909194971493728 0.5448169293044469 0.9984454982896237 0.5137973204104903
0 0.9019075883694412 0.7178882314709236 0.8648669999999999 0.7034904503990879 0.8502814310148232 0.7413980558722919 0.8927311653363741 0.7522850193842645 0.9019075883694412 0.7178882314709236
0 0.9778355142531356 0.6513435199543899 0.9464366841505132 0.6444060387685291 0.9413192588369441 0.6684816305587229 0.9720135131128849 0.6787338836944127 0.9778355142531356 0.6513435199543899
0 0.9693709646522235 0.6856817913340936 0.9387210250855188 0.6763179144811858 0.9333353762827822 0.6928805176738883 0.9670855085518815 0.7019183238312429 0.9693709646522235 0.6856817913340936
0 0.9417913751425314 0.7189098164196124 0.9615476054732041 0.7224878015963512 0.9661379327251995 0.7063763124287343 0.9471772611174458 0.7023460969213228 0.9417913751425314 0.7189098164196124
0 0.9468534914481185 0.6994818700114025 0.925899953249715 0.6927618893956671 0.9237566168757126 0.7160078244013682 0.9407096875712656 0.7196113112884834 0.9468534914481185 0.6994818700114025
0 0.8474183169897378 0.636406992018244 0.8057670387685291 0.6217635849486887 0.7850994275940707 0.7014472793614596 0.8251958939566705 0.7146306145952109 0.8474183169897378 0.636406992018244
0 0.6231823090079818 0.6120434982896238 0.7138895381984037 0.6372061619156214 0.7273271265678449 0.5652123899657925 0.6395612006841506 0.5437617582668187 0.6231823090079818 0.6120434982896238
0 0.3204268928164196 0.8253408335233751 0.39987711858608893 0.8452092588369441 0.4026438836944128 0.8236590752565565 0.3255551881413911 0.8036491288483467 0.3204268928164196 0.8253408335233751