0 0.23968455644241735 0.28297821550741165 0.24846110376282782 0.2469502919042189 0.17702204903078678 0.24115382554161915 0.1734264526795895 0.2763777206385405 0.23968455644241735 0.28297821550741165
0 0.9409278654503992 0.46670400228050174 0.8837618301026225 0.46390084150513117 0.8785887514253136 0.49459072291904216 0.9377830786773089 0.49589040706955534 0.9409278654503992 0.46670400228050174
0 0.9689706579247435 0.5011407833523376 0.879283748004561 0.4981661710376283 0.8746318072976055 0.5315370798175599 0.9616936966932725 0.535332897377423 0.9689706579247435 0.5011407833523376
0 1 0.5425504640820981 0.8778364264538198 0.5336976522234892 0.8751471870011402 0.567615267958951 1 0.5750356123147092 1 0.5425504640820981
0 1 0.5765560410490308 0.877283527936146 0.5690552748004561 0.8747679270239452 0.6038661927023945 1 0.6109249179019385 1 0.5765560410490308
0 1 0.6142055028506271 0.9710377183580389 0.6120552519954391 0.9665596351197264 0.646320582668187 1 0.6486966807297605 1 0.6142055028506271
0 0.9601308061573546 0.6132471242873432 0.9170763021664767 0.6114126624857468 0.9160020456100342 0.6440881402508553 0.9557240057012543 0.6478791687571266 0.9601308061573546 0.6132471242873432
0 0.9181443637400228 0.6121321071835805 0.8747423603192702 0.6085099201824401 0.8743888859749145 0.6401182371721779 0.9077117001140251 0.6456091185860889 0.9181443637400228 0.6121321071835805
0 1 0.6529889863169898 0.8738161790193842 0.6467224287343215 0.8720213591790195 0.6804661847206385 1 0.6870258711516534 1 0.6529889863169898
0 1 0.691729094640821 0.9863274298745723 0.6907139999999999 0.9825701277080958 0.7239121687571266 1 0.7262821037628278 1 0.691729094640821
0 0.9750732371721779 0.6901192668187002 0.8725424982896237 0.6831472120866591 0.8684119144811859 0.719200267958951 0.967365165336374 0.7256749578107183 0.9750732371721779 0.6901192668187002