0 0.6588219464082098 0.32544231470923607 0.5239392633979475 0.7218157115165337 0.5674757354618016 0.7412245963511973 0.7064207924743443 0.3462059156214367 0.6588219464082098 0.32544231470923607
0 0.805308015963512 0.05603948232611174 0.7524417194982896 0.04870161345496009 0.6797389521094641 0.26944774458380844 0.7246969703534778 0.2877893135689852 0.805308015963512 0.05603948232611174
0 0.8732738802736602 0.0946163409350057 0.8346196898517674 0.07736673204104903 0.777216338654504 0.22507801938426455 0.8210771311288484 0.24869093956670468 0.8732738802736602 0.0946163409350057
0 0.9251168050171038 0.17954404218928166 0.9607938916761688 0.0794119794754846 0.9190139521094641 0.06123696579247435 0.8831097571265678 0.16820802052451542 0.9251168050171038 0.17954404218928166
0 0.9711707742303307 0.055597454960091226 0.981925645381984 0.024570480045610035 0.9324894982896237 0.021979640820980615 0.9250102508551881 0.036431273660205245 0.9711707742303307 0.055597454960091226
0 1 0.046364805017103765 0.9852359156214368 0.10657446750285063 1 0.11531024971493728 1 0.046364805017103765
0 1 0.15654710262257696 0.9716715530216647 0.1458271379703535 0.8467605929304447 0.5134150068415052 0.8974735917901938 0.5328197730900798 1 0.2161847753705815 1 0.15654710262257696
0 1 0.3109329589509692 0.9427429532497149 0.48190712770809574 0.9935354994298746 0.4997940228050171 1 0.39165925769669324 1 0.3109329589509692
0 0.5563075895096922 0.8590067628278221 0.547288283922463 0.8859376567844925 0.6666831995438997 0.9302561630558723 0.6807793523375143 0.9032099692132269 0.5563075895096922 0.8590067628278221
0 0.5398554025085519 0.8535772770809578 0.5208471596351197 0.8388793101482326 0.5058393318129989 0.8639743181299886 0.5277526294184721 0.881869755986317 0.5398554025085519 0.8535772770809578
0 0.7114861459521095 0.9463059737742303 0.7283300980615736 0.915217889395667 0.6977601949828962 0.9060033033067274 0.6848112759407069 0.9327282554161916 0.7114861459521095 0.9463059737742303
0 0.46548612656784494 0.7339761413911061 0.42509854618015963 0.8369065598631699 0.4981840912200684 0.8650951641961231 0.5391979281641961 0.7500189612314709 0.46548612656784494 0.7339761413911061
0 0.9720089566704675 1 0.9743155974914481 0.9813934139110604 0.8368585895096922 0.9346074150513113 0.8248303876852908 0.9868807890535918 0.8772676989737743 1 0.9720089566704675 1
0 0.7249711448118586 0.8922055404789053 0.7467593363740023 0.8248384709236032 0.5348046088939566 0.7467434948688711 0.5159521664766249 0.8165480513112885 0.7249711448118586 0.8922055404789053