0 0.17024854389965793 0.779043944127708 0.2287922953249715 0.7660742759407069 0.21882985176738884 0.7182093295324972 0.15010691790193842 0.7323115758266819 0.17024854389965793 0.779043944127708
0 0.08848458608893957 0.2628387867730901 0.09934640820980616 0.32443924059293044 0.1454710171037628 0.3209375929304447 0.12069854275940707 0.2505426921322691 0.08848458608893957 0.2628387867730901
0 0.3903125997719498 0.8646252622576966 0.3753773101482326 0.8024196579247435 0.34337396921322694 0.8054170433295325 0.36021097491448123 0.8739032280501711 0.3903125997719498 0.8646252622576966
0 0.40094630216647664 0.9924284526795895 0.3868409600912201 0.9274308392246294 0.33552305245153935 0.9391252383124288 0.3504752896237172 0.9986821870011403 0.40094630216647664 0.9924284526795895
0 0.10349175028506272 0.44544718814139106 0.11548531698973775 0.49096945381984036 0.1523374709236032 0.48182459977194986 0.13985561687571266 0.4416820820980616 0.10349175028506272 0.44544718814139106
0 0.5685883854047891 0.7657056647662486 0.5558405484606613 0.7084068449258837 0.5256933044469784 0.7137226180159636 0.5427110273660205 0.7689451299885974 0.5685883854047891 0.7657056647662486
0 0.5338992816419612 0.29148266248574684 0.5191903078677309 0.23056056442417333 0.48178786887115166 0.23020857696693273 0.49904411402508553 0.296305157354618 0.5338992816419612 0.29148266248574684
0 0.812647070695553 0.7623681151653364 0.8043487320410491 0.7228113432155073 0.7636701550741164 0.7313074857468643 0.7735665142531356 0.7732293090079818 0.812647070695553 0.7623681151653364
0 0.810684811858609 0.7587450353477765 0.8256213854047891 0.7984547194982896 0.8649112565564424 0.789542315849487 0.85361251995439 0.7472054846066135 0.810684811858609 0.7587450353477765
0 1 0.7523163876852907 0.9931828643101482 0.7212720558722919 0.9512370262257697 0.7233757468643102 0.9651162497149374 0.7870909771949829 1 0.7831642086659065 1 0.7523163876852907
0 0.9532036088939567 0.5470371436716077 0.940380291904219 0.5043080102622577 0.8752341345496009 0.5197641151653364 0.887190550741163 0.5626461060433295 0.9532036088939567 0.5470371436716077
0 0.6593103295324971 0.026884973774230332 0.6712121014823261 0.07275340935005702 0.7119523557582668 0.05630707525655644 0.7023727571265679 0.016976223489167615 0.6613308654503991 0.024213015963511973 0.6593103295324971 0.026884973774230332