0 0.8806764697833523 0.4802416237172178 0.9718031049030788 0.4863905210946408 0.9788642519954389 0.43028856328392245 0.8832568700114025 0.41950203648802736 0.8806764697833523 0.4802416237172178
0 0.9146934572405929 0.36078632155074114 0.97541765336374 0.3664045427594071 0.9793332873432156 0.3163261425313569 0.9197049110604333 0.3132633523375143 0.9146934572405929 0.36078632155074114
0 0.8594129076396807 0.3917327548460661 0.9445125245153934 0.39473836031927023 0.9418431744583807 0.3734171470923603 0.8598718643101482 0.3654391550741163 0.8594129076396807 0.3917327548460661
0 0.6737831721778791 0.7471207434435575 0.7376540011402508 0.746716566704675 0.7259170684150513 0.7221978472063855 0.6650337913340936 0.725693402508552 0.6737831721778791 0.7471207434435575
0 0.09753081071835804 0.7446608700114026 0.05213985860889395 0.7317116419612314 0.04547645496009122 0.7650268768529077 0.09435748802736603 0.7740341345496009 0.09753081071835804 0.7446608700114026
0 0.1059354811858609 0.7858366271379703 0.037636917901938426 0.7785660091220068 0.037080072976054736 0.8104676488027366 0.10682959064994298 0.821769905359179 0.1059354811858609 0.7858366271379703
0 0.18717249828962373 0.8358823272519954 0.08393885404789053 0.8264817286202965 0.08340851539338655 0.8568647856328392 0.18570633409350057 0.8763657559863169 0.18717249828962373 0.8358823272519954
0 0.18179017445838083 0.8828958962371722 0.08324941391106044 0.8659797035347777 0.07810573318129989 0.8993214652223489 0.17924309692132268 0.9199699749144812 0.18179017445838083 0.8828958962371722
0 0.6277569737742303 0.24788568072976055 0.7141111641961231 0.26610820182440137 0.7175218472063855 0.24489311516533638 0.637195794754846 0.22981504789053592 0.6277569737742303 0.24788568072976055
0 0.7104606795895098 0.3009962143671608 0.7154452588369441 0.2767693683010262 0.6230110570125428 0.2584395803876853 0.6237159977194983 0.28338840820980615 0.7104606795895098 0.3009962143671608
0 0.5438329498289624 0.003282267958950969 0.546661401368301 0.015488564424173318 0.6164796875712657 0.02278571037628278 0.6171576020524515 0.005769864310148233 0.5438329498289624 0.003282267958950969