0 0.4145796659064994 0.9314865689851768 0.40160731698973773 0.8488239076396807 0.3386767217787913 0.8595079737742304 0.3498668038768529 0.9409675074116306 0.4145796659064994 0.9314865689851768
0 0.4808137115165337 0.6909398278221209 0.49287407525655647 0.7768765678449259 0.5537335017103763 0.7634971288483466 0.5458165952109464 0.6829509179019384 0.4808137115165337 0.6909398278221209
0 0.4647163694412771 0.3764115963511973 0.4710359897377423 0.4388384595210947 0.48818508209806155 0.4350403774230331 0.48475187115165336 0.37437563740022806 0.4647163694412771 0.3764115963511973
0 0.4949719794754846 0.43650896009122003 0.5173624811858609 0.4321566875712657 0.512294535917902 0.3727389817559863 0.4888535644241733 0.37636617103762826 0.4949719794754846 0.43650896009122003
0 0.82052196009122 0.6111226145952109 0.8295979851767388 0.6699935473204105 0.864100535917902 0.6537618711516533 0.8572366955530216 0.5993396225769669 0.82052196009122 0.6111226145952109
0 0.8032668312428735 0.6181937685290764 0.8276810114025086 0.6097310364880273 0.8194752143671608 0.5722965712656785 0.7985453911060433 0.5745063683010262 0.8032668312428735 0.6181937685290764
0 0.8518409566704676 0.5715809521094641 0.8280801619156215 0.5785227685290764 0.832552172177879 0.6013499863169897 0.8559931425313569 0.5977227970353478 0.8518409566704676 0.5715809521094641
0 0.7618042041049031 0.5574870057012543 0.7750981812998861 0.6166996442417332 0.7990688494868871 0.61064630672748 0.7872330353477766 0.5497563192702395 0.7618042041049031 0.5574870057012543
0 0.4176603717217788 0.3827705336374002 0.42599231356898515 0.4638563591790194 0.46894661801596355 0.4555068882554162 0.45827758380843786 0.3767338950969213 0.4176603717217788 0.3827705336374002
0 0.9040473409350057 0.7677319019384264 0.9197504218928164 0.8708490946408209 0.9715171037628277 0.8568372554161916 0.9611456909920182 0.7557038323831242 0.9040473409350057 0.7677319019384264
0 1 0.7967820866590649 0.9791454207525656 0.8005272907639681 0.9879648950969213 0.8692054697833523 1 0.8663910057012543 1 0.7967820866590649
0 0.8449137696693273 0.3870726476624858 0.8530218802736602 0.47377762713797034 0.8945843101482326 0.46105233865450396 0.8873218643101483 0.38068789737742303 0.8449137696693273 0.3870726476624858
0 1 0.5156742098061574 0.952358542759407 0.5241640912200685 0.9615234458380845 0.589754984036488 1 0.5825932246294184 1 0.5156742098061574