0 0.577454046750285 0.35381544469783355 0.5768084378563284 0.32133043557582663 0.49543571607753706 0.33225918129988596 0.49966529076396804 0.3667063044469783 0.577454046750285 0.35381544469783355
0 0.3344503660205245 0.4228960285062714 0.41255918244013684 0.40579107981755985 0.40893812086659065 0.37629989737742303 0.3333849418472064 0.3938033169897377 0.3344503660205245 0.4228960285062714
0 0.3319773090079817 0.4707938950969214 0.4411600307867731 0.44820317445838087 0.4361961915621437 0.4145780022805017 0.32966900912200686 0.4451922428734322 0.3319773090079817 0.4707938950969214
0 0.41798243443557587 0.46357339566704675 0.3050874937286203 0.4899595210946408 0.3110295131128848 0.5230464196123147 0.4218204150513113 0.49483124287343216 0.41798243443557587 0.46357339566704675
0 0.6198358072976055 0.3519512212086659 0.4862634652223489 0.38004102394526795 0.4885742542759407 0.4124743671607754 0.6216093990877993 0.3868021448118586 0.6198358072976055 0.3519512212086659
0 0.5881499133409349 0.4000952212086659 0.5309375324971494 0.41045962029646527 0.5317863238312428 0.4445900570125428 0.5948613375142532 0.4343398563283922 0.5881499133409349 0.4000952212086659
0 0.5887623660205246 0.4935380718358039 0.5867718631698974 0.46372260889395667 0.508734732041049 0.48310489509692134 0.5159964743443558 0.5133265929304447 0.5887623660205246 0.4935380718358039
0 0.6093646100342076 0.5252419407069555 0.6025372998859749 0.49685555074116305 0.5428673968072977 0.5144226214367161 0.5497690513112885 0.5434144982896237 0.6093646100342076 0.5252419407069555
0 0.34201217673888257 0.6273720410490308 0.4539980307867731 0.5935819965792475 0.44954642075256557 0.5624351071835804 0.33929991562143674 0.5984803876852908 0.34201217673888257 0.6273720410490308
0 0.5023831858608894 0.6202053272519954 0.4955558757126568 0.5918189372862029 0.29609983694412767 0.6481151220068415 0.30649831698973773 0.6851708244013683 0.5023831858608894 0.6202053272519954
0 0.21829593158494867 0.7085250843785632 0.2794373033067275 0.6893286864310147 0.2726705803876853 0.6614357411630559 0.21393824287343216 0.6798366123147093 0.21829593158494867 0.7085250843785632
0 0.20904988483466364 0.7489038415051311 0.2658583033067275 0.7352494401368301 0.26306621436716077 0.7023019350057013 0.20613684378563285 0.71836761345496 0.20904988483466364 0.7489038415051311
0 0.6163595427594071 0.6162307457240592 0.5759421391106043 0.6136778369441277 0.5757514857468643 0.6461540923603193 0.6156772428734322 0.6447028620296466 0.6163595427594071 0.6162307457240592
0 0.6597058403648802 0.6426375815279362 0.5829555074116306 0.6503909612314709 0.5793969760547321 0.6843491368301026 0.6596295518814139 0.6760452668187001 0.6597058403648802 0.6426375815279362
0 0.5387261299885975 0.650811669327252 0.5355090216647662 0.6178083614595211 0.3003769076396807 0.6914539783352337 0.30271107981755985 0.7223749087799316 0.5387261299885975 0.650811669327252
0 0.5475633717217788 0.6547365701254276 0.4517357685290764 0.6840370672748004 0.4546153397947548 0.7142913500570125 0.550779488027366 0.6877411482326112 0.5475633717217788 0.6547365701254276
0 0.6484498620296465 0.7074778255416191 0.6068771562143672 0.7159219144811858 0.6111456955530217 0.7472900273660205 0.6532126442417332 0.7394561607753706 0.6484498620296465 0.7074778255416191
0 0.5240325575826682 0.7352787194982896 0.48410428734321553 0.743520897377423 0.48611142873432156 0.7751747160775371 0.5278705393386545 0.7665365667046751 0.5240325575826682 0.7352787194982896
0 0.40629967730900796 0.7630940570125427 0.34887052565564425 0.7784950501710376 0.35244888825541615 0.8093413318129988 0.40941590079817564 0.7952757126567845 0.40629967730900796 0.7630940570125427
0 0.2977229669327252 0.7906203454960091 0.24173733181299883 0.8041737217787913 0.2398872143671608 0.8367388506271379 0.30557497149372864 0.8205501448118586 0.2977229669327252 0.7906203454960091
0 0.5635656111744584 0.7646581778791335 0.4911187867730901 0.7802338825541619 0.490406732041049 0.8101571584948689 0.5700909771949829 0.7905760775370582 0.5635656111744584 0.7646581778791335
0 0.6556662725199544 0.7458352462941847 0.5844620478905359 0.7579176282782212 0.5849056066134549 0.788757070695553 0.6607469908779932 0.7736009030786773 0.6556662725199544 0.7458352462941847
0 0.3708135005701254 0.812613385404789 0.34539918586088936 0.8165690581527937 0.34966790193842645 0.8462357559863171 0.3753743717217788 0.8429472850627138 0.3708135005701254 0.812613385404789