0 0.09516999087799316 0.4651610068415052 0.1663524709236032 0.47209641961231474 0.16961501596351194 0.39426739566704677 0.09456904446978334 0.3929631151653364 0.09516999087799316 0.4651610068415052
0 0.4948751299885975 0.013478990877993159 0.42369151995439 0.0065434196123147085 0.4105012542759407 0.07308963397947549 0.4870763238312429 0.07989169783352339 0.4948751299885975 0.013478990877993159
0 0.7963801470923603 0.04204333637400228 0.7342297696693272 0.03637730330672748 0.7346596944127708 0.0879412337514253 0.7859677628278221 0.0942804606613455 0.7963801470923603 0.04204333637400228
0 0.8947809965792475 0.19396112542759406 0.908626778791334 0.13913675142531357 0.8532815701254276 0.13147939224629418 0.8457326716077537 0.18246430900798175 0.8947809965792475 0.19396112542759406
0 0.65055230672748 0.5662290672748005 0.5004466111744584 0.552805244013683 0.5049627856328393 0.6026013968072975 0.6414097970353477 0.6094387628278222 0.65055230672748 0.5662290672748005
0 0.5615053033067275 0.6427046624857469 0.5618522873432156 0.6074635815279361 0.5016559977194983 0.6097443329532497 0.49615810490307866 0.6488638734321551 0.5615053033067275 0.6427046624857469
0 0.48294693272519956 0.6991727616875714 0.5538928369441277 0.6968701801596352 0.558993984036488 0.671503149372862 0.49597017217787914 0.6665871676168758 0.48294693272519956 0.6991727616875714
0 0.8608458266818699 0.6648275438996579 0.9064349019384265 0.6681660376282783 0.9533520798175599 0.5965102713797035 0.8736678939566704 0.5872515940706955 0.8608458266818699 0.6648275438996579
0 0.9424834332953249 0.7284677092360319 0.9728517388825542 0.728133323831243 0.9810589327251995 0.6560783010262258 0.946610481185861 0.6554005541619157 0.9424834332953249 0.7284677092360319
0 0.31451218586088936 0.6632274241733181 0.312473701254276 0.710504157354618 0.40684980273660204 0.7053560604332954 0.4173121083238312 0.6746063785632839 0.31451218586088936 0.6632274241733181
0 0.46784918015963517 0.5881150410490308 0.43258809236031925 0.5877629429874573 0.428393929304447 0.6148694811858609 0.46660644583808436 0.6078870718358038 0.46784918015963517 0.5881150410490308
0 0.3755887822120867 0.5782173204104903 0.35065471037628276 0.5808503295324972 0.34506075712656786 0.6069955724059293 0.36642010262257696 0.610683701254276 0.3755887822120867 0.5782173204104903
0 0.3041602884834664 0.6494980307867732 0.3361995165336374 0.6509322177879134 0.3397943717217788 0.6253534925883695 0.30754360775370576 0.6254244663625997 0.3041602884834664 0.6494980307867732
0 0.44687336259977195 0.6281279338654504 0.44673365336374005 0.6481438608893956 0.4652022542759407 0.6506505769669327 0.4694564424173318 0.6313017787913341 0.44687336259977195 0.6281279338654504
0 0.42181269555302164 0.6753551915621437 0.45838456670467503 0.6773101037628277 0.4675782862029646 0.6555868791334094 0.4293057434435576 0.6548115484606614 0.42246317559863167 0.6707267890535918 0.42181269555302164 0.6753551915621437
0 0.386279197263398 0.6441610376282781 0.34930043899657925 0.645101275940707 0.3446542143671608 0.6645112748004561 0.38611871037628276 0.6671537993158495 0.386279197263398 0.6441610376282781