0 0.47606073660205245 0.7218157115165337 0.34117805359179015 0.32544231470923607 0.2935792075256557 0.3462059156214367 0.4325242645381984 0.7412245963511973 0.47606073660205245 0.7218157115165337
0 0.24755828050171036 0.04870161345496009 0.19469198403648802 0.05603948232611174 0.2753030296465222 0.2877893135689852 0.32026104789053594 0.26944774458380844 0.24755828050171036 0.04870161345496009
0 0.16538031014823262 0.07736673204104903 0.1267261197263398 0.0946163409350057 0.17892286887115166 0.24869093956670468 0.22278366134549601 0.22507801938426455 0.16538031014823262 0.07736673204104903
0 0.03920610832383124 0.0794119794754846 0.07488319498289624 0.17954404218928166 0.11689024287343215 0.16820802052451542 0.08098604789053593 0.06123696579247435 0.03920610832383124 0.0794119794754846
0 0.07498974914481185 0.036431273660205245 0.06751050171037629 0.021979640820980615 0.018074354618015966 0.024570480045610035 0.028829225769669328 0.055597454960091226 0.07498974914481185 0.036431273660205245
0 0 0.11531024971493728 0.014764084378563285 0.10657446750285063 0 0.046364805017103765 0 0.11531024971493728
0 0 0.2161847753705815 0.10252640820980616 0.5328197730900798 0.1532394070695553 0.5134150068415052 0.028328446978335236 0.1458271379703535 0 0.15654710262257696 0 0.2161847753705815
0 0 0.39165925769669324 0.0064645005701254275 0.4997940228050171 0.05725704675028506 0.48190712770809574 0 0.3109329589509692 0 0.39165925769669324
0 0.452711716077537 0.8859376567844925 0.4436924104903079 0.8590067628278221 0.31922064766248576 0.9032099692132269 0.33331680045610035 0.9302561630558723 0.452711716077537 0.8859376567844925
0 0.47915284036488026 0.8388793101482326 0.4601445974914481 0.8535772770809578 0.4722473705815279 0.881869755986317 0.4941606681870011 0.8639743181299886 0.47915284036488026 0.8388793101482326
0 0.27166990193842644 0.915217889395667 0.28851385404789054 0.9463059737742303 0.315188724059293 0.9327282554161916 0.30223980501710374 0.9060033033067274 0.27166990193842644 0.915217889395667
0 0.5749014538198404 0.8369065598631699 0.5345138734321551 0.7339761413911061 0.4608020718358039 0.7500189612314709 0.5018159087799317 0.8650951641961231 0.5749014538198404 0.8369065598631699
0 0.12273230102622577 1 0.17516961231470923 0.9868807890535918 0.16314141049030786 0.9346074150513113 0.02568440250855188 0.9813934139110604 0.0279910433295325 1 0.12273230102622577 1
0 0.25324066362599773 0.8248384709236032 0.2750288551881414 0.8922055404789053 0.48404783352337516 0.8165480513112885 0.46519539110604335 0.7467434948688711 0.25324066362599773 0.8248384709236032