0 0.8969274401368301 0.3295589452679589 0.8371498084378564 0.3248453637400228 0.832682582668187 0.3735315758266819 0.9025257502850628 0.3801381721778791 0.8969274401368301 0.3295589452679589
0 0.8241949190421892 0.8471138597491448 0.8318179372862029 0.7850293625997719 0.7866849714937286 0.7748924754846066 0.7897935290763968 0.8494542234891677 0.8241949190421892 0.8471138597491448
0 0.7115006921322691 0.18337661915621437 0.7075962223489167 0.2472307913340935 0.7390775188141391 0.2537212485746864 0.7429996339794754 0.18330492018244016 0.7115006921322691 0.18337661915621437
0 0.7386976681870011 0.05804882668187002 0.7331832109464081 0.12433035689851768 0.7856778825541619 0.12815085176738883 0.7887917525655643 0.0668246465222349 0.7386976681870011 0.05804882668187002
0 0.8632330273660206 0.6680969064994299 0.8650729441277082 0.6210571676168758 0.8271573580387686 0.6190279076396807 0.8273572770809579 0.6610657297605473 0.8632330273660206 0.6680969064994299
0 0.5120934184720639 0.22585110490307866 0.5075316818700114 0.28437334663625996 0.5379158175598632 0.2881040490307868 0.5377871870011403 0.23031899771949826 0.5120934184720639 0.22585110490307866
0 0.4066173865450399 0.6894949304446978 0.4028717502850627 0.7520555108323831 0.43853696921322693 0.7633275324971495 0.4413595096921323 0.6950738209806158 0.4066173865450399 0.6894949304446978
0 0.2777231322690992 0.15768696693272521 0.2740935917901938 0.19794149486887117 0.31547874116305585 0.20170985860889395 0.3182715610034208 0.1587264047890536 0.2777231322690992 0.15768696693272521
0 0.2785403637400228 0.1617254446978335 0.2758664355758267 0.11938385290763968 0.23568761003420755 0.11641958038768528 0.23411455416191562 0.1602099236031927 0.2785403637400228 0.1617254446978335
0 0.09809753477765108 0.08180174230330672 0.0930605701254276 0.14420376624857467 0.1337886339794755 0.15445577194982896 0.1391443968072976 0.0894667023945268 0.09809753477765108 0.08180174230330672
0 0.08035156328392247 0.322514244013683 0.08012177309007983 0.36712549258836946 0.14694028050171037 0.37139163968072975 0.1480437833523375 0.32688766932725194 0.08035156328392247 0.322514244013683
0 0.20932532725199546 0.9058643169897377 0.2113542394526796 0.8585203728620296 0.16758569669327253 0.8623367833523375 0.16524748574686432 0.9027498665906499 0.20661187457240593 0.9078287753705816 0.20932532725199546 0.9058643169897377