0 0.9062741094640822 0.5065146134549601 0.8347812360319271 0.5045615336374003 0.836955716077537 0.5824285530216647 0.9119098608893957 0.5784947137970353 0.9062741094640822 0.5065146134549601
0 0.5390503762827822 0.9849783751425314 0.6105443865450398 0.986931534777651 0.6190604925883695 0.9196273169897378 0.5421974675028506 0.9181834287343215 0.5390503762827822 0.9849783751425314
0 0.23628726111744583 0.9775155381984036 0.2986814857468643 0.978832378563284 0.29465569099201827 0.9274240444697833 0.24303040364880274 0.9246793295324971 0.23628726111744583 0.9775155381984036
0 0.12752886202964653 0.8328319099201825 0.1175411630558723 0.8884885678449259 0.17328570467502852 0.8922665872291904 0.17725968529076394 0.8408792816419612 0.12752886202964653 0.8328319099201825
0 0.34519452451539334 0.44443426111744583 0.49587096921322693 0.4473545416191562 0.4878921915621437 0.39799472177879136 0.3513006088939567 0.40069207297605475 0.34519452451539334 0.44443426111744583
0 0.4286899464082098 0.3619333523375142 0.4308021003420753 0.3971127924743444 0.4906926579247435 0.3906385153933865 0.49344831698973773 0.35123075484606614 0.4286899464082098 0.3619333523375142
0 0.5031179372862029 0.30012285176738884 0.43250547434435577 0.30736876054732043 0.429186267958951 0.33302983580387685 0.49239947776510834 0.33353752451539337 0.5031179372862029 0.30012285176738884
0 0.12853538768529077 0.3607452998859749 0.0828244834663626 0.36059507183580386 0.04102004789053591 0.4353490661345496 0.12115597947548461 0.4390267012542759 0.12853538768529077 0.3607452998859749
0 0.042657332953249714 0.3029549110604333 0.012386328392246293 0.30540686773090076 0.009225429874572406 0.3778588734321551 0.04363724401368301 0.3761319657924743 0.042657332953249714 0.3029549110604333
0 0.6736498050171038 0.3242312143671608 0.6723854663625998 0.27692744697833527 0.5785983728620296 0.2886463477765108 0.570306543899658 0.32005093842645377 0.6736498050171038 0.3242312143671608
0 0.5259259076396807 0.40985687457240594 0.5611256624857469 0.40774842645381987 0.5634187514253136 0.38041534891676165 0.5257863876852907 0.39004631927023947 0.5259259076396807 0.40985687457240594
0 0.6186519942987457 0.4132947251995439 0.6433416579247435 0.4089288175598632 0.6470981847206385 0.3824570478905359 0.625533598631699 0.3802678563283923 0.6186519942987457 0.4132947251995439
0 0.6849341995438996 0.33720505131128853 0.6528729749144813 0.3380093010262258 0.6510711584948689 0.3637764834663626 0.683238409350057 0.3614559817559863 0.6849341995438996 0.33720505131128853
0 0.5440594709236032 0.368478251995439 0.542802598631699 0.3485013375142531 0.5242041265678449 0.34728903192702393 0.5213100057012543 0.3668874549600912 0.5440594709236032 0.368478251995439
0 0.5657646841505132 0.31961789395667045 0.5291455324971494 0.32021886887115164 0.521489543899658 0.34253049828962373 0.5597229407069555 0.34063418358038766 0.5654386499429874 0.32428039680729764 0.5657646841505132 0.31961789395667045
0 0.6033876191562143 0.3482573694412771 0.6402107103762827 0.344739913340935 0.6434916442417332 0.32505309236031926 0.6019438209806157 0.3253094207525655 0.6033876191562143 0.3482573694412771