0 0.4298499247434436 0.9570765313568985 0.45738651995438995 0.905916961231471 0.2793692337514253 0.8575076579247435 0.2593039612314709 0.9113051413911061 0.4298499247434436 0.9570765313568985
0 0.4204248369441277 1 0.43104042531356895 0.9706840057012542 0.2583551448118586 0.9309477765108324 0.24256757354618017 0.981367551881414 0.3650626966932725 1 0.4204248369441277 1
0 0.21288702508551882 0.7597294332953249 0.27945166476624855 0.7539057810718358 0.28896669327251995 0.7058469167616875 0.2174667126567845 0.7075314310148232 0.21288702508551882 0.7597294332953249
0 0.29598468415051316 0.6640991744583808 0.22737850855188144 0.6640076339794755 0.2142347787913341 0.688009897377423 0.29544835233751426 0.6928212748004561 0.29598468415051316 0.6640991744583808
0 0.5870000763968073 0.2791053477765108 0.4751667491448119 0.255373574686431 0.4057092668187001 0.5417641482326112 0.5253520877993159 0.5545663990877994 0.5870000763968073 0.2791053477765108
0 0.2689188141391106 0.4592789464082098 0.22947612314709237 0.6357114446978336 0.23144539224629418 0.6408006351197264 0.3106420935005701 0.6399656259977196 0.34930477993158493 0.47205037628278224 0.2689188141391106 0.4592789464082098
0 0.13589024629418472 0.6811525256556442 0.19817862827822122 0.6918041311288483 0.20088390535917902 0.6922248483466362 0.20678631584948687 0.6551456328392247 0.14948834549600912 0.644924046750285 0.13589024629418472 0.6811525256556442
0 0.2155076111744584 0.598014361459521 0.15794509464082096 0.5847690182440137 0.1496792018244014 0.6296728380843786 0.2091715017103763 0.6432043831242873 0.2155076111744584 0.598014361459521
0 0.22969343329532496 0.5510708768529077 0.17022160433295325 0.5334216522234891 0.15524224743443557 0.5712949988597491 0.22188926909920184 0.5925489828962371 0.22969343329532496 0.5510708768529077
0 0.2404562622576967 0.49985479817559864 0.18085221094640822 0.4806942622576967 0.16804784606613454 0.5259951482326112 0.22860299429874573 0.5386070980615736 0.2404562622576967 0.49985479817559864
0 0.38209979475484607 0.4112900478905359 0.20691767616875711 0.3778672109464082 0.1848615952109464 0.47424968301026227 0.23942935347776512 0.4881171744583808 0.38209979475484607 0.4112900478905359
0 0.4110990456100342 0.25488496807297606 0.23801699771949827 0.210613669327252 0.20130265678449258 0.37902729304446975 0.37933831242873434 0.4145785484606614 0.4110990456100342 0.25488496807297606
0 0.07399561117445837 0.1305097229190422 0.022882013683010263 0.12127109578107183 0.02322024401368301 0.14256981755986317 0.07505576966932725 0.15569539566704674 0.07399561117445837 0.1305097229190422