0 0.7299809954389966 0.21993457810718356 0.7444285347776511 0.33240453705815276 0.7617792873432154 0.33088271607753705 0.7527237537058152 0.21873496009122007 0.7299809954389966 0.21993457810718356
0 0.7940196009122007 0.15536392246294187 0.7987243865450399 0.19923834777651084 0.838909622576967 0.1953780855188141 0.8359635188141391 0.15404329190421892 0.7940196009122007 0.15536392246294187
0 0.651051425313569 0.24957640592930447 0.7384831208665906 0.3596709486887115 0.7541848711516533 0.3480846077537058 0.6668796624857469 0.23662376396807297 0.651051425313569 0.24957640592930447
0 0.6495821596351197 0.28148264652223487 0.6784042690992018 0.3540605701254276 0.6994953683010262 0.34712999885974916 0.6695635895096921 0.2788663204104903 0.6495821596351197 0.28148264652223487
0 0.6466739270239452 0.9182449509692133 0.6411251322690993 0.9934161163055872 0.6736559931584948 0.991703094640821 0.6764819418472064 0.9342750250855189 0.6664242633979475 0.9359241470923603 0.6685974891676169 0.9158906088939567 0.6466739270239452 0.9182449509692133
0 0.6261469828962372 0.9972601995438998 0.6305999657924743 0.9430537183580389 0.6116392394526795 0.9404419087799316 0.6092066761687571 0.9230649954389966 0.6000599190421894 0.9247300171037629 0.5960205667046751 0.9994713603192702 0.6261469828962372 0.9972601995438998
0 0.5524565290763968 0.9357595119726341 0.5496783397947549 0.9904513968072975 0.5815640592930444 0.9919203033067274 0.5851560798175598 0.9331370957810718 0.5524565290763968 0.9357595119726341
0 0.3298739543899658 0.8899066955530217 0.3272868061573546 0.9336538392246295 0.36280257240592934 0.9360984481185861 0.36986814823261116 0.8969911744583808 0.3298739543899658 0.8899066955530217
0 0.41882153591790194 0.9653587913340934 0.414614385404789 0.9974453283922463 0.44261240136830104 0.9979340353477765 0.4434312417331813 0.9657883557582668 0.41882153591790194 0.9653587913340934
0 0.3933475279361459 0.9621771220068415 0.3909156009122007 0.9970316647662485 0.4072899076396807 0.9961770547320411 0.4106334606613455 0.9643035290763968 0.3933475279361459 0.9621771220068415
0 0.3863587126567845 0.9969521231470924 0.38669701482326113 0.977570810718358 0.3694099418472064 0.9754443854047891 0.3696673614595211 0.9955203500570124 0.3863587126567845 0.9969521231470924
0 0.3688174218928164 0.9571872497149373 0.36851494070695556 0.9745164230330673 0.3894468392246294 0.9767064697833524 0.3920452314709236 0.9548556738882554 0.3688174218928164 0.9571872497149373
0 0.356653409350057 0.8182993010262258 0.3513630570125427 0.8601745815279361 0.43238972862029645 0.8670629441277081 0.4388166567844926 0.8233828244013682 0.356653409350057 0.8182993010262258
0 0.47936180615735463 0.7355935974914481 0.48367180159635115 0.645347205245154 0.41351934891676173 0.6422980102622576 0.40612675028506273 0.7361399543899658 0.47936180615735463 0.7355935974914481
0 0.16371103192702396 0.46618965336374 0.1686441220068415 0.3866992166476625 0.14637242873432155 0.3858041140250855 0.14202886088939565 0.4675856898517674 0.16371103192702396 0.46618965336374