0 0.09663246522234892 0.4510538665906499 0.16752954047890536 0.4604692873432155 0.17350629190421893 0.38280153591790195 0.09855155530216649 0.37887898289623717 0.09663246522234892 0.4510538665906499
0 0.511857590649943 0.013596510832383123 0.44095939224629416 0.004180891676168757 0.42545473204104906 0.07022623489167618 0.5017457651083238 0.07969658722919042 0.511857590649943 0.013596510832383123
0 0.8121820581527937 0.05266583010262258 0.7502672827822121 0.04483423033067275 0.7488973899657925 0.09638175484606613 0.7999529669327252 0.10450774458380843 0.8121820581527937 0.05266583010262258
0 0.9052211094640821 0.20792521436716077 0.9209718004561004 0.15361744811858608 0.8659275438996579 0.1440332337514253 0.856603897377423 0.19472363968072975 0.9052211094640821 0.20792521436716077
0 0.6481492337514253 0.5714429224629418 0.4986034629418472 0.5527886624857469 0.5013790250855188 0.6027120935005701 0.6375042953249715 0.6143072269099201 0.6481492337514253 0.5714429224629418
0 0.5564875153933866 0.6447642348916761 0.5580641847206386 0.6095567309007981 0.49782496693272515 0.6097352725199544 0.49096517103762827 0.6486391094640821 0.5564875153933866 0.6447642348916761
0 0.47600629190421895 0.6984562873432155 0.5469893363740023 0.6986310855188141 0.5529726727480045 0.673457534777651 0.490158818700114 0.6663450478905358 0.47600629190421895 0.6984562873432155
0 0.8548736111744584 0.6773204732041048 0.9003184025085519 0.6822479692132268 0.9497077491448118 0.6122732383124287 0.870395229190422 0.6002392633979476 0.8548736111744584 0.6773204732041048
0 0.9342404754846066 0.7437709817559863 0.9646019521094641 0.7444966385404789 0.9753188312428734 0.6727719361459521 0.9409150171037628 0.6708923694412771 0.9342404754846066 0.7437709817559863
0 0.30892862485746864 0.656654558722919 0.3052414481185861 0.7038313500570125 0.39973972405929303 0.7019800672748004 0.41126880387685294 0.6716142474344355 0.30892862485746864 0.656654558722919
0 0.46479359521094643 0.5869393169897377 0.4295662748004561 0.5853568380843786 0.4244286636259977 0.6123004891676169 0.4628615838084379 0.6066559315849487 0.46479359521094643 0.5869393169897377
0 0.37293482554161916 0.5738277833523375 0.34792405131128845 0.5755890022805017 0.34142105017103763 0.6015230923603193 0.3626386704675028 0.6059544047890536 0.37293482554161916 0.5738277833523375
0 0.29906218358038766 0.6425722531356899 0.3310318403648803 0.6451237194982896 0.3355171904218928 0.6196860342075257 0.3032835963511973 0.6186314298745724 0.29906218358038766 0.6425722531356899
0 0.4424341254275941 0.6261957890535919 0.44159595553021663 0.6461946465222349 0.4599658232611174 0.6493443808437855 0.46489268301026226 0.6301558380843786 0.4424341254275941 0.6261957890535919
0 0.4157405176738883 0.6725196727480046 0.45222188483466363 0.6757497331812999 0.46216813226909925 0.6543605986316989 0.42394596351197267 0.6522500467502851 0.4165521299885975 0.6679167913340934 0.4157405176738883 0.6725196727480046
0 0.38131732497149373 0.6401044196123147 0.34432827936145954 0.6397535450399088 0.3390074868871152 0.6589895689851767 0.38035450057012543 0.663077574686431 0.38131732497149373 0.6401044196123147