0 0.7027545461801596 0.9193839680729761 0.7039337993158495 0.8371678928164196 0.6401702189281642 0.8342327753705816 0.6373686077537057 0.9178602132269099 0.7027545461801596 0.9193839680729761
0 0.4768210228050171 0.6871708677309009 0.47877924173318126 0.7680815279361459 0.540815574686431 0.7739443397947549 0.5423129874572407 0.6871783717217788 0.4768210228050171 0.6871708677309009
0 0.49982471265678446 0.37345374230330675 0.5038102656784493 0.43408470011402506 0.5212944002280502 0.4357645233751425 0.5199589942987457 0.37303281185860887 0.49982471265678446 0.37345374230330675
0 0.4959961778791334 0.3759293101482326 0.47228788939566707 0.3751858928164196 0.4744989167616876 0.4347783352337514 0.4972529315849487 0.4363694503990878 0.4959961778791334 0.3759293101482326
0 0.1575325473204105 0.642135361459521 0.15735227251995437 0.6969884469783353 0.19357579133409353 0.708894330672748 0.19540960205245156 0.6493561242873432 0.1575325473204105 0.642135361459521
0 0.21275996351197263 0.6103345404789053 0.19171684150513113 0.6106919179019384 0.188134322690992 0.6488473876852908 0.2133978700114025 0.6542717001140251 0.21275996351197263 0.6103345404789053
0 0.1585697890535918 0.6403790364880274 0.18227807753705816 0.6411224538198405 0.18393481527936145 0.617920385404789 0.15950513568985178 0.6139260250855189 0.1585697890535918 0.6403790364880274
0 0.22097172633979476 0.5843903454960091 0.21664475712656786 0.646268890535918 0.24117446750285063 0.6493558175598632 0.24715314823261117 0.5889644127708096 0.22097172633979476 0.5843903454960091
0 0.5263890638540479 0.37256801824401364 0.5253995689851767 0.452054078677309 0.5690512428734321 0.4551065005701254 0.5674392029646522 0.3736096670467503 0.5263890638540479 0.37256801824401364
0 0.07345407753705814 0.8099973774230331 0.07548503534777652 0.9116409247434436 0.12857346978335232 0.9192395496009123 0.13159267730900798 0.8149772531356898 0.07345407753705814 0.8099973774230331
0 0 0.9193712120866591 0.06066714937286203 0.9259214298745724 0.061051119726339795 0.8566803443557583 0 0.8532873295324972 0 0.9193712120866591
0 0.10102468643101484 0.4287798928164196 0.10361033637400228 0.5094303797035348 0.14641378791334092 0.5169956294184721 0.14389478221208665 0.42994880615735465 0.10102468643101484 0.4287798928164196
0 0 0.6420580456100342 0.052855060433295326 0.6453315233751425 0.05395813112884835 0.5791126134549601 0 0.5761863329532497 0 0.6420580456100342