0 0 0.48558499201824407 0.00566827708095781 0.6057753614595212 0.02868385518814139 0.6144683135689851 0.08389305701254277 0.4560293055872292 0 0.42086471721778795 0 0.48558499201824407
0 0.41314778221208664 1 0.4183020262257697 0.9997387890535918 0.39392380045610037 0.7673420843785633 0.33184448004561 0.7725493785632839 0.3457719794754846 1 0.41314778221208664 1
0 0.4257215598631699 0.7647125336374002 0.4311202793614595 0.7888360832383124 0.4645943329532497 0.7907065803876853 0.4606598871151653 0.7650116088939566 0.4257215598631699 0.7647125336374002
0 0.4292445496009122 0.6916521379703535 0.43743139224629424 0.7521470091220068 0.47818400570125424 0.7564221277080958 0.47134199315849484 0.6795457434435577 0.4292445496009122 0.6916521379703535
0 0.46837406499429873 0.5945554070695552 0.48278681984036487 0.659391449258837 0.5242620228050171 0.661742685290764 0.50895534663626 0.5825019578107183 0.46837406499429873 0.5945554070695552
0 0.5066763854047891 0.5172410535917902 0.5251618141391106 0.5682602588369441 0.5605898905359179 0.5598045621436716 0.5398313101482326 0.5100055233751425 0.5066763854047891 0.5172410535917902
0 0.5371813740022805 0.43412125541619156 0.5454742269099202 0.49765186088939567 0.5848976020524516 0.4943765153933865 0.5690332565564424 0.43300896237172176 0.5371813740022805 0.43412125541619156
0 0.5676345142531357 0.3494841185860889 0.5875312291904219 0.39741460205245155 0.6136367001140252 0.39270339794754844 0.5947766453819839 0.34397770923603194 0.5676345142531357 0.3494841185860889
0 0.6096429737742303 0 0.618445968072976 0.06507743443557583 0.6334542645381984 0.059994748004561005 0.6313592018244013 0 0.6096429737742303 0
0 0.6394336191562143 0 0.6492045541619156 0.07615992930444698 0.6752003614595211 0.0813298700114025 0.6685883397947548 0 0.6394336191562143 0
0 1 0.8726051596351198 0.9641014275940706 0.961684567844926 1 0.9751105347776511 1 0.8726051596351198
0 0.09456371607753705 0.45717582668187 0.044063127708095784 0.620008992018244 0.1959320581527936 0.6694086385404789 0.2484084538198404 0.5141045005701255 0.09456371607753705 0.45717582668187