0 0.18865923717217786 0.3302510262257697 0.18901512998859749 0.27350139566704673 0.142777417331813 0.27274244925883695 0.14062853249714938 0.3342784857468643 0.18865923717217786 0.3302510262257697
0 0.2014407582668187 0.290764259977195 0.19025415963511974 0.36054178791334096 0.27111792246294186 0.35252662713797034 0.2733463956670467 0.28871147662485747 0.2014407582668187 0.290764259977195
0 0.21828182554161918 0.5594746476624858 0.21936708893956672 0.5070290342075257 0.19619763055872294 0.5062199395667046 0.1976641060433295 0.5621774982896237 0.21828182554161918 0.5594746476624858
0 0.21997259064994298 0.6416817936145953 0.22267721892816422 0.5756013797035348 0.19804643329532498 0.5838688209806158 0.19853366818700113 0.635228401368301 0.21997259064994298 0.6416817936145953
0 0.28597421550741164 0.841370259977195 0.2840549635119726 0.7374771630558723 0.2620642576966933 0.7424139600912201 0.26649377194982893 0.8441128255416193 0.28597421550741164 0.841370259977195
0 0.3066376396807297 0.7394067126567845 0.2896532588369441 0.7405250239452679 0.2931398232611174 0.7994054914481186 0.3127396488027366 0.7932442565564424 0.3066376396807297 0.7394067126567845
0 0.8896599623717218 0.04325228278221208 0.8967926465222349 0.01725960661345496 0.8405561972633979 0.012728657924743444 0.837154038768529 0.04484157354618016 0.8896599623717218 0.04325228278221208
0 0.37144966818700115 0.4507287970353478 0.3667813534777651 0.49221030102622576 0.3962109179019384 0.49266753135689856 0.4010996921322691 0.45062325313568985 0.37144966818700115 0.4507287970353478
0 0.5647554686431014 0.3353979749144812 0.5621182554161915 0.4037626339794755 0.6113379680729761 0.4054814241733181 0.6258946134549601 0.3478015131128848 0.5647554686431014 0.3353979749144812
0 0.6307279794754846 0.33998367730900797 0.6306429179019385 0.2874971961231471 0.5823305621436716 0.28923292930444694 0.5760634663625998 0.33807475028506273 0.6307279794754846 0.33998367730900797
0 0.9293971208665907 0.8435872941847207 0.9326930980615735 0.7045069931584949 0.8975702371721779 0.7101261516533637 0.8972303591790194 0.8504506271379704 0.9293971208665907 0.8435872941847207
0 0.9654421881413912 0.8562554743443558 0.9671239612314709 0.8212301174458381 0.932310661345496 0.8254339030786773 0.9321768038768529 0.8619394971493728 0.9654421881413912 0.8562554743443558