0 0.8473788871151654 0.6860083112884834 0.9294205701254277 0.6805278175598631 0.9244768677309008 0.6153112348916763 0.8411106636259977 0.6224857286202965 0.8473788871151654 0.6860083112884834
0 0.7666035222348917 0.4647780216647662 0.6857012633979476 0.4670570228050171 0.6891363409350056 0.5324588403648803 0.7757050307867731 0.5264224994298745 0.7666035222348917 0.4647780216647662
0 0.4343744481185861 0.5072547833523375 0.37361799657924744 0.5064478722919042 0.3742513899657925 0.526576590649943 0.4369670193842645 0.5246270421892817 0.4343744481185861 0.5072547833523375
0 0.37390660661345493 0.47885813340935 0.3758898004561003 0.5024950228050171 0.43631288369441273 0.5005868620296465 0.43353309578107185 0.47794730330672747 0.37390660661345493 0.47885813340935
0 0.6787856841505131 0.14751228050171036 0.6240172086659065 0.1505630969213227 0.6332104070695552 0.18801033637400227 0.6925710444697833 0.1830630501710376 0.6787856841505131 0.14751228050171036
0 0.5944059247434436 0.18634616533637402 0.5951503477765109 0.2073791527936146 0.6390606795895097 0.2057166921322691 0.6323216088939567 0.18077165336374004 0.5944059247434436 0.18634616533637402
0 0.6243007696693272 0.17532772633979476 0.6223175758266819 0.15169083580387685 0.5959497685290764 0.15400934435575825 0.6012172052451539 0.178196496009122 0.6243007696693272 0.17532772633979476
0 0.6312387662485747 0.20937796351197263 0.5696714789053592 0.21693747548460662 0.5756095085518814 0.2428436282782212 0.6356052485746864 0.23371249942987457 0.6312387662485747 0.20937796351197263
0 0.4534490969213227 0.5278740558722919 0.374123755986317 0.53302217331813 0.37731237628278225 0.5739615393386545 0.4587818882554162 0.5713061550741163 0.4534490969213227 0.5278740558722919
0 0.8888593888255416 0.05452319612314709 0.7872488483466362 0.057814635119726336 0.7952646385404789 0.11561293158494869 0.8992260342075256 0.10714119498289625 0.8888593888255416 0.05452319612314709
0 0.8285633968072975 0 0.8332187172177878 0.042985476624857466 0.9023448141391106 0.03897823375142532 0.8960580068415052 0 0.8285633968072975 0
0 0.48867202394526793 0.10366002622576967 0.40799674344355763 0.10529884036488027 0.41140770125427595 0.14804900912200683 0.49846706499429877 0.14600888255416192 0.48867202394526793 0.10366002622576967
0 0.550267078677309 0 0.555660165336374 0.05042898175598631 0.6217305929304447 0.04586179361459521 0.6164696396807298 0 0.550267078677309 0