0 0.24842632155074118 0.8917580843785632 0.24106327822120868 0.9605349475484606 0.3037554230330673 0.9678108620296465 0.30960014139110603 0.8934513694412771 0.24842632155074118 0.8917580843785632
0 0.5460239771949829 0.9044312770809578 0.4840981413911061 0.9026323033067275 0.47642961459521094 0.9735827879133409 0.5465193922462942 0.9773800547320411 0.5460239771949829 0.9044312770809578
0 0.6800340490307868 0.884906685290764 0.60896913340935 0.8825913192702395 0.5994573055872292 0.9448149315849488 0.6756694538198403 0.948734558722919 0.6800340490307868 0.884906685290764
0 0.011600883694412771 0.8017053192702394 0.061600885974914484 0.806430598631699 0.06871434891676169 0.7230435199543899 0.022987920182440134 0.7179458700114024 0.011600883694412771 0.8017053192702394
0 0.2658001698973774 0.5551176830102623 0.2121555496009122 0.5544825587229191 0.20559626453819843 0.5929612576966933 0.262337330672748 0.5906865781071836 0.2658001698973774 0.5551176830102623
0 0.4016836795895097 0.5550350501710376 0.3372761231470924 0.5490517913340935 0.33017453705815275 0.6378109327251995 0.3916655815279362 0.6372470387685291 0.4016836795895097 0.5550350501710376
0 0.5124975119726339 0.5913224743443558 0.4542292987457241 0.5908055678449259 0.45082039794754847 0.6437367993158495 0.5096131972633979 0.644617598631699 0.5124975119726339 0.5913224743443558
0 0.46174224857468643 0.512769030786773 0.5293739247434436 0.5176705188141392 0.5359043774230331 0.47530044925883697 0.46883911744583806 0.46773694640820984 0.46174224857468643 0.512769030786773
0 0.16427175484606613 0.41726063854047896 0.15866817217787912 0.4571321961231471 0.22463933409350056 0.4574627765108324 0.2280211071835804 0.4170141299885975 0.16427175484606613 0.41726063854047896
0 0.2436475062713797 0.25120352451539335 0.196670992018244 0.25227241163055875 0.1944872622576967 0.31696869555302165 0.2364959977194983 0.31847522576966936 0.2436475062713797 0.25120352451539335
0 0.07024003876852908 0.29434260433295323 0.11775719156214366 0.2948834401368301 0.12152963169897377 0.2625763785632839 0.07338581071835805 0.26102975826681873 0.07024003876852908 0.29434260433295323
0 0.24256527936145952 0.11142923603192702 0.18696641391106045 0.10284845496009122 0.18065300912200685 0.14230590535917903 0.23360813683010262 0.14239045496009123 0.24256527936145952 0.11142923603192702
0 0.49610403990877994 0.2682721835803877 0.46751218586088944 0.2696242542759407 0.4642024925883695 0.3232096385404789 0.5046169543899658 0.32240221436716077 0.49610403990877994 0.2682721835803877
0 0.40337996351197264 0.12512029418472065 0.4258454789053592 0.12367409236031927 0.4278258072976055 0.10411856670467502 0.401177582668187 0.10256232155074117 0.40337996351197264 0.12512029418472065
0 0.4390781014823261 0.12783557810718357 0.3896317423033067 0.1300922417331813 0.392470740022805 0.15768173660205245 0.438176503990878 0.15609342645381985 0.4390781014823261 0.12783557810718357