0 0.8533689509692133 0.3218375564424173 0.8490737981755987 0.26041400000000003 0.802890740022805 0.262786157354618 0.8052269486887115 0.31948879703534777 0.8533689509692133 0.3218375564424173
0 0.719141669327252 0.2809300912200684 0.7235959030786774 0.34462859407069557 0.8046901299885976 0.3498167685290764 0.7910751459521095 0.28047215393386543 0.719141669327252 0.2809300912200684
0 0.8043216830102623 0.5515882508551881 0.8038343740022805 0.49561360091220064 0.7807072668187002 0.49723080501710376 0.7836221938426454 0.5496065940706956 0.8043216830102623 0.5515882508551881
0 0.8060020900798176 0.624625 0.8046966043329533 0.5732797035347776 0.7797922941847206 0.5658769007981757 0.7848014469783352 0.631822669327252 0.8060020900798176 0.624625
0 0.74537334663626 0.8357539521094641 0.7462509236031927 0.7339624503990878 0.724101322690992 0.7297961254275941 0.7258090570125427 0.8336929144811859 0.74537334663626 0.8357539521094641
0 0.697380354618016 0.7865303283922463 0.7171832645381985 0.7920037856328392 0.7186128061573547 0.7330375074116305 0.7015997434435575 0.7325126237172178 0.697380354618016 0.7865303283922463
0 0.14716654618015962 0.05688535005701254 0.1426457354618016 0.024910730900798175 0.0866016716077537 0.03140154275940707 0.0946371425313569 0.05712945838084379 0.14716654618015962 0.05688535005701254
0 0.5971168369441278 0.44720176168757125 0.6034699566704675 0.489049810718358 0.6328656374002279 0.4875657822120867 0.6267524823261117 0.4462724697833524 0.5971168369441278 0.44720176168757125
0 0.3688704275940707 0.35228788711516534 0.38543120524515395 0.40942464196123146 0.4345609498289624 0.40598915507411626 0.4295394503990878 0.33775817901938426 0.3688704275940707 0.35228788711516534
0 0.4183317605473204 0.3408279680729761 0.41036392702394525 0.2922346180159635 0.362020425313569 0.29218601938426453 0.36376716761687566 0.344643496009122 0.4183317605473204 0.3408279680729761
0 0.11524217331812998 0.8641002816419613 0.11000524857468644 0.7238731493728621 0.07470767730900797 0.7194831847206385 0.08285547890535917 0.8583637331812999 0.11524217331812998 0.8641002816419613
0 0.08071797263397948 0.8768017662485746 0.07931016989737742 0.8403230820980616 0.044371368301026226 0.8373368232611174 0.0472744834663626 0.8722821505131129 0.08071797263397948 0.8768017662485746