0 0.4658193911060433 1 0.5971319737742303 0.9961024675028506 0.6062252782212088 0.9732421083238312 0.4487739350057013 0.91527617331813 0.41150961915621437 1 0.4658193911060433 1
0 1 0.6435231003420753 0.998236850627138 0.5904071755986318 0.7654500820980615 0.6107258061573546 0.769573149372862 0.6728865518814139 1 0.6628096944127707 1 0.6435231003420753
0 0.7633758791334093 0.5788869977194983 0.7875899749144812 0.5739101151653364 0.7900443899657924 0.5404738038768528 0.7642846670467502 0.5439592120866591 0.7633758791334093 0.5788869977194983
0 0.6903880957810719 0.5740894652223489 0.7510166328392246 0.5669596499429874 0.7560023318129989 0.5262878551881414 0.6790182462941847 0.5317871470923603 0.6903880957810719 0.5740894652223489
0 0.5939890570125428 0.5332713375142532 0.6590667616875712 0.5199923238312429 0.6621414811858609 0.47856447092360316 0.5826456852907639 0.49248587457240595 0.5939890570125428 0.5332713375142532
0 0.5173549464082098 0.4936255290763968 0.5686889965792474 0.47603332383124286 0.5608528928164196 0.44046307183580385 0.5106991516533638 0.4603493762827822 0.5173549464082098 0.4936255290763968
0 0.43478019270239454 0.46167454732041047 0.49844585404789055 0.4544917183580388 0.4958590387685291 0.4150171847206386 0.4342239623717218 0.42980810262257696 0.43478019270239454 0.46167454732041047
0 0.3506874275940707 0.4297489224629419 0.3989578574686431 0.410691740022805 0.39470297377423036 0.38450802394526795 0.34565555188141395 0.40251482554161916 0.3506874275940707 0.4297489224629419
0 0 0.3818813831242873 0.06721084264538198 0.37398162713797034 0.06239086088939567 0.3588869110604333 0 0.3599759475484607 0 0.3818813831242873
0 0 0.3521389566704675 0.0788284606613455 0.343421141391106 0.08445130330672748 0.3175195210946408 0 0.3229035689851767 0 0.3521389566704675
0 0.8657371482326112 0 0.9697139372862029 0.04402676396807297 0.9870615632839225 0 0.8657371482326112 0
0 0.4501065108323831 0.9046271482326113 0.6120335176738882 0.9579618757126568 0.6640761197263398 0.8069782200684151 0.5097114743443557 0.7517993854047891 0.4501065108323831 0.9046271482326113