0 0.9711938950969213 0.47243733979475483 0.8809499372862029 0.48650504903078673 0.8888143215507411 0.5467886077537059 0.9831177810718358 0.5277103945267959 0.9711938950969213 0.47243733979475483
0 0.985252157354618 0.5916517069555303 0.9252486955530216 0.6025410125427594 0.9343829783352338 0.6494463648802737 0.993517510832383 0.6411982748004561 0.985252157354618 0.5916517069555303
0 0.9519951755986317 0.566119267958951 0.8674813443557583 0.5765303557582668 0.8702301927023945 0.6026839007981756 0.9511942508551882 0.5875919965792474 0.9519951755986317 0.566119267958951
0 0.715246890535918 0.23350935233751424 0.651583882554162 0.23867342417331813 0.6447353112884835 0.26078178677309005 0.7056915678449259 0.2589577126567845 0.715246890535918 0.23350935233751424
0 0.03364910148232611 0.3082036738882554 0.07773872748004561 0.29134763968072974 0.07201743215507411 0.26236272291904217 0.024107440136830104 0.2755959669327252 0.03364910148232611 0.3082036738882554
0 0.015117721778791332 0.2627916168757126 0.08252271265678449 0.24959605245153932 0.08028162713797035 0.2137215849486887 0.011782583808437856 0.23105990421892816 0.015117721778791332 0.2627916168757126
0 0.05706733523375143 0.2110227502850627 0.1590888278221209 0.19266051881413912 0.15409987913340933 0.15245892702394526 0.053890956670467505 0.18080153249714936 0.05706733523375143 0.2110227502850627
0 0.0529380433295325 0.17173516647662485 0.1496294834663626 0.14629495210946408 0.14386087913340936 0.1095839441277081 0.04490800912200684 0.13896858152793615 0.0529380433295325 0.17173516647662485
0 0.7336814196123148 0.7143407514253136 0.6492440307867731 0.7400201938426454 0.6602218928164196 0.7571994150513113 0.7389281402508552 0.7351778472063855 0.7336814196123148 0.7143407514253136
0 0.7340812554161916 0.7036038802736603 0.7270041356898518 0.6799036602052452 0.642124165336374 0.7050047594070695 0.6435963397947548 0.7299200889395666 0.7340812554161916 0.7036038802736603
0 0.5887117936145952 0.9786009133409349 0.5869579555302166 0.9910072770809578 0.6597867765108324 0.9821384823261118 0.6576284127708096 0.9652464709236033 0.5887117936145952 0.9786009133409349