0 0.6961345769669328 0.27781814823261114 0.8060054891676168 0.30586463740022807 0.809967810718358 0.28343759635119725 0.6997595792474345 0.26078218814139115 0.6961345769669328 0.27781814823261114
0 0.8349251653363741 0.24015588483466363 0.8778991881413911 0.25017254960091223 0.8843216522234891 0.20870222006841505 0.8436540022805017 0.20074063169897377 0.8349251653363741 0.24015588483466363
0 0.6683468415051311 0.28039630558722917 0.7669655131128847 0.3805934481185861 0.7817505849486888 0.3664617217787913 0.6817603808437857 0.2662236134549601 0.6683468415051311 0.28039630558722917
0 0.6665936305587229 0.34071107183580385 0.7351180376282782 0.37816336944127704 0.7401499863169897 0.3586497286202965 0.6760429007981756 0.3206218061573546 0.6665936305587229 0.34071107183580385
0 0.09046973318129989 0.2719087149372862 0.03312532725199544 0.26771487913340936 0.027460559863169896 0.29979449486887116 0.10274763968072975 0.30344811972633984 0.1077562417331813 0.2819748962371722 0.08760718129988597 0.28169044811858607 0.09046973318129989 0.2719087149372862
0 0.09339741277080958 0.3400486807297605 0.07644647890535917 0.3355165359179019 0.07616486887115165 0.3163788403648803 0.021819752565564423 0.3141925233751426 0.015953587229190422 0.34382490992018244 0.09063009236031927 0.34892434435575825 0.09339741277080958 0.3400486807297605
0 0.019258620296465224 0.3909209657924744 0.07388141619156215 0.394828748004561 0.08046935803876853 0.3626925279361459 0.02168655416191562 0.35909390193842644 0.019258620296465224 0.3909209657924744
0 0.04853010718358039 0.618576708095781 0.0922664606613455 0.6213402793614595 0.09010885404789053 0.5807808141391105 0.05043200228050171 0.5830277468643101 0.04853010718358039 0.618576708095781
0 0 0.524091842645382 0.02821675598631699 0.5238604025085518 0.030789562143671605 0.4993817822120867 0 0.496394937286203 0 0.524091842645382
0 0 0.5480463774230331 0.028270208665906498 0.5495322782212086 0.028266278221208665 0.5321160490307868 0 0.5316169635119726 0 0.5480463774230331
0 0 0.5700196465222349 0.01218458038768529 0.5716745644241733 0.012180768529076397 0.5542572006841505 0 0.5529769509692132 0 0.5700196465222349
0 0.012996553021664765 0.5726759851767389 0.03023341961231471 0.57448765336374 0.03537837514253136 0.5517171277080958 0.01337378677309008 0.5516332098061574 0.012996553021664765 0.5726759851767389
0 0.12439581870011403 0.60363478677309 0.16660369897377425 0.6034871801596351 0.17157124857468642 0.5213168403648802 0.12743346750285062 0.5223725952109464 0.12439581870011403 0.60363478677309
0 0.353746283922463 0.4984931231470924 0.2636473181299886 0.49177272291904217 0.2541799258836944 0.5643953124287343 0.3482233181299886 0.5684942713797035 0.353746283922463 0.4984931231470924
0 0.5720741334093501 0.8426938939566705 0.49257501368301027 0.8379027662485747 0.4885469908779932 0.8592531870011403 0.5702483272519954 0.8649086624857468 0.5720741334093501 0.8426938939566705