0 0.36363511858608893 0.6926120855188141 0.4492066408209806 0.2827551311288483 0.40362933523375144 0.26879667844925886 0.3138606202964652 0.67780409350057 0.36363511858608893 0.6926120855188141
0 0.2510728802736602 0.9778589908779931 0.3044393797035348 0.9786993831242873 0.34969804675028504 0.7507384218928165 0.30283986316989736 0.7380125724059293 0.2510728802736602 0.9778589908779931
0 0.17891228620296465 0.9478526328392246 0.2193805530216648 0.960262905359179 0.25835455074116304 0.8066569270239453 0.21194299885974915 0.7885652998859749 0.17891228620296465 0.9478526328392246
0 0.11710570923603193 0.8698760330672748 0.093897582668187 0.9736096704675029 0.13758107753705814 0.9865575153933867 0.1601811550741163 0.8760081870011402 0.11710570923603193 0.8698760330672748
0 0.06034088711516534 1 0.06632746978335234 0.9496283808437855 0.030260662485746864 0.9338618540478906 0.03552528962371722 1 0.06034088711516534 1
0 0.10148939224629419 0.5158647069555302 0.02771538654503991 0.8974627092360319 0.07500702964652224 0.9090152132269098 0.15418922919042188 0.5289444720638541 0.10148939224629419 0.5158647069555302
0 0.06276215165336374 0.5719148038768529 0.010168340935005703 0.5603512896237173 0.0230753740022805 0.7667198928164196 0.06276215165336374 0.5719148038768529
0 0.4003602006841505 0.15053138768529079 0.4060302269099202 0.1227020558722919 0.28212419498289626 0.0932644732041049 0.2714292155074116 0.12182695781071835 0.4003602006841505 0.15053138768529079
0 0.41735144241733185 0.15391538540478905 0.43800923261117447 0.16618727480045611 0.4498468825541619 0.1394503261117446 0.42591601824401365 0.12435883808437857 0.41735144241733185 0.15391538540478905
0 0.23569922348916764 0.08279440022805017 0.2227695085518814 0.11570352109464081 0.2542345233751425 0.12112388825541619 0.2638299714937286 0.0930200638540479 0.23569922348916764 0.08279440022805017
0 0.5057420935005701 0.26356169783352335 0.5332845678449258 0.1564764994298746 0.4573084652223489 0.13740489623717217 0.43062460091220073 0.2566216681870011 0.5057420935005701 0.26356169783352335
0 0 0.08614955530216649 0.11268698289623716 0.10968481755986317 0.11825500684150514 0.056335212086659064 0 0.04171808893956671 0 0.08614955530216649
0 0.22890792474344357 0.13813498517673886 0.2154921197263398 0.20765522348916762 0.4353843511972634 0.25933730900798174 0.44558923603192707 0.18775553021664765 0.22890792474344357 0.13813498517673886