0 1 0.3755822485746864 0.9459251436716078 0.3661550228050171 0.9306910444697833 0.4254258038768529 1 0.43953410604332954 1 0.3755822485746864
0 0.9460646795895097 0.6763010855188141 0.9617338722919042 0.6078797993158495 0.8914181562143672 0.5956946556442417 0.8760783671607754 0.6557174538198404 0.9460646795895097 0.6763010855188141
0 0.8829302793614595 0.7925523238312429 0.9001694070695553 0.7182121094640821 0.8377344161915622 0.7102043135689852 0.8203719441277081 0.779154496009122 0.8829302793614595 0.7925523238312429
0 0.8409853660205245 0.101540582668187 0.8332816282782213 0.1469007502850627 0.9153991698973775 0.1630474446978335 0.9246388072976055 0.11368189395667047 0.8409853660205245 0.101540582668187
0 0.652682244013683 0.2965405883694413 0.670508763968073 0.24262456100342078 0.6317126795895097 0.23832358380843785 0.617536740022805 0.29006516647662484 0.652682244013683 0.2965405883694413
0 0.6617913340935005 0.4336926841505131 0.6792826134549601 0.3747391288483466 0.59200438654504 0.3571002770809578 0.5800027366020525 0.42066200342075255 0.6617913340935005 0.4336926841505131
0 0.6363656020524515 0.5491028107183581 0.6517244150513113 0.492344763968073 0.5999040285062713 0.4810317844925884 0.5843400159635119 0.5371852645381984 0.6363656020524515 0.5491028107183581
0 0.47757586659064993 0.46115333409350057 0.46636067958950966 0.5277053842645382 0.5088894424173318 0.5331066830102622 0.522819645381984 0.4667439110604333 0.47757586659064993 0.46115333409350057
0 0.4951964047890536 0.21568310262257695 0.5350102827822121 0.2235814914481186 0.5528766248574686 0.16007482098061573 0.5130050672748004 0.15447123831242873 0.4951964047890536 0.21568310262257695
0 0.3981387331812999 0.19666868757126568 0.4082697411630559 0.1558720433295325 0.34547776396807295 0.1401384652223489 0.3315018015963512 0.1850005644241733 0.3981387331812999 0.19666868757126568
0 0.38787786773090077 0.02404299543899658 0.37609433865450403 0.07074811288483467 0.4081897046750285 0.07602684378563283 0.4207673215507412 0.030201350057012542 0.38787786773090077 0.02404299543899658
0 0.22967119042189282 0.14535715621436718 0.2441863283922463 0.09443011516533638 0.20451718244013684 0.08962300228050171 0.19744043443557582 0.14543324629418472 0.22967119042189282 0.14535715621436718
0 0.3280094458380844 0.4554855176738883 0.33992532839224626 0.41685919954389966 0.2875034754846066 0.4052705473204105 0.27832279817559863 0.4323821197263398 0.3280094458380844 0.4554855176738883
0 0.14519753363740023 0.29545712542759406 0.13934824515393388 0.3215020022805017 0.15869207525655643 0.3249886214367161 0.16627458950969212 0.3037920091220068 0.14519753363740023 0.29545712542759406
0 0.18645664994298744 0.34577794298745723 0.20058164652223487 0.3022805393386545 0.17484345610034208 0.29194682554161916 0.15904494754846066 0.33885569555302164 0.18645664994298744 0.34577794298745723