0 0.02803123489167617 0.49462669441277085 0.11903667730900798 0.4868883534777651 0.11539661915621435 0.4262030513112885 0.019992049030786774 0.43865651425313573 0.02803123489167617 0.49462669441277085
0 0.022323192702394527 0.37472207183580386 0.0829400889395667 0.36804492246294185 0.077100007981756 0.3206166545039909 0.017534166476624858 0.3247196362599772 0.022323192702394527 0.37472207183580386
0 0.05371810832383125 0.4025122052451539 0.13875230900798177 0.3980218654503991 0.13783453591790193 0.37174027936145954 0.0560149441277081 0.38114765336374007 0.05371810832383125 0.4025122052451539
0 0.266687992018244 0.7508266248574686 0.33055614823261115 0.75011603990878 0.3389302371721779 0.7285392645381984 0.2779952269099202 0.7261068015963512 0.266687992018244 0.7508266248574686
0 0.9518358563283922 0.7238601140250855 0.9066778118586089 0.7375995507411631 0.9103632862029647 0.7669129600912201 0.9590796761687571 0.7570539828962372 0.9518358563283922 0.7238601140250855
0 0.9671543090079818 0.7704542337514253 0.8989930376282782 0.7789157194982896 0.8987261870011403 0.8148591288483465 0.9682678301026225 0.8023412964652223 0.9671543090079818 0.7704542337514253
0 0.921695669327252 0.8191707366020524 0.8186418118586088 0.8303715781071835 0.8208142850627137 0.8708232531356899 0.9227561847206385 0.8495399099201825 0.921695669327252 0.8191707366020524
0 0.9230743386545041 0.858650662485747 0.8248438152793615 0.8772840513112885 0.8280375370581529 0.9143080307867731 0.9287991299885975 0.8918975769669327 0.9230743386545041 0.858650662485747
0 0.2818394709236032 0.26988057924743447 0.36786248232611174 0.2501537457240593 0.35810972405929303 0.2322505952109464 0.2780590535917902 0.24872824971493726 0.2818394709236032 0.26988057924743447
0 0.2806916431014823 0.28056340592930445 0.2860982793614595 0.30469956784492586 0.3725224515393386 0.28558054161915625 0.3727918677309008 0.2606232109464082 0.2806916431014823 0.28056340592930445
0 0.44488981527936144 0.016376711516533637 0.44750480615735466 0.0041229110604332955 0.3742347366020525 0.007889819840364881 0.37520951539338654 0.024891242873432154 0.44488981527936144 0.016376711516533637