0 0.14357550513112885 0.6719681710376283 0.14679801596351197 0.7334573318129989 0.1930154401368301 0.7318915416191561 0.19166918358038768 0.6751567662485747 0.14357550513112885 0.6719681710376283
0 0.277068409350057 0.7152119931584948 0.27372654732041046 0.6514454549600912 0.1927352166476625 0.6448427822120866 0.20513789737742302 0.7144144492588369 0.277068409350057 0.7152119931584948
0 0.1966250057012543 0.44310846066134546 0.1961353489167617 0.49908309007981755 0.21928715621436717 0.497869755986317 0.21728675712656784 0.44545107069555306 0.1966250057012543 0.44310846066134546
0 0.19621952109464083 0.37005350741163057 0.19662870923603193 0.4214137685290764 0.2214000307867731 0.42925008437856327 0.21754255188141391 0.363226937286203 0.19621952109464083 0.37005350741163057
0 0.26052373888255415 0.1600148301026226 0.25786979019384265 0.261775511972634 0.27994330444697835 0.2663277662485747 0.2800490798175599 0.16241699657924744 0.26052373888255415 0.1600148301026226
0 0.30765035119726336 0.2100685496009122 0.28794598175598635 0.20425031812998862 0.2854875553021665 0.2631826659064994 0.30248886659064994 0.2640043888255416 0.30765035119726336 0.2100685496009122
0 0.845046298745724 0.9492049543899659 0.84900838654504 0.9812536031927024 0.9051571949828963 0.9757418836944128 0.897571961231471 0.9498776476624857 0.845046298745724 0.9492049543899659
0 0.40197649828962373 0.5510952748004562 0.3963546944127708 0.5091427217787914 0.3669375917901938 0.5101134982896237 0.3723291482326112 0.5515072109464082 0.40197649828962373 0.5510952748004562
0 0.6285316693272519 0.6499781413911061 0.6129705883694413 0.5925610638540479 0.5637883683010263 0.5951385952109465 0.5676183078677309 0.6634468164196123 0.6285316693272519 0.6499781413911061
0 0.5788778665906499 0.6605730969213226 0.5859964150513113 0.7092981037628279 0.6343317046750285 0.7101904059293045 0.6335007388825542 0.657710433295325 0.5788778665906499 0.6605730969213226
0 0.8910536522234892 0.14267012314709235 0.8938424789053592 0.28296729418472066 0.9290580581527936 0.2879726180159635 0.9233352964652223 0.1489710228050171 0.8910536522234892 0.14267012314709235
0 0.9257942656784492 0.13057310376282782 0.9265652143671609 0.1670708015963512 0.9614465769669327 0.17066637058152795 0.9591537833523375 0.13567569897377424 0.9257942656784492 0.13057310376282782