0 0.6411276191562143 0.2393919749144812 0.7544916339794755 0.24200405587229193 0.7533074150513114 0.21926049144811857 0.6408274549600912 0.22197719726339796 0.6411276191562143 0.2393919749144812
0 0.7678888472063855 0.17147390421892816 0.812014708095781 0.17156679019384266 0.808943770809578 0.12971460205245153 0.7675274618015964 0.1311052998859749 0.7678888472063855 0.17147390421892816
0 0.6146320399087799 0.2481549338654504 0.733262574686431 0.3235996567844926 0.7444897594070695 0.3065042086659065 0.624513629418472 0.2313280969213227 0.6146320399087799 0.2481549338654504
0 0.6264916351197264 0.30731822462941843 0.7016846989737742 0.32839598403648806 0.7021980649942988 0.30825053363740024 0.6311796191562143 0.2856182212086659 0.6264916351197264 0.30731822462941843
0 0 0.4102386020524515 0.0687146385404789 0.39784806955530216 0.06876444697833524 0.375798511972634 0.04906781870011403 0.3800539076396807 0.04965659293044469 0.36987894526795895 0 0.3775814275940707 0 0.4102386020524515
0 0 0.45563049258836946 0.06713758836944128 0.4448845952109464 0.06783739338654504 0.4356139030786773 0.05030140022805017 0.4350110478905359 0.045721962371721776 0.41642719840364883 0 0.42506332839224625 0 0.45563049258836946
0 0.007042546180159636 0.5018599338654505 0.06114442417331813 0.49338010490307865 0.0603344401368301 0.4605855689851767 0.002248721778791334 0.47030242987457244 0.007042546180159636 0.5018599338654505
0 0.08677520638540479 0.7170962223489167 0.13001226795895096 0.709950425313569 0.11878606727480046 0.6709158529076397 0.0806315803876853 0.6820305461801597 0.08677520638540479 0.7170962223489167
0 0.014204956670467502 0.6369150592930445 0.04567595210946409 0.629377 0.04267632725199544 0.6049470102622577 0.010792337514253137 0.6091215028506272 0.014204956670467502 0.6369150592930445
0 0.01709355188141391 0.6604407799315849 0.05150295096921322 0.6543788825541619 0.047581321550741164 0.6374099144811859 0.016231898517673888 0.6440668415051312 0.01709355188141391 0.6604407799315849
0 0.0368887582668187 0.6626020433295325 0.017648981755986316 0.6649643911060433 0.02081763283922463 0.6814146442417331 0.0408105267958951 0.6795721425313569 0.0368887582668187 0.6626020433295325
0 0.04182695895096921 0.6803652428734323 0.059029582668186996 0.6782530262257697 0.058920419612314714 0.6549087457240592 0.03746093044469784 0.6597769338654504 0.04182695895096921 0.6803652428734323
0 0.15733528392246296 0.6854711904218929 0.19842817445838085 0.6758326602052451 0.1847841014823261 0.5946508848346637 0.14201506271379705 0.6056084207525656 0.15733528392246296 0.6854711904218929
0 0.3571557833523375 0.5314316716077537 0.2678542873432155 0.5451513717217789 0.27496607183580385 0.6180423489167617 0.36752120296465224 0.6008810923603193 0.3571557833523375 0.5314316716077537
0 0.6473162314709235 0.8176975188141391 0.5687768996579248 0.830912598631699 0.5696549144811859 0.8526219179019384 0.6505344561003421 0.8397536419612315 0.6473162314709235 0.8176975188141391