0 0.7138732246294185 0.2144055062713797 0.7275784766248574 0.2488613489167617 0.792273149372862 0.23310374344355758 0.7838103272519954 0.19872305587229191 0.7138732246294185 0.2144055062713797
0 0.11494888141391106 0.5176614800456101 0.05872930672748005 0.5283933352337514 0.06590545153933866 0.5568580296465222 0.12434282212086659 0.5473327366020524 0.11494888141391106 0.5176614800456101
0 0.1241521961231471 0.5509701128848347 0.0357520992018244 0.5663977822120867 0.04771686316989738 0.5992443842645382 0.13340319612314708 0.5833688335233751 0.1241521961231471 0.5509701128848347
0 0 0.6244397274800456 0.005123202964652224 0.6459459486887115 0.1379139464082098 0.619167637400228 0.1305304583808438 0.5859543762827822 0 0.6140444538198403 0 0.6244397274800456
0 0.13599880615735463 0.620890952109464 0.004117977194982896 0.6477169509692132 0.013793295324971493 0.6807241345496009 0.14333466818700114 0.6550129885974914 0.13599880615735463 0.620890952109464
0 0.04914146522234892 0.6765205176738882 0.008533412770809578 0.6853344424173319 0.017513182440136832 0.718556086659065 0.05834477993158495 0.7098291516533638 0.04914146522234892 0.6765205176738882
0 0.10248830216647661 0.6683742041049031 0.06010810832383124 0.676182842645382 0.06929187115165336 0.7098645416191562 0.10809965108323831 0.7005821790193842 0.10248830216647661 0.6683742041049031
0 0.14400626795895097 0.6596079657924743 0.10153076168757127 0.6692352930444698 0.11652099429874573 0.7009345621436716 0.14875532953249715 0.6908594777651084 0.14400626795895097 0.6596079657924743
0 0.15024158950969213 0.6973196932725199 0.015678647662485747 0.7230938563283923 0.02697963511972634 0.7555486898517675 0.156715165336374 0.7304852668187001 0.15024158950969213 0.6973196932725199
0 0.04494773432155074 0.7565416807297605 0.024643708095781074 0.7609486431014822 0.032914696693272516 0.7946372497149373 0.05328876282782212 0.7888938529076397 0.04494773432155074 0.7565416807297605
0 0.15657222462941847 0.7332127309007982 0.05600963055872292 0.7543864549600912 0.06859108323831244 0.7885233637400227 0.16568022576966931 0.7683400547320411 0.15657222462941847 0.7332127309007982