0 0.7344793215507411 0.9734555017103762 0.7307258711516533 0.904387542759407 0.6695472690992018 0.9028769167616875 0.6714923021664766 0.9774403911060434 0.7344793215507411 0.9734555017103762
0 0.4948079190421893 0.902912748004561 0.43287279931584943 0.9014683090079818 0.4285602189281642 0.9742911858608894 0.4987526750285063 0.9741673375142531 0.4948079190421893 0.902912748004561
0 0.37115692246294185 0.8763639874572406 0.3000682223489168 0.8749569304446978 0.3010863432155074 0.9389257548460662 0.3773991824401368 0.9390001345496009 0.37115692246294185 0.8763639874572406
0 0.9217609646522235 0.8289546830102622 0.9719397457240593 0.826852677309008 0.964951945267959 0.7426120661345497 0.9190213933865451 0.7453095940706956 0.9217609646522235 0.8289546830102622
0 0.7845985724059292 0.5694725062713797 0.7309942314709237 0.5672992189281642 0.7325907924743443 0.6030005986316991 0.7891350490307867 0.6082417594070696 0.7845985724059292 0.5694725062713797
0 0.6599336966932725 0.5575008768529076 0.5953012690992018 0.5601051049030786 0.6010029954389965 0.642728732041049 0.6623802565564424 0.6465100467502851 0.6599336966932725 0.5575008768529076
0 0.5409555781071836 0.593076574686431 0.4827401664766249 0.5905432508551881 0.48283127708095785 0.6439162896237173 0.5415895997719499 0.6461136738882555 0.5409555781071836 0.593076574686431
0 0.469741527936146 0.5161089897377423 0.5375370410490308 0.5147537867730901 0.5328066955530217 0.4694119965792475 0.4654375028506271 0.4734552086659065 0.469741527936146 0.5161089897377423
0 0.8431075712656785 0.47505487229190424 0.839598385404789 0.43494468871151654 0.7759492998859748 0.43136213454960093 0.77720951995439 0.4719323363740023 0.8431075712656785 0.47505487229190424
0 0.8158783671607753 0.2684869270239453 0.76902217331813 0.2649609441277081 0.7726431516533637 0.3325147331812999 0.8146731607753706 0.3332088358038769 0.8158783671607753 0.2684869270239453
0 0.892453929304447 0.31516958836944126 0.9399342656784493 0.3171163489167617 0.9385362656784493 0.2836845210946408 0.89037748004561 0.2827093671607754 0.892453929304447 0.31516958836944126
0 0.8333898905359178 0.11977564994298745 0.7774181379703534 0.12543485176738883 0.7847426202964652 0.15682241961231472 0.8376295997719498 0.15950944355758268 0.8333898905359178 0.11977564994298745
0 0.5445002257696694 0.2716402576966933 0.5160183181299887 0.2687936567844926 0.5046841231470923 0.32240397263397946 0.5450009407069555 0.32532542075256554 0.5445002257696694 0.2716402576966933
0 0.5937482702394526 0.1280707810718358 0.6161073090079817 0.130690755986317 0.6194872656784493 0.10827896237172178 0.5927941140250855 0.10843841391106043 0.5937482702394526 0.1280707810718358
0 0.6295764777651083 0.13637541619156215 0.5803159874572406 0.13153402166476624 0.579737449258837 0.15980033067274801 0.6252974492588369 0.1637785188141391 0.6295764777651083 0.13637541619156215