0 0.4396356567844926 0.031876582668187 0.45996419840364877 0.12091939794754845 0.5195523169897377 0.10886900228050171 0.4939422998859749 0.016126090079817558 0.4396356567844926 0.031876582668187
0 0.5973909110604333 0 0.5575789692132269 0.009536592930444699 0.5726273785632839 0.06863428962371722 0.6187812964652224 0.056250305587229196 0.6068860752565565 0 0.5973909110604333 0
0 0.534428614595211 0.044493614595210944 0.5507097297605473 0.12807533295324972 0.5766078152793614 0.12350880159635119 0.5559049076396807 0.043794726339794754 0.534428614595211 0.044493614595210944
0 0.2191436465222349 0.3038668882554162 0.22873604561003422 0.3670145883694413 0.2512682850627138 0.372304275940707 0.24519656100342074 0.3116237468643101 0.2191436465222349 0.3038668882554162
0 0.3412018745724059 0.9785939270239452 0.32131136374002284 0.9357875176738882 0.292796149372862 0.9435167628278222 0.30933919042189284 0.9903869441277081 0.3412018745724059 0.9785939270239452
0 0.2971263295324971 1 0.27932776738882553 0.933927630558723 0.24369701824401369 0.9386657331812999 0.263867732041049 1 0.2971263295324971 1
0 0.24262410604332954 0.9620117377423033 0.2171899441277081 0.8615196488027366 0.17743429190421892 0.8693007651083238 0.21269807753705816 0.967288503990878 0.24262410604332954 0.9620117377423033
0 0.20372026909920182 0.9688715336374002 0.17159717217787915 0.8741902485746864 0.13537798745724058 0.8825056316989738 0.17159364766248575 0.9791676875712656 0.20372026909920182 0.9688715336374002
0 0.6975178369441277 0.25193616077537057 0.7290247787913341 0.3343765575826682 0.7453963762827822 0.3222270752565564 0.7179381812998861 0.24524869897377424 0.6975178369441277 0.25193616077537057
0 0.686779228050171 0.25228626567844925 0.6636304150513113 0.26099938996579247 0.6945912976054732 0.34392163283922467 0.7193432405929304 0.3407150387685291 0.686779228050171 0.25228626567844925
0 0.9712468437856329 0.37811879133409354 0.9837453283922463 0.3790029338654504 0.9698178551881413 0.3069701755986317 0.9531175518814139 0.31030160889395664 0.9712468437856329 0.37811879133409354