0 0.2696045724059293 0.8218309372862029 0.2850306077537058 0.8537008050171038 0.35017885290763967 0.8238203124287343 0.3296093204104903 0.7929668950969213 0.2696045724059293 0.8218309372862029
0 0.9127870923603193 0.35413112314709233 0.8576071379703534 0.37559807867730904 0.8729647993158496 0.4026678369441277 0.9257245632839225 0.3804817913340935 0.9127870923603193 0.35413112314709233
0 0.921765597491448 0.3088893922462942 0.8412524287343215 0.3422332132269099 0.8570373454960092 0.37200055416191563 0.9402980957810718 0.33853060205245156 0.921765597491448 0.3088893922462942
0 0.9537186830102623 0.2543526488027366 0.8293972599771949 0.3081545370581528 0.8435248255416191 0.3391068950969213 0.9675613534777651 0.283506244013683 0.9537186830102623 0.2543526488027366
0 0.9380072611174459 0.22213706385404788 0.8166423261117446 0.2742195245153934 0.830912251995439 0.306070701254276 0.9543337297605473 0.2524113489167617 0.9380072611174459 0.22213706385404788
0 0.9265029566704674 0.18590523717217788 0.8883780604332954 0.202930834663626 0.9043055142531357 0.23359811858608895 0.9421936659064994 0.21653390992018243 0.9265029566704674 0.18590523717217788
0 0.8776628312428734 0.2051722462941847 0.8416330068415052 0.22232035917901938 0.8538181482326112 0.2526578472063854 0.8936487251995439 0.2362085085518814 0.8776628312428734 0.2051722462941847
0 0.8333224241733181 0.22372657126567844 0.8038872143671608 0.24028338654503992 0.8150300524515393 0.2698645929304447 0.8545757331812999 0.2516164914481186 0.8333224241733181 0.22372657126567844
0 0.9095521744583809 0.1516891984036488 0.7878626556442417 0.2031784583808438 0.8010902793614596 0.23427335233751426 0.9273539475484607 0.1810852086659065 0.9095521744583809 0.1516891984036488
0 0.8956198403648803 0.11468878677309008 0.8768851163055872 0.12454268301026226 0.8917702668187002 0.15445368529076398 0.9107143432155074 0.1459215803876853 0.8956198403648803 0.11468878677309008
0 0.8619942166476625 0.12808660661345495 0.7712230513112884 0.16801483010262258 0.7874354013683009 0.20048087685290764 0.8813981961231471 0.15886171037628277 0.8619942166476625 0.12808660661345495