0 0.4722315701254276 0.9053763762827822 0.47792362143671613 0.8340836978335233 0.40004951197263394 0.8321799532497149 0.4000551641961232 0.9072372576966933 0.4722315701254276 0.9053763762827822
0 0.013642531356898517 0.5136150524515394 0.007950342075256557 0.5849088620296464 0.07471662257696693 0.5969357274800456 0.0801812314709236 0.5202536077537058 0.013642531356898517 0.5136150524515394
0 0.0369405393386545 0.21165743899657924 0.032360042189281644 0.273897236031927 0.08390861687571266 0.27256746180159636 0.0893514275940707 0.22115657354618018 0.0369405393386545 0.21165743899657924
0 0.18711785860889396 0.11062024515393386 0.1320601915621437 0.09773338882554161 0.1253699064994299 0.1532038084378563 0.17647880387685289 0.15986174686431015 0.18711785860889396 0.11062024515393386
0 0.56359148004561 0.3483147662485747 0.5527894070695553 0.4986318779931585 0.602499157354618 0.4932473295324971 0.6069541539338655 0.3567017708095781 0.56359148004561 0.3483147662485747
0 0.641609511972634 0.43601352337514254 0.6063677423033067 0.43628163397947545 0.6096987172177879 0.4964289521094641 0.6489082508551881 0.5012432770809578 0.641609511972634 0.43601352337514254
0 0.6994400433295325 0.513574425313569 0.6958996362599772 0.44267951311288484 0.6704474424173318 0.438021858608894 0.6666321254275941 0.5011218677309008 0.6994400433295325 0.513574425313569
0 0.658504811858609 0.13633249486887114 0.6610471584948688 0.09069209806157354 0.5885834868871151 0.04503263169897377 0.5807169007981756 0.12486626681870011 0.658504811858609 0.13633249486887114
0 0.720710511972634 0.05359664766248575 0.7198461767388826 0.02323880387685291 0.6476588928164196 0.016290392246294184 0.6475824583808437 0.05074542531356898 0.720710511972634 0.05359664766248575
0 0.666439771949829 0.6826108517673888 0.713744881413911 0.6838239327251995 0.7069504789053592 0.5895520524515393 0.6760228871151653 0.5796279965792475 0.666439771949829 0.6826108517673888
0 0.5886627297605473 0.5306081037628279 0.5889260763968073 0.5658699669327252 0.6161016841505131 0.5695904150513112 0.6084534378563283 0.5315055792474345 0.5886627297605473 0.5306081037628279
0 0.5803766830102622 0.623027189281642 0.5834444503990878 0.6479115108323831 0.6096833397947548 0.6530483147092361 0.612998134549601 0.6316278551881415 0.5803766830102622 0.623027189281642
0 0.6528931356898517 0.6932007833523376 0.6537679429874572 0.6611414059293045 0.6281303740022804 0.6579935085518813 0.6287641915621437 0.6902381220068415 0.6528931356898517 0.6932007833523376
0 0.6290356066134549 0.5508824059293045 0.6490509236031927 0.5506727673888255 0.6512349361459522 0.5321632303306727 0.6318148392246294 0.5282473740022805 0.6290356066134549 0.5508824059293045
0 0.6766930410490307 0.5751150262257697 0.6780093876852907 0.538514606613455 0.6561290193842646 0.5297014104903078 0.6560217548460662 0.5679816545039909 0.6720539908779931 0.5745454218928164 0.6766930410490307 0.5751150262257697
0 0.6461237822120867 0.6111875256556443 0.6477092462941848 0.6481442417331813 0.6671973762827823 0.6524510079817559 0.6691158437856329 0.6109467092360319 0.6461237822120867 0.6111875256556443