0 0.7209885450399088 0.1388656339794755 0.6594243762827822 0.13779102736602053 0.6642894743443557 0.18574412770809579 0.7210366727480045 0.18510954846066133 0.7209885450399088 0.1388656339794755
0 0.643456369441277 0.26857901710376286 0.7073006921322692 0.26969342303306726 0.7039932941847206 0.19783456328392246 0.6340311619156215 0.18786745381984038 0.643456369441277 0.26857901710376286
0 0.48847892588369446 0.1963524549600912 0.43255548232611174 0.1987952998859749 0.43561775142531356 0.21936270923603193 0.4880743158494869 0.21953250399087798 0.48847892588369446 0.1963524549600912
0 0.41087413568985176 0.19955613454960092 0.35953088255416193 0.20093964310148232 0.3534526328392246 0.22248792816419613 0.41957018472063856 0.2240388825541619 0.41087413568985176 0.19955613454960092
0 0.25347040935005705 0.2663312041049031 0.151864338654504 0.2725349327251996 0.15494646750285063 0.29196454503990876 0.2587902451539339 0.2882324002280502 0.25347040935005705 0.2663312041049031
0 0.19702990193842645 0.2983966750285063 0.2035322622576967 0.31788598745724056 0.2572551117445838 0.3108453124287343 0.2558405518814139 0.2938830364880274 0.19702990193842645 0.2983966750285063
0 0.9931406533637401 0.8320002713797034 0.9609732531356898 0.829159078677309 0.9634786556442417 0.8816292679589509 0.9895918563283923 0.8883072314709236 0.9931406533637401 0.8320002713797034
0 0.5055199828962371 0.396098755986317 0.5476431778791334 0.40025301254275936 0.5470201858608894 0.37060934663626 0.5054635267958951 0.3666656944127708 0.5055199828962371 0.396098755986317
0 0.5964472953249715 0.6096714344355758 0.6543724697833523 0.6232192098061574 0.6657070946408209 0.561872905359179 0.5973068209806157 0.5604292212086659 0.5964472953249715 0.6096714344355758
0 0.7121718369441277 0.578639629418472 0.663228078677309 0.5732258962371721 0.6622734697833524 0.6279153990877994 0.7147504720638541 0.6269143340935005 0.7121718369441277 0.578639629418472
0 0.29684440935005696 0.9011768928164196 0.1565353740022805 0.9032860661345495 0.16395904903078679 0.9353281470923603 0.30307568985176736 0.9361963363740022 0.29684440935005696 0.9011768928164196
0 0.18216052337514255 0.9379244230330672 0.14565815393386544 0.9384276966932725 0.15192187115165334 0.9715888141391106 0.18697124515393387 0.972659054732041 0.18216052337514255 0.9379244230330672