0 0.3239761984036488 0.738430637400228 0.21207896579247434 0.7200667548460662 0.21008636716077536 0.7427537924743444 0.32184977194982894 0.7557177103762829 0.3239761984036488 0.738430637400228
0 0.18899623261117446 0.7880459817559863 0.14531272976054732 0.78181286659065 0.1425290820980616 0.8236851436716078 0.18373587685290763 0.828072015963512 0.18899623261117446 0.7880459817559863
0 0.3514334914481186 0.7334404310148233 0.24445733751425314 0.6422197514253135 0.23096018928164197 0.6575863055872291 0.33930622690992013 0.7487282588369442 0.3514334914481186 0.7334404310148233
0 0.34792325313568984 0.6732023774230331 0.27639541961231473 0.6418648928164197 0.27308334435575826 0.6617428415051312 0.34026083580387684 0.694038755986317 0.34792325313568984 0.6732023774230331
0 0.9278513454960091 0.6915304139110604 0.9853430558722919 0.6907103968072976 0.9881903443557583 0.6582591368301026 0.9128713204104904 0.6611811163055872 0.9097532919042189 0.683009157354618 0.9298504709236033 0.6815364150513114 0.9278513454960091 0.6915304139110604
0 0.9189960171037629 0.62390490649943 0.9362774503990878 0.6269424332953251 0.9382259486887116 0.6459827605473204 0.9925548164196124 0.643424267958951 0.9958160262257696 0.6133933717217788 0.9209792417331814 0.6148218289623718 0.9189960171037629 0.62390490649943
0 0.9884188779931584 0.5667645838084379 0.9336633523375143 0.5676323614595211 0.9299013363740023 0.6002204709236032 0.988774094640821 0.5986821436716077 0.9884188779931584 0.5667645838084379
0 0.9394172725199544 0.34252631927023947 0.8956064880273661 0.34358513797035345 0.9012908734321551 0.38380221322690994 0.9406209099201824 0.37810576624857467 0.9394172725199544 0.34252631927023947
0 1 0.43203869555302166 0.9679083956670468 0.43511177537058154 0.9674788312428734 0.4597214811858609 0.9996335051311288 0.46002500684150516 1 0.43902857012542756 1 0.43203869555302166
0 1 0.4083468380843786 0.9656176944127708 0.4095422462941847 0.9671395347776511 0.42689185974914484 0.9991103318129988 0.42466271379703535 1 0.4144685131128848 1 0.4083468380843786
0 1 0.391634503990878 0.9997670364880274 0.38704016647662487 0.9797122839224629 0.3860822633979476 0.9812341049030787 0.40343301596351194 1 0.4037605758266819 1 0.391634503990878
0 0.9788161231470923 0.3851554218928164 0.9614869498289624 0.3848529395667047 0.9583461550741162 0.4079852291904219 0.9802743226909921 0.4061510011402509 0.9788161231470923 0.3851554218928164
0 0.8651425267958951 0.36402351311288483 0.823108125427594 0.36784921778791335 0.8253210957810718 0.45013982554161913 0.8691989042189281 0.4452412269099202 0.8651425267958951 0.36402351311288483
0 0.6458285096921323 0.48875429190421893 0.7361703432155075 0.4875964766248575 0.7392722337514254 0.41442510034207525 0.6452294572405929 0.41853815963511976 0.6458285096921323 0.48875429190421893
0 0.3983323888255416 0.164891834663626 0.4779465644241733 0.1627359258836944 0.4800984481185861 0.14111568415051312 0.398215102622577 0.14260247092360318 0.3983323888255416 0.164891834663626