0 0.9143189064994298 0.5584658312428734 1 0.5979498859749145 0.9977220957810718 0.4115410022805017 0.9750239179019383 0.40205011402508556 0.9143189064994298 0.5584658312428734
0 0.6775649201824401 0.23348519384264538 0.6714943055872291 0.002277904218928164 0.5990888380843785 0.0034168563283922464 0.615341685290764 0.2365227787913341 0.6775649201824401 0.23348519384264538
0 0.5834715256556442 0.2380410022805017 0.5789179954389966 0.21374373546180161 0.5455296123147092 0.2107061505131129 0.5485649201824401 0.2365227787913341 0.5834715256556442 0.2380410022805017
0 0.5774009110604333 0.31093394070695557 0.5713302964652224 0.25019020524515395 0.5307517080957811 0.24449544469783352 0.5349066054732041 0.3215637810718358 0.5774009110604333 0.31093394070695557
0 0.5349066054732041 0.40660592246294186 0.5227653762827822 0.34130637856328394 0.4813974948688712 0.3375091117445838 0.49392938540478903 0.41723576282782215 0.5349066054732041 0.40660592246294186
0 0.49392938540478903 0.4825364469783352 0.4772357628278221 0.430903189281642 0.44153416875712653 0.4381173124287343 0.46054214139110605 0.4886104789053592 0.49392938540478903 0.4825364469783352
0 0.46054214139110605 0.5645410022805017 0.45447152565564425 0.5007596807297605 0.41495785860889395 0.5026571755986318 0.42867084264538197 0.5645410022805017 0.46054214139110605 0.5645410022805017
0 0.42715375826681873 0.6480637810718358 0.40894191334093505 0.599468109464082 0.3826879270239453 0.6032653762827822 0.39983599087799315 0.6526195895096922 0.42715375826681873 0.6480637810718358
0 0.351271070695553 0.9350797263397947 0.351271070695553 1 0.3731970387685291 0.9981013671607754 0.36644760775370583 0.9305239179019384 0.351271070695553 0.9350797263397947
0 0.3436822326111744 1 0.3360945324971494 0.9183747149372862 0.3102949885974915 0.9123006830102623 0.3143507970353478 1 0.3436822326111744 1
0 0.0037289293044469787 0.002277904218928164 0.001138952109464082 0.06643849714937286 0.0037289293044469787 0.13173918015963512 0.05229384948688711 0.022399771949828964 0.0037289293044469787 0.002277904218928164
0 0.9036947605473205 0.5569476077537059 0.9598473808437856 0.39597608209806157 0.8097949885974914 0.34130637856328394 0.7519305233751425 0.4946845096921323 0.9036947605473205 0.5569476077537059