0 0.3282407251995439 0.3381557913340935 0.7221997263397947 0.47993559977194983 0.7423654709236033 0.4367444914481186 0.34983187799315846 0.29092656898517677 0.3282407251995439 0.3381557913340935
0 0.061435458380843785 0.18699030444697834 0.05317606385404789 0.23972048574686433 0.27261973660205246 0.3162647309007982 0.2917431379703535 0.27163366476624856 0.061435458380843785 0.18699030444697834
0 0.10119261117445838 0.11970805017103762 0.08327102052451539 0.15805530672748005 0.229957984036488 0.2180278323831243 0.2543327833523375 0.17458582212086657 0.10119261117445838 0.11970805017103762
0 0.18701216077537058 0.06935521550741162 0.087518 0.03193601710376283 0.06861659407069555 0.07339239566704675 0.17494474116305586 0.11115802394526796 0.18701216077537058 0.06935521550741162
0 0.06388820410490308 0.021145093500570124 0.03305365222348917 0.00985036488027366 0.02960042873432155 0.05923376738882554 0.04391932953249715 0.06696409007981756 0.06388820410490308 0.021145093500570124
0 0.16296729646522234 0 0.15411288369441278 0.02221911630558723 0.5194647708095781 0.15352634435575827 0.5397516453819841 0.10315972976054731 0.23916510490307866 0 0.16296729646522234 0
0 0.32878331812998857 0 0.4896368129988598 0.0570087149372862 0.5084074355758267 0.006536072976054731 0.4238720855188141 0 0.32878331812998857 0
0 0.8599347867730901 0.44996651767388823 0.8867041710376282 0.4594544595210946 0.9330996556442417 0.3408511927023945 0.9063035929304447 0.326285165336374 0.8599347867730901 0.44996651767388823
0 0.8542189988597492 0.466321441277081 0.8391915302166476 0.4850702748004561 0.8640207936145952 0.5005137844925883 0.882295945267959 0.47891614367160773 0.8542189988597492 0.466321441277081
0 0.9499289418472063 0.29633517673888254 0.9191395598631699 0.2789512291904219 0.909392858608894 0.30935566020524513 0.9358877502850627 0.32276902166476623 0.9499289418472063 0.29633517673888254
0 0.7333381550741163 0.5385920638540479 0.8355480364880273 0.5807698757126568 0.86500786659065 0.5081874207525655 0.7506649794754846 0.46517147434435574 0.7333381550741163 0.5385920638540479
0 1 0.035632394526795896 0.9895980433295325 0.03415811630558723 0.9404202155074116 0.17077766020524515 0.9924757069555302 0.18371632725199544 1 0.15572598517673888 1 0.035632394526795896
0 0.8960720935005702 0.28190805017103765 0.8290955404789054 0.25894745952109466 0.7473133386545039 0.4695069589509692 0.8167782428734321 0.4895747890535918 0.8960720935005702 0.28190805017103765