0 0.761892221208666 0.8981444047890536 0.739038905359179 0.8454707844925884 0.5637991322690992 0.903130448118586 0.5939754743443557 0.9527787525655644 0.761892221208666 0.8981444047890536
0 0.6233410604332954 1 0.7822724561003421 0.9672348825541619 0.7638677537058153 0.9177104629418472 0.5934987662485747 0.9664298836944127 0.6076833306727479 1 0.6233410604332954 1
0 0.793448149372862 1 0.7829440638540478 0.9806377844925883 0.7313235370581528 1 0.793448149372862 1
0 0.7930074401368301 0.6924603660205245 0.7215172884834664 0.694520181299886 0.7335344823261117 0.7420152041049031 0.800312685290764 0.744347150513113 0.7930074401368301 0.6924603660205245
0 0.714362802736602 0.6818516134549601 0.7952132679589509 0.67279644013683 0.7808313694412772 0.649514961231471 0.712324007981756 0.6531969464082098 0.714362802736602 0.6818516134549601
0 0.477538441277081 0.5558184435575826 0.5963472770809578 0.5367721163055872 0.5119964595210946 0.25440915393386543 0.40155842189281643 0.2839613078677309 0.477538441277081 0.5558184435575826
0 0.728633322690992 0.44724089737742306 0.6490259270239452 0.4642019019384265 0.6964236328392246 0.6298635803876853 0.7755554982896238 0.6265526100342075 0.7772557217787913 0.6213673318129989 0.728633322690992 0.44724089737742306
0 0.8730915438996579 0.6618482303306726 0.8576160296465223 0.6263810706955529 0.8009315404789054 0.6395873922462941 0.8087664378563284 0.6763068848346636 0.8114459885974915 0.6757451596351197 0.8730915438996579 0.6618482303306726
0 0.7979246670467504 0.627787338654504 0.8566272474344356 0.6111607525655645 0.8460225986316989 0.5667510741163055 0.7892321767388826 0.5829908551881414 0.7979246670467504 0.627787338654504
0 0.7825732291904219 0.5778669566704675 0.8480165655644242 0.5531540649942988 0.8310755997719498 0.5161165815279362 0.7726089646522235 0.5368541334093501 0.7825732291904219 0.5778669566704675
0 0.7730456054732041 0.5243503660205245 0.8328577058152793 0.5085864891676168 0.817700023945268 0.4640178152793615 0.7591804424173318 0.4862715279361459 0.7730456054732041 0.5243503660205245
0 0.7595916442417332 0.47449624629418474 0.8133588517673888 0.4577919030786773 0.7862887286202964 0.36269584606613453 0.6130959064994299 0.4052412018244013 0.7595916442417332 0.47449624629418474
0 0.6160257115165336 0.40838067046750287 0.7919567673888255 0.3635604709236032 0.7464786533637401 0.1972991322690992 0.5759507890535918 0.25056817331812997 0.6160257115165336 0.40838067046750287
0 0.9063423489167617 0.13392738996579245 0.9574198950969213 0.11810693956670468 0.9566429726339795 0.09681970467502851 0.9060829372862029 0.10872074914481185 0.9063423489167617 0.13392738996579245