0 0.7038726624857469 0.17939888141391105 0.7043869806157355 0.11943790535917903 0.6544881482326111 0.1094526282782212 0.654982370581528 0.1796058244013683 0.7038726624857469 0.17939888141391105
0 0.24497509920182442 0.14460278449258837 0.18246246180159634 0.14678577423033068 0.17713272633979477 0.18085228050171037 0.25113981527936147 0.19044749372862027 0.24497509920182442 0.14460278449258837
0 0.7699005484606612 0.315224031927024 0.8338520330672748 0.3168996784492588 0.8366687730900798 0.28552684720638544 0.7661785655644241 0.28329685062713794 0.7699005484606612 0.315224031927024
0 0.8945633625997719 0.3004458882554162 0.9610732884834663 0.30072923147092356 0.9566968494868872 0.25006090649942986 0.8953326168757128 0.2478179977194983 0.8945633625997719 0.3004458882554162
0 0.41122169441277084 0.12576544127708095 0.3642005974914481 0.12349857354618016 0.36807824059293043 0.15985061345496007 0.4099386716077537 0.16371360889395667 0.41122169441277084 0.12576544127708095
0 0.715462558722919 0.5112900798175599 0.7741596864310148 0.5118462508551881 0.7719481550741163 0.4858608529076397 0.7143942041049031 0.4806964127708096 0.715462558722919 0.5112900798175599
0 0.24043835233751423 0.5747905621436716 0.30308732383124287 0.576511692132269 0.3005576385404789 0.5414155416191563 0.23231765222348916 0.5382786385404789 0.24043835233751423 0.5747905621436716
0 0.7812200399087799 0.7513728996579248 0.8216377229190421 0.7512655838084379 0.8241362690992019 0.7107808620296465 0.7810729703534778 0.7098167993158494 0.7812200399087799 0.7513728996579248
0 0.8596332611174459 0.7564535518814139 0.8176858403648803 0.7500994857468644 0.815323629418472 0.7944883272519954 0.8590844378563284 0.7967378380843786 0.8596332611174459 0.7564535518814139
0 0.8189752132269099 0.9364005872291904 0.881578779931585 0.9368214846066134 0.877520456100342 0.8952627730900798 0.8123119042189282 0.8949339851767389 0.8189752132269099 0.9364005872291904
0 0.5957740809578107 0.9298612394526795 0.6402355974914481 0.9335204503990878 0.6417785803876853 0.8657046510832384 0.5973477844925884 0.8629251778791335 0.5957740809578107 0.9298612394526795
0 0.06960711402508551 0.798376716077537 0.11007020296465221 0.7995696351197263 0.11768676966932726 0.7563002668187002 0.07034615165336375 0.7541951619156215 0.06815267616875713 0.7567270752565564 0.06960711402508551 0.798376716077537