0 0.6320430729760548 0.48178055530216646 0.6667436020524515 0.48117485518814135 0.6662410957810718 0.3990730592930445 0.6339823774230331 0.402954771949829 0.6320430729760548 0.48178055530216646
0 0.6283515176738883 0.6502138506271379 0.6351696259977195 0.5729599441277081 0.6054614948688711 0.5734785017103763 0.5993936567844925 0.6532077183580387 0.6283515176738883 0.6502138506271379
0 0.5779798643101483 0.6610455758266819 0.5934704503990877 0.5512944298745723 0.5594816830102622 0.5510586180159636 0.5523061128848347 0.6623228015963512 0.5779798643101483 0.6610455758266819
0 0.5159989509692132 0.576699394526796 0.5034774754846066 0.6903388802736602 0.5370693443557583 0.6916182668187001 0.5474867423033067 0.5761497730900798 0.5159989509692132 0.576699394526796
0 0.5951714640820981 0.36381999885974914 0.5882639965792474 0.49913333751425315 0.620703299885975 0.49690778905359184 0.6299300581527937 0.3607260193842645 0.5951714640820981 0.36381999885974914
0 0.5518189977194983 0.3969237206385405 0.5504468962371721 0.4608114446978335 0.58436330672748 0.45690193728620293 0.5866644161915621 0.398803897377423 0.5518189977194983 0.3969237206385405
0 0.4845768209806157 0.48601390535917904 0.5155150433295325 0.488998929304447 0.5238480330672748 0.4090237582668187 0.494045708095781 0.41120213683010265 0.4845768209806157 0.48601390535917904
0 0.450081496009122 0.4567574287343215 0.4797517502850627 0.45955702736602055 0.4888434139110604 0.39802296351197264 0.45978310034207526 0.3952127183580388 0.450081496009122 0.4567574287343215
0 0.4248431459521095 0.672841984036488 0.4451942884834663 0.5586518551881414 0.41373097377423035 0.5585783774230331 0.3958551904218928 0.6741770592930445 0.4248431459521095 0.672841984036488
0 0.34356147434435574 0.7173893363740023 0.3817037423033067 0.7225294618015963 0.4096931402508552 0.5171796009122007 0.3806328278221209 0.5143693557582668 0.34356147434435574 0.7173893363740023
0 0.3617256465222349 0.8083062428734322 0.3717734811858609 0.7475845781071836 0.3432102417331813 0.7447656556442418 0.33270989509692134 0.8079836259977194 0.3617256465222349 0.8083062428734322
0 0.3246553728620296 0.8213941984036488 0.33264166362599773 0.7627829498289623 0.2996262177879134 0.7646034401368301 0.2940109042189281 0.8227593283922463 0.3246553728620296 0.8213941984036488
0 0.34060621550741166 0.40558726567844927 0.3447257001140251 0.4453264401368301 0.3768593648802737 0.44061782098061575 0.36870628620296464 0.40094905359179017 0.34060621550741166 0.40558726567844927
0 0.30345185404789055 0.3664247172177879 0.30639501368301025 0.44703215165336374 0.3395274572405929 0.4387821858608894 0.33652380045610036 0.36169972063854045 0.30345185404789055 0.3664247172177879
0 0.30724653933865453 0.7263175233751425 0.33819140364880274 0.7243256180159635 0.3783962405929304 0.48123230444697834 0.34526638426453815 0.482639677309008 0.30724653933865453 0.7263175233751425
0 0.3070187970353478 0.4758432120866591 0.29411044241733186 0.5747665712656784 0.3244710524515393 0.573407535917902 0.34014977423033066 0.4744346795895097 0.3070187970353478 0.4758432120866591
0 0.24155113112884835 0.38160426681870013 0.23964809122006842 0.42435208665906504 0.2713049977194983 0.4242134868871152 0.2738811060433295 0.38187017445838084 0.24155113112884835 0.38160426681870013
0 0.23217851881413912 0.5094954161915621 0.22943618015963513 0.5520503272519954 0.2610612873432155 0.549632574686431 0.26366631128848345 0.508945794754846 0.23217851881413912 0.5094954161915621
0 0.2202047605473204 0.6307969783352337 0.21420430216647662 0.6891671470923603 0.2452484025085519 0.6884177126567845 0.25250692018244014 0.6294040524515393 0.2202047605473204 0.6307969783352337
0 0.20962816077537058 0.7371448551881414 0.2027389714937286 0.8044463751425314 0.2347296921322691 0.7980820741163055 0.2403594732041049 0.7407550216647663 0.20962816077537058 0.7371448551881414
0 0.20249700912200685 0.47103151653363745 0.1941963945267959 0.55266544013683 0.22372936031927024 0.5477957993158495 0.229070834663626 0.4738863044469784 0.20249700912200685 0.47103151653363745
0 0.20669010490307868 0.37889527366020526 0.2022365165336374 0.4561079064994299 0.23283756328392247 0.4522551277080958 0.23489264766248577 0.3800623135689851 0.20669010490307868 0.37889527366020526
0 0.1777347890535918 0.6711418175598631 0.17805597035347778 0.6970557799315849 0.20802804446978335 0.6971541470923603 0.20840823261117447 0.6714366396807298 0.1777347890535918 0.6711418175598631