0 0.44402158608893955 0.9024518722919042 0.4546728985176739 0.8317299167616876 0.3771212850627138 0.8243985860889396 0.37189118928164194 0.8992734481185861 0.44402158608893955 0.9024518722919042
0 0.013877535917901938 0.4796553044469783 0.003226006841505131 0.5503783797035348 0.06899069669327251 0.5670333283922463 0.07979106955530217 0.49091919498289627 0.013877535917901938 0.4796553044469783
0 0.05818228848346636 0.18005843101482327 0.04927132155074116 0.2418270969213227 0.10078708551881414 0.24409640935005703 0.10980288141391106 0.19319042531356898 0.05818228848346636 0.18005843101482327
0 0.21504178221208667 0.08974319954389966 0.16101717445838085 0.07304710604332953 0.15047376510832383 0.12791571151653364 0.20099373090079817 0.13812260889395667 0.21504178221208667 0.08974319954389966
0 0.5740176009122007 0.353120181299886 0.5527562497149373 0.5023176134549601 0.6027205176738883 0.5004137582668187 0.6166895974914481 0.36451158266818695 0.5740176009122007 0.353120181299886
0 0.6457280296465223 0.4460475724059293 0.6105534047890536 0.4438566875712657 0.6096805997719499 0.5040898460661345 0.6484587913340935 0.5116275632839224 0.6457280296465223 0.4460475724059293
0 0.6980073135689852 0.5274535929304447 0.6994209099201825 0.4564844104903079 0.6743556168757128 0.45006264652223493 0.6661479600912201 0.5127428038768529 0.6980073135689852 0.5274535929304447
0 0.6834868643101482 0.1482751071835804 0.689206732041049 0.10292323375142531 0.6201046214367162 0.05232018129988598 0.6066882850627138 0.1314106009122007 0.6834868643101482 0.1482751071835804
0 0.7513123956670468 0.07008005131128849 0.7525678232611175 0.039735864310148236 0.6810410798175598 0.02776884834663626 0.6785613694412771 0.06213461915621437 0.7513123956670468 0.07008005131128849
0 0.6532960444697834 0.6937762725199543 0.7004013010262258 0.698286236031927 0.7001995222348917 0.6037700433295325 0.670039535917902 0.5917127628278221 0.6532960444697834 0.6937762725199543
0 0.5863116385404789 0.5367183432155074 0.5841145997719498 0.5719126795895098 0.6109644846066133 0.5775197411630558 0.6059915324971493 0.5389941619156214 0.5863116385404789 0.5367183432155074
0 0.5715989464082099 0.6283342941847206 0.5729233979475484 0.6533719965792475 0.5987400456100341 0.6603266191562144 0.6035409817559862 0.6391895678449259 0.5715989464082099 0.6283342941847206
0 0.6390436898517674 0.7033954424173318 0.642152716077537 0.6714751835803877 0.6167971847206386 0.666546566704675 0.6151801881413911 0.6987568472063854 0.6390436898517674 0.7033954424173318
0 0.625171905359179 0.5597595279361459 0.6451530889395667 0.5609465974914482 0.6486229418472064 0.5426344982896237 0.6295233078677309 0.5373735028506271 0.625171905359179 0.5597595279361459
0 0.6710228665906499 0.5872575324971494 0.6748891231470924 0.550838094640821 0.6536768312428735 0.5405200695553022 0.6508995324971494 0.578699582668187 0.6664348506271379 0.5863657126567845 0.6710228665906499 0.5872575324971494
0 0.6380117822120867 0.6211097582668187 0.6370154139110604 0.6580870467502851 0.6561556476624857 0.6637427445838084 0.6609646351197264 0.6224733728620296 0.6380117822120867 0.6211097582668187