0 1 0.543413 0.9330312805017104 0.5594978665906499 0.9503246214367161 0.6182008802736603 1 0.6077422702394526 1 0.543413
0 0.870414810718358 0.3312524595210946 0.8878400193842646 0.3907033420752566 0.957687645381984 0.37607163854047887 0.9396401299885975 0.3082388791334093 0.870414810718358 0.3312524595210946
0 0.8104344310148233 0.20983473774230332 0.8301926533637399 0.27813697605473203 0.8923101413911061 0.26795510832383124 0.8724870798175598 0.19426181641961232 0.8104344310148233 0.20983473774230332
0 0.9378624367160775 0.8712630912200684 0.9269055940706956 0.822250070695553 0.8454015883694412 0.8412527901938426 0.8546836795895097 0.8863164686431014 0.9378624367160775 0.8712630912200684
0 0.6247917594070695 0.7057049737742304 0.640764818700114 0.7569203033067275 0.6793871676168757 0.7512679828962372 0.6596898654503991 0.698006936145952 0.6247917594070695 0.7057049737742304
0 0.5827228574686432 0.5764976111744584 0.5969354686431015 0.6396017662485747 0.6835449407069556 0.61892769327252 0.6640068677309008 0.5606204868871152 0.5827228574686432 0.5764976111744584
0 0.5829908905359179 0.4598939635119726 0.6005051505131128 0.5154700604332954 0.6518991516533638 0.5023554675028506 0.6345688688711516 0.4461680102622577 0.5829908905359179 0.4598939635119726
0 0.5239663648802737 0.5324394355758267 0.5077286202964653 0.4666032474344356 0.46541426795895097 0.47348548802736606 0.47894525541619154 0.5396055929304447 0.5239663648802737 0.5324394355758267
0 0.5250559247434435 0.8448644047890537 0.5647076316989738 0.8378727388825542 0.5446358221208666 0.7750282805017104 0.5051218472063854 0.7843113420752565 0.5250559247434435 0.8448644047890537
0 0.34259776852907636 0.8206880490307868 0.3581308802736602 0.8650350649942987 0.42033551311288486 0.8471196636259978 0.4087868950969213 0.8067014378563284 0.34259776852907636 0.8206880490307868
0 0.43721132497149373 0.9722776419612315 0.42304208209806154 0.9269190171037628 0.3911504925883694 0.9333146442417332 0.4045568289623717 0.9795800695553022 0.43721132497149373 0.9722776419612315
0 0.2099989464082098 0.8649099384264538 0.21901913340935006 0.9204392086659066 0.25849634777651087 0.914250590649943 0.24221272405929303 0.8638611436716077 0.2099989464082098 0.8649099384264538
0 0.28081766818700116 0.5753131117445838 0.29093893272519955 0.6020877673888255 0.3429244127708096 0.5886766795895098 0.3296677502850627 0.5504897491448119 0.28081766818700116 0.5753131117445838
0 0.17332544583808437 0.707735314709236 0.16500780045610033 0.6868162405929304 0.14579743443557583 0.6909758266818701 0.15255211288483467 0.7168007001140251 0.17332544583808437 0.707735314709236
0 0.16487650285062713 0.672945299885975 0.1823024834663626 0.7192742337514253 0.2076643534777651 0.7080485644241733 0.1920299236031927 0.665070614595211 0.16487650285062713 0.672945299885975