0 0.7023782212086659 0.8400801778791334 0.7633525381984037 0.8315107970353478 0.7577645917901938 0.7856057115165337 0.7013630433295325 0.7918916066134549 0.7023782212086659 0.8400801778791334
0 0.7338228152793614 0.7033263067274801 0.6705901904218928 0.7122130729760547 0.6710715017103763 0.7934716681870011 0.7392974629418472 0.7750526123147092 0.7338228152793614 0.7033263067274801
0 0.46976582326111743 0.8071789851767389 0.5255701288483466 0.8027882690992018 0.522343598631699 0.7798303090079818 0.4702987286202964 0.786391685290764 0.46976582326111743 0.8071789851767389
0 0.39702420638540475 0.8139500855188141 0.44815336259977195 0.8090661128848347 0.4538008962371722 0.7837060741163057 0.3883651881413911 0.7933031698973775 0.39702420638540475 0.8139500855188141
0 0.1821803078677309 0.7681966419612314 0.2837850661345496 0.761971464082098 0.28639616533637396 0.7395851904218929 0.18287158836944128 0.7485362383124287 0.1821803078677309 0.7681966419612314
0 0.22793620296465222 0.7168868916761687 0.22385745952109465 0.7370233717217788 0.28277981870011404 0.7343361505131129 0.28211665222348914 0.7173279167616876 0.22793620296465222 0.7168868916761687
0 0.9174228278221209 0.11711591562143671 0.9490042018244014 0.11037568072976055 0.9386197651083238 0.054920913340935004 0.913515047890536 0.06473149942987458 0.9174228278221209 0.11711591562143671
0 0.5594441527936146 0.5931972462941847 0.5181412143671608 0.6024540627137971 0.5216721664766248 0.6316746157354619 0.5624384583808438 0.6226958757126568 0.5594441527936146 0.5931972462941847
0 0.6382051562143671 0.35888597605473205 0.5823628061573547 0.37939207069555303 0.5892170410490307 0.42816249144811863 0.6569315290763968 0.4183936716077537 0.6382051562143671 0.35888597605473205
0 0.653087409350057 0.4074274196123147 0.7010065803876854 0.3960892953249715 0.6976827879133409 0.3478601664766249 0.6454749418472063 0.3532619019384265 0.653087409350057 0.4074274196123147
0 0.10994729874572406 0.14157777537058153 0.24946753591790194 0.1265718574686431 0.2513845724059293 0.09105404104903078 0.1134106921322691 0.10886981299885974 0.10994729874572406 0.14157777537058153
0 0.09486846864310149 0.10802368529076398 0.1311600889395667 0.10407468757126567 0.1317018654503991 0.06901268301026225 0.09704417445838084 0.07434638996579247 0.09486846864310149 0.10802368529076398