0 0.18741949258836943 0.32795524629418477 0.21963261117445837 0.30958804675028506 0.195024598631699 0.2477160125427594 0.16215629874572404 0.26088134207525654 0.18741949258836943 0.32795524629418477
0 0.5710783580387685 0.8788458244013683 0.589530023945268 0.9330246887115166 0.616718976054732 0.9219568620296464 0.599153472063854 0.8654138643101482 0.5710783580387685 0.8788458244013683
0 0.6027819794754846 0.8650964104903079 0.6303624230330673 0.9504890866590651 0.6612241904218927 0.9340693990877993 0.6335779087799316 0.851426409350057 0.6027819794754846 0.8650964104903079
0 0.6365380957810719 0.8539113523375143 0.6833509566704675 0.9815242383124286 0.7133991516533638 0.9697489395667047 0.6684005450399088 0.8419773272519955 0.6365380957810719 0.8539113523375143
0 0.6703736248574687 0.8436339908779932 0.715292818700114 0.9704979064994299 0.7466322337514253 0.9563230364880273 0.7031426339794754 0.8316206510832383 0.6703736248574687 0.8436339908779932
0 0.7375500125427594 0.9219039019384264 0.751929709236032 0.9608900992018243 0.7835783010262257 0.9473741607753705 0.7692536351197263 0.9081544880273661 0.7375500125427594 0.9219039019384264
0 0.7220585336374001 0.8702099817559864 0.7356893614595211 0.9110909817559864 0.7677651402508552 0.8973090079817561 0.7531721140250854 0.8601707582668188 0.7220585336374001 0.8702099817559864
0 0.7075994230330673 0.8303160900798177 0.7230445062713797 0.871038362599772 0.7523490433295325 0.8517823272519954 0.7378858563283922 0.8212638757126568 0.7075994230330673 0.8303160900798177
0 0.744076354618016 0.8188929920182441 0.7883272269099202 0.9485593067274801 0.8188934184720639 0.9328514595210946 0.7760182155074117 0.807866661345496 0.744076354618016 0.8188929920182441
0 0.8173760695553021 0.9149200273660205 0.8245659179019384 0.9344131254275941 0.8567755701254275 0.9215340820980615 0.8482525450399088 0.9021576214367161 0.8173760695553021 0.9149200273660205
0 0.7787390296465222 0.8076286202964652 0.8137022998859749 0.9042657331813 0.8457559908779932 0.8870557833523375 0.8122569064994298 0.79372048004561 0.7787390296465222 0.8076286202964652