0 0.17313582896237173 0.2309019110604333 0.16350360433295325 0.2917173842645382 0.2116671197263398 0.2935734150513113 0.2189364002280502 0.2372901607753706 0.17313582896237173 0.2309019110604333
0 0.29079645724059294 0.32573216191562143 0.30078543101482325 0.2626642633979476 0.2291655952109464 0.25593865336374005 0.2095586385404789 0.32383276624857465 0.29079645724059294 0.32573216191562143
0 0.19770410832383126 0.4691493819840365 0.1923401402508552 0.5248685598631699 0.21313357468643102 0.5246985233751426 0.220602259977195 0.4727760923603193 0.19770410832383126 0.4691493819840365
0 0.19007611060433297 0.5464447924743443 0.18430055530216646 0.5974809247434435 0.20479320524515396 0.6064989635119726 0.21553085062713798 0.5412407137970354 0.19007611060433297 0.5464447924743443
0 0.2342949646522235 0.7116099703534778 0.22629748802736602 0.8130906100342076 0.2459669612314709 0.8127425564424173 0.25672339908779934 0.7093899646522235 0.2342949646522235 0.7116099703534778
0 0.2581933762827822 0.7719638540478905 0.2783979737742303 0.7682371619156215 0.27890259407069556 0.714057267958951 0.2619085245153934 0.7130973683010262 0.2581933762827822 0.7719638540478905
0 0.8974011824401369 0.05786406499429875 0.890110802736602 0.08932299657924744 0.9424190399087798 0.09414441505131128 0.9526662690992019 0.06921474002280502 0.8974011824401369 0.05786406499429875
0 0.39787814937286203 0.48007347890535923 0.4078543922462942 0.4389383842645382 0.378412511972634 0.4354297126567845 0.3687236704675028 0.47603309578107184 0.39787814937286203 0.48007347890535923
0 0.6220269885974914 0.41975463740022806 0.6435045438996579 0.36427867160775373 0.584332732041049 0.3445165997719498 0.5733836191562144 0.4120502839224629 0.6220269885974914 0.41975463740022806
0 0.6074029270239453 0.30083752565564426 0.5952302246294184 0.3485515210946408 0.6492546362599771 0.35710814709236033 0.6555667023945269 0.30500252565564423 0.6074029270239453 0.30083752565564426
0 0.8689988734321551 0.757011526795895 0.8515602770809578 0.8962486237172178 0.8843237023945267 0.8933565917901939 0.9045447366020525 0.75571465336374 0.8689988734321551 0.757011526795895
0 0.8894278677309008 0.8756935838084379 0.884846094640821 0.9119107582668187 0.9185562314709236 0.91032313340935 0.9244939863169896 0.8757638061573546 0.8894278677309008 0.8756935838084379