0 0.8063858164196124 0.682848850627138 0.7735513158494869 0.7000806408209806 0.7959850342075258 0.7627737913340935 0.8292927753705815 0.7507635689851768 0.8063858164196124 0.682848850627138
0 0.4421864697833523 0.11890435917901938 0.42563685860889394 0.06411454618015963 0.39807820866590654 0.07422674914481185 0.4136596898517674 0.131348330672748 0.4421864697833523 0.11890435917901938
0 0.41002231356898516 0.1315389566704675 0.38543883238312426 0.04523575598631699 0.3540228255416192 0.06056838084378564 0.37876806841505134 0.14412586887115164 0.41002231356898516 0.1315389566704675
0 0.37589640706955535 0.1415391299885975 0.33356568871151654 0.01237023717217788 0.3031248472063854 0.023089695553021667 0.34363687685290767 0.15235390193842646 0.37589640706955535 0.1415391299885975
0 0.34172281527936144 0.15062938882554164 0.3012584720638541 0.022275096921322693 0.26944345153933863 0.035347603192702394 0.3085545096921323 0.16149178791334093 0.34172281527936144 0.15062938882554164
0 0.2773189304446978 0.07006273432155073 0.26430859179019384 0.030598442417331815 0.2322075803876853 0.04300162827822121 0.2451547730900798 0.08269733181299886 0.2773189304446978 0.07006273432155073
0 0.2909968802736602 0.12226580957810718 0.27880108209806154 0.08093400456100343 0.24626385974914483 0.09358815393386546 0.2595518905359179 0.13121306841505131 0.2909968802736602 0.12226580957810718
0 0.3040549064994299 0.1626400148232611 0.29004041847206385 0.12140352337514253 0.26008170695553023 0.1396251140250855 0.27347100456100343 0.1706297331812999 0.3040549064994299 0.1626400148232611
0 0.2672015359179019 0.17278312656784492 0.22750290877993157 0.04165146864310148 0.1964071402508552 0.05628300228050171 0.23489431927023946 0.18268798631698974 0.2672015359179019 0.17278312656784492
0 0.19729776738882557 0.07425646636259978 0.1907925974914481 0.05452432041049031 0.15815309578107184 0.06627141733181299 0.16599469897377422 0.08593352337514253 0.19729776738882557 0.07425646636259978
0 0.2321668551881414 0.18283092702394527 0.20059746978335233 0.08503248118586089 0.16796268643101483 0.10111329076396808 0.198184007981756 0.19556083808437857 0.2321668551881414 0.18283092702394527