0 0.5073103033067274 0.366906496009122 0.513336905359179 0.33272794070695555 0.4326476681870011 0.3175554526795895 0.4303028095781072 0.3499621539338654 0.5073103033067274 0.366906496009122
0 0.671944622576967 0.4026688152793615 0.5974110456100342 0.3812352337514253 0.592251497149373 0.4104964891676169 0.6693580649942987 0.4316658950969213 0.671944622576967 0.4026688152793615
0 0.6729659749144812 0.45418179019384264 0.5681870091220068 0.4180343033067275 0.5614701676168757 0.45135360661345497 0.6693209509692132 0.4796275484606613 0.6729659749144812 0.45418179019384264
0 0.5783429543899657 0.498929929304447 0.6875053534777651 0.5329047867730901 0.6951708643101482 0.5001742132269099 0.5838115849486887 0.46791578449258836 0.5783429543899657 0.498929929304447
0 0.38448158038768526 0.3805927343215508 0.5159908244013683 0.4131922953249715 0.5199958768529076 0.380924338654504 0.38807669783352333 0.3458823945267959 0.38448158038768526 0.3805927343215508
0 0.4087050524515393 0.4294651824401368 0.4711571710376283 0.4430024264538198 0.4737910478905359 0.4089631870011402 0.41719950513112886 0.3956187274800456 0.4087050524515393 0.4294651824401368
0 0.48332798859749143 0.5124711391106043 0.4921614595210947 0.4826709087799316 0.4152456670467503 0.4592310376282782 0.41169747092360315 0.4889014640820981 0.48332798859749143 0.5124711391106043
0 0.4480270171037628 0.5407502884834664 0.45643653021664765 0.5121593489167617 0.3977677913340935 0.4914934720638541 0.38946420980615737 0.519483645381984 0.4480270171037628 0.5407502884834664
0 0.6553257856328393 0.6067558164196124 0.5471168323831243 0.564990078677309 0.5410412223489167 0.5958613033067275 0.6511051687571265 0.6354659258836944 0.6553257856328393 0.6067558164196124
0 0.6835454036488028 0.6950441493728621 0.6958689783352338 0.6585834458380844 0.4996326020524515 0.5919256898517674 0.49132901938426454 0.6199158631698973 0.6835454036488028 0.6950441493728621
0 0.7762577981755987 0.6945614686431014 0.7185689783352337 0.6731120011402508 0.7103517251995439 0.7006125781071836 0.7704046431014823 0.7229825598631698 0.7762577981755987 0.6945614686431014
0 0.7820319498289624 0.7334479566704676 0.7260214104903079 0.7144248437856328 0.7215088095781073 0.7471810684150513 0.7775247582668188 0.7637898791334093 0.7820319498289624 0.7334479566704676
0 0.37690812542759405 0.6384504732041049 0.41670321436716073 0.6419892668187 0.4182124982896237 0.6095475416191561 0.3777168768529076 0.6099816670467503 0.37690812542759405 0.6384504732041049
0 0.3313757172177879 0.6674496374002281 0.41106374686431013 0.6799411755986317 0.4092873249714937 0.645843299885975 0.3330479566704675 0.6340837434435577 0.3313757172177879 0.6674496374002281
0 0.6853803386545041 0.7323954549600913 0.6893295895096921 0.701639062713797 0.4583740285062714 0.6157885108323831 0.45343406955530213 0.6485782177879134 0.6853803386545041 0.7323954549600913
0 0.4394644914481186 0.6848262622576967 0.5341073192702395 0.7163729201824401 0.5385663306727481 0.6863108050171038 0.4444035256556442 0.6520352337514252 0.4394644914481186 0.6848262622576967
0 0.3344651607753706 0.7311094640820981 0.37606446522234893 0.7411342086659065 0.381968834663626 0.7100324823261117 0.3408950330672748 0.6994242189281642 0.3344651607753706 0.7311094640820981
0 0.4582182109464082 0.7647126567844926 0.49946800570125427 0.7755244709236032 0.5031290285062714 0.7440190775370581 0.4636868415051312 0.7336985119726339 0.4582182109464082 0.7647126567844926
0 0.5750064207525656 0.7996118529076397 0.6311592234891676 0.8166396191562144 0.6363470524515393 0.7860228882554162 0.5798026305587229 0.7676373922462941 0.5750064207525656 0.7996118529076397
0 0.6773822770809578 0.8302862622576967 0.7421327594070695 0.8498906134549601 0.7419895062713797 0.8172732862029647 0.6867899258836944 0.8008084230330673 0.6773822770809578 0.8302862622576967
0 0.4147975028506271 0.7865095758266819 0.4933477491448119 0.8102341721778792 0.49420273318129987 0.780314638540479 0.42267036488027365 0.7609687058152793 0.4147975028506271 0.7865095758266819
0 0.32515414253135694 0.764813094640821 0.4000983762827822 0.7839177229190423 0.4021553397947548 0.7531437594070696 0.33168103990877995 0.7373513945267959 0.32515414253135694 0.764813094640821
0 0.6065063591790194 0.8489996887115165 0.6320054937286204 0.8536290262257696 0.6378209942987457 0.824226393386545 0.6126485336374002 0.8189460581527936 0.6065063591790194 0.8489996887115165