0 0.8907373352337514 0.31581020524515396 0.8308316168757126 0.3131857046750285 0.828066237172178 0.3619981630558723 0.898097425313569 0.36616324173318127 0.8907373352337514 0.31581020524515396
0 0.836111527936146 0.8355881676168757 0.8415631835803877 0.7732754515393386 0.7961039395667048 0.7647198574686431 0.8018127708095781 0.8391276966932725 0.836111527936146 0.8355881676168757
0 0.7003218551881414 0.17618823033067274 0.6986482417331813 0.24013976738882553 0.7303368757126568 0.24552758950969214 0.7317991060433295 0.1750172770809578 0.7003218551881414 0.17618823033067274
0 0.7231283865450399 0.049987622576966935 0.7199304800456101 0.11642122805017104 0.7725265062713798 0.11840735803876853 0.7734982269099202 0.057009839224629426 0.7231283865450399 0.049987622576966935
0 0.868878251995439 0.6553178563283922 0.8690753854047891 0.6082425610034208 0.8311120763968074 0.6075377719498289 0.8327789726339795 0.649543007981756 0.868878251995439 0.6553178563283922
0 0.502518393386545 0.22559605473204103 0.5000018323831242 0.28424184834663624 0.5304976579247435 0.28690988711516535 0.5283524367160776 0.2291645267958951 0.502518393386545 0.22559605473204103
0 0.4132875507411631 0.6926385017103763 0.4117275290763968 0.7552916921322691 0.447764409350057 0.7653121493728621 0.44820320980615735 0.697001510832383 0.4132875507411631 0.6926385017103763
0 0.26591198517673886 0.1656528449258837 0.2636895188141391 0.20600952109464082 0.30518097035347774 0.208331267958951 0.3064719874572406 0.16527653021664768 0.26591198517673886 0.1656528449258837
0 0.2668696590649943 0.16966034207525657 0.2627196602052452 0.12743786202964652 0.22246185860889398 0.12587761687571267 0.2224180228050171 0.16969618244013684 0.2668696590649943 0.16966034207525657
0 0.08374745496009121 0.09608269099201824 0.08089135689851767 0.15862248916761687 0.12195240022805016 0.16744686088939567 0.12503681527936145 0.10231046750285062 0.08374745496009121 0.09608269099201824
0 0.07441303876852907 0.3372678825541619 0.0757402976054732 0.38185997491448115 0.1426669874572406 0.38379159064994295 0.14221665222348917 0.33927622006841507 0.07441303876852907 0.3372678825541619
0 0.22366685860889396 0.9157614754846065 0.22404225541619158 0.8683755632839225 0.18043356670467503 0.873717149372862 0.17950717559863172 0.9141872166476626 0.2210236180159635 0.9178194344355758 0.22366685860889396 0.9157614754846065