0 0.45386760091220063 0.9601214948688712 0.47868897263397947 0.907590882554162 0.2983821049030787 0.8685646282782212 0.28115987457240593 0.9233385188141391 0.45386760091220063 0.9601214948688712
0 0.4477593797035348 1 0.45576862941847207 0.9736480148232611 0.2812403740022805 0.9430038916761687 0.26811320638540476 0.9941808266818699 0.3269453808437856 1 0.4477593797035348 1
0 0.22687369099201826 0.7743998152793614 0.2930423204104903 0.7651004207525656 0.3000291026225769 0.716609441277081 0.22871527137970354 0.7220336659064994 0.22687369099201826 0.7743998152793614
0 0.30485256670467503 0.6745516191562144 0.23633562257696694 0.6780507742303307 0.22446608779931587 0.7027080330672748 0.3058201698973774 0.7032624253135691 0.30485256670467503 0.6745516191562144
0 0.5753201128848346 0.27485484378563285 0.46239802394526797 0.25700849828962374 0.4080242565564424 0.5466417069555303 0.5281731277080958 0.5531647924743444 0.5753201128848346 0.27485484378563285
0 0.26710432725199545 0.4714286077537058 0.23694945496009123 0.649683582668187 0.23918237286202967 0.6546627343215508 0.31822683694412773 0.6496840353477765 0.3480485324971494 0.47997545838084377 0.26710432725199545 0.4714286077537058
0 0.14587003648802738 0.6999602941847206 0.2086305165336374 0.7073373797035347 0.21135410490307868 0.7076159384264538 0.21530785062713798 0.670278629418472 0.15755344697833523 0.6630697958950968 0.14587003648802738 0.6999602941847206
0 0.22102717331813 0.6127692177879133 0.16285033637400229 0.6025546157354618 0.15694585632839225 0.6478295005701254 0.21706480957810717 0.658228913340935 0.22102717331813 0.6127692177879133
0 0.23273672177879134 0.5651476385404789 0.17242270809578109 0.550635117445838 0.1594460182440137 0.5892405188141391 0.22711404903078677 0.606977338654504 0.23273672177879134 0.5651476385404789
0 0.24080435917901938 0.5134384675028506 0.18027920752565563 0.49742362485746866 0.16986325655644244 0.5433325564424173 0.2309954732041049 0.5527580102622577 0.24080435917901938 0.5134384675028506
0 0.37761865336374 0.41758204218928163 0.2009273990877993 0.39337333295324967 0.18394581413911062 0.49077804218928167 0.2391645575826682 0.5017706738882555 0.37761865336374 0.41758204218928163
0 0.3983925518814139 0.259873606613455 0.22323072633979477 0.22472139452679588 0.19538078791334093 0.39482569327252 0.3750330615735462 0.42101056100342077 0.3983925518814139 0.259873606613455
0 0.05524180843785633 0.15331144355758267 0.0037147480045610034 0.14676055644241734 0.005167204104903079 0.16801238768529078 0.05761862941847206 0.17840711630558723 0.05524180843785633 0.15331144355758267