0 0.6147475336374003 0.3808276145952109 0.623081015963512 0.3494230661345496 0.5418481641961231 0.3374990889395667 0.5364189783352338 0.3717776180159635 0.6147475336374003 0.3808276145952109
0 0.36211621208665906 0.38025124287343215 0.4419139885974914 0.3853386180159635 0.4465620729760547 0.35599177309007984 0.36911109920182444 0.3519918631698974 0.36211621208665906 0.38025124287343215
0 0.34653651653363743 0.42561196009122004 0.4577165313568985 0.4339912029646522 0.46221333637400225 0.4003003922462942 0.35137440820980614 0.400365818700114 0.34653651653363743 0.42561196009122004
0 0.431200189281642 0.4423773956670467 0.3154056043329533 0.4366233033067275 0.3119974549600912 0.47006631470923604 0.42627366248574683 0.4734822576966933 0.431200189281642 0.4423773956670467
0 0.6560013454960091 0.3907176043329532 0.5198607696693273 0.3809017286202965 0.5131422029646522 0.41271559863169893 0.6481000148232611 0.42470733181299886 0.6560013454960091 0.3907176043329532
0 0.6122726237172178 0.428262771949829 0.5544197388825541 0.42245580273660205 0.5458280250855188 0.45549804218928164 0.6092849589509691 0.46303074686431017 0.6122726237172178 0.428262771949829
0 0.5871050114025085 0.5182546191562144 0.5934098722919042 0.4890455005701254 0.5130532850627137 0.4861670011402509 0.5117034914481186 0.5172195701254276 0.5871050114025085 0.5182546191562144
0 0.5981703888255415 0.5544090820980616 0.5994319064994299 0.525240472063854 0.5372313728620296 0.5256797696693273 0.535874425313569 0.5554509030786773 0.5981703888255415 0.5544090820980616
0 0.3130238643101482 0.5788905188141391 0.4299853751425314 0.5772769281641961 0.4342914595210946 0.5461095860889396 0.31838029076396807 0.5503704777651084 0.3130238643101482 0.5788905188141391
0 0.46915778677309006 0.6162056716077537 0.4704193044469783 0.5870370604332953 0.2631725233751425 0.5861748916761688 0.2629542474344356 0.6246613283922463 0.46915778677309006 0.6162056716077537
0 0.17173136716077536 0.6227990125427595 0.23579546978335236 0.6211990957810718 0.23697921664766247 0.5925215142531357 0.17545010148232612 0.5940207411630558 0.17173136716077536 0.6227990125427595
0 0.15171360205245155 0.6590650079817559 0.21008502166476625 0.6615980775370581 0.21648265678449258 0.629157298745724 0.15733033181299885 0.6289087582668188 0.15171360205245155 0.6590650079817559
0 0.5798144367160775 0.6438011995438997 0.5416664116305587 0.6302066419612316 0.5325314743443558 0.6613722690992018 0.5713105883694413 0.6709822884834663 0.5798144367160775 0.6438011995438997
0 0.6142028608893956 0.6811329384264537 0.5382885849486887 0.6674307080957811 0.5255077628278222 0.6990925359179019 0.6049211220068414 0.7132254401368301 0.6142028608893956 0.6811329384264537
0 0.49565661687571266 0.6556438483466362 0.5016610775370581 0.6230322782212087 0.2553380992018244 0.6290137936145952 0.24905888711516533 0.6593802850627138 0.49565661687571266 0.6556438483466362
0 0.5030696681870012 0.6618525792474345 0.4028779532497149 0.6636043580387686 0.397306763968073 0.6934803591790194 0.4970639030786773 0.6944650980615735 0.5030696681870012 0.6618525792474345
0 0.5855105267958951 0.7403588141391105 0.5432207708095781 0.7370168027366021 0.5386777309007982 0.7683463375142532 0.5812743831242874 0.7724111641961231 0.5855105267958951 0.7403588141391105
0 0.4582499726339795 0.732788692132269 0.4175966043329532 0.7297058586088939 0.4108010171037628 0.7606867058152794 0.4533234469783352 0.7638935541619156 0.4582499726339795 0.732788692132269
0 0.3374109190421893 0.7270749304446978 0.27796138540478904 0.7260496955530217 0.2728987411630559 0.7566873751425314 0.3315359578107183 0.7588688711516534 0.3374109190421893 0.7270749304446978
0 0.22545301254275943 0.7236071003420753 0.16790034891676167 0.721203708095781 0.15714573660205244 0.7519973591790193 0.22475107297605473 0.7545417753705816 0.22545301254275943 0.7236071003420753
0 0.4881535074116306 0.7719268255416192 0.4142199042189281 0.766930102622577 0.40528745952109463 0.7954979327251996 0.4872821505131129 0.7986393454960091 0.4881535074116306 0.7719268255416192
0 0.5818746488027365 0.7792194458380843 0.5100983979475484 0.7712072314709236 0.5020242713797035 0.800974267958951 0.5791052964652224 0.8073099429874572 0.5818746488027365 0.7792194458380843
0 0.28965003990877997 0.7648946476624857 0.2641299007981756 0.7616919509692132 0.2600560045610034 0.7913860285062715 0.2856730741163056 0.7953106100342074 0.28965003990877997 0.7648946476624857