0 0.9691056225769669 0.44781473090079815 0.8797215872291905 0.46658616419612314 0.8907301915621437 0.5263755165336373 0.9839059350057012 0.5023879863169898 0.9691056225769669 0.44781473090079815
0 1 0.614131976054732 0.9893838152793615 0.5661299657924743 0.9300324891676169 0.5801446864310148 0.9416090900798175 0.6265077058152794 1 0.6152206909920183 1 0.614131976054732
0 0.9548361470923603 0.5423730535917901 0.8709830136830103 0.5571929863169898 0.8750968654503991 0.5831668244013682 0.9551601151653364 0.5638582725199545 0.9548361470923603 0.5423730535917901
0 0.7010048586088939 0.22260941733181297 0.6376993660205245 0.23109827594070698 0.6320172428734322 0.2535347662485747 0.692794496009122 0.24852298859749145 0.7010048586088939 0.22260941733181297
0 0.02425037514253136 0.3328734446978335 0.06739740136830102 0.31373303876852904 0.060166993158494865 0.28508727366020525 0.013015233751425314 0.30080979703534777 0.02425037514253136 0.3328734446978335
0 0 0.267230606613455 0.0033677080957810715 0.28849348004561004 0.06998972063854048 0.2717882953249715 0.06587418244013683 0.23608028278221208 0 0.2564770923603193 0 0.267230606613455
0 0.042550458380843786 0.23460008893956671 0.14347112884834665 0.21092362941847206 0.13638502964652224 0.1710382337514253 0.03779677651083239 0.20458652565564422 0.042550458380843786 0.23460008893956671
0 0.03637067274800456 0.19558245724059292 0.13159816191562143 0.165116669327252 0.12391615735461801 0.12875787685290765 0.026636773090079818 0.1632810364880274 0.03637067274800456 0.19558245724059292
0 0.7445788962371721 0.7018170649942987 0.6616011835803877 0.731880425313569 0.6734630923603192 0.748461566704675 0.7509089555302166 0.7223510114025086 0.7445788962371721 0.7018170649942987
0 0.744416259977195 0.6910739817559862 0.7361084640820981 0.667776629418472 0.6526585085518815 0.6972856031927024 0.6554326339794755 0.722089740022805 0.744416259977195 0.6910739817559862
0 0.6136382542759408 0.9733021915621436 0.6125361185860889 0.9857833409350056 0.6848009726339795 0.9731151345496009 0.6817615074116306 0.9563592337514253 0.6136382542759408 0.9733021915621436