0 0.5045156545039909 0.2769419190421893 0.6734312862029647 0.6600511961231471 0.7190393363740023 0.635218094640821 0.5461948608893957 0.2538124378563284 0.5045156545039909 0.2769419190421893
0 0.7908143489167616 0.9275793135689853 0.8428399361459521 0.9156617673888254 0.7423373112884835 0.6918195290763968 0.6991489441277081 0.7140096522234891 0.7908143489167616 0.9275793135689853
0 0.8701812770809578 0.8918609931584949 0.9071849749144812 0.8713080889395667 0.8417583637400228 0.7223690376282782 0.8001224766248575 0.7497148232611175 0.8701812770809578 0.8918609931584949
0 0.9956970923603193 0.8788267217787914 0.9514286841505132 0.7821851550741162 0.9105694857468642 0.7971391949828963 0.9556601949828963 0.9005739361459522 0.9956970923603193 0.8788267217787914
0 1 0.9058767936145952 0.9637956351197263 0.924762622576967 0.9725059646522235 0.9385074036488028 1 0.934643369441277 1 0.9058767936145952
0 1 0.6852131676168758 0.89310065336374 0.43266301026225773 0.8442718700114025 0.45641386431014824 1 0.8100248061573546 1 0.6852131676168758
0 1 0.513420992018244 0.9916754002280502 0.45719074116305586 0.9426350809578107 0.47943643215507414 1 0.611272102622577 1 0.513420992018244
0 0.5134716545039909 0.1114095062713797 0.5248038209806157 0.13745183694412771 0.6449493671607753 0.08256840820980615 0.6285496248574687 0.056853693272519955 0.5134716545039909 0.1114095062713797
0 0.4912325518814139 0.1605932793614595 0.5088874503990878 0.14429456328392248 0.4943648802736602 0.11716457240592931 0.47409466020524516 0.13690178221208665 0.4912325518814139 0.1605932793614595
0 0.6912726088939567 0.06646186088939567 0.6717832485746864 0.036960122006841505 0.646393259977195 0.05281104218928164 0.6616221379703535 0.0783057251995439 0.6912726088939567 0.06646186088939567
0 0.396020228050171 0.17090356328392248 0.4452250980615735 0.26992229076396806 0.5172581801596351 0.2475161117445838 0.46637086088939567 0.13645239908779933 0.396020228050171 0.17090356328392248
0 0.7854831938426453 0 0.7976982086659065 0.03768723717217788 0.8831589635119725 0 0.7854831938426453 0
0 0.7175088038768529 0.1548911448118586 0.6899320969213227 0.08967939224629418 0.4883024834663626 0.18326618700114025 0.513167054732041 0.25116201710376285 0.7175088038768529 0.1548911448118586