0 0.5300462884834664 0.0385488015963512 0.5070733283922463 0.09191366590649942 0.688632354618016 0.12462352793614595 0.7039325131128847 0.0692819566704675 0.5300462884834664 0.0385488015963512
0 0.5343548198403649 0 0.5276743489167617 0.02509686659064994 0.7031657502850628 0.04963137400228051 0.7140656727480046 0 0.5343548198403649 0
0 0.763383511972634 0.21623537172177879 0.6975797343215507 0.22783835233751426 0.69228951995439 0.2765436282782212 0.7633706066134549 0.2686338905359179 0.763383511972634 0.21623537172177879
0 0.6889367913340936 0.318744165336374 0.7572898779931585 0.31285593614595214 0.7682916556442417 0.2877994561003421 0.6869677856328392 0.2900846180159635 0.6889367913340936 0.318744165336374
0 0.43258322348916767 0.7276366385404789 0.5460593511972633 0.7415311881413911 0.5902919429874571 0.45017679817559864 0.4699886100342075 0.4478508221208666 0.43258322348916767 0.7276366385404789
0 0.7337509258836944 0.5204260456100341 0.7576664196123146 0.3412272690992018 0.7552610923603192 0.33632907753705815 0.676438534777651 0.3440633568985177 0.6525577491448118 0.5147093135689852 0.7337509258836944 0.5204260456100341
0 0.8469357229190422 0.28780255872291904 0.7839560193842646 0.28262027594070693 0.7812243683010263 0.2824369395667047 0.7785760843785633 0.31988948688711516 0.836546889395667 0.32507832953249716 0.8469357229190422 0.28780255872291904
0 0.7748672953249716 0.3775634675028506 0.8333651767388826 0.385741503990878 0.8376859885974914 0.34028813683010267 0.7772407240592931 0.3319931790193843 0.7748672953249716 0.3775634675028506
0 0.7648268483466363 0.42556469327251994 0.8256106009122007 0.4379634458380844 0.8372320763968073 0.3989286818700114 0.7689862599771949 0.38356424629418473 0.7648268483466363 0.42556469327251994
0 0.7585687502850628 0.477523921322691 0.8196159418472064 0.4914167103762828 0.8284233489167617 0.4451722348916762 0.7669994287343216 0.4378860057012543 0.7585687502850628 0.477523921322691
0 0.6251831402508552 0.5780967035347777 0.8026116316989738 0.5961242291904219 0.816183496009122 0.4981862075256557 0.7606147525655644 0.4891273797035348 0.6251831402508552 0.5780967035347777
0 0.6099258415051311 0.7364340661345495 0.7862077582668187 0.7654518050171037 0.8081041767388826 0.5944791801596352 0.6276475028506272 0.5745800376282783 0.6099258415051311 0.7364340661345495
0 1 0.8135240866590651 0.9533353135689852 0.8059580912200685 0.9565865131128849 0.8309555256556441 1 0.8349411676168758 1 0.8135240866590651