0 0.6330801368301026 0.05713471037628278 0.5986914903078678 0.10396404561003421 0.7682390524515393 0.17667744925883694 0.79559621322691 0.12619606613454962 0.6330801368301026 0.05713471037628278
0 0.6523600980615736 0.008439196123147093 0.6337950182440136 0.0434939771949829 0.7992695222348917 0.10687664196123148 0.8219205267958951 0.059144752565564424 0.6523600980615736 0.008439196123147093
0 0.8402728597491449 0.020880818700114025 0.757000094640821 0.013923145952109464 0.8237577194982896 0.04585138768529076 0.8402728597491449 0.020880818700114025
0 0.8204661619156214 0.2827566396807298 0.7537388289623718 0.2792596077537058 0.737627898517674 0.3255265313568985 0.8086664846066135 0.3338092850627138 0.8204661619156214 0.2827566396807298
0 0.7248680444697834 0.3658912713797035 0.7927938095781072 0.3755300558722919 0.809150094640821 0.3535906339794755 0.7293964994298746 0.3375233363740023 0.7248680444697834 0.3658912713797035
0 0.3831040091220068 0.706636850627138 0.49054615735461804 0.745701858608894 0.5991855473204105 0.47176503192702396 0.4824888118586089 0.44243630900798175 0.3831040091220068 0.706636850627138
0 0.7231650444697834 0.5724850444697833 0.7867785393386545 0.40325893614595215 0.7855367137970354 0.397945205245154 0.7069945381984036 0.38775003648802736 0.6453388278221208 0.5486503409350058 0.7231650444697834 0.5724850444697833
0 0.8857778209806157 0.3712847217787913 0.8255780421892815 0.35206790992018244 0.822957645381984 0.35127478449258837 0.8119522474344356 0.3871716921322691 0.8672700285062714 0.4052681379703535 0.8857778209806157 0.3712847217787913
0 0.7953646909920183 0.44253319612314707 0.8505236180159635 0.46366079019384265 0.8649584709236032 0.42034436031927025 0.8079283740022805 0.3986647765108324 0.7953646909920183 0.44253319612314707
0 0.7747836545039909 0.48704554389965793 0.8312204104903079 0.5127998859749145 0.8513249395667047 0.4773798449258837 0.7882845051311289 0.44705723033067274 0.7747836545039909 0.48704554389965793
0 0.7569976670467502 0.5362652953249715 0.8133550250855188 0.5635346431014823 0.8323394435575826 0.520456645381984 0.774128858608894 0.4995397867730901 0.7569976670467502 0.5362652953249715
0 0.6044067685290765 0.6042551698973774 0.7732324686431015 0.6617333774230332 0.808487748004561 0.5693585062713797 0.7563810216647662 0.5480316077537059 0.6044067685290765 0.6042551698973774
0 0.5539223568985177 0.7551022098061574 0.7191586077537058 0.8230310296465223 0.7789542953249715 0.6613660444697833 0.607599047890536 0.6013829965792474 0.5539223568985177 0.7551022098061574
0 0.8704354355758267 0.9251827753705816 0.9197658301026226 0.9414451299885975 0.9223951014823262 0.92030661345496 0.8728907628278222 0.9000946624857469 0.8704354355758267 0.9251827753705816