0 0 0.49550163968072974 0.015013890535917902 0.5055114344355758 0.10444910490307868 0.3635525769669327 0.02787612770809578 0.30844523147092356 0 0.461839417331813 0 0.49550163968072974
0 0.2748440250855188 0.7277371949828962 0.2366866750285063 0.9558548825541618 0.3079791721778791 0.9685524709236032 0.3365036419612315 0.7366281710376283 0.2748440250855188 0.7277371949828962
0 0.36807794868871146 0.7412189555302167 0.3679116795895097 0.7659386670467503 0.40010702622576966 0.7752912474344356 0.4020535302166477 0.7493697787913342 0.36807794868871146 0.7412189555302167
0 0.3879456567844926 0.6708235929304447 0.38231428620296465 0.7316096225769669 0.4210607194982896 0.7449425142531356 0.4316874914481186 0.6684973489167616 0.3879456567844926 0.6708235929304447
0 0.4479142976054732 0.5850176704675029 0.4473727172177879 0.6514341345496009 0.48725600114025086 0.6630549988597492 0.4901669190421893 0.5824019532497149 0.4479142976054732 0.5850176704675029
0 0.5026268768529076 0.5183010262257697 0.509161701254276 0.572170929304447 0.5455838757126568 0.571901534777651 0.5365596830102622 0.5187091778791334 0.5026268768529076 0.5183010262257697
0 0.5510479099201825 0.4441737115165336 0.5448369418472064 0.5079415188141392 0.5839866909920183 0.5136184492588369 0.5823336431014824 0.45025504218928164 0.5510479099201825 0.4441737115165336
0 0.5997597525655644 0.36855628620296466 0.6083645028506272 0.4197341014823261 0.6348606830102623 0.42101609806157353 0.6274449042189282 0.36929665564424174 0.5997597525655644 0.36855628620296466
0 0.7290134857468643 0.10129273090079818 0.7414008574686431 0.03756522576966932 0.7195154549600912 0.03524530330672748 0.713246494868871 0.10286901710376282 0.7290134857468643 0.10129273090079818
0 0.7648902748004561 0.13147186431014823 0.7776428015963512 0.044609946408209804 0.7488502679589509 0.039013244013683016 0.7407237217787913 0.12058664424173318 0.7648902748004561 0.13147186431014823
0 0.11458836488027366 0.3670700889395667 0.02875261117445838 0.5143696887115166 0.16561664766248574 0.5966663021664766 0.2516839064994299 0.45714722006841507 0.11458836488027366 0.3670700889395667