0 0.5124659099201824 1 0.6315017229190422 0.9881184036488028 0.6389782189281642 0.9646794139110605 0.477866921322691 0.9178379304446977 0.448381535917902 1 0.5124659099201824 1
0 1 0.5559583762827822 0.7725273010262258 0.5919392223489168 0.7809764389965792 0.6536609361459521 1 0.6286907810718357 1 0.5559583762827822
0 0.7682371870011403 0.5603226602052451 0.7920451299885974 0.553668810718358 0.7921611664766248 0.5201427377423034 0.7667073226909921 0.5254165632839225 0.7682371870011403 0.5603226602052451
0 0.6950925393386544 0.5606281847206385 0.7550760376282782 0.5492865051311289 0.7572124709236032 0.5083659988597491 0.6807995267958952 0.5192220342075257 0.6950925393386544 0.5606281847206385
0 0.5960809954389965 0.5266339452679589 0.6600738779931584 0.5088476864310147 0.6602512462941847 0.46730626909920187 0.581920205245154 0.48673910718358043 0.5960809954389965 0.5266339452679589
0 0.5168680102622577 0.49243043671607756 0.566849842645382 0.4713002041049031 0.5565515724059293 0.4363632177879133 0.5079072018244014 0.4596996282782212 0.5168680102622577 0.49243043671607756
0 0.43226561687571263 0.46631740935005705 0.49527514253135685 0.45471098631698975 0.4899410250855188 0.4155130581527936 0.4294878494868871 0.43456739110604337 0.43226561687571263 0.46631740935005705
0 0.34615067844925884 0.44033556898517673 0.39297416191562146 0.41795763397947544 0.3869031584948689 0.3921345051311288 0.3392313055872292 0.41351881870011403 0.34615067844925884 0.44033556898517673
0 0 0.4157201550741163 0.05947449714937286 0.40447844697833524 0.05361330330672748 0.38975672633979475 0 0.3944472827822121 0 0.4157201550741163
0 0 0.3857225245153934 0.06893202394526796 0.37318200114025085 0.07273436488027366 0.3469512451539339 0 0.3567179224629418 0 0.3857225245153934
0 0.4784534116305587 0.9071218916761687 0.6437064150513113 0.9490312405929304 0.6850901562143672 0.7947850649942988 0.5272524549600912 0.7505085758266818 0.4784534116305587 0.9071218916761687