0 0.20126502394526793 0.6600624846066135 0.17114826795895097 0.6384287149372861 0.1390123363740023 0.7024944583808438 0.17032442873432155 0.7190233397947549 0.20126502394526793 0.6600624846066135
0 0.6343029749144813 0.07870590193842646 0.6102891550741163 0.130659244013683 0.636806448118586 0.14695227137970351 0.660186078677309 0.09255511630558724 0.6343029749144813 0.07870590193842646
0 0.6767372166476625 0.06560532269099202 0.6403818962371721 0.14764726795895095 0.6695802166476625 0.16446143443557582 0.7057135952109465 0.08516099543899658 0.6767372166476625 0.06560532269099202
0 0.7326795302166477 0.04027899543899658 0.6727839361459521 0.16229952793614594 0.7032243945267959 0.1774987103762828 0.7613322633979476 0.05513067958950969 0.7326795302166477 0.04027899543899658
0 0.7632938460661345 0.05458375712656784 0.7053598335233752 0.17605736602052452 0.7366935940706956 0.19143018928164196 0.7929799019384264 0.07195683808437857 0.7632938460661345 0.05458375712656784
0 0.7987257457240593 0.06796853021664766 0.7803496556442417 0.10523806955530216 0.8104423968072976 0.12222609350057012 0.8287881630558723 0.08471860661345497 0.7987257457240593 0.06796853021664766
0 0.7773689395667047 0.11579726453819841 0.7595395541619155 0.15502950399087798 0.78943330672748 0.16826598745724058 0.8078283945267959 0.13285657126567846 0.7773689395667047 0.11579726453819841
0 0.7606067149372863 0.15430872405929305 0.7409896054732041 0.1931934652223489 0.7701639122006841 0.20536188483466364 0.7877379156214367 0.17652243101482326 0.7606067149372863 0.15430872405929305
0 0.8336349543899658 0.08403635005701254 0.7760726727480045 0.2083668631698974 0.8066869874572405 0.22267162485746864 0.8623917844925884 0.10285318472063854 0.8336349543899658 0.08403635005701254
0 0.8681964492588369 0.10189301254275941 0.8590084025085519 0.12052778107183582 0.8883817001140252 0.1364477434435576 0.8988834264538199 0.11806832839224629 0.8681964492588369 0.10189301254275941
0 0.8542410820980616 0.13073969555302167 0.8093680148232612 0.22319276396807297 0.8412484811858608 0.24052828620296465 0.8843202497149373 0.15120589167616874 0.8542410820980616 0.13073969555302167