0 0.15991982212086658 0.7023782212086659 0.16848920296465222 0.7633525381984037 0.21439428848346634 0.7577645917901938 0.20810839338654505 0.7013630433295325 0.15991982212086658 0.7023782212086659
0 0.29667369327251997 0.7338228152793614 0.28778692702394526 0.6705901904218928 0.20652833181299887 0.6710715017103763 0.22494738768529077 0.7392974629418472 0.29667369327251997 0.7338228152793614
0 0.1928210148232611 0.46976582326111743 0.1972117309007982 0.5255701288483466 0.22016969099201825 0.522343598631699 0.21360831470923605 0.4702987286202964 0.1928210148232611 0.46976582326111743
0 0.18604991448118585 0.39702420638540475 0.19093388711516532 0.44815336259977195 0.21629392588369442 0.4538008962371722 0.20669683010262258 0.3883651881413911 0.18604991448118585 0.39702420638540475
0 0.23180335803876853 0.1821803078677309 0.23802853591790193 0.2837850661345496 0.2604148095781072 0.28639616533637396 0.25146376168757123 0.18287158836944128 0.23180335803876853 0.1821803078677309
0 0.28311310832383124 0.22793620296465222 0.2629766282782212 0.22385745952109465 0.26566384948688715 0.28277981870011404 0.28267208323831244 0.28211665222348914 0.28311310832383124 0.22793620296465222
0 0.8828840843785634 0.9174228278221209 0.8896243192702394 0.9490042018244014 0.9450790866590649 0.9386197651083238 0.9352685005701253 0.913515047890536 0.8828840843785634 0.9174228278221209
0 0.40680275370581526 0.5594441527936146 0.39754593728620297 0.5181412143671608 0.3683253842645382 0.5216721664766248 0.3773041242873432 0.5624384583808438 0.40680275370581526 0.5594441527936146
0 0.641114023945268 0.6382051562143671 0.620607929304447 0.5823628061573547 0.5718375085518814 0.5892170410490307 0.5816063283922464 0.6569315290763968 0.641114023945268 0.6382051562143671
0 0.5925725803876852 0.653087409350057 0.6039107046750285 0.7010065803876854 0.6521398335233752 0.6976827879133409 0.6467380980615736 0.6454749418472063 0.5925725803876852 0.653087409350057
0 0.8584222246294184 0.10994729874572406 0.8734281425313569 0.24946753591790194 0.9089459589509693 0.2513845724059293 0.8911301870011402 0.1134106921322691 0.8584222246294184 0.10994729874572406
0 0.8919763147092361 0.09486846864310149 0.8959253124287343 0.1311600889395667 0.9309873169897377 0.1317018654503991 0.9256536100342075 0.09704417445838084 0.8919763147092361 0.09486846864310149