0 0.784761275940707 0.7515157160775371 0.8439035758266819 0.7614036659064994 0.8615718141391105 0.713681212086659 0.792205007981756 0.7031949726339795 0.784761275940707 0.7515157160775371
0 0.8909163694412771 0.30371125199543897 0.8985393876852907 0.24162675484606613 0.8657260501710377 0.2310334606613455 0.8446717115165336 0.30262837742303306 0.8909163694412771 0.30371125199543897
0 0.6402793204104903 0.7954829543899657 0.6286200889395667 0.858384961231471 0.6591660330672748 0.8660748152793614 0.6723956727480046 0.7968013067274801 0.6402793204104903 0.7954829543899657
0 0.6353739612314709 0.9209227730900799 0.6246896613454961 0.9865695267958952 0.6754188004561004 0.9901732417331813 0.6872335769669328 0.9299153740022805 0.6353739612314709 0.9209227730900799
0 0.8835150969213228 0.47085788597491446 0.8931097753705816 0.42477031242873436 0.8565986932725199 0.422913503990878 0.846234842645382 0.4636542576966933 0.8835150969213228 0.47085788597491446
0 0.4551431505131129 0.7110436989737743 0.44541157240592927 0.7689311641961231 0.4714230068415051 0.7708118722919043 0.4855272850627138 0.7147744013683011 0.4551431505131129 0.7110436989737743
0 0.46673462143671607 0.231934165336374 0.45523422234891675 0.2935425803876853 0.49029401140250856 0.2965342862029646 0.5040673797035348 0.2296251676168757 0.46673462143671607 0.231934165336374
0 0.20772941163055872 0.738434369441277 0.2015126875712657 0.7783712326111745 0.24110811630558723 0.7871722223489168 0.24879689395667046 0.7447899167616875 0.20772941163055872 0.738434369441277
0 0.1904447810718358 0.8150874047890535 0.20328263968072977 0.7746504207525656 0.15980982896237172 0.7653733477765109 0.15074231470923602 0.808243488027366 0.1904447810718358 0.8150874047890535
0 0.019073510832383123 0.7467800068415051 0.008864440136830102 0.808546976054732 0.05054635689851767 0.8110398323831243 0.06107196237172178 0.7466855393386544 0.019073510832383123 0.7467800068415051
0 0.06044869783352338 0.5273498301026226 0.04987922462941847 0.5706915256556442 0.11661872405929304 0.5828242394526796 0.12631448460661346 0.5393752656784493 0.06044869783352338 0.5273498301026226
0 0.27262507639680733 0.028229562143671606 0.265117023945268 0.0680078700114025 0.3066621801596351 0.08229948460661346 0.3161470718358039 0.03587101938426454 0.3139894663625998 0.033308470923603194 0.27262507639680733 0.028229562143671606