0 0.14718306499429873 0.7492423637400228 0.20663442075256558 0.7414244743443557 0.2008815929304447 0.6928733831242873 0.131191078677309 0.700932369441277 0.14718306499429873 0.7492423637400228
0 0.11072048802736602 0.22787532497149374 0.11617214367160775 0.2901880410490308 0.16242642303306726 0.2907197423033067 0.1438835370581528 0.21843365222348918 0.11072048802736602 0.22787532497149374
0 0.3589508084378564 0.8536778665906499 0.34949392702394527 0.7904072770809578 0.3173511299885975 0.7906039817559863 0.32815510034207523 0.8602969977194983 0.3589508084378564 0.8536778665906499
0 0.3584052645381984 0.9819215153933866 0.35001851197263395 0.9159418757126568 0.29787664994298746 0.9231191231470923 0.307581259977195 0.9837526134549601 0.3584052645381984 0.9819215153933866
0 0.10975517445838083 0.4110968072976055 0.11773557582668186 0.4574911550741163 0.15524452223489169 0.45159297719498287 0.1463088164196123 0.41051534777651083 0.10975517445838083 0.4110968072976055
0 0.5451696111744584 0.7706724469783353 0.5374642052451539 0.7124806180159635 0.5069683797035348 0.7151486579247435 0.5191083865450399 0.7716442234891676 0.5451696111744584 0.7706724469783353
0 0.5519437673888256 0.2952306510832383 0.5426004766248574 0.23325840820980615 0.5053710433295324 0.2296479236031927 0.5168009270239453 0.29699696579247437 0.5519437673888256 0.2952306510832383
0 0.7885904663625998 0.7886187126567845 0.7837713055872292 0.7484892177879133 0.7425070353477765 0.7534076590649943 0.7487120068415052 0.7960324811858609 0.7885904663625998 0.7886187126567845
0 0.7869514469783353 0.7848383979475484 0.7983702554161916 0.8256987833523375 0.8382873842645382 0.8202446316989738 0.8307215393386544 0.7770841550741163 0.7869514469783353 0.7848383979475484
0 0.9800682383124287 0.825499401368301 0.972021023945268 0.7634137673888255 0.9300514538198403 0.7618536328392246 0.9383247137970353 0.8265360615735462 0.9800682383124287 0.825499401368301
0 0.9473794743443558 0.5863574503990878 0.9383290433295325 0.5426732884834663 0.8720836989737742 0.552392716077537 0.8802572063854048 0.5961535986316989 0.9473794743443558 0.5863574503990878
0 0.6999387970353478 0.04257012884834664 0.7077975815279361 0.08930132953249716 0.7498161995438997 0.07646832497149372 0.7437009635119726 0.03645222234891676 0.7021845210946408 0.0400844401368301 0.6999387970353478 0.04257012884834664