0 0.028396834663625997 0.5193349942987457 0.11887256328392247 0.5068444025085519 0.1120614709236032 0.44643277309007984 0.01743941277080958 0.46386225883694415 0.028396834663625997 0.5193349942987457
0 0.016421291904218926 0.39989343443557585 0.0766056590649943 0.39005299201824406 0.06829137856328392 0.3429953683010262 0.009021903078677309 0.3502101630558723 0.016421291904218926 0.39989343443557585
0 0.0492276054732041 0.4260023990877993 0.13391026339794754 0.41706786545039903 0.13161827594070694 0.39087033067274796 0.050403159635119724 0.4045469179019384 0.0492276054732041 0.4260023990877993
0 0.2801349897377423 0.7626934834663627 0.3438784275940707 0.7586412702394527 0.3511117993158495 0.7366557993158496 0.290132992018244 0.7374157616875713 0.2801349897377423 0.7626934834663627
0 0.9629325644241733 0.6999060592930445 0.9185554743443558 0.7159900570125427 0.9237700421892817 0.7450704104903079 0.9719036887115166 0.7326753249714937 0.9629325644241733 0.6999060592930445
0 0.9806685712656784 0.7456346180159635 0.913043551881414 0.7576517924743443 0.9146582006841506 0.7935599087799315 0.9834494059293045 0.7774197035347777 0.9806685712656784 0.7456346180159635
0 0.9378218563283923 0.7966634777651083 0.8354954367160776 0.8132423922462941 0.8397820102622577 0.8535249304446979 0.9404703169897377 0.8269355290763968 0.9378218563283923 0.7966634777651083
0 0.9412648551881414 0.8360171436716078 0.8441441493728621 0.8597659851767389 0.8492711801596351 0.896572078677309 0.948721810718358 0.8689188825541619 0.9412648551881414 0.8360171436716078
0 0.2700949327251995 0.281613590649943 0.35496762941847204 0.2574116944127708 0.34429125769669333 0.24004349942987457 0.265212669327252 0.2606881003420753 0.2700949327251995 0.281613590649943
0 0.26950777309007984 0.2923418483466363 0.27617019042189284 0.3161619714937286 0.3614753078677309 0.29254605473204104 0.36043818928164195 0.26760882668187 0.26950777309007984 0.2923418483466363
0 0.4196544549600912 0.019923744583808436 0.4216245473204105 0.007549880273660205 0.34865203648802734 0.015146285062713797 0.35051526453819837 0.032073392246294186 0.4196544549600912 0.019923744583808436