0 0.7236331949828962 0.09164732611174459 0.7261806716077537 0.022524379703534776 0.6631336989737743 0.01963937172177879 0.6624902748004561 0.09422543557582667 0.7236331949828962 0.09164732611174459
0 0.42587643557582666 0.09976436830102622 0.48777691220068414 0.0972392314709236 0.490477503990878 0.02592664994298746 0.4202935781071836 0.027027847206385406 0.42587643557582666 0.09976436830102622
0 0.293554771949829 0.12858946864310147 0.36460808779931586 0.1259419566704675 0.36975624629418474 0.06320640592930445 0.2934563283922463 0.06461261801596352 0.293554771949829 0.12858946864310147
0 0.9661635005701253 0.16496062029646524 0.915955677309008 0.1637346738882554 0.9146763318129989 0.2474148369441277 0.9606469669327252 0.24931035347776512 0.9661635005701253 0.16496062029646524
0 0.7297845165336374 0.42867962599771947 0.7833427651083239 0.4255711448118586 0.7872019338654503 0.3867286237172178 0.7307577594070696 0.3929558198403649 0.7297845165336374 0.42867962599771947
0 0.5942377753705815 0.43824081299885975 0.6589058095781072 0.43971665336374005 0.6597985724059292 0.3506783420752566 0.5984966522234892 0.35553026111744584 0.5942377753705815 0.43824081299885975
0 0.48116259749144813 0.40977176510832386 0.539324929304447 0.4062228278221209 0.5390332303306727 0.35318274116305587 0.4803222063854048 0.3564052645381984 0.48116259749144813 0.40977176510832386
0 0.537273834663626 0.4845933477765108 0.46946499543899656 0.4844215473204105 0.4659060364880274 0.5271439475484607 0.5333355336374002 0.5300107890535918 0.537273834663626 0.4845933477765108
0 0.8406820342075256 0.5591185929304447 0.8434906670467502 0.5189532748004562 0.7776571482326111 0.5232254150513113 0.7771051676168758 0.5638114321550741 0.8406820342075256 0.5591185929304447
0 0.7730831972633979 0.73030817331813 0.8198707172177879 0.7259649749144812 0.8175361425313569 0.6612739578107184 0.7755246476624857 0.6627014789053592 0.7730831972633979 0.73030817331813
0 0.9430590216647663 0.6751778859749145 0.8956198916761688 0.6779529965792475 0.894110267958951 0.710444511972634 0.9422447001140252 0.7086290205245155 0.9430590216647663 0.6751778859749145
0 0.7839129486887115 0.8696664868871151 0.839974944127708 0.8743479851767388 0.8435205564424173 0.8345462497149373 0.7906885267958952 0.8381558688711516 0.7839129486887115 0.8696664868871151
0 0.5200509851767389 0.7308915712656784 0.5484788745724059 0.7275483261117446 0.5480425792474345 0.6738626009122006 0.5077828871151653 0.6774872291904219 0.5200509851767389 0.7308915712656784
0 0.6225349612314709 0.867226645381984 0.6002250524515393 0.8702364389965792 0.5996136727480045 0.8898824686431015 0.6263055416191562 0.8895760364880274 0.6225349612314709 0.867226645381984
0 0.5867343740022806 0.8670081516533636 0.63590286659065 0.8613077810718358 0.6311462394526797 0.8339835313568985 0.5856626077537058 0.8387562451539339 0.5867343740022806 0.8670081516533636