0 0.8685881368301026 0.1979250285062714 0.8185918893956671 0.22615904446978335 0.8942532326111745 0.3944117605473204 0.9404752713797035 0.35921106613454956 0.8685881368301026 0.1979250285062714
0 0.9351698152793614 0.17043451767388826 0.8878405096921322 0.19391510832383124 0.9541014503990878 0.3582582314709236 0.9888268859749145 0.3390841892816419 0.9351698152793614 0.17043451767388826
0 0.9484290923603194 0.16836560433295325 0.9815175518814139 0.2345558369441277 0.9731076294184721 0.15141718244013683 0.9484290923603194 0.16836560433295325
0 0.6607784310148234 0.18848009806157354 0.6702997172177879 0.25936331128848344 0.7162784196123146 0.24244736602052452 0.7116173683010263 0.17579122690992016 0.6607784310148234 0.18848009806157354
0 0.6584483968072976 0.26780283010262257 0.6409916545039909 0.18834179475484608 0.6193410307867732 0.20507848460661346 0.6301638152793615 0.2728256841505131 0.6584483968072976 0.26780283010262257
0 0.557860535917902 0.5165038962371722 0.5264996419612314 0.40033679019384266 0.2545005553021665 0.5137404914481186 0.29543473774230333 0.6204844971493728 0.557860535917902 0.5165038962371722
0 0.42363122805017106 0.2781339828962372 0.44882055644241736 0.35553237286202966 0.6086203135689852 0.29107795553021665 0.5970559486887115 0.21272567388825542 0.5917213534777651 0.21157677423033067 0.42363122805017106 0.2781339828962372
0 0.6219629224629419 0.11203454389965792 0.5883076875712656 0.13113260889395667 0.6073668061573547 0.18612613911060433 0.6430661755986317 0.17449592930444696 0.6422274389965793 0.17188977309007983 0.6219629224629419 0.11203454389965792
0 0.5959456989737741 0.19034998175598633 0.5732741037628278 0.1337069315849487 0.5302161949828962 0.1488955621436716 0.5523032269099202 0.20367736031927025 0.5959456989737741 0.19034998175598633
0 0.547903448118586 0.2108354230330673 0.5164852451539339 0.14833379247434436 0.4814214697833524 0.16905342531356898 0.5081568472063854 0.22503211060433295 0.547903448118586 0.2108354230330673
0 0.49567593500570123 0.22590486088939565 0.47374634663626 0.16806819156214367 0.43100623489167617 0.18780153249714937 0.459255 0.24367439110604333 0.49567593500570123 0.22590486088939565
0 0.44750124173318134 0.24449629418472063 0.42526820410490307 0.19276970923603193 0.3335226909920182 0.22963178335233753 0.393938558722919 0.3974286362599772 0.44750124173318134 0.24449629418472063
0 0.3967545815279362 0.3941867172177879 0.3337901094640821 0.223904417331813 0.17319332497149373 0.28651243899657924 0.2439955678449259 0.45053800342075256 0.3967545815279362 0.3941867172177879
0 0.09345843329532498 0.13414864424173317 0.07238559064994299 0.08500459407069556 0.05129618015963512 0.08800238198403648 0.06841699315849487 0.1370414458380844 0.09345843329532498 0.13414864424173317